0101111011100000001111000000110100010000001010001010001000010101000001101111000010001000110010001010111000001110010001001110000100011100000000000000000001100000000101010000001000000000000100000001001001101000101100100010010000100100001010000101010011001000
1001100001100000010001001011010001010101000101111010000011000010100011001000100001101101011000111100010000000011010110010011010000010011010100001111100110001000100100010010010110100000100101011010010000001000100010110001010111000111001110111000101000000010
0101100000000000110001001001000111010111011000001010001010100010100011111011000001110111011000111111000001000011010111011000010000000111000001001011111110000110000110011010000110100110100011011000110101000100101000110001011110000110101011011000001000100111
1110000101000100110011011011010010000111010000110000110110111010001000110000100110010011110011010101110000011011010000000000001000100011000101101001011110000010010101100110010010001001110001110110100000011110000000010000000110001110100111011011111100011110
0000000101000100111101001000010100110010001110001001001010110110100111011111010010100100001010011010001000100010010100000011000101011101000001000101000110001010100110010000001000000101100100100000001100100011110100000011000010010001001000111100010110100100
0101001100000100111000100000101110100101001011001010001111100011010011111011000100000010000010110011001011001100010101000000010010011110110101100010001001100100000011111001100111110110010001110101000001010100000100000110010011010100111000010000001010101001
0101000111000101101111000100100101110011001010011111001101010110000001011011000000100100100000100110001001000100010101011100110101001111010001000000101111100010000101110000011100110001011100000001011010000100110100010110010000010101000010010101010010111000
1101000000000101100110000100100011110011001000011110001011111010000011011011000100100010001001100110001000000100010001011000100011000111110101100010101111100000000101111000000110110001010000010001110010000100000000010010011001010001011010010000001000101000
0101001010000000101010011011000100110110101110111111001111100010011111011011100100000100001001101110000001010001110000001010100111010111100001011011000100000010010101111100000100110010100100010001001001010010010100010111001101010001011010010101101010101000
1111010101000100100000011101001011010110111000001111001001101010100111011001000000100100001001101110011000100100010100011000011001000111010101011111101100100000000010110111000000010100010101110101010110010100001000110111010111000011111110010000101000100110
0010000110011000110001010100000000100000101100000000110101111100001100101101101110000011100000000100101111111101000000000100101111101101001001100000011111010110001001000110111110011110001101000011011101010110010000011011100010001011000001100111010001111000
1010110000101011001100110100100011101111011100000101010000110111111010000000111110111001101101000100101110010010101101011111001011101000101100100010110101101101001111100000100010011100011011000011111010111111000000001000110000101010000100100010010101000000
0100011011101011001001010110110001001001010111000101001100000101011010000100011110110110100110101101100110000011001100011110110100011000011000001000110001011010011110001110001000001100011100000011011000011000100110001101100000101000000000000110010011000001
0001010101000001110000000001001110010000101000001010100101100010110001111101000001000011010000000010010000000011010010101011110110001110010001100011101000100110100100010011100101100101100100111100010101000000001000110000001101010110111001101000100100100010
1110010011001011101001000100110001101001000111000001001100000101011010100100101010111110100000100101101110001111000100011110100101011100011000101000110001011100011110001011111000001100001101000011111001011000000110001110100000110100000100000111010001001001
1010010010101011001100010100110001101000000001000101001100110101000010100010001010111110100001101100001100110001100100110010100001011000111101010010110011110100010010100000101000001101001101000011011000001000010100001110110010110001000100000111010011000001
0001000000000000100001010111000110010010001000101111111110010010110001111101000000001010100010011011111001011001010110101011000100010111001001010101000100000011100001110110010100000010110000010000110011110100110000110100011100001100101011101000011000110010
1100001111000100000110010110011011100110111001100000100100001100001000100010101110010010110101101100110101011111001001011100000011000101010100001001110110000000011011000101010100011010011101100010001001010111100010110010100001010011100101000011011001101010
1110010111111110011110010110011011000100110011110101111000000101011100100010101100000010010100101101111101011101001000001100100001000101110100010001010101010100011001000101110100001010011101100010001001001110011010001110110111111001000100000111100001001100
0100000101011110010000000110001111000000111001010101110000011000101000110101001000000010100100101100111111001101001100011100101101001111111000010001110000110110001001011101110100010010011000100000111101010110110010111110100001010111001001001010000000101111
1101110100100111110001000000101011011111001000001010010001100010000111011001000001111001000100111010111011000000011010010000110001000100010100011000100011100001000010010010010000010101010010010000110000001100110000100000010111111010010111001001101000101111
1101100100000101110001010110101011010011001000000010010000100010000111011001000011110001001000111110101000000110000110010000110001000101010101001000100111000001011010010010010000001101010010110100110000000100110000100010010110110000010101000001101000101010
0001000000000100000001010101000111011111111101000010000110001010100001011101000010111111100100101010110000000011101100110001000101000100001000001100100100000010111110011111010000001100110010101101010000000000000000110100001100010011111011100000110100100110
0101100001000100001110000011000111110101001011111111001111010000110011111111011011000010101110111111101001001000001011011100110110101111010000000001100110110010000101110000100110110010000100000001111110010100101010110010001010011010011010010001000000100001
0101100110000000101110101001001111110100001011011110101111010010110001111001010001000000101110101111000001101000011011010010000000100111110001000011101100100011000011111000000110110010100000110000100100100100101010110001011001111010101010011001001000110010
1001100100000000100100101101001011111110110011001010110010101010010001110011010001010001101010110110000101101010010111010001001000100011110100101011111100100001010011111001000100100101100011111000100101100110101000010001011001111111100111101000001000110010
1101100110000000101100101011001011100010101010111010101011010010110101111001100001100001001010101110000000001000010011010000000010110011110101010011101100000001010001111100010110100010100100110100000100010110111000110001010001001010101110011001001000011000
1100101100000000101000101010000011100010101100111010110001110010110101011001100001101011000011101111001000000100000010010000000010110011010101011011101100000001010001111111001110010010101101110100001000011111111000100011010100001000101110011000101001011000
0110000101011010000011110000011010000100010100000100001010110100111100100110101101000010100011110001110111011010100110001000100000011000000100111001010000010101000010101110110111001100101101110110100000000100010000001110100100001100011100001011111101000011
0011111110110010000001111000101000011100010110000010011110100011000001001101010000111001001101101100011000010011111000010010100000010000010100011110100010101010101010111011001101001111100011011100000001111000010110101000010100001001000011001101000011000011
1110110000111010000000000100100000001111010001000101011001000011100000100100101001000010011000000000001110000001100111001010100000010010101101110010011011100101100011001001100000101100011011010110100011001110001000001000110101100100011101001010000101010011
1000111011101101001110000110110000100101010011100001000100011101001010100000101011111010110110000001110100010011001011010101000110011001100000000100110101010100111101000100111110001100001000101111001000001110100100101101100000101010100100000111000011010000
1000000011000001000011011011110000000110100000110001000000011111111010100000111011101000111011011101010000010000001110011001000000110011000101001001010110000100110100100101111010001000101101111110100000100011100100001001000110100011101110111111011011000110
1100000100011111001101011011010000000110100000110101000111011101111010000000111011001000100111010100000000011010001010011100001001111000000101010100010010010100001000100101111010001000001101101110101010110011100110001001000010100011101111010010010001010100
0001111110011010000010110110101101011100011000100010011011000101110101111111000011001011000101111111111001111000001110111011000101011100011000000100100001111000101010010001011101000111000010001001011001100001110110101010001101010000001000100100100010100011
1000000011111010101011000000110000110000000011010000000100101111001100000000101000010000000000000000010100000010000000000000011000000010111101111010011001000100010000100110000000101010100111011010000000011010010000101000111101010100000110010011101101001010
0100101100011100100101101000001110000001001100011000111110100000001001010011000111110001110010000011011111101111010010000100110100011101000001000001001100010111000000011101010101110001110010000000000111100100101100000111100110001100011001011001011100111110
1011010100111010000011011011011010011000100101100010000000101000111100000000101110110011001101011000010100010010101010101001000001000000000101001110010000011011111010000011000001001110110011111111110000001000000010111001101100100011111101101010101100010011
0110100111001001011101001010001101010000001111111110101001111100000001011011010001000100101101000110001001000101111100110010100101011110110000100011001111110010000001110000001100110000001100000000001111110110001010010011000000110001010010010100010110101000
1001100101000000111110000010001011110010001000111010000011110010000001011001000111000100101001010110001001000100011011011000100101100111110001001110001110000001010000110000001110110000000100110001011110010100001000010001010001001011010110110001011000111000
0101100111000000000101010111000111010010101001111111111101011110110001011111010011101110111101101110010001010111011110111110100100011111001000010001100100000011001100110001000100010010000100000000001001000001101110010111001100000001001010010000010010110110
0001101000100001001101001100100111010011101101101111101001011011010011111111010011101110111001100110011001000101111110011010100100010111101001110010101101101001100010110000000100110101010100010001010001000101001100000111010000000000001011110000011010110110
0001101000000001011101001010100101010010101111111111101100010010110001111011010111001110100111100111011001100011011110011111100000010101100000010010101100001011010000111000001100000001100100010001011000000011100110000111010000000000001011110000011010110100
0101100010000000101110001101001100010011011011111010111101111010010101111111000101000111100010010111011001001101010011010100111100111111101001000011001100100011000101110000000100110000010000100100110001000110010000010111001001010000011010010001000110111000
1110011100111100001001000011011011010100100010110001010110101100101010000000111100000100010011000000010101100000100000000000000001100011000101111110011110010000010100000110001110101011111101101111011100101010011100110001101111111010100100010010100011011100
0011010101000001010111000001001110010000001000111010010101011000100010101101000100101011010100000000011000100001111000101111000101011010100000100110001000100010000110010001000011110000000100000001011111001100001010011001000111001011000010001001100100000111
1100100110111110100000111010110000001100000100100101001010100001001000000000100111010010110101101000110111010010001110100000000000010000010101010000010010010101111000100111110101001010100011111110000010011000000110101101110100001000100100011111111111000011
1110001111011010000101111010111001010101000000110100001000000101011000000110101110110110010110100001110111110010001100000100000100011000010000111000110001010101011000000001111101001011001111101011001100010001100110001111101100000000001101000111010011011111
0100011111011111010101100000011100001001001010000000001000000100011000000110001010111011100010101001010111111110100000100100100100011100110000010000010001110111001110000101111001001101001101000011001100010100010110001110100100010100001001000111010011101101
0100111111011111010101100000011000001101001001000000011000010101010000100010001101101011100110101001010101011110100000100000100000001100101100010000110001100111000110100101110001001100011101000011001010010000111100101010100100110000001001000111010111101001
0101100101000000000011101111000110010111101000101111111010001110001001111111000001000000011010100110000001001110010110111011110100111101101001010011001100000010000100011101010100110001100000000000001000100110101000010111001010001001001011010000001010100110
1001100100000100101001101110100001110011111001111111111000101011000001011111000011010000101001110110001001000110010110111001111000010101011101011111101101101001010000110000000100110001010010010000100000000100001000000111010010001001011111110000011100100010
0011101100000001111010000101001000110000000010010010000011100010101110101110101000101011000000110111000110000001101100011011000010011011000101101110111100001110100110100011101100110110000101011111000001010010011110110110101111000100111000100011100010110001
1001100100000110100101101010100000001110100001100101000010110011001011010000110001010000111001010010000000000000000100100001001001100010100101101110010110001001110000100000000010101001110011111000000110000011000000000001001110011001101111111110011100000110
1001011110100010000000101110111100011100110001100111001000001111011100000000100000010110011100011000010011100011111000101010000011100000101000101110000101000000110010000000000011100000100010101011000111001011000110100101001101111101100100001111101111000010
1000010101001100110011011011011011010000100000110101110010100100011000100010101000100100011111011101110100011110001000111000010000111001010101011101110100010001011100001010000110001010011101001010111010101000000010110111101111111000011101011010000001110111
1100010100100111011101001010001000101010001111111111010101010010100110101001110011100010111001010000001000110100101010111000000010001110000100100111000011100000000001110100110000010001001101010110111101101100000000001101010010101011100110001000110101100000
1101101000000100100010111000000011110110001100000010001111101010010111011011000101101101011001111110111010110100010010111000100011000111010101011000100101100000000000011111011100011111010001110001000000110101011100110110110101000001001001010001101010101010
0101000101111110001000000010001011110101011011100111101011100000010111111111000001001010000111101111001001011101101011010000001110100111110000011011100100110001001011010001000110011110110100110100101001011110011000100110110001110000101100001000001000101001
0001001010110011001001111100111100111000110000001111100000000001001001111000010101000100000010010000101011111010010010100011101100000010001000001101001010001011100000110111011001000000110100011000100110111011101010001001000010100111000000101100001100010011
0101001100110100000011000011001110010001001001111010100010000000101101101000100010010011010111001001010000101011011000000000000000100001100000011011000010010010000100111010000111010011100010111010000111011110110010010000011110000010100011011001111000100111
1101000100110010100011000011001010010001001001110010110110100000111101101000100011010011011001000001010000001011001010001000011000100001000101011111000110000000010100011011000110011010100011011010000001001110110010010001011110100010101111011011111000000111
0011010100110011000101001001101110111000000001001010000101010011010111001000000100010101001101001000001000110000111000101111000100101010100000100010001000101011001011110000000011110100000010011001110110101011011000001001011100110011011010101000110000010101
0000100111001100010100000011001001100000111101111000000000011100011010000000001110101100100100110010000000000000001001010101100111001101110000000111101010010010101100110000000000110001101000000011011100110101100010010001000000010011000011000111010100100011
1110001101101110000001110110110011010101110101110101110010010101001000110100111010010010100111111101110001011011101000011100100000000001011000011100100101010000111010000100010110001000110100001010101101001000010010101001001100011010000110001010111001001011
0111000010000000001111011110001001000110011111101110001111010000100001001001010000001100111101101110111000110000101100110010000100011111011000010001100110110000001001110000100100010101001100100100001100000110000100000010010110000001100110011100011000101100
0001000111011000000011011111011100010000111100111110111000010100001011011011011010000001110111101110110000111110001100100101001100101100011000000001000010011010101000010010001111000010100100101100101110100010100110111011001110011001000001100101010010100111
1010100110011011001010101100100000101110100001001111100101101001011110000010101100000000001010000000000010101000100001000011011010100010100100110010011001010100000001001011101011100001100001111110100100110011001100101101111011101101111100011111100111000010
1101101100000001001100110010101011000110101010111111001001111011000011011011000001100000111011101110011001111101011111110000100000010111010100011010100111100000000001111011001100010110010101010100000101110101100100000110010000000001001110010000111010100101
1100110010100011111000100100100001101010101001001111111101010011000000101111100001100000001010000000011101101100010101111010010010000110011101100011111011101100100011110111100000110100001001010010100010001000001000101110110011101100110100011100100101101000
0001001000000001000011010111000100010010000100111010100001000010101100011100100000000111000001001100010001110001001000100011001000100011001100001101000110001010110100110001000100000000100010111110000101111011110000110000001110010011010011111110101100000010
1010001000011010010101000111010010111100110001100000100110001100101000100100111100011101000101000100000001111011101100110011101000010000101100001101011000011010111010101000000101001000100011101010000001001010010010011000001001011011001010101010111100010011
1000100110011100110000001010111001100000100001111101011010000001111100010000101001111000001110111010100100100100001111000000110011010011010100000101111000010100111101001001001001100000110011111110010100100001101110100101001101010101011110010111101001000011
1100100111000011110011100010010000000000000111110000001000011101001010000000101111111101100011011101010100100010000110100010110000010001000101001011011100000101010000101011001000101000101101001010000110100011001100101110100000010000010111010111011011001110
1000000010100011110010010100100001100111110000001010010101101011010110100100100001001011000000101101101000111001010011010001001011100011011101000001110100000100010111111111110010010101101001010010110011001111111000100100110111101110100101101101001001000000
0000100001011011111110110000010000100000001101010000000100110101001010100000101110001001100001111101001100101110001000101101001011001100010101000010011001110110001000101001101101111001001101100011001110100110001100001110100010010011010001110011010001000001
1111000110000001010000011110001010100010001001101010100001001010010011010101100000001111001011000110001000110101010001010010000010100111001100101001001100000000010110111110010010010000100101110000100100000011001000100001010001000010100111001001001000001010
1111100111000111011000000110011010110010101011100010100000001110010011010111100001001110001011000111001000110110101011010000101010100111001100101011001101100001010000111100000110100000000100100000101100000010001000000110011001100000000110010101101001101000
0001010110110010011011000000100100001101111011001111000011011001110011111001010001100110111110100011111000010000111111001111011101111010010000000000000011101010101011110100100011010100000000110101111110001101100010101000010000101000101000100101100000000101
0011110101000000011011001011010100111101001011111111000011001110000111111111000001000110001001000110001000100001111000011011000100100110100001101010001100000010100010010110000110110010000100001001011111000011001010110101011011110011110010110000100000100101
0011100100010010101010111011000110110100101000100011110101101000101001111111000101100000001110010011101010111010000010101011000110111100000001110100001011010011101010011011000001010100010010001100101110100011001010011001101000100110011001100000101110110011
0011111010101001011000011110101101111000100010101111001101011001000101001110010001000110001111101101101001110001101010111010101110011010011000001100100111111001101000101010000100000000010100101001011101101011001010100001011011000000001010010100100011000100
0001001100000100001000100011010100110000101111111111110101001100001111111111011001001010000111000111000001011100001010101000101110111101000000001100000110011011100000110110001111010001010110001001001010000010010110010010001000001000000010110000110010111000
0100011011100101011000000100110100110001111011001111111001011111010001111111010011000110010100101011001011001101010011010100110110011100001000000000100011100011101011010000000101000111011100000100001001000000101000100111010010100100000000000100100011111000
1010010100010011001111100001011000001100100010001000000100001111001100100000111100110011001111000001000101110000001011101011000000000010100100111111011000001110110011100001100001100100101011101110000100010001010000001000001110101010100010100010100101010001
1100001111111110011101110010111000010000000001110001001010000101001010110010101001010010111111101001110101110111101010100000100000000001010100001000010011011001111000001001000101001010111110001010001100111000100010001110101010000000000100011110111101011110
1000000111010111111110110011010000111011000011111000000000011100101010000000111100000000111101000001000000000100001001000000001011100010000101001001000010011000010001101110010011000001111101101010001100101011000010011000001010001010100110011111001001001000
1010011011100111001110111110010001101001110010101101011100010111010100000100011010100010100111001001111001010111001000000100000010011000111100010100100011101000101110000001010001000101001100001011011100111001110010101001000100111000000110100110010101001001
0000011011100101001110000100010001011011111010001001010001011111010100101010011010100110000110001001110001010101101000010100100100011100101000010101100011101010101110000101010000010001001100001011011101111001110010100011001100111000000010100110010101101000
0111000111000100000111110010101111010111001000111111111011111100000001111111000100100010110111100111010001011101101110011010100100000111110000110001101101011001111000110011000100010010010100000000001011010000000110010110001110001000000110010000101010111100
1010100000011011000001111011010001001000100001110101001000000000011000100000101101010001001111010000110100111010101111101011101000100000011100011111011000010101111001000011000011101000110011111110000101100011001010111101101100001000010111101010101111010010
1010111000111010010001100001000010001000100001111111000011011001101010000100111001001010010011010001010100111000110011101011001000110010000100110100011000010101100001100111111011100011101001011110000110001111001110111100010001100010001110111010101111010111
1100001100001101000111001010010001100110100101100001010000011100001000000100101001110101101111100100000100110110101010110000100001010011110100100010110111010100011000100000101000101001101011101111110110100001000100001100101000010011000110010111110001001010
1010000011111011111110111001000000101000000010100101010010100000101000000000110001111000011011010000000110110010101011001011100010000010100101111011011010000100011010100001000001101101100011010010100010101111000010001001110001101011010100011111001100000011
0010100010011010000000111000110100001000000001010101011010010101001000010110111101111000111111100000110110111010101100101111000100011000000000010001011000011111101010000111110001001111101001101010000110100000001110101011100010000101101001101110000111000111
1011001100010000011010111011001001110000100001111011000111001100110110001010001100100000001100100010100010010100111000000001000011000001110100001100101001010000010010001001011011010000000100001001011010110001001110110011001001000010110111100010100011100001
0101110110000001011010100100001111111000011001010010010001011000010101001111000001101000001111101110001000001100001010111010000111001110010000101010100001100000101010110011000000111100000000101001111010100001001010110010111000110010001001000000100000101001
1011010110101010100000110010111001111001000110110110010010100001000101001000100100010110000011001101010011010000011000001011101010110010010101011010000101011000110000101010000111000011100011011010110010011010110010101000011110110010011100111000101001000000
0101000000000001000101001101011110010000011010001110000100000010100011011000000000010001010111100010010101100010011010101010100000010011101000111011111100000111000010110000010111100011100010110100100100110000110010010001011110000111000011101000001000010101
1110100011110011101010001000110000101110110110000001101010101111111100000010111111011100101010010000000101000111000110100110110010010000000101001010111001001101011000000010000100101100001111000010110011101011011000001111110000100001001101111010010101001000
1110011000110001010100010011010010100110100100100101100100101110011010100100101110011010110001000001000100011011100000101010101011000000001101111010011100000111010100100101010001101000110011001011010101011011001000011000101000100011001111011010111100011010
1110010001100011010100010111010010100110110100101101100100111010011010100100110110011010110001010001000000010011100000101000101011100000001100111000011100000000010100100011000000000000111011011011110011011111010000001000010000100010001111011011011101011010
0111110100100111110011001000101011011000001001011111010000001010110001001001010001111100000000011000011000000110010010101000010001000100110101011101001001101001100000011101010001100000010011011000010010001001111000100101011101100011000011001000001000101111
0011010100000100111001000011001101010000000011111111101101010000010011111011011100101010111101000111010000101001111101111011010100001111010001101111101100011010101101111011000000100000010100101001111001110000000010110111001000110000111010010100100000110111
1111000001000001111011101000111011010011101000001011001101101011010011011011000100101100001011010111011000110010110100111000100000110111100101101010101101100000010010110010000010100100010101111000100110100000000100000011010111100000011010010000101010101000
0111000011000101011101011110110100010010011011101111111100100110010001011111010000101100000101000110011000111111111100011000001000010111101100101011001101000010010010110011000000100001000100000000101001110010000000000111011010100001111010011100001000101100
0010000001011001011010010010011100010100010010100100000101111100001000000000111101000001010101000000110010010000101010000000000110001010101000100000000100011011001000000010000001000000101100000000001010010000001000000000000001000000000000000010101101010000
1010001000011010000101111011001010101000000001010101000000000000101010000000101010011000100010000000100101111011100001001111000000010000000100101001011010010100010001100101011111101011100011011010000011110100000100011001101000000010011101111010111110000011
1110011000111011000111110001000010101100000101001101000000011000101000100000101010010010100011000001000011111000100001000110100000010010000100110011011010010101010000101000101001100001101001010010000110101100000100011000110010101110110101011011111101000010
1000001110111010001110000010111000100101100010110101000010001101011110000010111011011010000100011001000101100001001011101110111010100001110100010100010101011100110001000101010111101010101111001010001011001010101010101110000010010000001110110110111111011000
1000001100111010001000100010111000101101100010111101100000001101011010100000111011011010000100011000101101001001101011101111111010100000000100010100010001011100110001000101110111100010101011001010000011001010111110101100000011110100001110111110001111000000
0111110101000111001010000100011110110100011010010111100000001100010011101011011001000010010000101101101110001111100001111000010111101100001000001000011011110000000011011111010011111000010100101000111011001000001010110010101001101110100000000000000000101000
1001100101000000000100000010000000110010000011111101000000010000000000000000010011010001110101000000000000000010001011010100000010000010100000110010001000000001010001100000000000110000000000010000000000010100101010000000000000000000000111010000010000000000
0010001001011000000101000010100000000110110001100000100110011101011010010110101010011001100101000010000101001011101100100011101001010001100000100110011100011110111000101001001111101001100001001011000011100010010100001100101000011001011011110011011111010110
1011100100000000010101001111101001010010000101111010100010010010010001111000000010111111111001100110000000101010101001110111110000000001011101101110100100000000110001110110010100111000100010111101110101000011000010010001011010110011010111111000111000000110
1010000000000001000011010101010010000110010101000000110100001010111000100000101111110011101100101100100110110011101010110111000001000001001100001000110100000001011010001111010000001101100011011011010111100001001000110100101000001011100101101011011000010010
1100100001000000101001000101010010010110011010101101010010010110101010000100111001101110110001010000010000000101010010001010000001000111001101101011011100000011010100100110000010000100100101000110110010000010101000010001001100001111101010001010100100100100
1011100101011000110010000011001001010000000000111010000010110000000001001000000000000001110001000000011000010010011000000000000010000010010101001010001000100000000001110010000001010010100001010000000010010100101010110000010100000000000111010000001000000011
1110111010001000101000000101010001000100010010000100111010100100000000000010011001010000010000110110000101000111100011011010110001010011110101111010111111001100011111000010101100111110001011010011010000000100001100010010110011000101011100000111000011101101
0110010010111011000110011100000000101000010001000000110100011001101000100000101100010100111110000101100100110000101001110100101010101010101100000000111010010110001011101100110001010101001011010010110100111111101010001101100010100010000001001111010001010011
0101100011000001101011101100001100010010111010011010010001011010000001001011000001100000111010000110011000101100010001101000110000100111001101100011001110100101000000110111111000100000000101110100100110100111100100100011010010100101000110010100001110111100
0011000000010111100100111101001100111000111000000111000001100010000101011011000101000100011011010010101011110000110011100001001110100110001001101011001010100011000011110010001001110100100010111000000100110110000100011001011011001011110001101000001110100010
0101110010001101001010000110011011111010011010010011010010001100010100001000010001110110000100101100000000000111001001011100011111101100011000001100101101110000101101010000000000000000000010001001110111000011110010010100011101101011000010010001100000101000
0010100010000100100000000001001001100000110000010001000010001000011110110000111101010100001000110100100110100000000011111000010011100011011101100101111100011111110101000100110100101010110011011110110100100001011010100100101101000101110000000111101000010011
1100001011000110010000100010100011100111000011111000101111010001100101110101110100100001000110101111001001001000101100110000110010010011010100101010111111001000010000100011101100100010101101110101100000100101010110100000010001010000010110011100001011000010
0010000101000000010111110111011110010110001101100000110110110110011000010011101001100001111111000111010101111100101010110000000000100110000000101111011100001010011010101010000000111100100100100100101110010100001010110110001100001000100001101011001100101100
1100010010101111001000101100110011101000101011000101001001000001000010000111010000100100001000101100011100100100000101011010110011100110011100010111110001101100100011000000100000101101011101010010110100001000110010101111110011110101011100001100000001001001
1110010110111111001101000101001001101001110001000100100100011001000000100000111001011010100111110101000100101000101011110000001010100010111100100010111010011101010011101000100110101100101001110110110001001100001010001000110000100010110101001110001001011011
0100111110011100000011000100110100000100110011000000101001001101001110100100111101001111000100010000110111101001101110000110110101001000101000000001010000011111101110000000101111001111111100101111001001000011111110101110101101001100000000000111100011000011
1111000010000101001010010110010001110111111011100011001101101110000111011011010100101000001001101110000000010100101101010000000010100101111101101111101100000000111101011011000110101100100110101100111010000000010000100110011011010001110110010101101010101000
1100100100000111100010101100101011100011111000000101001000101011100011010111110001011100011010111111001100000100000111010000001010110111011101011010110101100100010011011010100110111110011001010000100000100110100100100111110001100000111101010000001011000000
1101000010000101001010101011000101010010101010111011000001001000000011011101010010000000001110000110001000000000001000100100001100100101010000000101000100001000100000010000000110010010000100100100111100100001000010010101011000101011101111011101001000101000
0011011100001100000100111011001100110101000000110111011011001000000100001110011010110100001110110110100010010001101000011111001100101001100000000100100100110010101110010000000010010101110010001001001010100010000110010110001100011000101000000110110010101011
0111000101000000000110101101001110010110011000001111100101010010100011111111010100000010000001001010011001011100110000001010101100101110101000001011001010100110000000110000100011110000010100010000111010010100101000110011010101101110000011000000000100100000
0001011011000000010111000111011100010010110011100010010011010110011000101010011001101011110001011100010000101001001010110011000101011011001001010110100110001110100100100001101000010000001100001011011111010001110100010110101100010001000001110110010111000100
1001000011000000011000101110001001010010011111110110100000010010110001011101010011101010110011001010001001000110000110011011010000000101011001001011100100001000010000111010000010011001100100110100111000010000101000110001010000001010101011111100011100110000
0001000011000000011010100110011001110010011011110100000100000110111011011011100011100010010001011110000000000110001110011010000111000101001000001011100100001000010100011110011010001000100100100100001010000010101000110011001000001000101110110101001100111000
0110001111011010011101110010011001100000100111110101000000011100011000010100111110001000100111110110000100111010101001110010000001010000010000101000111010011101011001100011101101001010101101001010001000100001010110001000101000000000000100010110011010011001
0100100111011100111011101011011110000100001110111101011111110100011001010011001100100100101000101010011001000101000000100000110101011111010001000011001000010010000000010010001101110000011100000001101001010101100110111110000000011101010010010101101110101000
1010011111011010001011000001011000001100100011000001100101011100001010100000111000001000110101000000010001001001100001000010100000001010000100101111011010011100101101100011100001101101101101100010001001111000000000011100100011000011010100101110000101010101
0101100100001101010110001111001110110010100001111010000001001100011110011010101101110101011110011111010100110100001011100100101010000111001000000101010110010011110101100101010000000000110010001010000110000011101010110101001100010010000010011011101000101100
0101100000001101110100101111010110010010101001110011010001001100011110011010111001011101011110011111010100100100001011101000101100100111101000001101010100010011110100111100010110001000110010001000100100000010101010110101101101010010001010011111101000111110
0100001100011110101111110001010100101100100100010101110010101101001100000000111010010000100101001000100110011010001000000100001100101000000001010000010000010110011000001101111111001111111111001011001001000010110110001100101000011011100001010010010111011001
1110000010111111110111111110011001000001100011110101001100111001011110000100110100000000011011110100010100011000101000010000001000100011011101111111111100011100111000100011100110101010111001110010000000101010000000001101110110010000111100011110101001011110
1110110101011110000110111010001011001001001001110001010011010100010000000011101001100101011111111001111001010100101001001010100010001110010100010100111011110100001001100000100001010000011101000010111100101101001010001110010111101010010101010010100101101101
0111001110010110010111001011000100000101001001111000101100111000010001110111000010010111111011000011001001011111110001100100100100010111100000100011001000010000000001110001000101110010110000110100000001010101000010010111010010000100010110011101111100101110
0011001000110110100101101001000100001011111001011011110011111010010101111001000100100010001000000010001001001001110000000001101000000110101101110111001010101100000000110001100001110001110011010000000011011100010000011001010011011111011011011101011100100100
1001100000100110100011101001000011101111101100011011111010101010000101111111110010111000111011011011001001001000100000010000110000010001010101111111111100101000110001110011000000110000110011010000100100011101011000110001010110111000011111011000011110000110
0011100111100010000011111010111011111001101101110010000110001000110111011101000110011000001111100010001000100010101000001001100011100000010000101011101000000001001010010010000111101010100110011000101110010001011010000001011000110010011111111001111000100011
0101100001000100101111010100111100010011111010001010101111011111000011101011000001001111100011000011111001110100010010110100001100111110001001000100000111100010100111110100010010010110011100100100111110011011000000100111000010101000000010001101100110110100
0111110110000011100011110000010100011111101010000010111101001110010001111011000001100011010010000111111000101110000010111000001100101110000001001000001001100011100010011111010000001100000110001000101110010010001000110110011111100000010010010101100000111100
1001101000000010100011101010001011000111111100110111111010100010100101011101100011111000111011101111011000101000000100011111110000000101010101011011101100001001010000110011000000111000110011010000100110100101111000100001010110110000011111111000011100100110
1110001000111110011011110011010000100001000111110101001000000000101110000000111010110000100101000000100001111011101000000010000000000000000100111101010000011100110100001101110111101001111011110010000101111100010010011100100000011010100100011110011100010001
0001100001110001010010010011010100110100100100110000100100111010101100110000101110011011101001001000000000111011001100100011001010000001000101001011010100000011011100101111010001001100100111111010110111001011011000111000001100010011101011111011111100010010
1100000000111110001010010011011010111101110011100000110010001100011000100000111011110010001101011001100100000110000011001000011010100000001100011001010000011001011001001010000011001000110011001010110010011010110000101000101001101010010100001010001101001000
1010110000011011010000011101000010100100111000000000110010101000111010000100111111101101001001000000000110110001100011100001101010001111001101111111011100011101001001000011100001011100011001010010110010101111011000111001100001100011011101101010001000010000
0001111011100001001000101111001100110010111011111010100001011010010001011101010011000000111111001110001000011001001011111000001110111111001000011000000100101010001011110001000010010000000100000101011011101110100100110101000010100011101010001100001000100000
0011101110000000011100110000110101011110000010001111001011010111010011011111011101001000010110110111101011111000111101111110100111111110110000100100101101101100101011101000001110110110000100101101001010100001001110000110111011001100011000100100000011101001
0001111011000000111100100100100100110001100011001011001011111011010011001111010101101001101001110010001010000100010111001010010111011110101001101110101001101110100111110101101011100111000101111101010000000001011100000111111001001101111000100100000111101001
0000011111110011001110000011010110001100100011101001110101111100011000100100111011001011110111000001010001001001101011001110101000110010100100100011000000011010011001101001000001110001101100001010101011001011001010101100000001111010110110111010001101011000
0110101110011100011100101010111100100000101011111001001101011100011000011011011111011000100110100011100001001100101111100100100110011111110000000001001001011111001001101001101101100011011110000101001000110001001110011111001000000000110010000111010011111001
0101100110001100011110101010101101110001001011111010011111011100010011011011000101001100011110100110001000000100011111110100000110001111110000000000101101110001000011111101010100110010011100000100001000100101101110010111000001000000000010010101101010111001
0010111100111010001101100011001010001100101011111111110111010100111000101100111001001010100111000001000001011001101011101111101100111010100000100111001000011110111001101001100101110011101100000010001011101110001110111000001001011010011110111010101110010100
1001011100111010001100100011001010001100001001111111110111010100011000101100101001001010110111000001000001001101101011001011101100111010100100100111000000111000101001101001100001110001001100001010101011001111001010111000001011111010011110111010100101011100
1101101010000000111010101100101001000001001001011010001001011011010011011111000001001001111010100110001000100100010101110000010000000111111100100010101101100001000011011001000110110010010100110101000000000101101110100111010001010100011110010101101010101101
0001010110111010101001100011001100011001101011111111110001000000101010101000011000001010001110000001010000100010011010001011011100101010000000011101000010011011100000010110010011010000100100001010111110011010110010111000001011101010101010111111000100110101
0010001011000001011011011110010100110111111111100000110101011100001100101011101101101101001100001010100010111101101110100001100100001111001000000001000101011010101100000101010000010000001100000010001111000011011010000011001000000001001000100110000111111000
1111100111011100001000010111011000110101110000110111100110000000011010110110110001010110010101101110000001011011101001010000101010100010011100011011101110010001011010000010000110001010100011011010000011000010001010110001001001000010010110001010001000011011
0001100001000001001001010011000110110101101111111111100011011000111110111000111011101110000100001101100000010001001010011111000101101001000000010101000100011011101100011001000010010001100100001010111010001110110010110000001000000010101010111010001000110001
1110111011100101011110010100101001001111011011000101111011010011000000100111010111101110110111110101011000010100101011110100001010101111011100011110101111101101001111111010100000011100011101010000011000001110000000000111010000101000000110000101010001111100
0111101111011101001010110010110100111000101101110011111001011100000001101011001111100010100101101010111010111111111000100000100110001100000000001000000001110011001010010111011001010001011100000001001101010000000110111110001010010100000000000101110111111001
0111101111011110010010100111001001010111011111100010001000000100000111101101010011101011010101100111001010010011101010110000100111001101011000101111101110111001101010010011001100111101010110100000001011001010001000001000100110010000001101001100111000110110
1101100110000100101000110011010001110011100011110111001110101110001101011100110101011000001001001011000001100010001011000010111011000001110101001011000100001000111000000100000100001011110110111001000010000001101000110100001001001001000110010110101100011000
1100011011000001101010000110011001100011100011100101101001111110011010100010101001101010000011100101000100001101000001111010010010100011011101101010111101000001010101101011000110101111001101101111011001000000100100100110101001000000110110010111100011011000
1010010100101010110110101011000011101000100001110010000010100001000010000010100100010001110011100001000001100000000001001001000010000000110101101110111001110000010000101111100110111001011011111011100110101100001000011011110100110000100111110000011111010010
0000111011000001011111010110110100011000000111100100001000011111010010100110011011101010100111101011001000111110001110111110000101011000011000000000100001101011101110001101001000000100001100101101011011100001101100000110000000100000101010100100010011001101
0101100110111110010010110110100101011100011001100010000110000101000001111101000011011011000101101111001010000111101011100100110101000100011000101111100010011001101000010011000101101100000010000000001000001000001010000010100110010000010001001101111000111111
0010011011010001001111100100110100100001100111001101001000011111110010000111011110101000110010000011001010000110110101001111000111011100101000110110001001101111100011100001111001110101001100100001001010100100001100001110000000010100111010100100010111000101
1000001000000001000000001101000011100011011001000000010101100010010100011011110000111001001011101110010100001101100001011000110010010111111100011011110100001101011111011001100100111111111011010110000000000100110100010101110101010011000111101010001010111000
0010001011001101000000110111010000010101010001100001000100001100011110001010101000011100001010101011110111110010100000100001100010110001001000001101010100010010111100001010000110011001100010101110001110110011010110110100101111011110000101001111101010110010
0000111011000001111111010110110100110010000111101000101000011111010000100110011111101011100101111111001000111111001011111110000101011001101000000100100101101011101111101001001000000101001100101101011111100001101100000110001000000000100010110110010011011000
0100110010000101111010001100100100100000111010001101001000101111010011000011011011100000001010111010001110000101010101000000110110001110101101000010111011101110000111000001100001110101011101100101011100100001111100100111110001010101011000000100000111101001
0011100100010000000001010011000110010101101010101010000111101010110111111101000001000011010000000011111010110001110011001011001101111111000000110001001000100011000100010111011111010010100010110100000111000111011000010000001111000110100000101000101100110100
0111000010111000010010010011000100110101110001110010110110001000011001111100101000011001001100001000100011111001111000001010001101101000000000000001000000010010100010000100010101000011110010101110100111101011000010111100101011001111000001001110101000011011
1111101110000110110110111001000001101110011101000010011111111010000101110011000110101000100011100011101011111100110000110000100010000110010101101000101010100101001000111011101000010100010001010001000010110101001000010111110000001000010101010101011110111011
0100100010000101111010001000100100100001101010001101001001111010010111010011010001100000001010011010101110000101010101000100010110001111001001000011010011100110000101010001100001110100001001010100100010100101111000100110110001010101111000000101000011101001
0111100000011111111100100001000111011000101011010101000110100100100111111001010101010000011000110111001100001100100011111100001101101100110001110010111011111100000001011001001011111000010010100101111010110100011010011000100011110011110000010000000000111101
0110100000011101011100100001000111001000001011011000001100110100001000010011011101010001011010110011000100000100100011101100000001101110110001100110011001011110100001111000101011110010011001100101000000100100001010011010101101011001010010010010010000101101
0110011101001100001101000010111111010000001011111101011001010101000010101011011000101010111111100011011010111100111001110110100100001111110000110010100111110110000101110001100001110000011100100101011100100101000110000010000010010100001000000000010011101101
0011011100000000110000011101001100110110111000001011100111111010010100111111001101000111000001100011100011011101110011110011100110011111001001010100101100101010100111110010000100010110000100001001011011110100011100010011001101001000011001100100000010110001
0111101110000101101100011101001100010111111010001010001111111010000111011011010001000101011010110110111010011101010111110000100100111111000001110101001100101111100111111100110110110110010100110000000111110010011100110111010101000101101010000101100010111100
1101100000000101111010001100001011000111011010001011001001100010000111011011010001000001001000110110011100100100010111010000011001100111101101100011111110100101000111111110110110110111010001010100000110010110100000110010010001000100101010000000101000111000
0011001100000000010000010101001100110110111000101111110101100010111100111111001100000010000111100111100001011001111010110001100110011111001000101101101100000010101110010010000100010111100000011000000001010110010100010001001111001010011011100010001010110010
1001110011000000101000000011001000010110011000111111100011110010001000101010110011001110110001010101000001100011000011011010111011100001000101111011001100001001010100110010000100111000100101111010011011000011001000010100011010000010010111011110011100101100
1100100011000111000001110000000011100111011000001000011001010010000001010111100001100000100011111010001101011100000110010000100000000111010100001001110011100101010010111111110100010001011101010100000000100100111000100010010001000000000111010001001011101000
0100001000011101101110000101000100100000101011011101011100011100000000010011001110111100100000100010101010100101010011100100010111001101101001000001001000110111000101011101111001110011001000000001001011100100101110010110100010000101000001000110010010101001
1001100000100011111000100000000011101110101000001111000001100010100011011001000001001010000000010110101110000000010111110011111011110110010101001000111101100101000001111111111010010100001001010101110010011100001000110101110011100110001101111000001100110000
1011001000000100011000111111010001110110110011110111101100001010001101111010110000010000000011001111000001011011101100110001101010110001001100001111101100001000111000100010000110001010110010111000000001100010010100110111011000001000101110010110001010110010
0001111010100001100110000100100101100010001000011111000000001011110111011101000100110100000000100110001000000001010001110111110011000011110000010000101100100111000111010000101000110001000010010001010010100100111100000100010011010111000011010101001000010010
1110110011110110101101110100111000101111011110001101111111111111000000100111111001000010100011000001001000011101110111000010001100111110001101100011001001101101100011100011110001100100011101000110101011001010000000101111110010100100010100000100000111111000
0110100011011110101101101000110100101101011010001101111111110111000000100111111001000010100010000001001111011101010111001010101110011110101001100011011001111111000001100101110001110100011101000100101011100110001000001111100000100100010100000101000111111000
0111000111111110001001111011001100011101001110111010110111110100001001011011100000000110111111010001011001111100101001000000000100101110010000111011001000110010001001110010000111110010000100000100101100001100000010011011001000101010110010011101001100101101
0011011111000000001000110111111101111111010010100010100111110111000011101010011010001010100111000111000000011010111011010011001110111001011000101110100101101011101000100010001010010101000100001001011000010010000100110010001000100000100010110100010011010000
1011100110111010000001100011001010111101011010100010110011000000001101111000100101010011010110110011000101001000101011001011001010100010110100111011011000011001111011010000000111111010100010111100100100001110011010011000011101101010100111101001001000100101
0100011101111110001001001100111110001100010001000001110110000101001000000000101110111000101100011000110110100010001000111100010101111000100000000000110001010110001110000000101001100100011100101011011110001000100110101001100000110111100000000010100011001101
0111101111010110001100100010111101011000001011111011111011110101000001111111010101100010110011100011001001001101111111100000100100011110110000101010001001111001000001110001000101100001011100000000001011010000000110001010010000010000010110010101100111111101
0111000111011110001101111011011100011101001111110011011011110100001101011011011010100000111111010011010001111100101000000000000100001110000000111011000000010010011001110011000001111000110100100100101110100000000010011011001100111000100010011101111100101101
1110100100011111100100100000001011000000001000011100111011110000000001010011110101000100011000100110101111000100010011100000110010001111110100110001111001110101000001010100110101110011011011010000000110010100100010001010010001001101011101010000001011111101
0110101100011110101100101000100101101100001010011110111111110001000001001011000101000000111010100010101111000101010111100000110110001110110001100001011001110101000001110101110101110010011001010000000010110100001110001011110001001101011100010100001111111001
1010110100111010100000001011001010001001000000111000000111000101101010000100101001100011010110000001110110001011001000100011010010000000000000000101011000010001010100001001010001110001101000101110111001011100001010111001100101110110110101111011101101010111
1010010100100111001001010100101011001110010001000010100101010011000010101000010001100010010101100101111100011001101011010000001001100010011100101100111101100101101111100011100110011100011101011111010001011010001000100000110101100010100100000010100001010101
1011111010111011001000110011001001110101010010110010110011110000001100101000111101100010000111110101110011011001101011100001101010000011010100101100111100011001111011100011010001001000100001011111000011011000011010101000101001101110000100111110001111010001
1011111000001011000000110011011001011100010010110010110011000100001100101010101101000010000111110101100101011101101011010001101000000010010000101101011000011101111111100011010101011000100100001110000011011000011010111000101001001110001101101010000001111001
0000111101000011000001110101010000001010000011000000110101010010001000100000101001100010101001001000000101011000010001010001100000000010000100001111010000000111110011100111100001001100100101011010000000000000100000111000101000101011001010100010000111010000
1111100000000001000100101100100001001111011010001010011001000011000001111011000001110010000011100111001001010100110111110000100010010110111100101000111101100101000011110100111110110100000011010001100000010100001100000011110001101000001100000000000010101000
0001010100111010000001000011000100011001001001000010100000000000101101101000001001010110000110000001100111011010001110100001101100101100000000001101000000010011101010010110010011011010100010101110100000001010110010111001101001100110100000101000000100110011
0001100000000001000100001100100101010010011001011010000001010010000011011011000001000000101100110110001000000100010010110100011101101111111000100001101101110101000000110001110110110010000010110000110000000100101010010011010000000101100010000000010000110000
1001100000000001000100000100000001010011011001011010000001000010000011010001000001110110001000110110001000000100010010110000010001100110111100100010101001100101000010110001100110100010000011110100110000000100101010000011010000100111100010010000000000110000
1000100000000000100100000100000001010011011001011000000110000010000011010001000001110110001000100110001000000100010010110000010001000101110101101010111101100001010010110001000000100000000011110100110000000000001000000011010000100100110010010000001000110000
0000010000110010100000000000000100001000000000001000110010000010000001100001000000100110000100001000101001000001010010100000110101001000001000000000000000100011000010100000010001000001000000100001110001001000100010000000010000101101000010000000000100000001
