0101011001000100010110000000000110110000101000001010000000011100010001111001000110000011100000000011001000000100000001001100000110001100000000000000000001100000000000011000000000010000010100000001111101000001010000010010001000100010000010000001111000101000
0101111010000100100011000000000111010011001000001011001001001010010101111011010001000010000011010010011000001101000010010000010100011111010001101010100101100000100100110010000000110100000000010001011001000001010000010110011101010000011010000101100010101100
0101001000000110111000100000100110101011001000001010001101000010010001111011000100000110000010110111001010000100010101010000010110011110100001100010001111100110000011111000100000110100010001010001000000000110001100000010110011010100011001000001000010100010
0000000011000000001111100100110101010111011010001011011001011111000001011011001000100100101000100110011001000100010101100100110101011111110000000000101111101010000101110000011100110001011100000001001100100100110100100110000010010101000010000101000011101100
1100100001011110010111101010110011000000001100111000001000010101011010010001101011000101111010010000011101000110000110000100000001100100110100000011010000010101010000100000101111100010011101010010101000000100111010001111010100000001100111011011111101001010
1101000010000101101110000100101001110010001000011111001011111010000111011011000100100110101001110110001000000100010001011000110011000111110101111010101111100000000101111000000110110000010001110001110010000100000000010010011001010000011010010100001000101000
0101101010000000101110011011000101110010101010111111001101111010010111011011010100000100001001111110000001000001010100010000100111000111000001001011101100000010010101111010000100110011110100010001000000010110010100010111001100010001001010010100111010101000
0001100100010000100001001001011100011000000000011010110010001000100101011101000001010101001000010010100011100011010110001011111100101000100000000101001000011110100100010000000101100000100010011100110011010000111010110101001111011111010001101101100000100011
1010000111011001110001010110010000000010001100110000110101110100001100100010101011000011100000000100101111111101000010000100101101101101001001100000010111011101001000000110111110011001001101000011011101000110010000011011100000001111000101100111010001111000
1010110010111011001100011100101011101111011000000100000010010101110010000000001010111001101101101100001110010000101101011111001011101100111100100000110001111100001111100001101010010100001001000111111010111101000000011001110000111011000100000010010001100100
1111101010000101001010010110011001110110011101100010111000100010000101111011000111110011100001101111000001011111110010111010100010000101001101001010100110101011111100110111000100001100010010011001000011000010011100110110011000010000000011010100010010111010
1110010011101011101001010110110001001000010111000101001100000101011010000110011010110110100100100101100110010111001100011110100001011000011100111000110001010000011110000110011000001100001101000111011001011001100110001110100000100100001100000110010001001001
1000010011100011001101010100110001000000000101000001011100010111010001000000100010101000100001101000011100010010000100100110100001010001011101011010110001101101010010100011101000001101001101010011110000001001000100100110110000110001000100000101010011010001
1000011011101011001101010100110001001011010001000101011000110111000000000010001010101100100101101000001001110010101100110110100001011000011100010000110011100100001010101001101000001101001101000011011001001000100100001110110000110001000100100101010011001001
0101000000000000100011010101000110010010101000001011100011010010110001111101000001000111100000101111111001001001010010011001000100001111001000010101100100100011000111010010010100010011010000010000011011010101100010110100001100001110101001001000101000110110
0000000100011100000000111010110100000100000001110000110111011100011000010000101000100101010100011010110101111001101100100101000000011011000000000101010010011110111001001100001101001010111100101110001100100011101110101111000101010001000010010110101111000001
1110000100000000010111000010001011000010111001101000000000010110000010000010101000001100111101100100010000000100101001011100000001100111110100010010100101100000011010101001000110110111011001100011110000100110000010010110010110010011001111010010010001101100
1100010111011110011010000110011011000000111011010101111001001101011100100011101000000010011100101100111101001101001000001100100000001100111100010001110001110100001001000100110100010010011101100010101001011110111010101110100111111101000100000011100001101101
1100110011111011101111000100111001001000100001001001011001011111000000100110101001101010100001111000011000100100010111000000000001001010011101010000110001100101000011101001110000000001001101010011010100011001101010101110010000101100101110000111100011011101
1101100100000101010011110100101011010111011000001010000000100010000111011011000001110001001000101110111010000110010110010000100001000101011100011000100111100001010010010010000000000100010010110100110000000100111000100010010110100100001111001001101000101110
0001000001000100000001010111110111010011110101100000010100001110101001011000000011110101111001101110000000010010100110110001000101000001001000001100100100000010011110011111011000001100110010101001110000000000000000110100001100000001010001100000111100000110
0101000001001100001010000011001111110101011011111101011111010100110111111111011010000000101110111111001001000100001001001100100111001111010000000000100111110010000101010000000110010010000100000001011010000100101110110110001011011010011010010000000010101000
0101100100000000001110100011001111110101011011111111000111010010100001111111010001000000101110101111001001001000011001011111000110101111110000000010100100100010000111110100010110110010000000010001110110000100101010110000011010011010001010010001000010110000
1010010000000001000100000001000011000111100000010000100000101010101000100000101000010011011001000100010101000011100001110001101001100011111101111110111110000100010101001100100110111100110011111011000011010100010000010000111001011011010101110011000110000010
1100101110000000101000001010000011100010101010111010111001110010110111010101100001100001000011101110001000000000010010011000010010110011010101011011101100000001010101111011001110110010101101110100100000011111111000100001010001001000101110011000001000011000
1110000101011010000100110101011010000100010100000100111010010100011100100110101000000010111011000001110111010010100110001000100010111010001100111001010000010101010000101010110111001100001101000010100000010010010000001010100100101100011100000010111101011011
1101110101100110100000111110111001111011000100100010011010100011010101001001000111011001001111111100001001011010001010010100001000110000010101001100100001101000111010010010000010001110010011011100101010101011111000101001010100101000101111001000110011000011
1010110101111110100000000000110000100101100000000101011000100101001000100100101011111010010000000001100111000011100101000101100011000000000101111100011000010101010111001111110001101100111011001111010011001000001000101100100101000100011101001010000111010111
1110110000100010000100000100110010101111010001000001011010100011100000100100100001111011000000000000101110000001110111011000000010010010101100101010011001100101010011101001101000101100011011010010110011001100001000001100110001100101011100001010101101010011
1100000001000111000001000000010010000100100110100101101100011110001010100100101110011000100001100000000000101111000100000000100000000001000100101011011100000001010010100011000100101111101101010110000001110111010000000110110000010001001110000010011001011000
1110010010101010011100010110110011100111110011100000000100011101001100000100110100100110000101100101101101110001101101110000100011000010111100000000110111011100011001000100111100001000001101010110110100011001010010001000010001100000000100001010001001001000
0000011001111111011100000100110000100101010011000000000100011101101010100000101000111010100110000101110110101000101001010100000110101011001000000100110111011100011001000000101110001111011101100111011101001111000110101100100011110010000100000111000001000001
0000000100011011101111001011010000000010100111100000000100111101111010010000101011001000111111010100010100001000001110011111011000111001000101001010010100010111011000100011101010001000101101101110101010100011101100011001101010100011101101110011010001010100
0001111110011000000011110110101101011100010011101010011011000001110101111111000001101011010100111011111001110001011110101011100101011100011000000100100001111000101110010001011101000010000110001001011001110001110110101010011100011000001010100100100011000101
1000100100011010000101001110111011000111010000000000000000000101001110000100101001010001001100001100010100010010001110010101001000100001111100001001110110010100011000000000000110001010100011111110100000010010110010001001101100001001101111111011111001000110
0101100100011100110101101000001110000001001100011000111010100000001001110011100111110001110010000011111011101111010010000100110100001101000001000001001110010011000000011101010101010000010010010100000111110100101000010111100100001100001001011001011100111110
0110100111011001011101001010101101001000101011111101101001110101110011010011000010000100111101000010011001000101111101101110100101011110110000100011001001110010001001110000101101110000001100000000101010110101001010000011000000110001011010110100010100100000
0101101101000001000111000110101111010010101001111011111001011010010001011011010011100110111001101110011001010101111110011010100101001111101000110110100101101011000010110101000100110001010100000001011000000101001000010110010100000001001011010000010000100100
0101100000000101001111000100101111000011111101001011101001111011010001011111010001000110110001100110011000000101110110011000100001001111111101110110101101101101100010110000100100110111010001010001010000000100001000000111010000010000011011000000011000110100
1101110101000000111111000011001011010010001000111010000001110010000011011001000101000100101001011110001001000000010011011010100001000111110101001010101110101001010100110000001110110000010100110001011010010100001000010000010010001011110110110000011000111100
1111010011000000011000000100100011001110111001001010101000011010100001111101000001000000111011110111001001001100110111110000010000100111011100001010101101100000001011010010000110110110010001110100110001000100001000110000010010100011110110000001001000100100
0101100010000101001110000111001100110010011011111010111101011010010001111111000011000101100110000110001001001101011011010100101110111111101001000011000101100011000101110000000100110000010000000000111001000110111010010110001001011000011010010001010110111000
0010000101001100001001001010111001010100100011110001010110101101001010010000111000000100010000100000010101100010101000100000010001110001010001111110111111010000010100000010001110101011100100001111111100100001010110100001101111111010100100010011100011010101
0110011100111100101001000011011010010000100111100001000010100100001010000000111110000011110001000000010101100010100000101000010001101001000001111110011010011100111100000010101111101011011101101111011100001000011110111000101110011010110100010010100011011001
0100010111000100111011010000010101011100011110001000101011110110000001110011010000000011110010000011111001011101010000100000100100001110010001000001101011100011000101111111010100010101011100100000001001010000000000000010010000101100100000010101010100111000
1100000110011110000101111010110000000100100100110001001100100101011000010010101111010000010111101000100111010010001110100100000000010000010100001001010000010101111010000001010101001011100011111010000000010000100010001111101100000000101101001111111001011011
0100001101010100111101100001000110000101101010001000111111110010100001110111000100000111110000000011011011001101010001100100000000001110000100110001001010100110000001110001100101110111011101010100001001010100010000010010010000000100100011001001011000111001
1100010100111110100100111000100000001100000100100101011010110001011000000000100011010010110111101000111011011010001000100100000010010000000101010100010011010101101010001111110001000111111011111110100010001101000110101101110000101000100100001100111111010011
0100111111011111011101100100111000001101010011001100011000010101010000100010011101101011100010001001010101111100100110100100100000001000111100010000110011101111000110100101110001000101011101000011000000011001111100101010100100110100000000000110010111001001
0001000000000001000001111001000111010110011100001010000001000010100101011101000001101001001001111010111000010011010110110011100101000111010000011001100110100011000000111111010000010101100000010000000000110101110000110001010100010111001011101001001100100010
1001100100000101001011101110100001110111111101111111111000111011000001011111000011010000101001111110001001000110101110111100101000010101011100011111101111101001010000110000000100100000010010010000100000000100001000000111010010001001011111110100011000110010
1010101101011010100000111110101000001000010000100000000010110101001010000000101010000101111011011000100110110010000001001011011010100000001101001100010010011101111010000010100011011101101001101110100100101010000000101001101110101011110101101110001101000010
0001100101110010010010110000000100111100001101101010000011010010100001011001000111000010101101011010101001110000111110000100100111001110000000000001000010100011001010110010000011010101010100110100111110000101011000110101010000101011000001001001011000110011
0001001100010000000100100011001100110101000001111011000100001100001100111110001110010011011110000011100000001000011000100101001110101000100000000100000000010010100010010101010001110010100010101101000100010000101110011000001111010110100001100010100110110011
0000010001100111001100100100100100101111111010001000110100010011000001101001010110100011100110001001101000011010010011011100001110111110101000010101000001101011001000110001100001010101011100000000111011111110110000101100010001101010100011001000010101010000
1010010100001110010110111100110001001111010001000000001010100101010010000010101101111101011001100100010100110000100101011010100001001010111101101110111001101100111001100010101100101110011011011011000110000001000100001111110111100001001101100110000011001111
0111111000110111001110010100101110101001110100001111111001011011100101100100010111000010100100101100101011011001011110110010100111001000001000000100100011101111101110110001110101000100010010010011010101011100011010000000010000000111001000101000110001000011
0100000011000101000011110100001001101000011100001000001000100010000111010011000110110001001110111011111010000110011100110100100101001100011000000001100011100000001010010001000010010101011010110000111110000100110000100110010110110000110001001101111100101011
0100001001000101101110000110010101110110111010110101101001111110000111111011011110001010100001010110011000101101010011010100011111111101001001111010100111101010000101111111011110111010011100100001001001000110110100010110000000010001110010010100010110101000
1101100111100100001010000010101001110111100010111111111010100010000101111011010011000110001101001111001001001101111010010000111010100101010100011111000111001001110100110010000100110011110000011000001001001010111010100110011000011000010110011100001001101000
1111101000000100100010111000000011110110001000000010001011101010010101011011000001001101001001111110111011110101010010111000100011010111010101011000100101100001000000011111011100010111010001110001000000110101011100110110110101000101001001010001101010111010
0111000101111100101010010111001011100101111011100010101011111000010011111101100000000010000101110101001011011111101011010000001110100111011001111011100100110001001101110011000110011110110001110100111101011110000000110100110001010010110100001001001000111000
0101100100011110001000000010011111111001111011100111101011101100010101111111000001001010000111101111001001011100001111010000001110100110110000011011100000000011011011010000000110011110110100110100101001010110111010101110010001101000101010011000001000101001
1010000110011010001101100010101000000000100000111101111110111001111000110100110001000000111100000000100001110101101110001011000001000010100100110001011010011000110000101101110001000000101101110110100101110000001010001111000010001001100111111111001101010111
0001101010001101101000110110111101110001011011110010011100000000000101111111000011110011010111101111101011011100001100000001100110010101011000011000100111011000111001010011011100011001000010010101001000010000011110100110010110001000100101100101001010100001
1010011100001000001001011100110001100101110111000101000100000101111110000000111010110000001011100101110111011000000000011011100000111000011100111000110001011100010110001010101110001110001101001111011010011001010110101100100000101110010100100010000011000001
1000010011111011101001000010111001001000010010010101010000100101001010000100111011101111010100111100010100100010001101011110110001011000011100010100110001011100101100000001101001001001001101001111011000001000100110101000100101100001001100110110000011001101
1110000010000010110100100100100000000011010001001000010100010010111001010000100111010001111000010011010100000000100111000100010001100000101101100011011010000100010001101101101011100010101011010110100010000101001100000000010010001000110111011111011101011110
1110000000001110110101100100000011000011010001001000010100110001100000000000100001110101111000110001011100000000100011010100000001000010111101100010111011110100010001100001101000110000001011010111100110100101001100001001110010000110110111010011001101011110
0000010011001001111000000011010001011110100011110101010000101100011000000100111000100010001000000100010100000010000000011001001011101000100001110000010110010010010000000101010010101001101100001011011011000010000010111000101001101111110010010110000101000000
0000000011011011001101000100110000000100110011011100000000010101011010000000111011000100101100010100100100000011001101111111110101001000000000010000011001011110101110000000111110000000001111101110001010001010110110001000100000000101100001101110010001000001
0101000010000001000110000101001100110001011001001010010010001010101011011001000010111111111100010011100000000010110001010110010111001101101000000001000100000010000111011000000000110100100010010100110000000111001010010001001010011010111000001101011000100011
1010100000000111101001010000111000001010100010000101111000100011011010100110111001010000010011010001010101001000000111001011110000100010001101111111011000001101110001001010010010101101111001011010100000000000000000101101110001100000010100111110001101010100
0001001000000001000011100111001100010010000110111010100001000010101100011100110000001011000001001110010000101001000000100011011001100011001000011111000110001010110100110011000100000000100000111110000001010110110000110000001110010011100011111110101100000110
1100100010011110000010101001000011101001001010001000010010001000110000010000100011010001110110011000100101001100000011000100011011100100010100000000110000010101010001010000111011000011101011110111100010110101101010111101110000101110100100001111101100011101
1001100110000001101000000001010001010011000001011101100100100110011100100100101000111110010000100100010101100011010011110010110001000001100101111011111110000011110100100111000100101000100011011011010101010011000000010100101000010111010110011111101000011110
1001100100001100010000001010111001000000100001111101011010001100111100010000101001111100001100101010110100100000101101000000110011010011010100000101110010010100111001001001101101100001110011011110000100100001001110100111011101010001011110010111101000100011
0111011111101100101010010011000011110101101010111111001010011000010011101101010101101010100111100001101000010000101011011010000110001111010000001001101100111000001101011011010000000000010100010100011000001000001010010101010000000010010000001100001000100001
1100101111011011101111110010110000001001100101110000000000111101001010100000101111001101100111111001000100100111001000100100111001001000000101001010010001010100011000001011101101001001001101100010001110111101000110001110100000000000010101010111010101001000
0011110110000000011010000011010100011101001001111111000011001110010111011111000001001100011001000010011000100101111000001011000101101110100000101110001001100010100000110100000111110010000100101001011110000000001010110100001001010011100010110001100000100101
1010111100111010010100100011001011101100010010011001000010000001110110100100101001010011000110010001000001111000001001001011000010100010110100000100111000011100111001001101111111010010111011111111010110111100011110011001010101101010100111111010100101000001
0101001010000101011000000100110100110001111011001111111001011111000001111111010001000110000110100011101011001101010111010000100110011101001000000100100111101011100011010000000100000101011100000001001001000000101000100110001010001100001000000100100011111000
0001001101000000001000110011011110110001101011111111100101001100001101111111011101000010000101100011000001010101011010001000101110101111000000001101000100001011100100110010000111010011110100001101001000000000011110010010001000001000100010110000100010111000
0101100011010010111110000000001110111001011001001110000011111010000011001001000101001100001001000010001010100000010011000000111011101110100001101011001000100011000011110010000011110111010101010000100110000111001000101100010001110011010000001001100100101001
1111000111000100001111100010011111010110001001111111111011010100000001111111000100100010110111100111010001011100101100011010100100000111110000111011101101011001110000110011000100110010010100000000001001010000000110010010011110001000000110010000001010111100
1111001101000100001011100110101011010010111010101111111111111010000001111011010100100010110101100111011001011101101000110000100000000111011100111010101111100001011010110011001100110101010101010000001001010100000100000010010010001000000111010000001010111100
1010111000111010010100101001000010001000100000111001000011111001101010000100101001001010111011010000010000111000110011101011001000110010000101110110011000011101100001100101100111110011100001111111000110001111001110111101000111100110001110111010101111010111
0011101010001001010111101111000100010010011001111010010001011000011001111000000001101001110111000111010000101000101010110011101100110011001000100011001100010010001000111000000000110000100100011000100100100011000010010001001101101010000011111101101110100110
1110001100001101000111001010111001100010000001100000000000101101001000000110101100110101101111100100000100110110101010110000100000010001010100101110110111000101111010100000101000101101001011101111110110100001000100000100101110110001010111010111110011001010
1110100011111011111100111010000000101000000010100101010010110001101010000000110001101000011111010000001100111010101011001010100010000010100101110011011010000101011011111001100001101101101001010010100010101100000000001001010001100011000110011111001101010001
1110000111001000001101010110001000000010001011110101010001010100111001110101110011101110100111100111001000110100101011111110100001010111100100110011100100011001011011110000101100011000101101000000101100100111001010000110000000000010000110001110011000111101
0100011100011111000110001101011011100001010101010101001000011100001010000010101010010100101111100100000100100110101011010000101011001100010100100110110010010111011110101000100110101001011011001011010110100011000010011100101000010011010010000111110001111011
0101001000000101100010011100100101010110011000000110111010100111010101011111010010111101001000111110111010010111010100011110100100001101011001010000100101100110001110010001010000010101011010000001011000110001110000100111110101000101000001000000000000101110
0011000001011010000011000001000110010000001101011010100111100000111100111011111100001101001010010011010000100100110100101011011000101100000100111111011000011010100000011110110101111011100101000000101100000101010010011111001100110110110011111010000100100001
0010101110011011011110111001011100101000100111100001010000111100011100100000111111100000100001010000000111110001101011101001100010001000000001101011011000011111001011100011101001001100101101001010001100000011001100011001101000000011100000101110010110000001
0001001111000000111000110010110001011010100000110000101010000101000011100011000011000011011100101111111001001011001110010011010100110000010000001001100010001000011110010010010110001010100100101000001010001001100110100110010001001000101011111101001010011011
0100000111001000111010011010110101110000000010110000110010100101001000110000101001100011010011011010110111111011000010100000100010011011010001001000010110010111010000001110011101001011101100101111101111100000000110100001100011001110010000011011101011001001
1010010001110110111010011110100000101011010011100010010011110011000010000100110100000001001001010000001000010001101001000011001010000010001101101110001011101001111001100011100001010100001101110010110010001101011000101101010000100011010110101010001101000000
1011010111100001011001100011011000110001100111110111010001000110101100101100111100101010000011000101000100000000110010001011001010100011100101111011011100001001110000100011000010101010100101011010110000001010011000010000001110100010100110111110101000010000
1011000110100001011101001011010000110000000101111111000001000010101110001000110101111010000011000000000000100000110010001011000000100001100100111111011110001001110000100001000011100010100011011110110000001010011000010001010110100010100110101110111000010000
0011100100011011010100101100001110011000111000011100000000000100010011011011001011111001111110110010101000001100101011101101001110001100101000010100001011100010100011011101010001110001011010100100101000110111001010011010001101100101110001100000010001100111
1100010000110011010100000011010010001110110100100101100000111110011000100100101010011010100001000001000100001011000000101110101001100000001100011000010000000100010100100101000011001000111011001011110011001111000000011000101000100010000111011010011101001010
1100010011110011000000000110010010001110110000101001100000001011011010100000100010011010001100000001000000000011000000101100101001100000001100011001010110000000011100000000000010001000111001010010110011001111000000001000010000100010000111011011001101001010
0011010100000101111001000011001101010010101001111111001101110100000011101011011010100010110101100111010000100101111101010001010101001111010001101110101101111010101001111011000000110000010100101001111101010001000010110111001000110000111010110000100000110100
1011010010111011111110100010110001111011100011110000000000100101011110000000111110010001011011000001000100000010101000000010001010100000110101101010011011011000011000000001001011101010000011001010100010111011001000001000101011100010111110111110010101001000
0101110100100101110011100000001111011000101001001011000010001010010001011001010001111100011000010010011000000110010010101000110001000100110000010101001000101001100100010101010001100001010010011000110010001001101000100101011101100011000011001000001100111111
0011010001001100101001000011000111010001000001110111001100110000111010101010011100100110111101000110010000100001101001101011110100011011000001111110101100011010101101101011000000111000110100101011011100010000000010110100001001010010011010110010100010110101
1000001100111010001000100010111000101001100011111101100000001101011110100000111010011010000100001000000101001001001101101111111010100000100100010100010001011100110001000101110111100010111011001010000011001010110110101100000001110100001110111110101111000000
1000000110011010101010100010111001101001100011110101001011001101011110100010111000011010000100001000000101001101001001101110111110101000010000010111010001011100110001000101110111101010101111001010001001001010101010101110101010010100001100010110101111001001
0010101101011000000101000010110000000110100101110000110110001101011010010110101000011001000111000010000101101111101100101111111001010001100100100110011000011110111100101001101111101000101001001011000001100000011100001110101001011001100001110011001111110010
1100100001100000101001010101010010010110011011000101110010000110101010000100101001011110011001010000010100000111010010001010000001100111001101101011011100000111010100100010000010001000100101001110110010001010001000010001101001001111111000101010100100110100
1100010011100011000011010110100000100110010101000000110100011011101010100100100111111010101100100100100010110011101011110100100001000001001100101001111100000100011011000111110000001100101001010110110111001111001000001100110010100011010101001011011001010010
0101100010000001001110101100001100000010011010001110111001011010000001011011000001100100011010010011011000100100010101101010110100001111101000110011001111100111000001110000110000110000000000110100110110100101101000100010010001110100000010000100001100111100
0011000000010011100010111101000100111010111000000010100001101010000101011111000100001101001011010110101011111001110011100001001110111110001001101011001010100011001011010110001010110100000010111000000100110110010100011011101010001111110001101001000110100000
1110010010111011010110001100000000101000010001011001110101011001000000100000101100000100101110000101101100110000101001100100001010101010111100000000011011110100000011101100110111110101001001010010110100111111001010001101110011100110000101001111010001010011
0111000101001000010100110111001111110001001101111011001100010000100101111101000100000010000101100111010001011001111101110101101110010111111000100001101110010000001001111101000100000000100000110000000011000110010010010101001001001010001010111000101000110010
0110100010000100100000000001001111100001100010010001000010001000011100110000000101010100001000100110100110100000000001111000011011100011010001000100111100000111110011000100010100100010110010011110110100100001111010100100101001000111010000001111101000001011
1001000000000001000000000111100001110111111000010011000100001011110111111001000010011111000000101111001100100000000100110011111011000101011100011100110100001000110000010110010110011010100011110000110000000111110000100100010111010010000111101000001000100010
1110000101111110000010000101011010101000100001000001110110001100101010000000101110111110011100100000000100110010101001100100100011000000001100001001010000010111011010000111010001001110111011011010100110001000000010011101101010110011000101001011111001000011
1100010000111111101000101100110011001000101011000101001101000101000000000111011000100100011000101100011110100100100101011010111001101110111101010111110001111100101010000000100000101101011101000010100100001010000010101111110011110101011100001010000001001001
1001000100000000001000110110100001110111011011101010000110000011100011011101010010110000001111101111001000110110011101010101000001000101111001011000100101101000001001010100001010010001000010010001100100010101110100100010010011010000000110100000001000110000
1110110110111011001000000101001001101001110011000101100100000001001100100000111101011010000110100101000100101000101011110000011010100010111100110011111010011101010011001001100011101100101011110110110101001101011010001000110000101110110101001110000001011011
1100110110111110011101000100101001101001100011011101100101010001000000100000110001001010000110110101001100101000101011110010010010100010110100110010111011111101000010101000100110110010001001110110110100001101001010001000110000101110110111001100001001010001
0110110010100101111110101100101111101001011010001010011001111011010111001011010101101000001010100100001110101100010011010000010110101110110101100010111001100101000011110100110010110100011101010001110010001100010000000110110001101100111000000101100001011001
1001101100011010000000101011000010010000100001111111000111001000111010001000111000010100010001001010000101100001000111101011100001010010100101101111010000011011110000101100011101110011100011111011000000110000100110111001001001010011001111110010101110010011
0011001100000001000111001111000110010011100001101111000100001010101110011010011110111100001101100110000001110001101000110111100001010001101000111111101100001010111100110000001100111000100010101101000110110110010100010001001100010011001011110010011010100110
1111100010000101001010011111010001110110111011100011001101101110010111011011010100101000001001101110000000110100100100110000000010100101111001101111101110001000111100111011000110111100110110111101011010100000011000110110011011010001101010010101101010101000
1011001000000101001101001111000001110110110111100011000100001010001111011010110110110100001101100110000000100001101100110101100000010001101000111111101100001010111100011000000110111000110010101001010100110011010100010101001011010001111011110010011010100000
1011001101101000111000010010111011110000100010110001000100101101101010011100111010000100000101100100100010010011101010001011000011000001010000101110100101011000111100000010001110001011100100101111011000101000000110000000001011000011110100110010001001010001
0110101010000001101001101000000100000011101010011110011101110110001110011011001000101000001010000010011110100100010001000010000100101111101001100011011111001110000101110100110010110000011100000100001110100001010000010011100001001100111010010111000110101000
1010011000110000000100010010100010100110110100100000000010111011111110000100101100000111000101110000100001010001101000000001000011010011000100000000011101000000011100101100011111000010100001011011010100101001011100000001011000001011000111110010000111011010
0011011100001100000100001011001100110101100001110111011010001000011010001110011000111000101110010110000110011001101000010011001100101001000000000110000100010010101110000010000110100011110010001011010001100010000110110101101010011111101000000010110010000011
0001000001000000000011101101001101010110111001111111000101010010100001111001010101000010110011000010011001001110110100001011010000100111001000101011001110100010000000110010000110111000000100110100111000010101101000110001010000001110100011101100001100100110
0111001110000001011011111111011100110111011011101111001100000110001111011011001000000000001100010110100000010111111100001010001000000101001100001001000110000010010110011000010010000001100110001000001000000010000010010111001101001000010010000111101110101010
1000100000000011011100100100001010000010110010010000100101001011101010010100111000011101001000000100010100100000000111110001011001100011101100100110011100001101110011101000111010101001111011111010100000000011110000001000100001101111000110101010101001010000
1000011010111010000001110111110000001100110101010101100100001001001110100000101111010000110011001001010100111010000010001001001000110000011101011000010000010101110000001110111110001011101011111111000101101010110100101100110000100010100101111010011111010110
1010011110111110001000000001011000001100110011000101100101011100001010100000111000001010010101000000000101001001100001000010110000001010000100101111011010011110110101100011100001100101101101001010011001111000000000001100000001100011000010001110000101000101
1000011001011110100001110010010000001100100101010001000110101101001110000010101010010000101001001100000100011010000000000001001000110000000101001000010000010101011000001111111111001011101011101011000001000010110100001100101000110001100101110110010111010011
0001100100000101000100001111011111110010001011100010010001001110011111011011000001100001011111010110000000100100001001111000100110000111101000111111100110000011111101111001000000011000110010001000111100000001100000010111001100010011000010010001101000101000
0001101100001101110110011111001110110010100001110010000001001000011110011010101001110101011111011110000100100000001011100000101010000111001000000101010110010011110101100100000000010000110010001010010100100011101010110101001100010010000010011011101000100000
0000011100111110001111110001010000101100100101000101000010101101001100000000111010010000100001001000100100011011000000000111001000101000000101010000010000010111001110001101101111001111111011101011000001001000110110001100100000111011100001010010010111010011
0111100001001000101011011011001111110000101111110111001000001100111111011101010011001000001111100110100000111010001000011010000100011101010000111101101100011010111000010011000110011010100100000000111011100101000010010101101010000010011000111000011000100000
1110001000101111100111111111011011000011110011110001001100101000011010000000110100010000011111110100010100001000101011010000001000100011011101111011111110010100011001100011000110101010110011110010000000101110000010010100110100000010111100011111101000011110
1110110101111110000110111010011011001001001001110001000001011100001000000011101001100101011111111001101101010100001011001100100010001110110100010100010011110100011011100000100001011000011101100010111000111101101010111111110011101010000101001010100101101101
0011101010001000101100111011011101110000101010110101001010101100111111011000110011011000011111110111100010111010001100101111000110010101110000110101100100011010111000011011000111001010100010100100101100100001010010010001101000000000101000111000011000100000
1110000000111110110111111010111001001001100011010101001100111001011010000000110100000000111111110100011100010100101100110000001000100010010101111111111000111100111000100011100110101010111101010010000000101010000010101111110110100001111100011110101001011111
1111110010010001111000010100110001110101011010000110000001100111010111001111000101101111000000100101101010010100010110010010100011001110111101101000111001101101000010100110110110010101001101001001110000010010011000100010111101100100001000000100100001101001
0001000000000101001100001011000100110001001101111111000001010010101111111111001000001000101110010011000000101001011001101011011110101111000000100111000100000010000011110001000001110001110000001000001111000111100010010101001010010010000010100000110010100000
0001000010000101100100101111000100110011101001111111000001000010011011111011010000001000011010010010000000101001000001100011011110100011101000110111001100001010100001110001000000110001110000011100000110000111000000010101001011010110010010011100001110100010
0011001000110110100101101001000100101001101000011011110011111010010101101101100100110010001000000011001001001001110001000100101000000010100101110111001010101100000001110001100001110000110011010000000011011100010000011001010011011110011011011101001100100100
0001111011011001111010110010111100110000100110111101011001110101111000001010111011001000100010001010100010011001010101001011011110111000000000000100000100011010100101000111011001000001101100101011001001001010110110101000001000000100111000110110010111000000
1011100101000010000000111010101011111001100101110010000110001010000111011101000110111000001111101010000001100010101000111001000011000000010100101010101000000000011010010010000010111011100010011000101100010001011010000101011000111010011111111001011000100011
1110101100000010001101111001000000000111000010100101111010110010111000010100110001110100111011000010110101010001100101101010100000010011000101010011011000000100011001100000100001101101100011010010000011100101000100100101110001001000011100011110001110010110
1101000010111110001000000111011010111100110011100101110010001100011010100000111001110010001000011001000100000010000011000000011011100000001100011011010010010000011001000010000011001000110011011010110010011010100000101000101001111010110100001010001101001010
1110100111001011101110100010111001100001101001110101111010111100110001010011110110010110100011100011000101001110100101001010110010010101110101111011011100011000010001011010001100101010100011010000001000010101011100000111110000011100010111010100011010101010
1110011000111110001111110011010010101001001111110101001110000001101100100100110010111010100001000000101001111001101000001010100000000000100100100101010000111100110000101101110001100001111011110010000101111000010010001100010010111011100110011010011101000001
1011001011100000100011010011010000010010000100110010010100101110011111011100110110111011110101000110110000110011101000010010000001000001000001111101100100001010111100011011010000001000100100001010001011101011010000010100001100010011110011111111111100100010
1110100000110010010000011101000010100100111000000100000010100010111010000000101111000010101001000000000100010001100011001010101010100010000100111011011010100101011011010011100010111100111001010010110011001111001000111001110001100011001101101010001000010000
0001010001100101001000001111000100010010101011101011100001011010010101111101010001000010010111011110011000001001001011110000001110111110001000010010100100101011001011110001000110010000000100000100111001101011110010110101010110100011101010011000001000101000
0110110110011000011100000010011100110000101011111001000101011100001000011000011111010000100100000000100000000100111011000100000110001110100000000000001001011111000001100000110001100011001110001000001000000000101010011000001001000100010010010011110001111001
0001100101001000011110000010001100110000000011111010000001011100000000001000001101000000010100010100001000000000011011000100010110001010100000100000001000110001000011100000000001110000001100000000001000000100101010010000000001000000000010010000100000010001
1011100010000000001110100110101011110110111010111101101100000011010101110101110111010010000010000111101001001010000101001110101010110001111000001000001100001000110001010101011100000000110010110100100011110110111100000001010011100000001111011000011100010010
0001010001000001001001011011000110110100101001111111000011011100111110101000001011100100000101001100010000010001101010011011000101101001000000011101100110011010101100010011000000010001100100001111011010010100110010110000001000010010100010111010000000100001
0010011100111010001100100011001110001100101011111111110011010100111000101100111001001010100111000001000001011001101011101111101100111010100000100111001000011111000001101001100001110011101101000010001011101111001110011000001011111010011110111010100110110100
0111101001110011010011101111001010000000011101100110001001011000100011011101000000000001101101101110011000011101101100111000100100000110011000101011100010100001001010111011000100110000000100010100001011111110000010110001010100010011001010001001101000110110
0001010110100011011001011101011000011000100000000010000101000111100010001000000001100001101001001000010000010010101001111011010000100010000100001110110011001000110010100111010000011101000101111010111000011000111000111001111010100010101010101000100001000001
1001011000100011011100100111011010111110110011110011000001101110101000001000111000000000000001000100000000000010100101001011101010100011101101101111011100001001110001100010001000101001100111001010001010001010000100011000001000110010000110111010101110010000
1100110011000101011000011100111001100111111011000111001011110011000011010101010001100100100101111110001000010110101111010000010011100111011100101010101101100001001110110010001110101100011101110101111000000001001000100111010000101001110110000100001000101000
1111000110101111000011110011000001010001001011110010000011000100001100101000101101100011010111010101010100110100001010010000000000100111010100001111111010010001111000100010010010001001100101101110110110001000011010111000001101101010100110011111101000111101
1111101110000110001000010011011000110101110001110111100010000000011010110110110101010110010101101110010001011011101001010000011010100010011100011011111010000000011010100010000110001010110011011010000011000010001010111001001001000010110110001110001000001011
1111000100101110101001111011011011011001000011110111100010000001001101100000110001010110011111100000110001001011101001101010001010100001010100111011101010011001011011010010000111101010110010111010100001001001001010001001010111101010110100011000001000010001
1110000100111010000100111100111011101001101101000111011100000001100100000101110111111000101111100100001100010110101110011010000010000100110100111101111010111100111010111011100000001110011011110110100010101000011010001001110100100000101101101000011001011011
0010011011000001001001011110110100000110110111100001111101011101001100100010111101101010101100001000110010111101101110100111100100001111001000010000000101011010001101000101010000010100001100001011011011100011011000100011100000000001000000100110000111001000
1110111011100101011100011100001001000111011011000101111010010011000010000111010111101110111111110101001000010100101011010100001010101111011100111110111111101101011111111010100010011100011101010011011000001110000000000111110000100000001110000100010001111100
1010001000010011010101101111010000000111010011100000000000010010101010000000101000111001101111000001000100100000101001100011000000110010101100100010011000001101011010101000001011101100100011111011000000100111000100011101000010100010110111101110011010010100
0000110001000001101100000000101011100000001011011101010011010000100001111101010011101010100100101110001001101101001111111111110111001111110000000010101101101001000111110100011100110000001100000001111101100100101010110110010000101011001010110000000000110001
1000001100000001000000101101000011100011011011000000010100100010000100010010100000110001001011101110010100000001100001011000100010010101111101011011110100001100010011111011101100111111111011010111000000000100110100010011110101010011001111100010001010111000
0110001111011111100000110010110100011000001100111010011001010101000001101011001010100011110101111010111001111111011000100000100110001100000000000000000001110011001010010111011001010001011100000001001101110000000110101010000000000101000000000101110111101001
1001100000000011000000101100100001101100000001000101010100000011101100011110001001111001001100101010000111110001001111111011100011010000011100001100110001001100110011000001001001011101000011001001100101100100110110011011111000001001000101100110000011000001
0100100011001000101000000010001101110000001010111101110011010100100001111111011101101010100000100110001001101100010111111010110111011111010001010010101101111011000101010101101100110011001100000001111101000100100010010010000000001101011010110100000000111001
1001000010000011100000000000100001000110001001001110110101100011100011101001100100001010010010100101011100001000110001110011011010110111110100100010111100100100000001111010101110110011001001010001110010001110100100000000010101111110010110111101101000000000
0011001001011001000001001011011110010001001001111110100101000100101010111100001001000110010111110011010001010011111010100001100100011111000000001111001000010010001110110010001111110010100100101000011001000000001110110001001101001010100010001011101010100111
1000010010101011100000000000101001000110010001000010110101100011000000100000100000000111010010100101011100001000100001110001011000100011010101100010111100100100010000100010101110111111101001111011000010011110000100100000110001101110010101111001001011000110
1100101010001101000101111010000001000101011100011000111000000000001100100100110011110001100110101101100111011110001010110100100000000101010100000001110100010101010010000001110100000001111011010010100111100100111010000001010000001110000101001111011001011111
0010110101111110000100110101001001001000011000000000110000100100101000100100101001010000011111100001100111011010101011100001001000101100111100101101111001110101001010000011100001011100001011000010100111111100001010011000100100101010010101101010110101110111
1101100110000100000000100011010001110011000011110010011011100100001100010100110101000000001001111010000001000000001010000000011011000011010101001011100100011001111100000000001100001011110111111010000010000000101000100001001001001001101110011110001110010000
1010100100011010100000101010100001101000000001110010000111100011000011000010100100110010000011100001000101001000000001000000000010000010110101101010111001001100010000100011100100101001011011111010100010100100000000001011110000110000000111110000001111001010
0010000000011011100001001011000100010000001101111000001101010000001010011111101100100100101010000010100010010001110110100001000100001110000001100111001000010110100001100111110001110000110100101110000010110100000010011011101000000101101001110010010110100111
0011111100000000100000010100001101010100011010000010101111110110000100101011001001000110000001101011101011011101110011110000100110001111010001000100101001100110100111110010110100010110001100000001011011100100011100110011101001000100010001100000000011111001
0111000000011000000100010011000100010101000001110010110110000000001001111000100000010000001100000010100001011001101001000000001101100000100000000001000000010010101010010100010101000011100010101100100011100010000010111000101001001011100000001000001000011011
1111101100000010100000110001000001001110001101000010011111110010000101111011000100100010100011100011101010011100110000110000100011000110010101100000101000100101001000110111111000010100001001010101000010110100001100010011110000000000010101010000011110111011
0011011100111010100001111001001001011001001110000000000101100100100110001001001000100000001111110100101110010100101000010001000100001100010001100111111001110100101010010011000111111101001010000000001000101100010110011000101000110010110101101000000000100001
0000111001000001100101010110110100010010000111101000101000110111000000100010001111100010100101101011001000011111011001110100010111011001001000000100100101100011101111100001001000000101001100101001011001100000101100000010000000000000101010100000010011011000
0011001000001001000000110111000000010101010101110000000100000100001110001010101010010100001011100111100111010011100000000001100110010001001000101001010100010010111100000010010110011001100010101010001010110010000010110000101000011110001101101010001010110000
0110111000000001100100100000100101000000001001011000011100010111100001010011001110110000000000100110001100001100010101110100010111011101110001100000101101100100000001000001111000100001001010000001010010000000101110000011010000110101011010010000010011010000
0110100000011011100100100000000100011000001001010000000000100100100011111001001101000000001000100010001100001100100001100100001101001100110001100010001001110001000001010001001011111000001000100101101010110100001010011010100001110011110000010000000100111001
0110100000011001000100100001000001001000001001011000001101110100001000010011001101110000001011010011000100000100100011100100000001101110110101100010011001010110010001100001101011110010001011100101000000100100001100011010001001000000110010010010010110101001
0011101100000000100100011101001100010110001000001010100011110010000111011011000001000100001010110110101011011101010110110000100100111111001001100001001100100011000111110100010110010110000100110000000011110010001100110011011001000101100010000000000010111000
0011001100000000000000010111001100010110010000101010110101100010101000111011001101000110000111000111100001011001111110110000100100011011001000101001101100000010001110010010000100010100100010011000000001010110000100010001001001001010010010001010001010110000
0000111000000001100000001100100100001000011000001000000000100111000011100011001010100100001000111011001110000111010100110000110100011100101101000010111001100110000110000001100001100101001101100101011000100000101100100011110001010101010000000000000111100001
0010011101011000000100000010111101010000001001111000000001010100000011101011001000100010101111100011001010010100111010000100100101001111110000100010100001110110000100110001100001110000001100100101011000100000000110010010000000010100000000000000010010100001
0000100001000001100100101000100100000101001000001000000000100010000011010011000011110000001000011010101110000100010010000100010100101101100001000001010101100110000100010001110001100100001001110100100010100010101000000010110000010101110000000000000011100000
0010101000011000000000010110000101000100010001110000000010000000001000010000101000100100000101101110100100010001101000100000000101001001011000000000110100010110011100000011000100001000100000100011010011100000000010000000100000000001100000000010000000000001
1010100100111010000100010000000001001100010000000000000010000000001010000000100000000100000100101100100111010000001000000100001001000000010100000000110000010101011010000100110111000101100001100111110010101000100010001000110000111001100100001010001000000001
