0001111100100110111000000000001000100001100010001010100011110011000001101100000001000110010010000001001001001001000011110001010000100010010001000111000000101001000101110000000100110110100000011010000001001110100000000000010011100010010010111000101000010001
0100100110011000100111100001010100000001001000000000011100110100101000110010101111111011110101100111010100001101001111010110011100101100100001110011111010010111001111000001100001111111101010100010001001010101001010011010100110001000111001011111110000111101
1011011010100011011100100100100000111010000011001011101000000011100101001111010100110101011011010010011000011101110101101111100010000110101101111111001001101000100001110101000000100100000011011000000101101000011100000110011111110001000110101100000111100100
0100010010111011100101000100110100000110010010000101101000110111001010100111111000100000101010000100011110101101000100110110101100111100101000100101011111110110100111001000100010101101011101000010101101101011001000001010100110110101011000000110100011100100
0100000100011100001010001000010110000001100010010101000011000100011010010010111000100100001000100000000001000100000000000000100001001001000000000000000011011110100000000000101101000000111001001011001000100011000110011110001000001000000100000010000111001001
1010011000101010110010011000100011101100100000000101011011110001100100000100110100110110000011100101001111110000100100111011100010010010010101101110111011101101110100100110101100101110001011010011110100101100000100000001110110101000011100111000111001010011
1010100011011010011000111110111000000110010010100001110000110101001000000000111001100000110101011000110100110011101110001011000011011010001100001000010001011101111000100011101001001100001101001111001110110011101100101000100010000001000100100110110111010000
0010001111011111001000111100110100001100110010000101001010101101011000000010111100110000011110110000110110011010101100110000100110111000001001110100111011011110101010000111111011001101011101101011001110100010001110101011100111001101000000000110000011000001
0000000100011110010100101001110100100101010001001001001000000000101110010000101000010000011110000011100100100010000101100001001011100000100100100100010010010110110000000000001011100000100011011010100100000010100110001100101111011100000000000111101110000110
1110001110111010010100101010101000101100000100000101000010100001111100000000100110011000000110110000001101111010101100100110101010110000110100010001011011010100011000001001101111001010001011010010000010101110011110001100110000101001000101001111011101000011
1110110000110111000010111000000010001110110000000000001110101011100000100000100010011001011010011001101100111110000100100000001000110000100101011101011001100100011000000100110010001100011011110110100110101101001000101101110111101000101101001011100101000110
1000010000111110011000001000110010001000100010010000000000001101011110000000111000100100001100000000110111100000001000100000100001001000110100000100010001011100100000000100110001001000011101101111011100101001010010001001100101100111000100100010100101000001
1111100011100111100000110011011011111111001110110010110000100010001101111000100101000011000011001011010001111010101010010000101010100000010101111011100110000001011000110010000000011001100110011000100100011011011000110000011110111010010111011001001100011000
1010100100111010010011000010111011000100000100111000100101000101111110100000101001101011001100000101000100101011101010101001110001010001110100101100011001010101110000001011101100101001101111111011110001111000001110001100000000000111111111111011101001010110
0010000001011000111000011011001001000000000010110101100100010100011000000010111110001110110100110100110111110001001001101011101101011011010000000100001010011101011101000011110101010010101100000011011101010101000110011001100000000111010100110010001111010101
0100111110111110100000111000000100101100010100000100000011010000001110000000101011100100100110111101110110010000001010100000010101101010000000010000010011110111001010000011110011010101011101100111011010101100011010101001100100100110110001000110010001001001
0011111000000001011000011001000101111100001000001111000001000000110011011001010101101000001100010010100010110000110001001011000111001110010000000100101000101010100111010111010001110100000000101001010110100001001010110101001011000111110001100000000100110001
1110000101011110100111010011011001000001010000100001011000100101011000000100101010110110111101100001110111010011001100101000100000000000000100101001010000010100011100000010000001001000101011011010110111001001000010001100101100001000011100001111111101001110
1100011111111110011101010000111000001001000110000101111010110101011000100010111010111000100111001001010101111110101000101000100000011000111100000000010001110100001000101000101001001100011101000110101010101000000110101110100000100000000100001110110111001111
1010001010111010101010110000000000100110010000000010100011100000011110100100100000000011010001110101111111011101000000011010111010000011010101111011110000011101010000000111100100011110101001010110000011001111010000101100110001000100010101111111001001001000
0111010000111000010010010011001110111000101001101110110010000000101100101000011000010011000110000001100011011011111000000010101110101000000000001001001010010010001110011010000011010010100010011010010001011100000010111000001101111110010001101010001100101011
0011101100011110011010110011001000110011101111110011110001111100011100111010111100000010001101001011100001011001001000001000101110001111000000000101000110011001111000101011100101010010110100001010001011010010010010111000001001011010000110011010101110101000
0011110000111010011000100011000110111101100011010001110110001000101100101000011111010010001110000001000101001000101001001111001110101000100000000101011000011010111001000100010011111010100010001110100001011111111010011101101001101010000001101010000100110001
0011100011000001011001010011011100010000000010110010000010110100001011011110011111100111110001110010110000110011101010100011100101001001001000101001001110011011001100010011010000011010110100001001011111010000001000010000001000000011000001100110001000110100
0001000011100101001010000100110100110001110011001101101110010111011010100000110010001110101100000101000000000011001000110010011110101000000000111011000100001011100110000010000010100111110100001010111011001011100000100000000000010000000010111110010000011001
1100000111000101101100000110010000100111110111101001101100111110011010100110111110001010110011001001000010001101010101000110011010100111001100010111000110001010110111100000000011100111111101100110101011001011010000000110000000110000010110001110011101101000
1010100010011011010101101110101000000000010001100100001010000001111010000000111101010100110111100100010100110000101101110011101001110010101100100110111110011101111011100000101110101110100011011010100110100011000110001101101101000001000110100110001011010111
0110001010011111011101101110110001010101010011100101001010000101011010010000111000010100010110110100010100100110101101110010001001110001111100111010111101011101111010001000001110101010100011001011100110100011001110001111101101100001000100000110100011001110
0011011110111010001110001000101100101100000011011111000111001001100111001000010100000000011000000000001001101001110101000111010110111010110000110110001011111101100001110101110011110010001000111111110111111100001110001101010111101011100110111100101101010001
0010011000110111110110011101001010101001000101000000000001111011000100000010101110100011101101000000000001110001101010110001000011001000001101101110010010100110101110101000100001111100011011001011010101001000001000011001101000110011011001000011110101000011
1001100100111010011110101101001010101010110001000010110001001011101100001100100101011110000001010000000101100000000011001011011010110010101100100111011000011101111001101000100111101110100011011010100001011010101000001001111111101011101100101010101101010010
0100000111011001001010011010011110010001001010110101100100001100101010010100101011101000010110101111110000110110001110001010000110111101000000001001000100010011011100010110011111001011100100000000101000010001101010110111101001000010001000011011101000110101
1000111011100011010101110110101001000010010101111101110010010001110001100100100011001000110111101101010000111010001110111111001000110001011100000100100101011001111000100010001110000000101100001011101110011111100110100000010000101000000111110100011011010110
0011110011011000111001000010111101010000100001110010100001110101000010101111001000000001111101110110001000000000001100111011010101011110010001101010101011111010101010000010001110111010001100001001011000100000000110101010101001000001110001110000000011000101
1010001000100010010111110111000011000011010101111000000111011010100010100100100001100011100011010101000000010000100010011011001000110011011100100110111100001100110000110010111110110000101001010010100000001110010100010000010000100010100111111011011010000110
1001100000000001010011110111000010010010010101100000110000000010111100000100101011010001110001011100010100010011000010111001001001100001001101001101010100000001110100100111011000001101100011011010000010010110111000110100001100000011000111101011111100010110
0000110010111010010101000011110100011101010101000100110010100101101100000000101111011111011100101100000111010010001000101111001111001000111000010000010010010111011000000000000101001101100010001010110010001011100010001000101100111111000001101011011101000111
0100010110111010010101001000110100001001000001000000000010000101111010100000101110111111101110010000000111000010010001000100010000001000100100000000011001010110000011000000100001101111001011000010110010001101100010001101100001111110000001001011010101001011
1100010110110110010110001000100000101000000001001000011010011011010000000000101100110111101100110000001101000000010001000100010001001010100100000000011001100110000011100100110001100110001011010011110010001101100010001101110000111101000001001111010101001011
1011001100110010010100110011010010101111000000110100110110000101001100000000101110010111000101000000100101110011101001101111101010000000100100001101011000001010111101001000000001001001110011011011000100001010001100001000001110001000001110111010101111000010
0010100100011100010000000011011010010111100001100101000110000100001000100010111010110011010111101011110101010111101101001111100011000001100000011101011000011010111100001100000001001000110110101010001000010000001000111010101111001000001101110010001111100010
1100100010000001100110101001001001100111101000001001010000111010010011010011000011110000101011111011001000100100000111011100000010011100110101010011100101100101001001111001100000110101001011110100100100100101001000010011010000010000001111010001010110111010
0001011001010001011000111111101100110010011010101010010001010101100110001011011010100001000110001110101000110001001100010111001100111100001000010100000111111010101110010001111010010000001100001001001100100110110110010011000110001011000011100100010010100100
0001011100011001010001010111001100010000101010111010100000001100101010111000001010010011000100000111100010111011001000000111001100111100101000000100000000011010101110010001011011010010100010001101011101000010010110010000001110000110100001100011010010100001
0001001000100000010001000111001100010000110000111010100000001010101101111000000010010011000100000011100010101011011000100101001100110001001000000100000100001010100110010101011011010010100010001101011101001010110110010000001110000110100011101001111110000000
1001001000000100100000001011010000110011010001111010001011000110001110011010101000100001001001001010010000001101010000100000011010000011000100001111000100000010110101101001010000001000110111101111000111100010110100110111011101010001000110010011100111101000
0101101111000100100001111011000111010011001001100010001011100100001011011011001001100100011001101110010000000111001000010000000100001111010001001011100100010010011100111011000100011111110100100100001010100010000000110011101101010001111000010101101010101110
0101100111001100000001111011010111010011001100100110001010110100001011011111000011000000111101101110010000001111001000010000000100000101010000001011100100010010001000010011000100001111110100100000001000000010100010110011001100010001001000011000011000101010
