1111000000000000010100100000000111011111101001001011000011101010010101011001000001111100010000100010011001100100110011001000110011000111110101101010101001100001100001111000001000100100000010011101100000100001001000010100011101000011000010010000101100111110
0101110101110010000111010100101110101101111100001011100101011011100011101101000011000110100101111101101010011001111010000101101100111110001000000000000010100010001010110000111111010110001100110000111001011110001010100000010010100110000001001001010000000011
0101100101010100000010010100101110111101111100001111100111010000110011111101000011000110100101111111101011011100111010110100101111101100011000000000100011100010001010110010001111010110000100100000111001010110111010110110010000100010000001001001010000101001
1010100111011010111011011010111001000000000111110000000010111101001000000010111110111100101101100100010100110110101100110010100001000101010101111011111101011100011000100010001100101000001101001010111000000000000010001111101000010001010100110111011001001101
1011000010000000100101000100110001010110011001101111101001100011100011111101010000001010000001000011011000111010110100011011001001110111101101101110101101001000110000111010001110101110000101111000110100000010000000000100011110110000111010110100101100110110
0101010100100000100100001001000110110001001000111010100001100000001010101000001000010110001100001100100000000001011001011100100100101011100000000001100110010010000101010000010100010011110010011111010001001110100010110001001001010011000011011011000000100011
0001000000011100100101000011010100010001000101111101110000010100001000101110111010111010100110011001010000101011001000001110010100100001100001010111000110011010100100101000000011100001100100101010001101001011110010111100001100011010011011011110011100000110
0101010010000001001000001101000100010010011011001110110101000010000000101111000000100111011000011100010001000101010001111010000110001111101000000011100110100110000111110000100000110100100100010010010101000100101000110011001111011111000010001111000000101100
1000010110100000010111000100101001000110010001001000110001001011100100100000101000111011010100100001011100100001001101110011010001000011101100000100111000000100100110000001111000100000001011111111010101101000100010000100010111000111100110101111100001000110
0001010000010001000100000001001110001000001000001010100101010010000010101010001100100011011000011000010001000000010001001111100111001110101000010100000000100110000111110000100011110101011001101011010011010100100000111001001101011011000011100010000100100111
1010011110100001100010000101001001100010011000000000010101100110000110001110001110100101011000100100000100000101000001110111110011001001101101010010111111101100010111000101110000111100001001000011011101101100110100010000110101010011000011100011000011001100
0001011100000001100010001101001110100010011000000010000101100010011110001111001000100101001000001100011100000001000001110101110100001111101001010111111110100110100111010100100000111101101001010010010101000110111000110001100101010011001001101011100000100100
1101000000100101000001001100000010010011011010011010101001001010001111111001100001000111000010010111011100100101010110010000011000100111001100011101010110001000110100010110010010111000110001110100100101001010110000110001010111100100101010011001101100100000
0010111010001001010100000101000111101100011001001000000101011100010110101010001100100101011100100100011001000101101001011100100111001110111000100010101011100110001111101000100000110100001000100111011001110100001000011000100101011011000001100011100101101101
1110110000001111110101000000000010000110110000000000000110110110001010000000101111011001111001010100000110000110100011010100001001100001100101100111111110000100011100000000100010111101111011100110110010101111001000001000100100101011110101011011110101001110
0001010000000001000110001101000110010010011000001010111000001010100000101010001000110011011000000000010000000011010001111111100101001111101000100101101110101010000101110101010000110100110010010110010001010100101000010101001101011011101011101011000100100110
0001011101100000000001001011001111010000000101111010110011000000110011001000000000101101010110101000010001000011011000011001110100000001010000011111100000100010100110110010000111110001110100011000010000001000101010110001001110111110001011101000101000000111
1100100100100100010011001000010010000000100001010000111000000010011100000000100001111101011000000000010101100101110110100000110000000010000101101111011010000110110100100010010001101000110011010010100000001000001000100100100110000101001010001011101100000111
1000100000000000110010010110100011100111010000100010100011100011111101010100100001001111001001001100100001110000000111110001001011100011001101001100110101000001111001001010010110011111101001110010100000001111110000100101110101101011101111111001101001010000
1000010000101010100101000100100011001011100001011000100101010001100110100000100100000011000000000001001001001001000000001101011001100000111101000010011011110100000001001000110110100011001001110110110001011100110010001000010100111010101110111010111101010000
1110000110001110010101101011011011000001000111110101011100100100001010000000101010110100111011000001010100101110100100100100000000000001100100101011011110010100010100100000100010101000101011110010100100101100001000001010110100111000011110011111111001001110
1110000100011111010101101000011010000000001101010100001100110100101010010010101111110000111011000101010100101100101110111100010000101100000101100011011010010100011000000001100000101001111011100010100100100110001010001010100110111001010100011010011001011111
1100110011000000110011111010010011011111010000000100001000100110101110000000101111010000000011001100110100011110000110011010001001110000011101011001110100000001011100000111011010001101100111001110010010110001101000101010101101001001000100011111100101111010
0001100010000001011101101010110100010111010100111110011000101111011011011100000111010100101111010111000000000110111110000111001001110001100000001110001101001001110000100000000010100001100010001001110010010010000000000010011000011000010111110100111100010010
0100011011111010100000000100011100001000000001010101111000001101001000100010101010010100010100001000110111001111000000101110111110101000101001010000011011010111011000000000100101001000001100001011011001101010101010001100100000111101000000000110010101001101
0000011101111011011100101000100000101001000011000001111000110101011000100010101000000000101111001001000101000001101101001011000010011010100100000111010001111110101001100000101001101101001101000110101000101010100100101010100001111000000100111010100111000001
1010001110000110000110100100110000000011010001100000000000011111001010000000101110010101110111110000000100110000101101100001000001000001101100101110111011001000111011100000001000101110101011111111000110000001001100000110110000010001100111100111111011000100
1000111010001110000111100110100001000011010001000000000011011101011010000000101010000101101101110000000100100000101001111100010001101001111100100010111011010100011001000001101110111110001011101011000100001001001100001000100100010000100101000111100111001100
0000001110011100001000000010111000100111100010100101001011100101001110000010111001000010000100111100000100011001001011101100100110001011000000010000010101011110111111000001111100001011111100001011001111100011111110101000101001000000000100010010000011011000
1110011000011110010000100000101011101101010001000000000011110001100110000000100001010000001101100000001001000000101001001000000011000010110100100010110011100100101011100001101111100110001011110111010010101101011100101000110001011011100100000000000101000011
1110010010111110001101100010110001001100110111110101010001010101001000000000111110001000101101000000010101100000101000100100101001011010110100100010011011110100111001100001101001101000001101001111101110101000001110001101100010111001000110010110110101000001
0010110000011000010111000100101100000000010001000000100001011101001000100100101100001011100001000001000110010001100001100101000101101011101000100110011111011111100101100000111111111010001001101111011011010110011100011000101100000111000001100010010011010000
0110000110011000101111101011011010000000100111110000000010111100011110010010101110011100101101100010000100000100101000100000010001100101000000110011011100010110010011101001000111101011100011100110000000100010000010011111001000010001111110010111111000101001
1000100100111011110001001111001010000010110011100111100001110010111000000000110001001100001101000100010001100001101010110011111000110010000101101011111100000100011111110010100100101101100001110010100101001111000000111001010001110011010110111010101100000110
1000011101111010000110110100011000001001110110000000000010111101100010000000111111001001111111000001011001110000101011100101101010101000011100001110011011111101001011100010100111001100001101100010001110111001001010001100110110101010011100101010010101010101
1100110010110111100011000100110000001001110101000000101100101111000100100110001110111011010000100101101110000010110100110000001001101000101101110010111001100110100010000010101000101100011011101011110001001010010100001110110100111100110001000111010011011111
1110000111100111001111101000100000001110100010111001001100111011000001000000100110001000101010000001001000101100100101100000001000110010100100100010011101100000010001101001100010100001011101010010100000101110000000001111010000101000001110011101111101011000
0101001111000100011010101010110100010000001010111111111011001110010001011011010010001100001110000010001001101100011101100010100100111111000000000000000101101010000011010000001001010010011100100001001110100001000110000111000000001000001010000100000010101000
1101001011000000111100101011000001010010101010111111000011111010010001011011010000100000101101100110011000101101001001111010001001000111010101001000100100101000011001110011001100010000010100110101001101100111000110010010010000001011100110010100011010101000
1010000001100010111001110010100000000101000111110011001101110001001010100100100000101010110111000001011000111000101110001011000000010010000101100111011001011100110000101011101001100001111101111110100100001000000110101111010110100000111100111010101101010100
1000010010110011101011000100100000001011010111001000000100011011110010100000011100101011100000000001101110000000010100001011001001101000001101100110010001101100100010101010101011110101001101000111111010001101010000001000110000110110000100100101010101000000
0110000110011000100101100000000100000001101001010101110101110100101000110011101100100010100111000111001100101100001100010100011100101110100001100011011010010111001110111001100001111011101101000010101101000110001010011010100000001000100001011111011100111111
1010000100111111010111111100101010001000100000001000110100000001100001100000100000111001000110000001111101111000000100000101100000010000111100000100010011000101110010100101111001010000111011011010100000011101100100001101110100101010000111101000111101010111
0110011011011111100000100001010100011001100011000101011100101100001000000010011110110100010000101000100111000111010000100100110111001000100000011000011010010110000110000011000001001101110010001011001001010001001010011110101110000100010000000110110110111111
0010010010100001101100000100110000000110010001000101111000110111001000100110111000100000011000000000101100101101100100111010110000011010101100100011010101101110100110000001100000101101001101000010001111011010000100001110100001110101010000000110100011001000
1100000011000111101010100100110000111010010001000000111000001110011100110010101100011111011000000001010100001111000101100000111010100110001101101011011111000101010000001011000000101000101111001010100001000011000000101110101101111101011100011111101101111000
0001000011000001001001111011010100110111101110100011001001101110110111111111010010101010001011011011101000011110010100010011110100010101000000011001000100101010001000010111000010011101000100000000001000100011110100110010010001010000001011111100001110100000
1010110010111011111000111111110000101000010010100101111000010001111000100000111001011000101011001000100011111000000111001011100010110010001101001101010000001101110001100111010011001100100101011010000000101000101100101101100000001001011100101110101111000000
0010011010011011101000111100110000101100010010000100001000100101111100000000111100110000010011100100100111111010000100111011100010011000010101111100111001111110101010000111111001001101011011001111000110101001001100101001100100100100000000100110000011000011
1010000010100011001110000000100001001000000011000101001001011001100011100000110100001010100001100100011001110000101101111011100001010010010100100110111000001101110011100010100100100111101101110011110010001101010010100001110001110001001110101100101001010001
0010010000111011000000010100000001001001000001000000000100000000001010000000101001100110000011101101100110010000000000110000000001101000011101000000110001110111001110000110110110001100001001100111110000001010000000001001101000100000100000000010000001010001
