1011010100100000000001000001001111010000101101011010100111001010100111101001010100001111010100100110011000100000111010011011000001100111110000111110101111101001100110111010010110110010010100011101110010011000011010010000011101110111110011110000100000110111
0101101111010001011011101000011110010100001010101010100001110110011010011011011011000001110110010010001000101101111010101000001100101100000000001011001100100010000110010011001011010101010100100000001100110011100110010011001010000000100010001001100010101101
0001110000000101000011010111000110111100111101001010010001001000000111011111001001100001001110001110110010011000011000110101000100101100001000010100000010101011101010010010010010010000010000001101111001110110110010110000001111101110111001100001100100110000
1100011001111110100000010000010010000101000000000101001000110001101010100100111000000011010001000000110111011011000001001000100001000010000101101110010000010100010100001110110101001011111101010011010001111100000000101100110100111110010100001010101101000000
0000000001011011010101110011011100000001000100110000110110010100111000100010101011011011110110000001100110011010001010101111011100111000000000000101010010010111101010001001101011010001101010101110001010000110100010011001101010001110101001101011010010010111
0001000000010010100101011010100100011000101101111010000001011101000011011011000001000001101001000010111000010100000110000011100100011100000001000100000011101001100000110100011111010000010100001000101010110000010010000011011100100001001011110001110000110100
1100010011000001001101010110110011100111110111100101011100011101000010000110011010100110101101101101100100110110101100111100000101001101011000011000110111001000011110000010000010001100011100001011111110000000110000000010101010110000001000000010110011001001
0101010000010101101100001100100100110000101011000111011101010101000101001011010110100100101100100100001000110101011001111110000111001100101001010100100011111010101011011101000000010100011100100101011100010000110010000010000000000001100000000100010000101000
0111000010000100001011100100010001010111111011000101011100001110000001011011000010110010110000100010100000110110100000000000000001000100001100111010111011000000010010011111010000100100010011110101000100000000000000000111011000010000110011000101010100101100
0111010001111010100011010000101110111100111100000111100111111001110111101101000010000110100111101101101010011011101000111101100100011100010001011000100001100000001010010010001110010110001100100000111011001111010100110000110100100010010000001000010000110001
1111011100100010000010010100101110111100111010001111100111111011110111101101010110000010110111101001111010011011111001001100001010110000001000010100000001100000001011110000000110010110010000110001111011101111111110000000010100100010101010001000010000000011
1111010100100001000110010110101011011110111010101111101100001011100111101101010110001010000100101001111001011000111001111110101010110001011000010100100101001000011011010000010110000110000000110001111011001100110000000000010101101010101110001000001000011000
0000111011000001001100000100110100100110110010011101101000010111011010100110011011001010100010001101001000001001000111111110011101111011001000010000000101101111100111000100111110000011001100001011001001000011101100100110100000000100111000100110010011011100
1000010110111010110101010000110001001001000000010000111000110101000000100010101111011101111000010001111101110111000110000101001000000000010101000001010011110101000010100000100001000001001001000110110110011100100010001010110110101000001101111111010101000111
1011000111000000001101000100111000011100011111001111111011010011100001111001010000000010100001000011001000011011110110001011001000110111101100101010001110101001100000110010000010100100000101011000100001100010000000000000011010111000101010101100011000010010
0101011100111111000100001001001110011000001000011010110011000000010000101010011000000011011000010000111111101001000001101000100101101110100000100000001001110110000011111100110111110011010010001011010101011110100010111001101101111111001001000010000000101101
0001011100010010100100000001001010001000001000001010110001000010010010101100001000100011011000011000110001101000010001000111110101001010100100010000000000100110000011110000100001110111011001011111010101010101101000111001001101111111010011000011000100100111
0111010111100001101011010011011110010010000000100000000000110110111010100000001010000101111001010000010000110010000000100000001101100000000001001010001110000010011100000010000011001100100100101011111100101011000000010000001000100011110000011011111100000110
0101000111000001111010000001011011110000001010011010111000000010110001010101010000100001000010100110001000000010010000110000010010010111010101001011100010100000000110110011001000000000100101010000100100100001000100010000010011100001000010011001001000101011
0100000011001010101001010110010000000010001010000000000000110100001000000000111011000001100000000100101110010100000010010010001000101101001001011000010111011101011001000110010000011001001101000010001000000110110000001000100000100100000101010110000101011100
1100010000100001110111000000000010000010101000000000100100111110001010100000101100011001111001010100010101100100000011010100001001100111000101100011011100000100010101101000100110101101011001000010110000101110000000000000100100101011110100011011010101000110
0111101010000000001100100011010100010011001011100111100001000110011101111110000100001010010111000011010000011101101000001110000110101110100000110011001100000010001100110000000010100010100100100000001001010010001000010010001101111010110010011100001100101100
0111010100110100001101001001000110011100001000001111111111011000110000101001000000000110010100000000100010000101110001101100000100001110100000010101001000100110000110011000100101110110110000010100011001011100000010110101000001010111011000001000000000100011
1110000100000100010101101011011011000001000101110100001110100100101110010000101110010100101010100111010100100110101100110100000000100101110100101011111110000000010010000000000100101010110011110010100100100110001010010001101110110010110110011011011000111111
1100000100011011000101101000111011001000001001010000001000110101101010010111101110110001101011000100001100101100100110010100000000101100110100100011111001010101000000100000101110101000011111100010101100110110011010001010100110111001010101011011011001111011
0011011100111010101110001000101110101000101001011010110001011000110101001101001001101101001010000000001011100100010001101100110110011110101001110010001001110110000001110000111001110000001000000000101100011111011110011000100000110111001000111001010100101000
1000011000100011000111000101011010001000110101111000100010011001101100100100101000010011110100000100010100001001001001000101001000110000101100000100010110001100110101101000111110100010101011111111000001111010110110001000000100011010101110101010110011000010
1100001100000001101000100011011010100010100010110101111000101100001100010110111010010000001000101110000101000010000101000110110011000001100101001010010110001001011001001000001100101010110011001011000010010110110100010010101000011001010110010010001010110010
1101000000100100100011010111000111010010111000111010000001011010000001011001000001000001110100011100111000000000011011010000000100000111011000010101100100100001100000110000010100010011000010010000000000011100100000110000010100000000000011011001101000110110
1100110001100011110011111001010010011111000100000000000100101110101110000100101011111001001011010001110100111110000110001000100000110000001101011001011000000001010000000110011010001100100111101110100110111010101100001000111100101010000101011011000101011110
1010100110011010011100101000100001101000001001010000000101011001100010010001100110001101101101000100001100100100101101010011100011101110010100100011111011111100100011110000101111110101001001010000100100010111001010001001110000111001010111101101011000100001
1010010000111110110000001100001000101001011001011010010101000101000100001000101000001111010010010001101111100100110001000000000010101010001100100101011011111100100110001100110011110010011101100110110100001001001010101001100101101110110101101010100101001101
1110000010101011011000010110110001100000110011100101000100000101001110100100110000011110000101101101101101010000101101010110100011000000011100010001110101011101011011000100101100001101001101110110100000001010110010101000110001100000000100001110001001011000
0000111010111011001000000100000000101100010011000001001100011101001010000000101000001000100100000100101110011001101001000100001110101010011000000000010011111100001001000001100111011110011001100011011011001110100010101100100001100110100100000111000001000001
1100100110111110110000001011011001000100000000010101101000100100001110100010100001010010001010101101110101101011000010010000110000100001010101001001110110010101010100001110110110001011111011110110110101001111111010101101110101101100000101011111101001011010
1000011101110011100001010101001010101000110001000000110100110011101000100000101010011001101101011000000101101011001001110011101000100010001101000010010010101100001011100011100001010100101001011011000101101110010100111000110010111011000101101011010101000011
1000100011000000101010000011011011100000100000100000000010101100111010010000100101101111000001101100010000100010001110110001000001100001010101001011110100000000010100001010000110101011101101110010111010010001101000100001000001010010111110111011001000000000
1001000000011011000100111111101000000101010000100000100000000001001110000000101011010001011111101100010101010000001101000101101000100001111100011101010110010101111000100000000110001010100011111110100000010010110010001001101100010000100111101111111001000110
1000100101100011100011001011000000000011100111100000000000111010111010000000110001001111111001010100000000100001001010110001001000000010000101101011010100001010010110101010100110101101100001111110100111001111001000101101010100000010101110111010001000010110
0010100010011011000101110011011000000000110001100101000000111101011110100000101111011000110111000001010110111000101010000001001000101000001001110010011010010101101001101011100111101111101101101010100100100011001010011100101110100010111100000111111111010100
1100111010111111000110110000001000001001110000000101000001111101011010000000101111001000110111000001011100110000001010100100001000101000101100111110011011110101101010100000100111001111001101100010001110111011001000001100100110100010110100001110110101010101
0000001010010011100110100011010100100010000000110000100000101100011100010000101111011101001000010000000101100000000011101111111011100000101001100001011100011010110000000100011011100001100010101010000100100011011100011100001100011011010001111111111111001000
0010100010011010100010101011000000101000100000110101000001101100011100000000101101001100001000010000100101100000000010100011101111101000100001100001011000010111000000001100100111111001101011101010000110000011011010011101101111001111010101111111001100110010
1011101011000001011101100011001001010010101011111010000001111010010001011011010001100100101001100110001001100101101011010010100001000111110101101010101100101001010101110010001100110000000100110101001100100100001100110010010010001001000110010100011010111100
1011101011000000011101001011001001010010101011111011010011011000011001011011000001101000101101101110000000110101101010110000100101000111110000001011101100011001010000110011000100110010100100000100001001100010001110110010001011001001000110110100011010111100
1110001100011110001001011010011010000000100011110101000001000100001010000000111000000100010111000000010100100000101000001000010001101001000100011110011001011000111001000010001111101010111101101111001100110010000010101000101111010010110100010010001001001100
1000000100111110100111111010101010001100000100100001111010110001001000000100100011111000110111101001110111111010011110100101100000010000000100000101010000010101111010100001101001000111110011111110100010011100100110001101010110100010001101001011111001010111
0101011000110010010000000011000010010001001101111010110011000000101101101000100000010011011101001000000001011001011000001000000000000100000000011001000010000000000000111101010111010010100010010010100001011110110010111000011110101010100011111001011000110111
1010111110101010110000111100100001101100010001000000001000100001010000000000100001110001011011100100001101111000100111111011100010010010011101101010111001101101110011100111101100101110011011011011000100101001001100001011110000100001010100100010000011010011
0010111100011011111010111100110001101100010000000000001000100101011010000010111001011001011011100100100111110000100101111010100010011000010101101110111001111111101011000011101100001111011011101011000000101001001100001111100001100101011000100110000011010101
1001001001000001100000111111010111110111101000100001010000100110101111111111010010111001001011011011100000111010000000011111100110110001001001011100100100001001011000010011001010011101100010001100001000100110010100110000101010010010001101111000001110000000
0001101000010110101100100011000111111000001000111010010011001000010101011001000101110100001010000011001000000000010011101000100110000110110001000100001000100001000001110101011001110001010010111100000000110001111010010100011001000010100010110000101110110000
1100101010001110110100101100000000001011011001000000000000100001001010010000100011110101111010010010001100100100000011000100000000000000101101000011011010010100011001000001101001100101101011010010000110101101101100001001110000000011100101011101011111011110
