0101100000100000010001011001000110010000001100101000000000000000011000001000101011010001101010001000110010000010010010001100000100001100000000000001000000000011000000010000000000010000110010001010100000001100101000110001001100100110000001001010111000111110
1011000000100010000000100001000010000010100000000010000000000010111100000000100100011001000000000000010100011001000100011011000000010011100100111101010000001100110000100000111000011100100011011010100001001101110100110000010101110011001111101010001000000010
1011111000100000010011011000100001010010000000000010000001000011100011001101000001001101010001100110011000110011101000010011000001010011010101101110111100100001111010110010001000101100000011011001010101001010001100100101111111100011000101100101101000010110
0001111001000000001101010010010111010011101110111111000101011110100111011101010001001100110111101010011000010101011110010001000111000111010001001111100101101011100100111100010000000000000100000000011000100000101010000110011100000001001010110000011000110000
0101111001011101110010100001010111111001001000010010011101001100000100001011001011100100001110111011101000000110011010100100111110001100110000000000100011110010000110010101010001010000011100000001011000110000101110011110001001000000001001000001100110101011
0000100010001011111011111100110100000001000010000000001000010001110011010001010001110101110000010110101110000000000111011111010101011011011001000000001111111100001001000010011010000100000000100001000000000111101110000011100000000101111000100000000011000100
0101001011000101100000100011001110110011001000101101001110011010011011011011000110100000101010011010100010001110010100111100110111000101001001000001000100000010000110010111011010010000100100000000001000110101101100110110000010000100001011011101011010110010
1011011111110110001000010010111000011100100010101111110101110011010001101000010100000010000101010000111001111011111010000001100000000010000100111100000011101001101000110011010101010111000100011100101101001000010000101000011111100010000010011100101101010001
0011001100010000001000000001011110010100101000000111100000101100111000011010011000110110000100000010100110011101100000101011000101011101100000110101001100011110101110000101001001110110100010101011001001100010000110010010101111010111100001100010000010100001
1001100010000000010000010011000001110111101100101010000001100010000111111001000001100011000111011011001000110000001010010011000110000101000000001100100110001001111000010011000010010000110100111100111101010001111000110000011111110010100111111101101100100010
1100011111000001000111000010110000000111100000100101101000111101101000100100101010110110110001010001000100011011100101100101100001010001100100000010010111000110011101000100001000001100001011101011001011010110000100001100100010010000001101000111010011000110
1000010000111010000001010010111011001000000001110000110010000101101000100100101011010011010101001000010101001010001110101101100001010000010100001100010001011000111000000001001101001010111011001111111000001000100010001101101100100011001100100010110101010111
0011010111000000101011000100111101111001001111011010111110011111010001101011011111001000101000100010101001000110010100001011101101101100011001000100101001101010100110000110011111110110001100001001111001000000111110000110001010101101011000100101010011101001
0001111101000000101000010010011111110000101100110000000010110100100011011011010010101110110001111110001000100101001100110011110111011101010001100010100101011001100100110010001100110010000100100001011100010000000110100010001000010000010000110000010010100001
0010000100011010001101101010100010000010000000111010100111111100001010011001101100000100011011000010000001101000001011100001001000101110100100100111011110011110100001101000101111110000101101101100000100100011000100001011001001001011101010110011101100101000
1011011000000100111100001001000010100000101010001111111101110010110001001101010001100100100011100010001000001001110111100011100010010110100101101110111000101100100001110001101000110111010001010001000101110101010100010001010011000011011010110000000010010001
1100011100100101010100010111001011000110110001100000010000001010001100000000100011110101010101111100110100110011101000110100101001000001111100011101110110000001011100000001000000001100110011011011010100111100010000000100010111010011000111011011111000000110
0011000100011000010011010011011100010100000111110110000010000100001100001000111000010000010101001000110010010010101000000000000100001000100000011110000000011010111000010010000001001010100110000000001000000000010010110000001100010000010000000010011100000111
0001000101011000001011010010011100010000000111110000000110011100000100000000010110000001100101001000010000010010101010000000000000000000000000011010000000010010011000000110000000001000000100000000001000000000010010000000001100010000000010010000010000010001
1000110101101011100000100100111011111011100100000000000100001101111110000000111100010011000000111101000100000010000100010001010011110000011101011100110001011101110010000110011010001100011111101011111000001001111100101000111101110100101101100010100001000011
0111100100000000100010010010100111010111001000111010000011111000110011111001000001101011010000011111111010010100100011010000000101001111010000000100100101110001000000010010000110110001000100100100111011000101000010110100010100110110111101011001101100110110
0001000000011011110100000001000100111000001000011101000100000000001100001000001010010000000000010000100110000010010011000100000110001000101001000100000000110110000000010100110001010000000010001000000010010100101010011000101000010100000001000010010100010011
0110010011100111101101010100110000001011111100000100101000111111000010100111001110001110110101100101001110011111101100110100001100111100001001000010110101100110001010000011100010001100011101000010111001001110000000001110110000100000011000000100010001101100
0111001111000101101010011011011101010011100011110111001000001100001011011011011000100010011111100110110000110011101001010000000110001101000000011010100101001010001110000011001000011000010100001101001100010000000110010111001010011000110010010100000010101100
0001110000100001100100000111011101010010110000100000110110101010111010101000011001110111010101100100010101000011001011010001100001000001101000011110111110001011111111001000000000001101100010011011010011011000111000010000101101000011000001110110101000010110
1110110000100011110101000100100011001010010000000000000000100011110011000100000001111101010000100000001110000000100111111100100001010010111101110010111001100101010001000001101100101101001011110111110001101100011100000000110001100011011101100000000001010110
1011010100100101100101000111001010000010110000100000100110101100011110100000111000110111011101000100010100000001001001010001100001100011101001111111111110011010111111000000000100001001110010011010010011011010011000110000101111001011000101111010101000010110
0011011101000000110000110101001111111100010000000010110100000010110001101100010100111001000000010000100011011011010000011011001100111000011001001000100000101010000010011111011001000100000010011001010001011001010100010001111100101111001001100000000110000011
1010110000101001110001000100100011101100010000000000000110100011110110000100001001111101000000100100001110100001100010111011110001011000011101101110111001100101000110000010101100111110001011110111110011111100010000000000110001100111011001100010000001000011
1101000100101110100001000010000011010010101101111010110101011000000101101001100100100111000101101101001001000101011000110000010001000111010100001011101110110001000100111000000100100011110011010000110000001000110010100000010110111010010111011001111000111011
0101000001011100100010100111000110010001101101111010111010001000101001011011000100010101011000000010010011101010010100001000111110001100111001111011001010010011000000010010000101110000110000100100100100010100000010011011001010011101101001001000001100110011
1111000100100110100001010010100011111001100101111011110010001001000111111011000010010111101101101111001001000110011100010100100000000100010101001101100111000000010000111010010110000010110010011000110101001110010010000010011110111010011111011000111001001011
0100110111001110011111000100111101011000011001011101000110011101000001000001001110000000110100101110011000000110011100000100001100101100111000000000100001110001000010110000110101100011011100000001001000000000101010000110010000110100000010000101110001111111
0001001010000001100100001100010100110000011001000010111001001110010101011011000000000011000000010110011001001101010110110010100110111101101001010001000101101011100110011101010110000101010110000100001001000010110100000011001111011001000001100101100010110000
1010100110001010000100100100111001000101010001010000000011011101101000000100101001000101010011100101010101100000100111000000001011110010110100110010111001010101010001100000101110111010001101110111000100010100001100001110110111001000110110100111001011000001
0111100011000101001110100000111101010111111010001111011000111011010001110111010000101010110000100110011001001111110101010000110010010111110100101010101101100000000111110001001100100101010100010001000011100001000100000110010011010100011010010100000111101110
1000100011011000001000010110110000010111010101100000000010110101001010011011101010000101111101101110010000010100101100001011001011000101001000001111010101011000111001101010001110011000001100101100001010100011010100100010101100010001110101110010011011101000
0011100100010000000010000001000110111100001001000010100011100000011101011001011011010101001000000010000011000001100011001101000110001100100000111111011000001010101011010000000001111110110010101000111011100101011010011000101001100111111001101000000000100011
1100011000111110100000010000010010000101000010000101101010100101111000000100111001000011010001111000011101011001000001001000100001010010010101001001110000000100010101001110110101001111111101010011010001011100000000101100110101011110000100001010101101000001
0101111101111110000010111011001110011000001000011000110000000000111000001000000000000100011100001000110001000011001000100000011100001010000000010001000000010010001111011111010001000000100100110010001101111101100010111101000101011111101000001011101100100111
0001000000000000010101011010100100011000100101111111001110010101000111011111000011010100101001001010011000010010001110001111100100111100010001001100000011001001100000110110001111000010000010001001100010010010110110000011011110100001001010110000110010100010
0011000110011110111100110010101100100000001000111101001011110001010001101011000110101010100110010001101011011100101111001110100110011110100001000101001001110111101001111100110101110011010010100100100001000100001010001110100000101000111000011100010100110001
0110011111111111001111010001011010001100100010010101100100111100011000100000111000000100110000000000000111011011100001100000101000001010000101100001011010010110000101100100111001000000111101100110100101101111000000001000100000100111000000011111100100011101
0001010000000001101100000100000101110000101011000111001001000100000101001011010010000001101100100110001000100101011001111110000111001101110001010100100111111010101011010101000000010100000110000101011000000000110010000010001000110001101000110000010000101001
0101000000001101011010001101000101010010011000011011001001001010010011011011001000101100001000100110001000100100010000110000000101101101001000000001100101110110000100010000100110010000010100100000011100100111000010010111001010000101100001000101100000101000
0101000010000101010010001100000101010001011000111111001001000010010011011001000000100100001010100110001000100100010100111010001001100111011001001001100100100000000100011010000110010000000000110000110100100111000000010111011010001101000010011101101000101010
1100010001100011100100111110100011101011011000010100000010110011110001000000000000110101100011100100001000010110000001011010001010100011010101011000110111100000010001110010000110011100000011110000110010001111000000000001010000101010100111111000011001001010
0010110000011011010000110001000100101101000000010000010100010100111000100000101111101111111100001001100111010000000110100101100110011000000000000100011000010110101000001111110001010000101000001110011001001101101010011100101100001110000001100011110101010011
1010111010000001110000010100100000100111010000000000000001110011000010100111000011101011110000110100101110010001000101111110101011010001001101000000111101100100000111000101111000010101001011110101010001000110100100000110110010000001000001000101010011001000
1110011011101011001000010110100001000110111010010101001001000101000010000010111000000000011000110100001100010100000010110000101001100101010100011000110111111100010000000110110110011000001101100111011110011011001100101110110011101011100101010110000001000100
1000000100011000000101010100001001000000010100010000000010010000001000000000101010010001100100010100110110010010001000010100000000000000011100100000010000010100011010000100110000001111101011010000000000010100010010000000100000010100000101000010010001000111
0011011001111011100011011000101111010000111010000111101101101001110111001101010010001100000111101100111010011011101000011111100100111001010001010110100000110000001010010011000110011111010100010000001001101111010100000101110101110011011000111000000000010001
1010000011000000001001010010111001100011000111110000000110110111011110000100111100100100100001101100000101110100101000010010000001000001010101111010111111001000010000100010001100001000101101101011110000000000010000100000010010010011000110110111011101001000
1010000110001010011000010010111001100011000111110000000101110100011110000100111110100001101101101100000100010100101000011100100011001101010101011110110111011100111000000010100100011000001101000011111100000000010010101000100110110011010110110111010001001000
1111100110000100000100001011011001110100011101111010101010000000000101011011110110010100001101111110000001010111101010100100100010000101110000001011100110000001011010110000000100001010110010011000100000110000011010010011011010011001000110001100111000111011
0100011110011110110111100100110000001001000000010000111110000101001100100010101001011011000110011101110110101010000010000100001100111000001100000000010001110110000110000100111011000111001011101111000110011011100110101100101100111100110000000111110011001111
0001011010100000001111010100100100110100010011101110111011010011100001001101010001100000100011001111001001010011111110011011001000110011001000011010000110101010100110110000000000000100000100011000000011111010011100100000011000001000001010101100011000010011
0000111010111010000110000001001010001000000000011010110001000000000000101100001000101011011100011000110011101001001001100100110101001010110000010000000001110110000011000100110101110010011001001011010101011100101010111001001111111111000001000011000001001111
0010101001010011010111111110111100011000010101101000101000010111101000010110101011010101101011001011000000011010111110100111001000110000001100101111010000001011110000100110001001001000100110101110101000110010001100001111001100100000001011101011111111010110
0001010000100000000001001101000110011010001000011111100000000010100010101000001000011000011000010100010100100011000000001011011100111010101001110111001100000110000100010000000010110001100010111010010111101011101000110101001111111111101011111010000100100110
0011011100100100100101001001001011000000101010001111111111101010100010001100011000101100011000101100110000100001010001110001000101111111110001010100101000101110100111110100110100110110011001010011010101001100001000110101001101010011001010110010100000100111
1010001111111100000001010100000000000100011100000000110000110100001000100000101011000011100000010001101111111101100010000000000000001101001101110000010111011101011000000110111101011100001101000011011101011110010000001001100010001010000101000111010001101100
0001011000011101000100001001000111111000101001011011110101001000110110101001011000000000001100001000010000101001111001000001001101101110110000010110001000111110101100111001100111110000010000010101010111000111011010110101001101010011101010110000100000100001
0100000100000000110111000101000010001010001000000001110000111110101000100100101110011110100001010000010100101111000001101100101001100100001001100111011100000111010000101000101010101101101011100010010011001110000000011100100010100011010001011010011100100110
1000000001001001001100010100010000100000000111000101000000000110000000000000100110010000100001001000001100010010100000010100000000000000001101011010010000100100010010100110110000001101001101000000000000000000010000100000110000010000000100000000010001010001
0011010000100001001001000101000101110111111000001011100001001010010111101011000000100110001000100100001000000101110100111011100001010111111100100111101100101110100110110000000010110100000011110000110011001001010000010111011001010101000011101100100000101000
1000100001000101101001110010010010010010100010110001110010101110011010010000101001010000000010011010000100000111000011101000111001100101000101001101010100001001010101000110011010011001111111001010001010110010100100110111101011001101010110010010001111101100
1100000010001010010101101001011011000001001001110000001010110100001010010110101010010101101011010001010100100110101100010000000000100101110100100011110000010101010000101000100110101010111011110110100100110101000010001011100110110000100111011011111000101111
1010111000100011101010110110110010100110100000100101100001111011011010100010110001001000100011011000100110011001000011001011001010100011001101001100010101001001010001101110111010001001011101011110000011001010000100100100110000101110010100111010001111010000
1100100100011010010101101000111010000100001101010000001010010101001010000111101111011101101111010001001101101110101110000100010000101100110100000011010001110101010000100000101110101010011111100010100110101101101010001011110010110000111111011011110001111011
1000011000001110010100000110111010000000110100111101101000010101101110100100101000011000110100101100010000011001001000111101001010110001001100000100010100010100110110101000111110000010111011101011000001111010110110001100000100011011101110100010110011000010
0001000000000100100011010111000111010011111000111011101000100010100001111101000001101010010010011111110011111001010110010001000100000111001001010101100100000010100000011110010100010001110000110100100001010100100010110101001101000100011000001000101000100110
1010000001010011110011111100010010011101100100000001010100100111101010000000101110110101001011000001100110111010000010001001100000100000001101001000011010000001010000000110011011001101111111000010101110100010010100001100111010101110000001101010010100010010
1010100010111010011100001010100001101001001001011000100110011001100010000001100111001101101101000100001100100000101101010011100011100010110100100010111010111100101001101000101110110010001101010010100100011111001010001001110010110011010111111101011001010001
1010110100111111010100101100000000101001011001001010100001001100010000101000101000001111010110010001101111000100110001000000001010111010101100100111011011111100100110101000100011110111011011101010110000011001000010001001100101111110110101001111100101001111
0000100101011010000011110001110010000100010101000100010010110100101100110100101001100010110011110001110111011010100110101011000000010010010100110011010000010101010010100011100101101100101101010010100011000001000010111000100100111110011101101010101000000111
1101011111100110110011111010111001011011000000110010001010100111010001011011000010011001001111101110001000011010001100010100010000000000010101001100100001101000111010011111010000001111010010011100100010101001110010100111011100100000011111010101101011011011
1110000011011111010111110110110000001111010111100101001100110101011000110010111100100001111101010100110110011100101110010010001101101010001000100000010100010101101000101011100000000100111101100110110010010011000000001110100100100001110100010111111101010000
0000101000011010100010010101000010100000010001000000111011001000001100000010101001100111000001001001110101010101000011101000010010001010001101000101010000011111100010100011100000001100111011111010000000010001111100111110101101010000111100100011100011000001
0100111010011011011010111100010100001000010001001000001000000101011000000010001011110001110110011000100110011111011101000110000100011100001000000001000011110110001111001101111001000100001110100110001011101000100110101010000001010100101000000111110111101101
0011100001000000001010010111011100011001111001000001000010001100111010111011001001001010010110000111011000001110001110011011001100101110001000001001000010100011001110011011000010011101000100100100101001010110000000110100101001100010101000101101000000110101
1000000100011010000010100011010000000000000001110000111011011100001100100110101001000001010111101000010001111001001110100000100010001110100100000001010000010100010101101001101001001001011101000010001111100001101110101110000101001000000110011011100011100001
1001000100000000000010000011010011010111000000110010010000000010101000111100100000110011000000100100010100100011001000011011000000010001010101011101110100001000111110000011000100001010100011011010010101000000000000010001101110000010100111111010101000000010
1001000100100000000000000001000011010011000000010010000000000010111000101100100000110011000000100100000100000011000000011011000000010001000100001001110100000000010100010001000100001010100001111010000011001100000010010000011010000011101101101011101000000010
1001000100111011100010000011000011010010010100100000100000100101111010101100101010110011000101100100110110001001001100111111100000010001010001011101110100011000111000001011001100001100110010001010100101001011000110011001101100100010000101111010111000000010
1110010010101111011000010110110001100001110011000101000100001101001110100000110000101110000111101101101101111000101001010000100010000011011100000000110011011101011011001100101100001100011101110110100101011001010010101000110011100000000100001110001001011000
1001000000001111000010011111111001010010110100100011110001100101011110001100111010110011000111100101110010010001001100111101100100010001011000011100100100011000111000001011001100001100110010001110101101101011000110001101101100000010000101111110111011000010
1100000000111110000010100001000011001001001000000000010010000000110001000101100000001100001010100001001001101100000000100000101001100100010100000000100001110000010000010000100101010010011000000000110110001101000000011100010000100010001100001001001101100001
0110111011111111011000100110010000101101010011000100101100011101011010100010111001001010100110000101100110011001101001010100000110101010001000000000010001010100011011000101100010001110011100100111001001011110000110101100100001100100100100000111000011011001
0101011011111111000001011110111111011101110111100111111001001101011100101010111000000100001111101101110000011011001000111010001100001001011000010100100101011000111010000001010101001000110100101111001001101010110110101100001101100000100110000010110011001111
0001000101000101010001010111000111010010111001100010010100001010111001011001000011111101011100100010100000010011100110110001100101000001001000001101100100000010011110011111000000001101110010001001010000000100000000110000001100000011000011100000001100100110
1100000010101110000010100000100011001000001010000001010010001001100001010001000000101001000000100000001001100100010100010000100001001100010100000000100011100000000010011001101001000010001000000000110100000101000000001110010010101001000000001101000001100001
1000010110110011000000000100110000001001000000000101010000000011100000100000100010111110000100000001001111100010010000000111000001010000001100000000010011100100000010001000100001000100001011010011110001001101000010001001110110101110101101101011100101000011
1100010010100101000000000000100001000011001000000101010000000011000001000001000000101010000000100100001000100100010100010000100001001101010100000000100011100000000010001001101000000000001001110101110100001100000000000111010010101011000100000101100001001011
0000001000000100101001110010010001010001000011110000001101000100001100000010111001100101011010010011110100100100000010001010110000000001001001010100010111011010110100001111011100001000111100101111001100110000000100100010101100000000011100110010000111001100
0000011010011011100100101101000100001000000000001000110000000101101010100000101010110001000010000001100111001011010000100111100100011000101001010001010010111110100100001101111001000100101010101010000001101110000100011001101000101110000001101111010111000011
1001100000011011000100001011000010010010010101100000000000000000101010001000101011010101111101000000000100100011001001101111100011000000101100011111010000011001111100100000000111011011100011011110000110101001100000011001001100000011000111111010011100010110
0010000010011011000100011101000110001100011001001110000101110000111010011101001000000110110110010001111110000101100101101011001100111110001000010001011000110110000101111000110111110100001001100110110100000111000000011011100101010110110000101011000100110101
0111000010010101110011101000110100011000101100000111001101101100010011011011011010000100011111100010011000100100000100001000010101101100000001101110001001110010101000010010001011111100010110001101111110110001000100001110101100000100101000010101110110101111
1001100000000111001011101000110010000111100001011010000011000011011110101110111001010001011110010101100100101100011010010000011000110011100100010100011101001100110010000100110010100000110011111010000110100011111110100111011111101100100111110010001011001100
0000111011011011000001111100110100001101110100000101001100001101011110000010101111101100001100101000110111110111000100101111100101011100001000010001010000110111101110001110110001001101001101000011001100111001110110101011100110001101001001100110100011110011
0101011100000100000111100001011101011111101000000000011010000110000001111011000000010011110110100111000101001010011001010000010000010100110000001010100010000000011110011001000000011101110010010001010100000101100110010111011000011000000011000101000110111110
1100101100011100101001010011001010000001001010111101011010010000011000110110101001100010100011111111010100011101001011001000000000000111000101001001110100010101010111101111110000010000111101010010000001010101110010110111100000010000101110011010001010111000
1100100010111010001010101010011001101000011010110010011011001101000101001011100000001000001110111000101101000101001100101000111100011110011000000001100011110100001001011000100001000001001100000100101000001000110010101011010001111000000110011101101101101001
1010000011000000001000111111011000100100010110100100000010100110101110000000101011101001001111101001000000110010101000101010000011100001001100001001010110000000011010100010001010001100101101000010101110100001011000110001000010000010000110101111111001000000
0010001011111010001101111011010100100100100111110101100101010100111100100000111110000010110111010001100001011001101010101110101110111000001000110001000000011011111000100100011011000000101100101010001010111011010110001001000000001010000000101110011100010000
0000011011000101001010010101100100100000011111001101111100010011110001100011011010101100101110101011101010010011010110100111100110011101001000010001100000101110100110010100110001000101010100000101011001100100110110000110000010000101001000000100010010100001
0001111110011010000000110110100001011100010011000010011011000001000101001111010000101001010111111110111001111001001100110111100111011000011000000100100001111000101010000011001101000110000010001001011001100001110110101110011101110001000000100100100011000001
1000000010000010010101100100100001000011001100000100111000111011000001010111100011110001100011010011001100011110000111010010000000110101011101000001010111000100010000110101101000001000001001010100100000010100100100000010010000101000101111011101011101101010
0001010100000000010000010111011111010000100101100001010110011100111001000000000111110101111101011010110000110010101011111101000101000001001000001010100100000010011111000110000000000110100110101011111100111000001010110100001100110011100000100011110010000111
0011010101110010000101011100101100011000100101100011000011011111101011001000000110001101111001010000011000110000110000101011000101101000101001111110001001101011100010111010010011011100000100101001111100101011011000001001100110100011000011101000110101010100
0001000011010000110001100001010100011101001001010010010010000110000001111011000010000111010000010011010001100110010000000010100101000100000001111011000010001010010000010110010101011111100100000000001100010000000000111110011011011010000011100101001100100111
0011010100011110110110001001001000001000100000011010000011101000110110101000101000100001001010010001000100101000100001101001001100101010101101100110011010111111100001001100110011110011111011111010110110111011000000011101101101111110100000111011100000000111
0011010100010110110101101001001000011000100000001011000001100011110010001000000000010000000010010001010100001000110101101001011001101010100101100111011010101110100000110111110011100111110011111110110000111001000000011101111101110110110010111110100100000111
0000100011001001100111011110011000000010100101100001110000111100011010110000101011111000111011010101010110001110100010010011010000110001000001111011010100010111111101000011000000101101101011001110100011100011001000010001101000100010111101111111011001110110
1000010010111111100111010011000000001000100001100101000101111101001010100000111111001100100111010101011000101000001010011100001000101000000101001011010000111101111010101011101110011100001101101110101110101111101000001100110010100010100111011110010001010111
0110000101000111111000010100001110011000101001000101001101111110100011001101010110101100101101101001011000010100101100100010100101001100001001101111101001101010101011011011000001011101011100100100111000000100000000100110110010110000101000001000010000100001
1010100100011110000000010001001001101101100000010000110000001000101100000000100001010110001000111000100111100001100000100001100010000001010100011100010110011100110000000110010101001000110011011010000101000110011010111000111111111111010101101010001000000011
1010110000001110100000010001001001101101100000010001000000001000011110100100101001010110001000111001100111110011000000101001101000000000010101011101110000011100110000001110110111001010110011111110110100001101111000111100101001111110000101101011001000000011
0101101111000000001100111010011100110000101010111111111011111110010001011011011001000100101111111010001001101100111011100010100110011111000000100011000101001011001101110000000101110010000100000001001110100000001110010010001010001001010010010100110010101000
1100000110011110000101111010111001010001000100110101011010000101011100010010101111110110010110100001110101011110001110100100000000010001110000011000110001010001011010000001011101001011001110001010101000010000100110001111101100000000001101000111111011011111
1100100110111110100100110010100000001100000100100101011110100001011000000000100011110010110111101001110111010010001110100100000010010000010101010000010011010101111010000111111001000011111011111010000000001001000110101101110100100000100100001110011111010011
0100110110011111010101100000111100001001001001000000011000011101001000100010001010101011100000101001010101101101100000100000100000001100101100010001010001101111000010001101110001001101011101000011000001010000110000101010100110010000001001000111010101111001
0101010110110011001110101000101100101000000111011110011011000001100111001000000100101001001100010000001000100000011100000110110110010000100000000000000011100011000011100101100001000001000010011000100110001001101010001001010110100001000010001101110001010011
1110000010000111111010100000010001100101100010000101001010100110011110000010110001110100001010100000100100100110000111000000000011000001010100011001111000001101110000000100010000001100110011111110100110000001101000000110111111100100100100011110001001111011
1011000000010010001010111010000101111101101000111111110011110010000001011111010000000000001011001010001001010000011001101001000010000110010101001001000010101000000000110111010001010010000000010000100100010100110000100011010011110000100011111100001100100001
1010011100011011010010111100110001001101010001000000001000100101000010000010001001111101011001100100000110110010100111010011100001001010011101101110111001111101111011100111101100101100011011101011000110100001001100001111110011100001011101100110000011001101
1110110010000010000000000100110011000111110011000011111011001011010100100100100001110010010001101100000101011000100000110000100010110011111100111010110101100100010010100001101000101100001011011111110101001001011100100001110111111000000100000001101111001000
0001100110010000101000100001010100111101101001000111110010000110100101111111000100111010000010011011001001101110010000001011100110011100001001011001000000001010000010010110010001011101000010001100110000100000110000110010111011111100001001100000000100110011
1010111101101111001001110111011011010000110111110101111000000100001100100110111011001010100111101101110001111011101010010110100000010001011000011100100100011001111010001011000100001000110100001010001101101001010010111000001100111010001100001010111001010010
0001101101000000111000110111010110110001101000000001110010100110101101111111010010111010001010011011100001101010000100000011110110010100001001011101000000001011011000010011000001011101100010001100101101100101110100110010011011111000001001101000001010110000
0000100100000000110000000101010110110011000001000100010000000110001100110110101101111011000010111011100100100010000011011010010010010001001101011001110100000111010111000011010000001101100011011110110110010100111000110000101011010110011001100010001100101000
1000010101101000111001011011011011010000000000110001110110001100001000000110101000100010011111101100010100010010001000111010000000100001010100001000110101010000011100000010000010001010001101001011111100001001000010100101101101101010011110010010100001011111
1110010000100111011110011010001011101010001111111011010001010010000110001011110100101011111101100100001000110100101011111010000011000110010100001111101001101001101011110010100000110100011101000110111100011101011000000111010010100010110110011000110001111000
1010010100101001001001010101010011001101010011000000000110000101000110100000011100111010000111100001110111111000101000111010100001101000011100111001110001101100001110000010110110001110001011001110110100101001010010011001111001101010000001101010000001000101
1000111100001000011100000010000011100000001011011000000111010001010100100111011111101010100100100100001001000001001011111111100011011111110100000000101101111101000111100001101100110001001001100011011011001100111110010010010000000010000111110010010011010001
0101100000011011000000010110111101011001011000000010001001000101000001011011000011000110000100111011101011010110010110100100101101001100011000000000000001110001101000010000010101000010001100000000101000010000101010101010010000100000000100000000001001111001
