716.000000 5.000000 0.071952 -0.334726
425.000000 6.000000 -0.206065 -0.339036
662.000000 7.000000 0.020895 -0.331957
663.000000 9.000000 0.021825 -0.329899
1094.000000 9.000000 0.466811 -0.360144
531.000000 32.000000 -0.102273 -0.307707
420.000000 37.000000 -0.209280 -0.306961
1130.000000 37.000000 0.507317 -0.333670
535.000000 40.000000 -0.098287 -0.299491
535.000000 42.000000 -0.098239 -0.297470
506.000000 46.000000 -0.125627 -0.294212
940.000000 48.000000 0.289951 -0.300779
516.000000 49.000000 -0.116043 -0.290899
534.000000 54.000000 -0.098904 -0.285428
534.000000 57.000000 -0.098836 -0.282427
322.000000 60.000000 -0.307297 -0.289511
54.000000 67.000000 -0.629307 -0.314217
406.000000 67.000000 -0.221546 -0.277056
406.000000 69.000000 -0.221445 -0.275034
1197.000000 70.000000 0.590048 -0.306473
61.000000 71.000000 -0.618881 -0.308465
615.000000 73.000000 -0.023016 -0.265486
1210.000000 78.000000 0.606605 -0.299379
1209.000000 96.000000 0.602515 -0.278826
165.000000 99.000000 -0.479750 -0.263147
34.000000 108.000000 -0.651213 -0.270329
1213.000000 113.000000 0.605608 -0.260338
32.000000 119.000000 -0.652490 -0.258153
761.000000 121.000000 0.111872 -0.220081
62.000000 123.000000 -0.609891 -0.249590
765.000000 123.000000 0.115567 -0.218237
319.000000 124.000000 -0.306155 -0.224633
59.000000 125.000000 -0.613763 -0.247763
406.000000 132.000000 -0.218675 -0.212645
656.000000 133.000000 0.014816 -0.207471
96.000000 145.000000 -0.561570 -0.221439
1207.000000 148.000000 0.592999 -0.221014
248.000000 157.000000 -0.379422 -0.195989
41.000000 159.000000 -0.634622 -0.212437
128.000000 162.000000 -0.518883 -0.200146
252.000000 163.000000 -0.374697 -0.189744
7.000000 168.000000 -0.682279 -0.206426
838.000000 169.000000 0.183238 -0.176016
1228.000000 172.000000 0.619117 -0.197247
1240.000000 181.000000 0.634933 -0.188721
176.000000 182.000000 -0.459120 -0.175601
1219.000000 187.000000 0.605200 -0.180131
1219.000000 190.000000 0.604914 -0.176913
302.000000 194.000000 -0.320224 -0.156754
1236.000000 194.000000 0.628027 -0.174224
95.000000 197.000000 -0.557885 -0.166309
1250.000000 197.000000 0.647476 -0.172317
1237.000000 199.000000 0.628953 -0.168922
1164.000000 207.000000 0.531192 -0.154413
1220.000000 210.000000 0.604503 -0.155646
37.000000 212.000000 -0.634896 -0.155271
1228.000000 216.000000 0.614979 -0.149917
267.000000 218.000000 -0.355851 -0.134931
1230.000000 218.000000 0.617577 -0.147947
143.000000 233.000000 -0.495241 -0.125984
606.000000 253.000000 -0.030591 -0.096115
367.000000 268.000000 -0.252887 -0.084661
795.000000 268.000000 0.141248 -0.083140
1097.000000 273.000000 0.447050 -0.084438
1010.000000 287.000000 0.351137 -0.068618
98.000000 288.000000 -0.548704 -0.072282
1240.000000 291.000000 0.627040 -0.071434
548.000000 293.000000 -0.083027 -0.059955
38.000000 302.000000 -0.628166 -0.059898
1198.000000 307.000000 0.569816 -0.053453
908.000000 308.000000 0.247873 -0.047440
1156.000000 309.000000 0.516344 -0.050369
908.000000 310.000000 0.247855 -0.045588
1033.000000 317.000000 0.375053 -0.040382
1156.000000 318.000000 0.516155 -0.041349
22.000000 320.000000 -0.650102 -0.041442
99.000000 320.000000 -0.546555 -0.039780
759.000000 336.000000 0.107800 -0.021088
35.000000 339.000000 -0.631499 -0.021271
32.000000 342.000000 -0.635651 -0.018168
35.000000 344.000000 -0.631446 -0.016047
39.000000 344.000000 -0.625893 -0.016011
164.000000 347.000000 -0.466945 -0.012110
33.000000 351.000000 -0.634184 -0.008746
59.000000 352.000000 -0.598538 -0.007585
1172.000000 352.000000 0.535729 -0.007397
1153.000000 355.000000 0.512068 -0.004334
1152.000000 360.000000 0.510835 0.000655
1224.000000 366.000000 0.603734 0.006864
870.000000 375.000000 0.211090 0.014394
1178.000000 380.000000 0.543411 0.020856
1218.000000 385.000000 0.595791 0.026427
1222.000000 385.000000 0.601188 0.026482
1257.000000 385.000000 0.649734 0.026987
1214.000000 389.000000 0.590483 0.030489
1225.000000 389.000000 0.605316 0.030665
1156.000000 390.000000 0.515965 0.030649
1221.000000 390.000000 0.599912 0.031634
109.000000 391.000000 -0.533759 0.031839
1213.000000 391.000000 0.589178 0.032531
1213.000000 393.000000 0.589213 0.034590
179.000000 394.000000 -0.449745 0.033844
309.000000 394.000000 -0.309855 0.032493
311.000000 394.000000 -0.307828 0.032477
601.000000 394.000000 -0.034994 0.031266
1227.000000 394.000000 0.608127 0.035881
1221.000000 396.000000 0.600021 0.037835
1223.000000 396.000000 0.602728 0.037874
273.000000 399.000000 -0.346961 0.037541
1213.000000 399.000000 0.589329 0.040766
1217.000000 399.000000 0.594691 0.040851
1167.000000 405.000000 0.529913 0.045898
1169.000000 405.000000 0.532424 0.045941
1190.000000 407.000000 0.559257 0.048442
1172.000000 421.000000 0.536611 0.062176
1128.000000 422.000000 0.482638 0.061961
1234.000000 423.000000 0.618516 0.066253
1137.000000 426.000000 0.493544 0.066184
301.000000 427.000000 -0.318406 0.063620
1128.000000 427.000000 0.482774 0.066924
1142.000000 429.000000 0.499686 0.069325
1015.000000 430.000000 0.356356 0.067147
1174.000000 431.000000 0.539461 0.072372
999.000000 434.000000 0.339658 0.070637
144.000000 445.000000 -0.492139 0.085051
1153.000000 445.000000 0.513705 0.085758
1162.000000 452.000000 0.525169 0.093200
1003.000000 456.000000 0.344339 0.091685
1136.000000 461.000000 0.493599 0.101148
1173.000000 471.000000 0.539957 0.113088
219.000000 478.000000 -0.406900 0.114779
283.000000 478.000000 -0.338194 0.112514
861.000000 483.000000 0.203642 0.113917
968.000000 486.000000 0.309026 0.119317
1131.000000 487.000000 0.488839 0.127072
1245.000000 489.000000 0.637500 0.136571
1198.000000 496.000000 0.573914 0.140515
1135.000000 498.000000 0.494307 0.138436
1150.000000 500.000000 0.512817 0.141405
26.000000 501.000000 -0.649842 0.149999
24.000000 502.000000 -0.652770 0.151246
1204.000000 515.000000 0.583346 0.160950
225.000000 516.000000 -0.401997 0.151873
983.000000 522.000000 0.325753 0.154453
981.000000 527.000000 0.323890 0.159218
1139.000000 531.000000 0.501436 0.172458
1133.000000 537.000000 0.494560 0.178182
855.000000 540.000000 0.199192 0.167312
1102.000000 550.000000 0.458441 0.189151
1156.000000 559.000000 0.524974 0.203081
1137.000000 572.000000 0.502495 0.214958
677.000000 615.000000 0.034252 0.235680
126.000000 626.000000 -0.528906 0.274576
1055.000000 636.000000 0.411616 0.274331
992.000000 638.000000 0.342189 0.270815
1057.000000 638.000000 0.414098 0.276647
1110.000000 640.000000 0.476777 0.284629
1111.000000 642.000000 0.478235 0.286923
965.000000 649.000000 0.314376 0.280102
1249.000000 651.000000 0.663118 0.317458
993.000000 652.000000 0.344414 0.285456
197.000000 653.000000 -0.445164 0.295314
1147.000000 655.000000 0.524876 0.305994
1013.000000 657.000000 0.366628 0.292489
1083.000000 657.000000 0.446416 0.299872
889.000000 659.000000 0.237231 0.285368
888.000000 661.000000 0.236345 0.287353
1024.000000 665.000000 0.379574 0.302048
1108.000000 667.000000 0.477755 0.313982
824.000000 668.000000 0.173781 0.291320
562.000000 685.000000 -0.072934 0.305310
148.000000 697.000000 -0.511062 0.350988
435.000000 698.000000 -0.195303 0.323039
561.000000 700.000000 -0.074157 0.320617
1051.000000 700.000000 0.414193 0.343197
147.000000 701.000000 -0.512965 0.355745
1055.000000 702.000000 0.419095 0.345932
1215.000000 704.000000 0.624294 0.374068
1235.000000 704.000000 0.652570 0.377860
980.000000 705.000000 0.335252 0.340710
1199.000000 705.000000 0.602248 0.372268
884.000000 706.000000 0.235104 0.333850
1160.000000 712.000000 0.550879 0.373474
869.000000 715.000000 0.220590 0.342405
946.000000 716.000000 0.299909 0.349418
1215.000000 716.000000 0.626588 0.388511
