1173.000000 8.000000 0.568151 -0.374454
1177.000000 11.000000 0.572982 -0.371626
1207.000000 13.000000 0.613681 -0.374810
556.000000 21.000000 -0.078854 -0.318361
389.000000 22.000000 -0.241151 -0.324427
704.000000 22.000000 0.060300 -0.317004
656.000000 24.000000 0.015171 -0.314488
551.000000 27.000000 -0.083456 -0.312333
1092.000000 46.000000 0.459218 -0.318273
362.000000 55.000000 -0.266359 -0.291861
514.000000 60.000000 -0.117639 -0.279922
540.000000 65.000000 -0.093022 -0.274329
539.000000 67.000000 -0.093919 -0.272365
1266.000000 68.000000 0.687965 -0.320166
539.000000 69.000000 -0.093878 -0.270383
93.000000 76.000000 -0.574459 -0.297810
1159.000000 77.000000 0.538579 -0.292948
100.000000 79.000000 -0.564705 -0.293407
422.000000 80.000000 -0.205213 -0.263223
613.000000 85.000000 -0.024810 -0.253733
1269.000000 92.000000 0.688424 -0.292590
165.000000 99.000000 -0.479750 -0.263147
1167.000000 101.000000 0.545720 -0.267481
482.000000 104.000000 -0.146706 -0.237388
1171.000000 107.000000 0.550154 -0.261409
1172.000000 113.000000 0.550701 -0.254967
74.000000 114.000000 -0.594684 -0.257987
1165.000000 115.000000 0.541375 -0.251927
1171.000000 116.000000 0.549028 -0.251570
72.000000 117.000000 -0.597003 -0.254926
38.000000 123.000000 -0.643405 -0.252815
72.000000 125.000000 -0.595963 -0.246080
95.000000 125.000000 -0.565192 -0.243218
338.000000 125.000000 -0.286624 -0.222588
379.000000 125.000000 -0.245475 -0.220591
97.000000 126.000000 -0.562440 -0.241888
97.000000 128.000000 -0.562201 -0.239713
101.000000 128.000000 -0.556961 -0.239240
99.000000 130.000000 -0.559342 -0.237306
343.000000 131.000000 -0.281237 -0.216395
423.000000 138.000000 -0.201987 -0.206223
80.000000 142.000000 -0.583103 -0.226491
1276.000000 156.000000 0.689649 -0.220498
511.000000 157.000000 -0.118329 -0.185862
278.000000 162.000000 -0.346873 -0.189231
274.000000 166.000000 -0.350897 -0.185495
75.000000 173.000000 -0.586452 -0.193573
1176.000000 185.000000 0.548273 -0.178313
1173.000000 189.000000 0.544070 -0.173859
1269.000000 189.000000 0.675634 -0.182977
1193.000000 191.000000 0.569918 -0.173477
328.000000 195.000000 -0.293607 -0.154762
1194.000000 195.000000 0.570889 -0.169337
1206.000000 195.000000 0.586854 -0.170386
1193.000000 197.000000 0.569400 -0.167142
1195.000000 200.000000 0.571785 -0.164147
81.000000 202.000000 -0.575819 -0.162205
78.000000 208.000000 -0.579305 -0.156127
290.000000 208.000000 -0.332094 -0.143695
79.000000 211.000000 -0.577742 -0.152891
53.000000 212.000000 -0.612709 -0.153925
297.000000 217.000000 -0.324492 -0.134749
751.000000 218.000000 0.101190 -0.128664
5.000000 242.000000 -0.678232 -0.125454
3.000000 245.000000 -0.680932 -0.122349
606.000000 249.000000 -0.030600 -0.099762
388.000000 261.000000 -0.232592 -0.090825
1158.000000 278.000000 0.519764 -0.081608
1160.000000 291.000000 0.521798 -0.068570
74.000000 292.000000 -0.579749 -0.069039
1161.000000 293.000000 0.522980 -0.066586
80.000000 294.000000 -0.571786 -0.066775
1033.000000 295.000000 0.375409 -0.061431
1035.000000 295.000000 0.377558 -0.061471
1149.000000 297.000000 0.508038 -0.062214
1154.000000 297.000000 0.514185 -0.062356
880.000000 299.000000 0.220915 -0.055490
1149.000000 300.000000 0.507956 -0.059211
1267.000000 304.000000 0.664797 -0.058700
139.000000 310.000000 -0.497143 -0.048995
39.000000 311.000000 -0.626503 -0.050451
753.000000 317.000000 0.102367 -0.038279
744.000000 323.000000 0.094145 -0.032822
108.000000 324.000000 -0.535089 -0.035577
78.000000 328.000000 -0.573549 -0.032020
77.000000 330.000000 -0.574830 -0.029991
82.000000 332.000000 -0.568259 -0.027875
77.000000 333.000000 -0.574785 -0.026924
1156.000000 338.000000 0.515865 -0.021335
76.000000 340.000000 -0.576014 -0.019780
101.000000 340.000000 -0.543722 -0.019531
296.000000 350.000000 -0.322977 -0.008756
1180.000000 352.000000 0.545873 -0.007427
1244.000000 358.000000 0.631243 -0.001426
1229.000000 365.000000 0.610537 0.005845
1252.000000 368.000000 0.642487 0.009062
1175.000000 369.000000 0.539526 0.009732
1177.000000 370.000000 0.542066 0.010751
1172.000000 373.000000 0.535756 0.013747
1180.000000 373.000000 0.545900 0.013798
1185.000000 373.000000 0.552297 0.013831
1114.000000 374.000000 0.465356 0.014394
1247.000000 374.000000 0.635495 0.015319
148.000000 375.000000 -0.485860 0.015476
1156.000000 375.000000 0.515810 0.015648
1169.000000 375.000000 0.531994 0.015740
1237.000000 375.000000 0.621587 0.016279
1241.000000 375.000000 0.627131 0.016313
146.000000 376.000000 -0.488256 0.016478
600.000000 376.000000 -0.035884 0.015042
1175.000000 376.000000 0.539568 0.016792
1168.000000 377.000000 0.530755 0.017743
1181.000000 377.000000 0.547206 0.017850
1176.000000 380.000000 0.540871 0.020836
1179.000000 380.000000 0.544683 0.020866
302.000000 382.000000 -0.316894 0.021283
1172.000000 382.000000 0.535832 0.022812
1153.000000 384.000000 0.512195 0.024614
1155.000000 386.000000 0.514680 0.026635
1125.000000 388.000000 0.478433 0.028269
1148.000000 389.000000 0.506127 0.029543
1160.000000 390.000000 0.520917 0.030704
1095.000000 407.000000 0.443759 0.046480
1099.000000 411.000000 0.448424 0.050466
1117.000000 423.000000 0.469634 0.062668
182.000000 424.000000 -0.446855 0.063137
1110.000000 425.000000 0.461484 0.064462
1102.000000 426.000000 0.452220 0.065242
17.000000 431.000000 -0.658251 0.075734
986.000000 440.000000 0.326311 0.076069
1095.000000 440.000000 0.444547 0.078797
1122.000000 441.000000 0.476068 0.080642
3.000000 455.000000 -0.679657 0.102097
837.000000 455.000000 0.180480 0.087616
943.000000 464.000000 0.283205 0.097813
1200.000000 466.000000 0.574651 0.109416
68.000000 473.000000 -0.589903 0.117278
1095.000000 474.000000 0.445794 0.112322
51.000000 476.000000 -0.613108 0.121494
69.000000 478.000000 -0.588875 0.122439
66.000000 480.000000 -0.593022 0.124724
260.000000 484.000000 -0.362621 0.119064
950.000000 494.000000 0.291015 0.126393
950.000000 498.000000 0.291138 0.130202
527.000000 524.000000 -0.102972 0.150333
530.000000 529.000000 -0.100270 0.154952
1115.000000 531.000000 0.472431 0.170696
20.000000 535.000000 -0.661598 0.187538
24.000000 535.000000 -0.655869 0.187122
10.000000 537.000000 -0.676253 0.190794
20.000000 538.000000 -0.661913 0.190832
1075.000000 556.000000 0.427596 0.193273
517.000000 580.000000 -0.113061 0.203187
673.000000 580.000000 0.030375 0.202177
1134.000000 582.000000 0.499769 0.225204
172.000000 586.000000 -0.467800 0.226725
171.000000 588.000000 -0.469180 0.228911
1239.000000 589.000000 0.639472 0.245091
215.000000 591.000000 -0.418221 0.228140
1238.000000 592.000000 0.638459 0.248314
218.000000 594.000000 -0.415066 0.230982
1154.000000 604.000000 0.527198 0.250874
935.000000 611.000000 0.280873 0.239533
25.000000 617.000000 -0.664862 0.278703
1045.000000 620.000000 0.398799 0.256604
1070.000000 631.000000 0.428343 0.270543
1019.000000 642.000000 0.371859 0.277257
208.000000 652.000000 -0.432159 0.292989
1131.000000 665.000000 0.506003 0.314907
1188.000000 667.000000 0.580602 0.325856
1174.000000 668.000000 0.562018 0.324751
1159.000000 669.000000 0.542441 0.323545
1196.000000 671.000000 0.592122 0.331796
1121.000000 675.000000 0.494905 0.324688
1010.000000 680.000000 0.365555 0.316708
1175.000000 681.000000 0.565462 0.339863
559.000000 683.000000 -0.075722 0.303339
950.000000 684.000000 0.301365 0.315500
1268.000000 685.000000 0.696679 0.361125
1234.000000 687.000000 0.647966 0.357293
1176.000000 691.000000 0.568488 0.351645
1177.000000 694.000000 0.570347 0.355322
840.000000 695.000000 0.190641 0.319748
750.000000 698.000000 0.103860 0.319327
1215.000000 704.000000 0.624294 0.374068
963.000000 706.000000 0.317057 0.340153
964.000000 708.000000 0.318315 0.342412
1034.000000 708.000000 0.395624 0.349982
1032.000000 709.000000 0.393464 0.350850
879.000000 710.000000 0.230325 0.337752
1035.000000 711.000000 0.397137 0.353445
1043.000000 711.000000 0.406331 0.354450
730.000000 713.000000 0.085219 0.334294
811.000000 716.000000 0.163267 0.340255
