902.000000 10.000000 0.253638 -0.338011
593.000000 12.000000 -0.044069 -0.327007
5.000000 21.000000 -0.707820 -0.377494
618.000000 22.000000 -0.020471 -0.316548
174.000000 27.000000 -0.477974 -0.341160
139.000000 32.000000 -0.521066 -0.340733
176.000000 32.000000 -0.474811 -0.335241
497.000000 34.000000 -0.134600 -0.306681
15.000000 36.000000 -0.690515 -0.357563
139.000000 36.000000 -0.520446 -0.336168
1135.000000 38.000000 0.513500 -0.333290
369.000000 41.000000 -0.260162 -0.305895
1209.000000 42.000000 0.611182 -0.340829
214.000000 48.000000 -0.427412 -0.312624
63.000000 51.000000 -0.619413 -0.331292
57.000000 53.000000 -0.627451 -0.329984
96.000000 56.000000 -0.573523 -0.320070
383.000000 62.000000 -0.244708 -0.283386
1136.000000 62.000000 0.511276 -0.306444
1173.000000 62.000000 0.559094 -0.311854
1134.000000 63.000000 0.508616 -0.305054
588.000000 64.000000 -0.048174 -0.274576
1138.000000 65.000000 0.513386 -0.303382
587.000000 66.000000 -0.049084 -0.272607
589.000000 66.000000 -0.047222 -0.272586
1166.000000 66.000000 0.549278 -0.306278
1205.000000 66.000000 0.601622 -0.312322
20.000000 80.000000 -0.675672 -0.304697
488.000000 82.000000 -0.141653 -0.258805
675.000000 86.000000 0.032525 -0.252813
584.000000 88.000000 -0.051641 -0.251025
1191.000000 94.000000 0.578365 -0.278487
1264.000000 98.000000 0.680173 -0.284858
165.000000 99.000000 -0.479750 -0.263147
399.000000 99.000000 -0.226903 -0.245342
1058.000000 101.000000 0.413362 -0.255408
419.000000 111.000000 -0.206840 -0.232655
1221.000000 114.000000 0.616524 -0.260323
897.000000 115.000000 0.242387 -0.230323
179.000000 121.000000 -0.460670 -0.238350
677.000000 122.000000 0.034142 -0.218049
575.000000 123.000000 -0.059603 -0.217305
75.000000 125.000000 -0.591897 -0.245698
182.000000 125.000000 -0.456740 -0.233871
1223.000000 136.000000 0.616383 -0.236115
638.000000 139.000000 -0.001680 -0.201755
1127.000000 147.000000 0.490281 -0.213733
188.000000 150.000000 -0.447518 -0.207417
158.000000 155.000000 -0.482656 -0.204771
525.000000 155.000000 -0.105372 -0.187524
157.000000 159.000000 -0.483518 -0.200704
1148.000000 159.000000 0.515081 -0.203103
1127.000000 160.000000 0.489113 -0.200170
160.000000 163.000000 -0.479569 -0.196309
179.000000 166.000000 -0.456777 -0.191708
180.000000 168.000000 -0.455452 -0.189586
184.000000 169.000000 -0.450704 -0.188266
1255.000000 174.000000 0.657004 -0.198000
403.000000 176.000000 -0.220094 -0.170406
165.000000 181.000000 -0.472187 -0.177413
474.000000 184.000000 -0.152347 -0.161094
1229.000000 194.000000 0.618291 -0.173559
1232.000000 195.000000 0.622358 -0.172765
49.000000 199.000000 -0.619345 -0.168174
390.000000 200.000000 -0.232008 -0.147989
244.000000 203.000000 -0.381194 -0.150597
550.000000 205.000000 -0.081760 -0.140467
350.000000 207.000000 -0.271120 -0.142524
548.000000 208.000000 -0.083564 -0.137709
1236.000000 209.000000 0.626658 -0.158074
813.000000 215.000000 0.158679 -0.132270
1136.000000 218.000000 0.495740 -0.141243
1230.000000 219.000000 0.617497 -0.146881
280.000000 220.000000 -0.342071 -0.132488
1133.000000 223.000000 0.491797 -0.135985
1221.000000 223.000000 0.604832 -0.141931
1130.000000 225.000000 0.488057 -0.133784
1133.000000 225.000000 0.491680 -0.133958
1147.000000 228.000000 0.508594 -0.131734
1158.000000 231.000000 0.522058 -0.129329
1149.000000 232.000000 0.510825 -0.127779
131.000000 236.000000 -0.509723 -0.123606
166.000000 241.000000 -0.467379 -0.116768
363.000000 252.000000 -0.257108 -0.099696
319.000000 268.000000 -0.300573 -0.085576
93.000000 271.000000 -0.555798 -0.089834
96.000000 272.000000 -0.551895 -0.088679
1232.000000 302.000000 0.615582 -0.059637
950.000000 307.000000 0.289327 -0.048811
165.000000 316.000000 -0.466122 -0.042556
1107.000000 321.000000 0.457454 -0.037544
1110.000000 322.000000 0.460928 -0.036608
867.000000 325.000000 0.208308 -0.031469
222.000000 331.000000 -0.401420 -0.027223
970.000000 331.000000 0.309259 -0.026530
128.000000 332.000000 -0.510149 -0.027263
155.000000 332.000000 -0.477655 -0.026943
164.000000 346.000000 -0.466950 -0.013092
749.000000 346.000000 0.098661 -0.012027
164.000000 350.000000 -0.466931 -0.009165
1221.000000 351.000000 0.599684 -0.008626
163.000000 355.000000 -0.468087 -0.004258
187.000000 357.000000 -0.440375 -0.002269
192.000000 357.000000 -0.434699 -0.002264
368.000000 364.000000 -0.251131 0.004332
1134.000000 371.000000 0.489026 0.011541
1211.000000 372.000000 0.586289 0.012980
1204.000000 381.000000 0.577092 0.022144
1202.000000 384.000000 0.574493 0.025190
1130.000000 385.000000 0.484348 0.025361
1257.000000 387.000000 0.649765 0.029094
227.000000 388.000000 -0.395947 0.027509
1126.000000 388.000000 0.479619 0.028280
1134.000000 388.000000 0.489168 0.028375
1185.000000 388.000000 0.552452 0.029037
1073.000000 389.000000 0.418642 0.028681
398.000000 390.000000 -0.222241 0.028211
400.000000 390.000000 -0.220326 0.028201
1124.000000 390.000000 0.477271 0.030230
1192.000000 390.000000 0.561516 0.031172
1130.000000 391.000000 0.484419 0.031295
1124.000000 392.000000 0.477297 0.032204
1136.000000 392.000000 0.491622 0.032366
1124.000000 394.000000 0.477324 0.034178
1103.000000 395.000000 0.452772 0.034871
1132.000000 395.000000 0.486865 0.035282
1231.000000 395.000000 0.613614 0.036996
1127.000000 397.000000 0.480930 0.037185
1082.000000 399.000000 0.428860 0.038482
1111.000000 400.000000 0.462131 0.039891
38.000000 402.000000 -0.627715 0.044487
1104.000000 403.000000 0.454049 0.042721
1090.000000 423.000000 0.438375 0.062010
59.000000 433.000000 -0.599979 0.076098
107.000000 435.000000 -0.537391 0.076327
27.000000 453.000000 -0.645115 0.098604
829.000000 459.000000 0.173013 0.091203
1153.000000 471.000000 0.514867 0.112041
155.000000 475.000000 -0.480231 0.114603
155.000000 477.000000 -0.480327 0.116608
1056.000000 477.000000 0.401954 0.113673
153.000000 478.000000 -0.482763 0.117710
808.000000 491.000000 0.153798 0.120472
927.000000 492.000000 0.267970 0.123842
1252.000000 505.000000 0.648698 0.154333
111.000000 528.000000 -0.537760 0.171561
1228.000000 535.000000 0.617803 0.184501
109.000000 536.000000 -0.540977 0.180092
296.000000 558.000000 -0.327972 0.189573
554.000000 565.000000 -0.078606 0.188417
275.000000 574.000000 -0.351025 0.206617
1191.000000 581.000000 0.572609 0.230285
1117.000000 582.000000 0.479033 0.223555
1037.000000 594.000000 0.387731 0.229128
914.000000 595.000000 0.258866 0.222570
5.000000 602.000000 -0.691714 0.264470
29.000000 604.000000 -0.657219 0.263312
116.000000 621.000000 -0.541096 0.270373
1079.000000 630.000000 0.438706 0.270409
30.000000 633.000000 -0.660139 0.296321
28.000000 634.000000 -0.663169 0.297791
241.000000 634.000000 -0.392685 0.270528
1226.000000 634.000000 0.627647 0.294078
851.000000 638.000000 0.198722 0.262306
32.000000 645.000000 -0.659200 0.309893
1188.000000 653.000000 0.578374 0.309837
1080.000000 656.000000 0.442754 0.298434
274.000000 661.000000 -0.358716 0.295906
1132.000000 661.000000 0.506700 0.310582
273.000000 663.000000 -0.359993 0.298113
832.000000 667.000000 0.181499 0.290648
753.000000 669.000000 0.105943 0.289961
1209.000000 669.000000 0.609653 0.331669
1222.000000 669.000000 0.627782 0.333899
592.000000 670.000000 -0.044595 0.289786
1134.000000 670.000000 0.510500 0.320940
1189.000000 670.000000 0.582445 0.329476
1015.000000 673.000000 0.370380 0.309701
1135.000000 673.000000 0.512203 0.324462
943.000000 678.000000 0.293566 0.308623
259.000000 681.000000 -0.377221 0.318731
7.000000 684.000000 -0.702142 0.360325
986.000000 684.000000 0.339716 0.318657
1004.000000 684.000000 0.359346 0.320406
111.000000 685.000000 -0.557015 0.343133
1171.000000 685.000000 0.560803 0.343825
807.000000 686.000000 0.158077 0.308961
297.000000 691.000000 -0.336549 0.325708
715.000000 692.000000 0.070578 0.312396
1125.000000 698.000000 0.503350 0.351361
882.000000 701.000000 0.232759 0.328444
990.000000 701.000000 0.345726 0.337371
690.000000 703.000000 0.047187 0.323256
991.000000 703.000000 0.347024 0.339649
1109.000000 703.000000 0.484112 0.354621
987.000000 704.000000 0.342759 0.340328
686.000000 705.000000 0.043442 0.325260
993.000000 705.000000 0.349421 0.342036
1237.000000 705.000000 0.655615 0.379449
1088.000000 708.000000 0.459120 0.357200
124.000000 711.000000 -0.544317 0.371211
1068.000000 713.000000 0.435851 0.360031
81.000000 716.000000 -0.602998 0.384980
