393.000000 9.000000 -0.237979 -0.337891
27.000000 10.000000 -0.677992 -0.386734
394.000000 11.000000 -0.236832 -0.335702
391.000000 12.000000 -0.239799 -0.334846
1236.000000 16.000000 0.654002 -0.376719
19.000000 20.000000 -0.687655 -0.376111
1249.000000 21.000000 0.671713 -0.373152
59.000000 25.000000 -0.629624 -0.362641
603.000000 37.000000 -0.034427 -0.301427
181.000000 45.000000 -0.466954 -0.320045
26.000000 46.000000 -0.672784 -0.343650
146.000000 46.000000 -0.510063 -0.323793
23.000000 47.000000 -0.676940 -0.342995
488.000000 47.000000 -0.142771 -0.293781
1103.000000 48.000000 0.472269 -0.317506
146.000000 49.000000 -0.509628 -0.320419
364.000000 49.000000 -0.264718 -0.297928
1175.000000 50.000000 0.563628 -0.325848
209.000000 54.000000 -0.432540 -0.306676
366.000000 54.000000 -0.262355 -0.292632
218.000000 60.000000 -0.421403 -0.299154
365.000000 61.000000 -0.262923 -0.285498
72.000000 62.000000 -0.605123 -0.317044
66.000000 63.000000 -0.613240 -0.316870
103.000000 67.000000 -0.562506 -0.306479
1140.000000 70.000000 0.515229 -0.298103
1103.000000 72.000000 0.469211 -0.291134
90.000000 73.000000 -0.578928 -0.301652
1105.000000 73.000000 0.471509 -0.290289
1136.000000 73.000000 0.509776 -0.294242
1171.000000 73.000000 0.554809 -0.299139
1133.000000 74.000000 0.505876 -0.292741
380.000000 75.000000 -0.246976 -0.270346
574.000000 78.000000 -0.061042 -0.260930
576.000000 78.000000 -0.059182 -0.260905
30.000000 90.000000 -0.659658 -0.291524
479.000000 95.000000 -0.149810 -0.246277
165.000000 98.000000 -0.479862 -0.264220
1231.000000 105.000000 0.631787 -0.271876
1026.000000 109.000000 0.376895 -0.244362
95.000000 115.000000 -0.566431 -0.254154
546.000000 118.000000 -0.086482 -0.222467
564.000000 120.000000 -0.069790 -0.220302
414.000000 122.000000 -0.211272 -0.222083
1200.000000 130.000000 0.585695 -0.239842
181.000000 132.000000 -0.457273 -0.226654
562.000000 133.000000 -0.071483 -0.207898
1207.000000 133.000000 0.594795 -0.237417
561.000000 135.000000 -0.072382 -0.206005
1156.000000 137.000000 0.527349 -0.227198
465.000000 143.000000 -0.161740 -0.200170
1197.000000 144.000000 0.579996 -0.224211
1261.000000 148.000000 0.668750 -0.227590
1093.000000 153.000000 0.449186 -0.204558
1200.000000 158.000000 0.582452 -0.209395
129.000000 162.000000 -0.517632 -0.200054
164.000000 164.000000 -0.474695 -0.194948
163.000000 166.000000 -0.475728 -0.192967
1096.000000 166.000000 0.451674 -0.191464
1101.000000 166.000000 0.457536 -0.191847
185.000000 174.000000 -0.449175 -0.183099
186.000000 176.000000 -0.447871 -0.180995
430.000000 180.000000 -0.194030 -0.165854
1194.000000 197.000000 0.570718 -0.167227
1195.000000 201.000000 0.571702 -0.163093
1254.000000 205.000000 0.652423 -0.164004
247.000000 209.000000 -0.377657 -0.144568
538.000000 209.000000 -0.092716 -0.136878
145.000000 211.000000 -0.494129 -0.148187
12.000000 214.000000 -0.670320 -0.155280
168.000000 215.000000 -0.466400 -0.142728
125.000000 216.000000 -0.518359 -0.144383
789.000000 220.000000 0.136236 -0.127267
1187.000000 222.000000 0.559612 -0.140496
1101.000000 224.000000 0.453772 -0.133189
1098.000000 226.000000 0.450184 -0.131035
949.000000 227.000000 0.289961 -0.124125
36.000000 229.000000 -0.634925 -0.137137
1114.000000 231.000000 0.468641 -0.126863
172.000000 245.000000 -0.460164 -0.112502
172.000000 247.000000 -0.460075 -0.110513
361.000000 255.000000 -0.259011 -0.096926
262.000000 265.000000 -0.359567 -0.089792
104.000000 271.000000 -0.541726 -0.089354
321.000000 272.000000 -0.298473 -0.081765
105.000000 274.000000 -0.540331 -0.086259
1006.000000 298.000000 0.346737 -0.058079
1192.000000 301.000000 0.562162 -0.059416
1196.000000 302.000000 0.567343 -0.058513
920.000000 307.000000 0.259609 -0.048486
955.000000 309.000000 0.294317 -0.046998
170.000000 315.000000 -0.460310 -0.043452
174.000000 317.000000 -0.455637 -0.041422
700.000000 319.000000 0.054243 -0.036350
1072.000000 321.000000 0.417637 -0.037048
1076.000000 321.000000 0.422109 -0.037101
1070.000000 324.000000 0.415370 -0.034120
840.000000 325.000000 0.182787 -0.031337
68.000000 326.000000 -0.586788 -0.034242
943.000000 330.000000 0.282136 -0.027287
161.000000 331.000000 -0.470593 -0.027859
227.000000 331.000000 -0.395951 -0.027177
137.000000 332.000000 -0.499193 -0.027153
1262.000000 333.000000 0.656890 -0.027844
734.000000 338.000000 0.085021 -0.019241
198.000000 341.000000 -0.427990 -0.017762
1203.000000 342.000000 0.575739 -0.017744
176.000000 349.000000 -0.452999 -0.010096
171.000000 350.000000 -0.458778 -0.009138
1274.000000 353.000000 0.673986 -0.006774
28.000000 354.000000 -0.641174 -0.005626
171.000000 355.000000 -0.458763 -0.004243
12.000000 359.000000 -0.663893 -0.000393
1099.000000 367.000000 0.447938 0.007480
1175.000000 370.000000 0.539530 0.010741
1160.000000 373.000000 0.520747 0.013673
1249.000000 376.000000 0.638319 0.017432
1167.000000 378.000000 0.529509 0.018740
1097.000000 380.000000 0.445710 0.020152
1166.000000 381.000000 0.528285 0.021745
1094.000000 382.000000 0.442292 0.022078
1097.000000 382.000000 0.445725 0.022103
1090.000000 383.000000 0.437740 0.023019
1099.000000 383.000000 0.448030 0.023096
236.000000 385.000000 -0.386147 0.024558
1093.000000 385.000000 0.441176 0.024993
1100.000000 385.000000 0.449198 0.025059
1104.000000 385.000000 0.453812 0.025097
1153.000000 385.000000 0.512206 0.025613
232.000000 386.000000 -0.390489 0.025548
234.000000 386.000000 -0.388320 0.025531
397.000000 386.000000 -0.223180 0.024536
1090.000000 386.000000 0.437767 0.025938
1156.000000 386.000000 0.515914 0.026647
1162.000000 386.000000 0.523350 0.026719
1159.000000 387.000000 0.519637 0.027685
1095.000000 388.000000 0.443491 0.027937
1096.000000 391.000000 0.444670 0.030874
1099.000000 391.000000 0.448112 0.030909
1162.000000 391.000000 0.523417 0.031735
1194.000000 392.000000 0.564145 0.033240
1092.000000 393.000000 0.440122 0.032776
1095.000000 393.000000 0.443549 0.032813
1077.000000 396.000000 0.423197 0.035504
50.000000 400.000000 -0.611160 0.042125
265.000000 427.000000 -0.355768 0.064255
70.000000 429.000000 -0.585096 0.071537
117.000000 431.000000 -0.524711 0.071938
1056.000000 436.000000 0.400646 0.073826
1023.000000 440.000000 0.365054 0.076878
385.000000 442.000000 -0.235238 0.076351
804.000000 453.000000 0.149610 0.085410
241.000000 462.000000 -0.382259 0.098439
973.000000 468.000000 0.313623 0.102327
148.000000 470.000000 -0.488368 0.109919
75.000000 471.000000 -0.580465 0.114778
163.000000 471.000000 -0.470563 0.110232
15.000000 472.000000 -0.663368 0.119623
8.000000 478.000000 -0.673887 0.126573
899.000000 484.000000 0.240269 0.115622
3.000000 489.000000 -0.681986 0.138872
1201.000000 490.000000 0.577463 0.134453
1221.000000 495.000000 0.604703 0.141146
554.000000 510.000000 -0.078065 0.137081
106.000000 511.000000 -0.542814 0.154258
123.000000 518.000000 -0.521858 0.160254
107.000000 521.000000 -0.542299 0.164583
1224.000000 521.000000 0.610959 0.169066
8.000000 528.000000 -0.678223 0.181079
118.000000 528.000000 -0.528898 0.170998
1026.000000 532.000000 0.371731 0.166247
1196.000000 537.000000 0.574639 0.183562
1195.000000 539.000000 0.573501 0.185595
545.000000 553.000000 -0.086750 0.177224
13.000000 558.000000 -0.674264 0.213742
1060.000000 560.000000 0.410885 0.196265
294.000000 566.000000 -0.330489 0.197570
1255.000000 579.000000 0.660998 0.236001
1005.000000 581.000000 0.352019 0.213728
1098.000000 581.000000 0.456277 0.220775
12.000000 583.000000 -0.678862 0.241899
557.000000 583.000000 -0.076055 0.205438
1267.000000 588.000000 0.679599 0.247745
41.000000 594.000000 -0.638777 0.250383
1128.000000 595.000000 0.493712 0.238358
126.000000 609.000000 -0.526810 0.256052
959.000000 610.000000 0.305451 0.239945
1189.000000 616.000000 0.574341 0.268425
122.000000 617.000000 -0.532881 0.265237
1202.000000 619.000000 0.592270 0.273559
42.000000 621.000000 -0.641202 0.280724
1238.000000 622.000000 0.642746 0.282213
262.000000 623.000000 -0.368529 0.257266
1264.000000 625.000000 0.680643 0.289662
45.000000 626.000000 -0.637717 0.285969
962.000000 627.000000 0.309667 0.257330
1194.000000 627.000000 0.582578 0.281379
1260.000000 633.000000 0.676084 0.298299
43.000000 634.000000 -0.641774 0.295430
1063.000000 634.000000 0.420574 0.273013
1050.000000 641.000000 0.406421 0.279127
1155.000000 641.000000 0.533184 0.291519
1230.000000 642.000000 0.634540 0.303890
1100.000000 647.000000 0.465519 0.291031
808.000000 651.000000 0.157713 0.273600
733.000000 652.000000 0.086746 0.272558
1158.000000 652.000000 0.538606 0.304210
160.000000 653.000000 -0.489763 0.299844
1047.000000 653.000000 0.404229 0.291579
1156.000000 655.000000 0.536451 0.307285
1189.000000 655.000000 0.580033 0.312271
1105.000000 656.000000 0.472673 0.301470
1102.000000 659.000000 0.469413 0.304382
1101.000000 661.000000 0.468456 0.306452
1273.000000 664.000000 0.700268 0.336897
263.000000 666.000000 -0.371268 0.302247
785.000000 668.000000 0.136300 0.289874
975.000000 668.000000 0.326478 0.300709
1138.000000 669.000000 0.515422 0.320397
1273.000000 670.000000 0.701316 0.344046
19.000000 671.000000 -0.682369 0.342654
299.000000 674.000000 -0.332846 0.307406
697.000000 674.000000 0.053390 0.293918
968.000000 675.000000 0.319622 0.307492
1037.000000 678.000000 0.395550 0.317401
1093.000000 683.000000 0.461666 0.329752
672.000000 685.000000 0.030102 0.304743
880.000000 685.000000 0.229750 0.311596
670.000000 686.000000 0.028236 0.305739
963.000000 686.000000 0.315255 0.318713
936.000000 687.000000 0.286980 0.317551
589.000000 688.000000 -0.047603 0.307949
961.000000 689.000000 0.313393 0.321732
963.000000 689.000000 0.315517 0.321906
56.000000 690.000000 -0.632931 0.358584
898.000000 690.000000 0.248200 0.317952
1201.000000 693.000000 0.602808 0.358399
133.000000 696.000000 -0.530090 0.352234
194.000000 700.000000 -0.454720 0.347580
828.000000 700.000000 0.179121 0.324343
960.000000 701.000000 0.313397 0.334485
945.000000 702.000000 0.297618 0.334235
1072.000000 703.000000 0.439225 0.349297
958.000000 705.000000 0.311634 0.338611
938.000000 706.000000 0.290612 0.337927
1079.000000 707.000000 0.448131 0.354778
998.000000 708.000000 0.355236 0.345848
1058.000000 708.000000 0.423382 0.353036
1244.000000 709.000000 0.666407 0.385633
231.000000 713.000000 -0.412789 0.357220
72.000000 714.000000 -0.615054 0.384284
875.000000 716.000000 0.226690 0.343860
