174.000000 4.000000 -0.481427 -0.367412
152.000000 5.000000 -0.508840 -0.369785
156.000000 6.000000 -0.503611 -0.367967
279.000000 6.000000 -0.358521 -0.351217
354.000000 7.000000 -0.278115 -0.342951
152.000000 9.000000 -0.508185 -0.365138
354.000000 9.000000 -0.277952 -0.340803
174.000000 10.000000 -0.480500 -0.360511
294.000000 12.000000 -0.341427 -0.343047
292.000000 14.000000 -0.343401 -0.341072
61.000000 19.000000 -0.627932 -0.369430
66.000000 19.000000 -0.620943 -0.368499
1103.000000 20.000000 0.476205 -0.348943
273.000000 21.000000 -0.363531 -0.335426
65.000000 23.000000 -0.621598 -0.363917
417.000000 26.000000 -0.212860 -0.318523
124.000000 29.000000 -0.540905 -0.346574
152.000000 33.000000 -0.504428 -0.337604
150.000000 34.000000 -0.506796 -0.336769
995.000000 34.000000 0.349640 -0.320317
1097.000000 34.000000 0.466871 -0.332294
450.000000 36.000000 -0.179893 -0.306502
884.000000 37.000000 0.233604 -0.308428
395.000000 56.000000 -0.233052 -0.288829
392.000000 57.000000 -0.235989 -0.287976
1238.000000 57.000000 0.649384 -0.328295
1252.000000 63.000000 0.668461 -0.323661
1253.000000 66.000000 0.669395 -0.320310
1255.000000 68.000000 0.671952 -0.318303
1242.000000 80.000000 0.651248 -0.302174
27.000000 84.000000 -0.664917 -0.298926
31.000000 85.000000 -0.659012 -0.297132
184.000000 86.000000 -0.458366 -0.274972
149.000000 89.000000 -0.500551 -0.275816
151.000000 92.000000 -0.497709 -0.272315
367.000000 94.000000 -0.258970 -0.251925
489.000000 94.000000 -0.140360 -0.246969
1178.000000 94.000000 0.561058 -0.276678
165.000000 99.000000 -0.479750 -0.263147
71.000000 101.000000 -0.600557 -0.272896
77.000000 102.000000 -0.592250 -0.270935
70.000000 103.000000 -0.601641 -0.270796
107.000000 108.000000 -0.551576 -0.260309
1234.000000 108.000000 0.635579 -0.268918
1104.000000 114.000000 0.465732 -0.246206
1104.000000 116.000000 0.465530 -0.244093
382.000000 120.000000 -0.242728 -0.225370
576.000000 124.000000 -0.058671 -0.216338
578.000000 125.000000 -0.056818 -0.215363
576.000000 126.000000 -0.058651 -0.214427
35.000000 128.000000 -0.646981 -0.247609
481.000000 141.000000 -0.146698 -0.201689
1232.000000 148.000000 0.627432 -0.223980
848.000000 149.000000 0.193354 -0.195392
1026.000000 156.000000 0.373545 -0.196718
1232.000000 161.000000 0.625900 -0.209690
1185.000000 165.000000 0.561846 -0.200328
1187.000000 165.000000 0.564471 -0.200528
278.000000 167.000000 -0.346600 -0.184290
417.000000 168.000000 -0.206820 -0.177616
1210.000000 168.000000 0.594860 -0.199673
187.000000 174.000000 -0.446852 -0.182956
1200.000000 174.000000 0.580796 -0.192208
543.000000 175.000000 -0.088489 -0.168464
563.000000 182.000000 -0.070065 -0.161720
1156.000000 182.000000 0.523070 -0.179746
562.000000 184.000000 -0.070963 -0.159864
1189.000000 187.000000 0.565010 -0.177351
1262.000000 192.000000 0.665172 -0.178961
1089.000000 208.000000 0.440770 -0.148531
170.000000 209.000000 -0.464402 -0.148655
1095.000000 211.000000 0.447523 -0.145869
194.000000 212.000000 -0.436406 -0.144270
1095.000000 213.000000 0.447410 -0.143866
1113.000000 213.000000 0.468466 -0.144908
168.000000 214.000000 -0.466459 -0.143735
192.000000 214.000000 -0.438586 -0.142384
191.000000 219.000000 -0.439465 -0.137454
195.000000 219.000000 -0.434893 -0.137246
347.000000 227.000000 -0.273515 -0.123623
398.000000 227.000000 -0.223598 -0.122369
433.000000 227.000000 -0.190147 -0.121668
402.000000 231.000000 -0.219661 -0.118540
1193.000000 243.000000 0.566072 -0.119084
176.000000 246.000000 -0.455463 -0.111330
1194.000000 246.000000 0.567202 -0.116036
181.000000 248.000000 -0.449587 -0.109130
1252.000000 249.000000 0.646102 -0.116500
20.000000 252.000000 -0.655933 -0.113672
350.000000 256.000000 -0.269837 -0.096215
173.000000 258.000000 -0.458448 -0.099551
788.000000 268.000000 0.134774 -0.083077
1098.000000 271.000000 0.448269 -0.086441
1274.000000 272.000000 0.676347 -0.093195
1261.000000 275.000000 0.657410 -0.089303
1111.000000 277.000000 0.463165 -0.080952
1258.000000 277.000000 0.653021 -0.087023
181.000000 279.000000 -0.448455 -0.078544
1111.000000 280.000000 0.463068 -0.077986
180.000000 281.000000 -0.449546 -0.076608
145.000000 282.000000 -0.490678 -0.076719
146.000000 284.000000 -0.489412 -0.074693
1268.000000 284.000000 0.667042 -0.080045
1114.000000 286.000000 0.466399 -0.072147
177.000000 287.000000 -0.452833 -0.070796
1128.000000 287.000000 0.482936 -0.071576
155.000000 288.000000 -0.478552 -0.070439
178.000000 289.000000 -0.451624 -0.068804
1046.000000 291.000000 0.389537 -0.065541
1252.000000 299.000000 0.643561 -0.063470
365.000000 301.000000 -0.254376 -0.053987
136.000000 311.000000 -0.500754 -0.048063
111.000000 312.000000 -0.531558 -0.047608
113.000000 315.000000 -0.528989 -0.044544
325.000000 316.000000 -0.293801 -0.040434
1262.000000 324.000000 0.657060 -0.037358
618.000000 331.000000 -0.019670 -0.025491
200.000000 332.000000 -0.425817 -0.026468
1193.000000 347.000000 0.562624 -0.012565
177.000000 357.000000 -0.451826 -0.002279
180.000000 358.000000 -0.448376 -0.001301
461.000000 364.000000 -0.162751 0.004273
910.000000 364.000000 0.249577 0.004332
1069.000000 367.000000 0.414049 0.007402
1072.000000 368.000000 0.417390 0.008376
1067.000000 371.000000 0.411842 0.011255
168.000000 372.000000 -0.462274 0.012412
144.000000 373.000000 -0.490632 0.013522
233.000000 373.000000 -0.389323 0.013090
838.000000 373.000000 0.180843 0.012499
170.000000 374.000000 -0.459959 0.014362
918.000000 376.000000 0.257408 0.015446
939.000000 377.000000 0.278101 0.016444
179.000000 387.000000 -0.449664 0.027005
1198.000000 387.000000 0.569287 0.028202
182.000000 390.000000 -0.446254 0.029901
178.000000 392.000000 -0.450870 0.031901
178.000000 395.000000 -0.450909 0.034834
1259.000000 396.000000 0.652781 0.038624
201.000000 397.000000 -0.424803 0.036477
20.000000 398.000000 -0.652900 0.040708
205.000000 398.000000 -0.420339 0.037394
1096.000000 414.000000 0.445038 0.053342
1169.000000 414.000000 0.532636 0.055019
1171.000000 415.000000 0.535181 0.056081
1240.000000 420.000000 0.626716 0.063325
1243.000000 420.000000 0.630895 0.063429
1137.000000 425.000000 0.493516 0.065187
240.000000 426.000000 -0.382406 0.063789
242.000000 427.000000 -0.380271 0.064708
1088.000000 428.000000 0.436219 0.066849
1092.000000 428.000000 0.440779 0.066949
1094.000000 430.000000 0.443118 0.068959
401.000000 431.000000 -0.219701 0.065964
1087.000000 431.000000 0.435159 0.069755
1101.000000 431.000000 0.451196 0.070128
1157.000000 431.000000 0.518152 0.071802
1090.000000 433.000000 0.438627 0.071791
1095.000000 434.000000 0.444373 0.072908
1084.000000 435.000000 0.431861 0.073585
1092.000000 437.000000 0.441022 0.075765
1094.000000 437.000000 0.443311 0.075823
57.000000 438.000000 -0.602890 0.081378
1083.000000 438.000000 0.430812 0.076488
1087.000000 438.000000 0.435350 0.076602
1064.000000 445.000000 0.409722 0.082768
1023.000000 461.000000 0.365611 0.097036
86.000000 469.000000 -0.565892 0.112076
126.000000 469.000000 -0.515119 0.109970
830.000000 476.000000 0.174181 0.106910
390.000000 484.000000 -0.231145 0.115393
1018.000000 486.000000 0.361112 0.120986
1275.000000 487.000000 0.680394 0.136722
363.000000 499.000000 -0.257860 0.130149
86.000000 507.000000 -0.568390 0.151584
172.000000 509.000000 -0.461961 0.147835
1112.000000 509.000000 0.467431 0.148182
170.000000 510.000000 -0.464369 0.148962
19.000000 512.000000 -0.660791 0.162517
1018.000000 514.000000 0.362257 0.148195
17.000000 523.000000 -0.664700 0.174697
782.000000 526.000000 0.130128 0.152617
782.000000 528.000000 0.130159 0.154485
894.000000 529.000000 0.236574 0.157976
187.000000 530.000000 -0.445795 0.168070
8.000000 531.000000 -0.678530 0.184384
1214.000000 537.000000 0.598799 0.185277
1182.000000 538.000000 0.556343 0.183337
274.000000 541.000000 -0.350237 0.173986
555.000000 552.000000 -0.077543 0.176172
132.000000 555.000000 -0.513655 0.197969
1213.000000 563.000000 0.600160 0.213246
1180.000000 575.000000 0.557433 0.222560
1233.000000 583.000000 0.630233 0.237621
25.000000 589.000000 -0.660876 0.246924
25.000000 591.000000 -0.661146 0.249176
42.000000 594.000000 -0.637368 0.250248
253.000000 603.000000 -0.376793 0.237427
185.000000 609.000000 -0.454593 0.249618
1271.000000 610.000000 0.688595 0.273430
53.000000 625.000000 -0.626334 0.283628
1239.000000 633.000000 0.645865 0.294964
292.000000 638.000000 -0.337349 0.270365
136.000000 641.000000 -0.518154 0.289766
938.000000 651.000000 0.286424 0.280231
254.000000 654.000000 -0.380078 0.290375
56.000000 656.000000 -0.627019 0.318704
255.000000 656.000000 -0.379159 0.292398
270.000000 657.000000 -0.362722 0.292049
1192.000000 659.000000 0.584719 0.317318
1227.000000 660.000000 0.633277 0.324247
55.000000 663.000000 -0.629591 0.327003
1254.000000 663.000000 0.672390 0.332408
1224.000000 664.000000 0.629733 0.328400
1075.000000 676.000000 0.439264 0.319670
1248.000000 676.000000 0.666023 0.346745
1144.000000 679.000000 0.524579 0.332609
1220.000000 679.000000 0.626727 0.345288
1041.000000 680.000000 0.400319 0.320019
1044.000000 683.000000 0.404085 0.323630
1147.000000 684.000000 0.529217 0.338780
1091.000000 688.000000 0.459929 0.335065
874.000000 689.000000 0.223989 0.315393
1110.000000 690.000000 0.483416 0.339994
730.000000 691.000000 0.084720 0.311677
1149.000000 691.000000 0.532921 0.347135
1112.000000 692.000000 0.486184 0.342551
1146.000000 694.000000 0.529525 0.350106
1092.000000 695.000000 0.462109 0.343060
1093.000000 697.000000 0.463604 0.345456
32.000000 699.000000 -0.668704 0.373794
1054.000000 700.000000 0.417676 0.343576
1263.000000 701.000000 0.692347 0.379533
259.000000 704.000000 -0.379738 0.343802
965.000000 704.000000 0.319008 0.338179
967.000000 705.000000 0.321243 0.339448
780.000000 707.000000 0.132852 0.329572
1126.000000 707.000000 0.506041 0.361879
1128.000000 707.000000 0.508578 0.362202
1261.000000 707.000000 0.690573 0.386448
99.000000 709.000000 -0.577186 0.373293
97.000000 711.000000 -0.580249 0.376030
695.000000 712.000000 0.052027 0.332593
679.000000 715.000000 0.036951 0.335499
