1187.000000 4.000000 0.587831 -0.381811
593.000000 11.000000 -0.044080 -0.328037
866.000000 11.000000 0.217173 -0.334520
1120.000000 11.000000 0.498739 -0.361866
308.000000 13.000000 -0.326182 -0.340571
316.000000 13.000000 -0.317610 -0.339812
597.000000 13.000000 -0.040287 -0.325933
658.000000 13.000000 0.017097 -0.325753
483.000000 17.000000 -0.148692 -0.324676
1049.000000 21.000000 0.411701 -0.340480
72.000000 29.000000 -0.610780 -0.355530
1076.000000 30.000000 0.442186 -0.333932
1133.000000 30.000000 0.512186 -0.342094
70.000000 31.000000 -0.613191 -0.353528
691.000000 33.000000 0.047922 -0.305630
142.000000 34.000000 -0.516929 -0.337986
92.000000 35.000000 -0.582370 -0.344976
90.000000 37.000000 -0.584733 -0.342989
408.000000 37.000000 -0.221180 -0.307624
256.000000 39.000000 -0.380521 -0.317699
323.000000 39.000000 -0.307906 -0.311422
804.000000 42.000000 0.154845 -0.299348
122.000000 43.000000 -0.541268 -0.330824
254.000000 44.000000 -0.382232 -0.312517
150.000000 47.000000 -0.504884 -0.322090
153.000000 48.000000 -0.500983 -0.320540
151.000000 51.000000 -0.503061 -0.317463
172.000000 52.000000 -0.476965 -0.313479
286.000000 56.000000 -0.345910 -0.296652
67.000000 59.000000 -0.612515 -0.321328
66.000000 63.000000 -0.613240 -0.316870
68.000000 63.000000 -0.610474 -0.316543
124.000000 69.000000 -0.534798 -0.301162
962.000000 73.000000 0.311040 -0.276484
151.000000 74.000000 -0.499952 -0.291963
35.000000 85.000000 -0.653289 -0.296498
843.000000 85.000000 0.190803 -0.257673
89.000000 89.000000 -0.577914 -0.283779
1208.000000 91.000000 0.601876 -0.284318
32.000000 93.000000 -0.656326 -0.287763
1220.000000 96.000000 0.617718 -0.280443
165.000000 98.000000 -0.479862 -0.264220
382.000000 98.000000 -0.243769 -0.247148
167.000000 100.000000 -0.477216 -0.261854
381.000000 100.000000 -0.244664 -0.245205
383.000000 101.000000 -0.242628 -0.244112
1223.000000 101.000000 0.621160 -0.275230
1211.000000 106.000000 0.603831 -0.267884
22.000000 107.000000 -0.668580 -0.273236
25.000000 108.000000 -0.664107 -0.271650
1251.000000 108.000000 0.659816 -0.271411
1208.000000 113.000000 0.598755 -0.259656
31.000000 122.000000 -0.653499 -0.254906
182.000000 126.000000 -0.456646 -0.232825
149.000000 127.000000 -0.496271 -0.235014
1143.000000 128.000000 0.511938 -0.235414
148.000000 129.000000 -0.497294 -0.232997
357.000000 134.000000 -0.266984 -0.212761
79.000000 140.000000 -0.584676 -0.228784
74.000000 141.000000 -0.591287 -0.228282
1228.000000 144.000000 0.622335 -0.227903
1218.000000 146.000000 0.608249 -0.224491
1265.000000 146.000000 0.674815 -0.230345
1069.000000 152.000000 0.421604 -0.203715
401.000000 153.000000 -0.222780 -0.192505
1067.000000 153.000000 0.419258 -0.202548
1071.000000 155.000000 0.423656 -0.200809
40.000000 165.000000 -0.635342 -0.205965
555.000000 166.000000 -0.077557 -0.176769
1257.000000 166.000000 0.660785 -0.207061
1255.000000 167.000000 0.657794 -0.205724
1197.000000 180.000000 0.576218 -0.185514
1245.000000 184.000000 0.641679 -0.185970
634.000000 186.000000 -0.005311 -0.157669
991.000000 193.000000 0.334278 -0.158355
1196.000000 194.000000 0.573618 -0.170567
1151.000000 199.000000 0.515479 -0.161723
73.000000 201.000000 -0.586542 -0.163932
273.000000 205.000000 -0.350044 -0.147309
402.000000 209.000000 -0.220158 -0.139181
1241.000000 209.000000 0.633654 -0.158511
1174.000000 210.000000 0.543694 -0.152036
93.000000 211.000000 -0.559380 -0.151818
185.000000 211.000000 -0.446803 -0.145769
188.000000 211.000000 -0.443344 -0.145600
1209.000000 214.000000 0.589289 -0.150517
191.000000 216.000000 -0.439624 -0.140443
1153.000000 219.000000 0.516577 -0.141300
539.000000 222.000000 -0.091679 -0.124864
202.000000 234.000000 -0.426227 -0.122052
1056.000000 234.000000 0.402296 -0.121174
600.000000 236.000000 -0.036068 -0.111655
197.000000 238.000000 -0.431709 -0.118326
601.000000 238.000000 -0.035156 -0.109822
936.000000 238.000000 0.276638 -0.113342
135.000000 239.000000 -0.504654 -0.120345
169.000000 242.000000 -0.463810 -0.115628
169.000000 244.000000 -0.463717 -0.113635
1076.000000 245.000000 0.424164 -0.111205
193.000000 249.000000 -0.435790 -0.107644
189.000000 252.000000 -0.440233 -0.104846
47.000000 253.000000 -0.618020 -0.110927
193.000000 255.000000 -0.435554 -0.101735
1226.000000 256.000000 0.609447 -0.107480
1227.000000 259.000000 0.610644 -0.104387
387.000000 264.000000 -0.233509 -0.088051
390.000000 268.000000 -0.230548 -0.084286
1156.000000 274.000000 0.517437 -0.085568
1259.000000 274.000000 0.654601 -0.090265
1159.000000 276.000000 0.521084 -0.083666
1157.000000 278.000000 0.518523 -0.081571
1216.000000 279.000000 0.594706 -0.082954
176.000000 280.000000 -0.454194 -0.077713
26.000000 284.000000 -0.645671 -0.079310
1009.000000 287.000000 0.350086 -0.068598
248.000000 288.000000 -0.373920 -0.068086
1163.000000 288.000000 0.525636 -0.071693
133.000000 291.000000 -0.504917 -0.068109
521.000000 295.000000 -0.107636 -0.058256
1148.000000 299.000000 0.506758 -0.060185
1078.000000 301.000000 0.424696 -0.056548
1157.000000 301.000000 0.517782 -0.058423
1063.000000 303.000000 0.407934 -0.054311
757.000000 304.000000 0.106067 -0.050081
1058.000000 306.000000 0.402364 -0.051322
1221.000000 306.000000 0.600458 -0.055137
1074.000000 310.000000 0.420040 -0.047734
1074.000000 313.000000 0.419989 -0.044825
1232.000000 314.000000 0.615231 -0.047134
147.000000 316.000000 -0.487407 -0.042878
223.000000 316.000000 -0.400501 -0.041643
1233.000000 320.000000 0.616460 -0.040912
179.000000 321.000000 -0.449807 -0.037430
1257.000000 326.000000 0.649888 -0.035141
1215.000000 328.000000 0.591866 -0.032272
1259.000000 331.000000 0.652640 -0.029906
355.000000 335.000000 -0.263900 -0.022532
115.000000 346.000000 -0.526071 -0.013382
357.000000 348.000000 -0.261891 -0.010478
1248.000000 366.000000 0.636850 0.006948
1151.000000 377.000000 0.509674 0.017608
1155.000000 377.000000 0.514591 0.017639
1162.000000 385.000000 0.523338 0.025716
178.000000 386.000000 -0.450804 0.026038
881.000000 386.000000 0.221632 0.024535
888.000000 387.000000 0.228355 0.025486
181.000000 388.000000 -0.447378 0.027960
1065.000000 395.000000 0.409815 0.034390
1031.000000 398.000000 0.372857 0.036873
1034.000000 398.000000 0.376072 0.036907
931.000000 399.000000 0.270311 0.036852
147.000000 400.000000 -0.487345 0.040222
169.000000 401.000000 -0.461414 0.040845
1175.000000 402.000000 0.539935 0.043038
231.000000 403.000000 -0.391761 0.041863
805.000000 404.000000 0.150180 0.040651
179.000000 415.000000 -0.450101 0.054388
184.000000 418.000000 -0.444426 0.057218
179.000000 419.000000 -0.450187 0.058307
1261.000000 421.000000 0.656366 0.065129
179.000000 423.000000 -0.450280 0.062229
699.000000 423.000000 0.053382 0.057495
3.000000 424.000000 -0.678147 0.068846
200.000000 424.000000 -0.426408 0.062716
1233.000000 424.000000 0.617175 0.067261
361.000000 435.000000 -0.258502 0.070188
1057.000000 441.000000 0.401876 0.078693
1208.000000 447.000000 0.584283 0.090140
1124.000000 450.000000 0.478762 0.089663
239.000000 452.000000 -0.384122 0.088839
237.000000 454.000000 -0.386347 0.090828
1052.000000 455.000000 0.396786 0.092119
1054.000000 456.000000 0.399013 0.093152
389.000000 458.000000 -0.231620 0.091154
1048.000000 458.000000 0.392502 0.094903
1050.000000 458.000000 0.394689 0.094966
1056.000000 458.000000 0.401277 0.095159
1119.000000 458.000000 0.473140 0.097436
998.000000 460.000000 0.339221 0.095372
1047.000000 460.000000 0.391473 0.096810
1053.000000 460.000000 0.398043 0.097005
6.000000 462.000000 -0.675717 0.109452
1046.000000 462.000000 0.390447 0.098717
1058.000000 463.000000 0.403650 0.100090
1151.000000 463.000000 0.512006 0.103841
1272.000000 463.000000 0.674326 0.110546
1054.000000 464.000000 0.399276 0.100927
7.000000 466.000000 -0.674519 0.113696
1049.000000 466.000000 0.393858 0.102700
1054.000000 466.000000 0.399345 0.102873
1034.000000 469.000000 0.377662 0.105101
1026.000000 472.000000 0.369164 0.107734
1022.000000 482.000000 0.365233 0.117262
1160.000000 487.000000 0.524464 0.128725
85.000000 489.000000 -0.568421 0.132871
130.000000 492.000000 -0.511440 0.133121
1188.000000 498.000000 0.560939 0.141894
55.000000 503.000000 -0.609586 0.149776
1239.000000 511.000000 0.630871 0.159671
369.000000 516.000000 -0.252437 0.146084
91.000000 527.000000 -0.563459 0.172179
125.000000 527.000000 -0.520039 0.169411
172.000000 527.000000 -0.463096 0.166022
92.000000 529.000000 -0.562324 0.174199
173.000000 529.000000 -0.462054 0.167984
172.000000 531.000000 -0.463366 0.170082
1073.000000 533.000000 0.423780 0.169930
981.000000 539.000000 0.324425 0.170893
27.000000 541.000000 -0.652219 0.193381
9.000000 547.000000 -0.678804 0.201975
970.000000 547.000000 0.313410 0.178187
859.000000 555.000000 0.203453 0.181698
860.000000 557.000000 0.204476 0.183639
140.000000 568.000000 -0.504932 0.210860
981.000000 593.000000 0.327342 0.224244
33.000000 604.000000 -0.651504 0.262744
1195.000000 606.000000 0.581045 0.258156
251.000000 620.000000 -0.380353 0.255072
297.000000 620.000000 -0.330705 0.251537
1098.000000 624.000000 0.460500 0.266036
1235.000000 631.000000 0.639871 0.292043
1110.000000 632.000000 0.475831 0.275969
1262.000000 634.000000 0.679154 0.299781
1139.000000 635.000000 0.512026 0.282777
1228.000000 645.000000 0.632203 0.307026
1082.000000 653.000000 0.444765 0.295415
140.000000 655.000000 -0.514989 0.304731
1275.000000 655.000000 0.701661 0.326564
140.000000 657.000000 -0.515266 0.306958
59.000000 665.000000 -0.624331 0.328655
61.000000 665.000000 -0.621540 0.328317
1141.000000 674.000000 0.519981 0.326481
1191.000000 679.000000 0.586666 0.340236
1218.000000 682.000000 0.624457 0.348468
1052.000000 684.000000 0.413394 0.325660
1264.000000 685.000000 0.690843 0.360397
1043.000000 686.000000 0.403288 0.326793
1107.000000 696.000000 0.480592 0.346350
1072.000000 697.000000 0.438417 0.342569
1004.000000 698.000000 0.360790 0.335562
1096.000000 698.000000 0.467396 0.347015
1260.000000 699.000000 0.687613 0.376546
1054.000000 703.000000 0.418059 0.346919
1252.000000 704.000000 0.676972 0.381096
703.000000 706.000000 0.059494 0.326525
1111.000000 707.000000 0.487210 0.359509
40.000000 709.000000 -0.659148 0.384362
1075.000000 709.000000 0.443626 0.356479
1111.000000 709.000000 0.487520 0.361807
1109.000000 711.000000 0.485344 0.363797
1056.000000 714.000000 0.421840 0.359521
1273.000000 715.000000 0.709537 0.398491
