0100110000100000001000010000100100000000101010000011000001011001010001000101000001001010101000000000101110000000010011001000000101001010000000100000011011100110000001011010100000010000001001010001110000001101001000100100110001100110001000000101000001001000
0001100000000000110001011011000111010000001000111010101001010010000001111111011001001101110001011010110010010111010110011011000100001111000001011101100101001011100100110110010000010000010000001000010001100000110000110011001110000001001001100000010010110110
0111100010100000010000101000110101011000001010001110101000000011110001011001010001010101011000000010111010000010010101001110000101010001100000000000001110000001000001010000001001100000100010010001000100000101001010100001010101000101000000000101001000001110
0001100000000000000000100011000110010010101100101111000101000010100101111111000111001011010001100011011000001010010010001011010111000101000000111010000100000010000000110010001000110000100010010000001000000111111000010000011100000010000011100000011010110110
1010011010000010001000110011000001100010000000100010001001000011000100100110101000000000001011100101000000011000100100010010001010010011010101001011110100001000111100000010000000001100111011011010000000100010010100010010011010000000001110110110100011000000
1010011011100010001011011010110011000000010000100101000000010001111010000100100010001100100111101100010000010010101000011011000000000001010100001010110001000100011010100010101110001110101101010011000000001000000100000001010010110010011110101010111011000101
1110011010100110001000011010100001001001001110101111010101110011110001000000100010000010110100101000101001110001111000000100000010010010010100010000100011100000011001000110011100010001001101010011011101001101000110100001010010101010000110011101011101011100
1000011001011010000101110111000011000101000001000100000000010101111010000100101011001110100111111100010100010010101100011011000000111001110100011010110000011100001110100000100110001110001101000011001000001111000100001000100010000010101100100010010011000011
0001001000000100110000101111100101010011011000101010011101010010100001011111000100000000011010100111011000000000010110010001011100010111011001010100100110100001100000011111001100010001110000011001000000100110100100110110011111000000001010110100101010100110
1110001001010110110000111101100000000000010001011000101000010011000000100000100100001000100011100010010001101000000101100000000000110010011101100011011000100101000011111010111111100010111001010010000100100100011100101101110010001100111110001110001010000001
1000111000100010000100000100100010100000100001001010000011010011100110100000100001000101100011101001011000010000010001101011100000010010101100000100000011100101100111100100110111010110111001110011000000101101110100100000010101100010001110101000111011000001
1011011000100100100101010001000011001101111000000011100110100010100011100100000000101110110001000001011001110011000000010101100001000010110101011101101000100000010100110000010110000111110000010110010101101100100000000100010010101010001010011000101000000111
1110011010011110100101100100000000100000001110000100001101110001000100000111111000100000100001100000001101110101100100100000100001011110010101100010111011110100000010101001101101100100001001010011000101000100010100001010110000011001010100000111010011101001
0001101001100101110011101111011110010010110101100010101000000110011101011000100111010001001010011010010001001011000010100001111100110001001001001110000100001011111100000011000010001100110100001001001111101011111100110101001100001011011000001000101110010110
1000100000011110100000111011010010100101100000110000000110000000111000010100101111111001010001001000000100011010000110100101000011110001100101001101011010010101110000000100011000001000100011011110100011100111101000111000101000001011001101111010111000010010
1000011000101110000001000111100011001001010001001000100010000001100000100100101011011011000100111101110001000001001010110101110000010000111100010100110001110100111110000001101100000010011011011011010011001100111110001001011100110010001111000010010011000010
1110100001000101000010000101110011100000100001000001101100000111011010100110111110010010010010101001000100000010100100000000110010000001011101011011111000000101010110001111010110101100110011111010100000010000011000100000111000111100111101001010011011010110
0010111000011111100011101100100010000000111000000001011100101001111010000110111110011011000000101101101110000100000111011111010100111000001101010100111001111111101010001001101111111100011011000011000010011111111100101110100001000100111001100010000011010101
1000011100100010100000000000101010001001100000011000110100001011000110100100100001110010100010000101110110001001010100010011110000100000001101110101111010000111110110000100110000000111101001010010000001011110111010000000110100101100000001101011100001010111
0111001011110110100000111100100100011101010000000111111100101011000001111101000100000000110011000011111011011011110000000000001100011000001001101000001010100011001010010111010001000100100000010000100011111100000100001001110000101100011000001101001100010111
1100100101011000000001101000110011010100100100011000111110001100001000010010101001110001011000110010100101110110010110000000100001010101010100001001011001010100010000101111110101000010011111001010100010100000111010001010101000001101000111010011011010100011
0011011101000001001001000001011110011110110110000010110010001000111100101100001100001011000101000100010000011011101010011001101100110010100000110001101100001010001110110000010100100100100100011010010001010010010010110001001101000011001001111010000000100111
1000010100100010100111010001000011000011000000000000110001100011110100100100101101111011010000010101110100010000000010011011000001100011010101100100111101001101110100101110110110001110001011011011110011001001100000001100110100101110001100111010100001000010
0001110100100000101010000010101111010111110010100011100011101011000011101000000001000000010110010101001011001000001111010001010100100011110001101110100111001000101111010010000110100111010100101100110101101001000000100000011001111010110000110001100000110000
0110101101110010100010111100100110001001010000000000111000100011100100000000100011010001011110011101110111110010110110010100101010110000001100010001010010000111000010000100111011001100110011011010000100111110011100101001110101111100001001001001011011011111
0111010110100100010111001010101100011111010000111010000010110010000011011001000010000101011000010000011001100000110000110100100101100000100000100000000011100010000000110100010010100000010100111100111100101000001000000001010111110011000011010101100101001100
1100111000010010010001101100100010001001010100000000011100000111001100000010101010010001010010101000110111110000000100000100001001110000001100010000010001000100010010000100111011001100011011010111000100011100101100101011110100001100101101000011010111000110
0000000010011011001101000100110000100001000011000000111101010101111100100010111110001011100000001000000110001001000101001111000000111001101101010110010001011111100111100000101001000100001101001011100001011011111100001010100110011000000101100110010011010000
0101000001000100000000010011000110010100111101101010100001011010010001111001000010101101011101011010111011011111110000101000100111001101001000000001000000100010001100110011010001010000010100110100001001010101101000110100001100010011000001001001111100101100
0001100100011000010111100001000111010100101001011011000011011000110001111001000011101010000011101011001011001000110010000011100101001101110000000010000001110011000010111010001101010010000010110101111000010100101010110001110010011110100001100001110000110111
0101100110010000001011100001000110010100101001000111010110000010110001011011000011111010100101101011010001000110011001001101110101001100000000011000000000000011001011011000001001011100000010100101010000010100100000110000001010001010000011000001000000110011
1001000100100000001111000011010111110100101001101111110100000010100001111001000111111010100011101011000000001010010011001101110000000001110000001010100100000000001101010001000001000100100010111101110001010000110000010000011010001010101010001000011000100010
0101001110000000100101000001001110010001001010001010111110110010000001111111000100001110100000000111011001100101010001010010100000000111100001110011001110100010000111111000000100100101100000010000000101000111010000010000010000010000001011011000001000101010
0001010000010010110101101010100110011001111000111010000000111011100001001101000010010101111100000010101000000000011001101101001100111110000000000100000101100000000000110000001011110001010010010101110110101110000110010001011000100011011011100000011100000110
0001101111000000000100110010101100010000000000100011111100110001100000101010010011101000110001001010010001111001000111001011100101011001000001001100000010101010101100100111001001000000110100001101001111100001101100000110000110000001001000110100010110010110
0101001001000101110011000011001111010001101011101010100001110010010111011111000111000110100100100110011000000101011010110100111101111111000000110010101100100011001100011000001110110010010100100101001000000111011110010110001100000010010010010001100010111100
1100101110011010110000101001010000101000000000000000111000101100011100000010101101111001001000011000000101101011000011000100010010000000100101001001011000000110010011001001100001101101101011001010000011100100101100011000101001000011011000011111100111000011
0011101000000000000011000011001111010111001101101011100111110010000111111101000101001110000100100111111001000001111000110100001101100111000000000100101100100010000000110000001110110010110000110001001010010110011000110100010100000010110010010001111000100000
1100100110011110110001100000111000001101000100000101111010000101001100100100101011010010100010000001000101101010000100000000011000110000000101101010011001010101110010000010100011101110011011111110100110010001001100001110110010101100110101001111010101000111
1000000100111110000000111000100001101101000000011000001011000001010101010011100110001000001010111101101010111100010100100100000010110101010100000000010101100100010011001100111110010010011001100101100110101111111110101010010001111100101100000001110011001001
0100000111001100011101000110111101100010111111111001111011011101001001110111001110100010100101100111001001001111001101010100100101001101111000000010100111010000000111110001100100110000011100000101011101100000100110000010000010011000000010010101010000101000
1100010000111010010000000100101011101011011000011010100001000011000110100101100101000111000000000101001000000100000010001010011001100100111101000011011111110100000000000100110110110010001011110110110101011110110000001000110101100010100111011001100001011000
0001101100011001000001001111001110010100110000100010000000001000101110111000001101110001011010010010010010110010110010101011000101111001101000101111001100010011100100011010001011101000110010111011000100100001011100010001101101001111000001100010100110000110
0011100000100001111000011010101110110000001100111011100001110010100111111001000100000000101010001111101000011100010000000011011110111111000001000100000111100011100000011110010010010001000100000000111010100110010000110011010010101110111000101001110000100000
0111100100000101101000010011010110110110101110100011001100101100101111011011010011010010000001011011100010110000100100001100001111111101000001100111000110011010101100010010000111000110100110101100001110110011011000010001001010000000110000010100111100100000
1000010000100110001101101100110011001111110010001000000110011011110011100000110110010010111111100101001000000010001100010101001001110000111100110010111001101100010010100001101010100001011011110111110000001100100000001101010000111000100111111000011101010100
1000010000011111000010111000010010001000100001000000100100001101001010100000101011010001111110001001100111110010001010000100011000100000001100000001010010010110011000000100110111000011111011001110110100011000101010001000001000101000100101001011110101001011
1110010000001000001101000001000011000101110010011111110101010011000000100110011000111110111000000101010100000100110101010000000001000011110100110001111000100101000101101100110100100100011011010110110000011101000000100000011010100110000010010010000001000111
0000000001011110000110100000010010001001100000010000100100011100011000100010101111010001111010001001100101111110000011000100001010101000101100000101010010010110010000000100110011001010111001100110101100100100101010011010100000101110100001001011110101011111
1000010001111111000110110100010010001101100000001000000100011101001010000010101011010000111010001001110111010000000011000100000000100000000100000001010011010100010001000100110011000000011001100110100000101101100010001010100000101100100100001011110101001111
0001010000111110001100001010110111010000111010111011000010101100000111011000011000110100001100100000010100000100011000001000000101001111111000010100000011011100100001110001000101000000010010101001110011100000000010011001101101100111000000010000000100101001
0001000010000100001000001101010100010100011010101010011010000110100001011111000000001101011100100010010001010100101101001010001111011101101000010000100110001010101010010000000100010111000110100001111010100000000000010011001101010001101010100100000000101000
1000100100000000011101111100100000001111000111000010001111110011100110000111110011001111101011001101011000110000100100010111101000110010000101011010110101101000010011100110101110111110001101010011100110010110011100000011010110101000011111110010010011000100
0001000000010000100000001011000110010000100100100010000011101100111010011010111000111101001011000000010101000000000100101011100000001101000001011101010010011110110100000010000001011010101011101110110010000001000000010001101110000011001101101010101100100010
0110010001100000011000000110010110100000111011101101010011011110100001000111010110101000101101001000001010111101111001011000100111001110001000000011000101100010001111110110000001110100011100000000111101101101000010110010000010111011001010001000000000101001
0101010001110110001001111010110110111000101111111111001001011101000101011111010011001100101111011010001001010100001110000000000100011100010000011100000001101010100000110010000001010000010100000000001010101000111010000110011000101000001010010000110110100001
1001001100100011100000000001100010000010100000000010000000100011101110100100111000011011000010001001010101100000000100111011100000010000100101011110010100001100110000000000101000101101100011111111110000011010010100101000111111110010001111111010001111000110
1100100011111110101001111000100010001100011010000101111110110101010000100110100010000010101000101000101111011110000000101100000000000100010101010000010001100100010011000011100001011101011001010010101001001100010000101110110000111100011100001011011101001001
1100111001000000011101010101110010000111110110000101001010110111011010100100111110110010100001001000010101011011100001101110100001011001001101010000010011000111011101000001111000001101011101101111001101001100100100101000100010000010000100000010010111010100
1011110010100000010010010111011001010111010000000011000100100011010011101000000101110010010001010111110000010010100010011001000000010011011101101000101110100001011100110111011000001100100011011101010000001000000100110100011011100010000111010101101110010110
1100110101111011101001010000111010001000100010000000110100100101110000100000111001100110000101001001011001110010001100101010100001001000010101011000010001110101001010000010100001001101001101000011111101001001101010101000110111101010001100000010100101000001
1000100101011010101001010010110010101101110110110000011010111101111000100100111011001111100111011001100111000010001110001011000001110000010101001100010001011000111010000010000111001011001101001011111010000001101010101010100000100000111100100010110101000101
0101100110011100100110001000100100010001101110010010001001111101000011011011010101000101111011010011011011100100000100000000100110101111010001100110001011111011100000110010001111110011000100001000101100000000000110000011101110100100000000010101110000101001
0011100110011100010110111001100100111101100101100010001100011100010011011111001110000101101011001010000001010010010101000001100110011110000001001110001001011010100001110110001111001110010100001001101100000000101100111111101010000100000000010100110110100011
1000011010011111110010001010110001000000000001110000111000000101011000000000101001010101111110101000000111000001001010000000110000010000010100000100010011011100111000000010100101001001111101001010111100101000100110101000100000101100000100011111100001000111
0001001100010110101100101000001000000000101011011011011011011011110001001011010000101101100010100010001000000001010101100011100000011110110100110111001000101100100111111001101001110001011001010100000000000101010100001111010001010101011010100100000110100001
0001001101011010000001111011010101010000000111110000011110000100011100111010101110001011000111111011000001011110101000001010001100110100110000011011000000011011011000001000000111001011100100001110001010000001010010011111001100011000001001101011111110111001
0110101000010100000101111101001110100100001000000000011000010100101000000100101111110000100000011000100010011000010011100110100100011000101000000000000010010111001000000101111001000101011010000111001101100100001100011001100010000101011001000010010110000010
0101000110011010000010100010111100011001000001111010010000000000001101111001100010111011010100111010110010001010011011100101110111000000110000010000000010010010000000011001001001100010100010011100000001010100101010011000001101010110010011000101011000101111
0011001001000100000001011111001111010100011101100010100001011110100111111001000010100011100101101110111010011001111000111100000101001101001000111100100110000011001110010011001100010110110100100101011011110100010100010001000100000011100001000001111000101000
1111011000000000010101011111001011000110010001101010100001011010100111001100100000000011010101101100010000010001111000111000001000100011110100001100100110000000110100110101010100010010110001011011010001001110010000110001010100010011001111001000101000001110
1101000100100000000010000111000011010110111101111010100001001010100101101100100110010111000101001101001000011111101010111000101000100001111100001101100110100000110100110101010110100010110011011010010001011010100000000000010100010010001111011001111000000110
0101100001011100000010000111101110010000110001111001101000001000111001111001110011010110011100010011110001000010011110101001111100000001101000010101000110010001000000011000000111000010110010010000100011010110100010010000000000111100001101001000011000100110
1000110000111110000010010010100001100110010000100000100000000001101100100000101011011011000100111100100101010001001001010101100011000001010100000100110110010100111101000100110100001000111011111010010011001100111010101100100100111011000101111011111101000010
1001001000100101101110000000101000110010000111011010000101010011000111011001000000000011100001000011001000001001010001001001111010100011100101000110001100101010100001110000011010100000110001111101000001001110110100000101010010011010010010111000111000000000
1100100000100111000110100100100011100011110101000000001100011011000110000010100100100100101101111100001100100100001100110000000011000011011100010011110111000100010110100001101100001100011001110010000100101100110000100110110000010001101111001001111011000010
1010110000101011110101001100101001101000000101000000000101111011110010000100001100111001101001100000001100100000000001011011110011000010011101100110111001101100110111101100101010101100001011111011010100101101001100001000110010100011100111100011000001000011
0001001000010000001101110000101100010001101001101010000001011010000111011111000000000000001110000010111000101100111100000011001100101110000000000101000000101011100001110001100011110000010100110100001101100100010010000010010111010001110010101000101110100101
0101111111110010111110101100111100011001011001111111110110010110100001101101000111000100100111000011001001101010011011100100111000111100001000001010001011100011000011111000001001110010000100000000001100101110101100011001010010101010010010001001110110011001
1001101001000000001110111011011110110010100110101011000010101010111001011100110011010000111001001010000000011010010000101011001011100001100000011100000100001000010000110011001000000001100110111001000000010010001100010101011010011011101111110000011110000000
1010000000011100001000000101101010100001100001010101010010001001001110110100111100111100011000110001000101100000100111001001100011000011101100110110111000011110110001000000101001101000110011011011010100110001001100001100101011000110000110110010001101000000
0000000001000000001000000100100100100100001011001000000011010111000101011000000110000000100000001000101010010100110000000100000110001100101000000000000001101010000001010100010001010100001100000000001010010100111000000000000001010100000001000000010101111000
1010000000101100110010010010001001000010000000110000100010100001101000100000100010110011110001100100010100000001100001010001010001000001010101101111110100010101110100100110100100101011111011110110110111011100000010000100110110010011110101111011011001000110
1100011110011110100010100000110000101100010000000000101110101001011100100110101101010011010010000001110101001000100110000000100010110000010101100110011001010100110000000000101111101111011011110011000010111001011100001111110111101000010101000111100011001011
1000011000101010000011010111010001000100010000000000100100000101101000100100101000100011000001101001110001011001000000000011100001000011011100000100110010011100110100001110110101000010101101111011010000011000110100101000100001000010000101100011101111000000
0001011110000000010110000001000101010100001000111010110111000010010100101011001101000011000100101010010001000001011011110011100101011111100000000000100100100010100111110000001100010010100010001001010001010000111110110000001111001011000010100101100010110011
1000110010111010011000010010110011000000000011110010100101011001001100100100110000000110000001011000011001001001001000101010110001000011010100001110010011011100110001100011100101001010101101011010110001111000100000101000010111110011011110111010101101010000
0001000100001100001000000011001110110100101010100010110111001000101100111001011101101000000110011001101000111101101011110101100111001101100000010101000100110010001111011001000000010000000010000000111001110101111010111000001111100011000000101010001000110001
0010001101011011001100110011001110100001100111110001010000011100111010010010101110101100111111011001110111110000101101000101100110011000000000010001010010010110001001000111110001001000101100001010001100100101000110111000101000010010001000101010010110000001
0111000010000101111111000100001101110011011111001111011001111010000111011011010100101110111100000010101000100100011000010100100111001111111000100001101111100111000010110001100000110001000100000100111110000101000010010110000010100101010010010101110000111100
0000110001111010101011011011011000000000100011010000100100110100101010000000111001000101101101011100010100010011001000110011100100001010000001100011010010011110001100100010100101001011101101101010011101011011000010111000101000110011011100111010100001000101
1000110011111010011001011011011011001000100010110000100101110101101000100000111001000111001001011000010101011011001000100010100000011010010101001010010011111100111000100010100101001011001101101010111101111001100010101001110101110011001100111010100001000101
0011011011100001111001110110111101011011101111100010000101111111000011101011001001100000110111001101111000011110101010011010010101101110011001011010100101101000101100010010001010011001011100100001011110111001001100100010001101101000110000110100100111111100
1111000111100001100000000100000011101110111100001111100101011010100111111001000100101010011010000101001000101100110000011010111010100110001100111011101110100000000001110011000010110001000001110100110110001111001000100000010000110110000110011001001100111010
0111000010000101011110001110000101110011011010111111001101101010000011011011000010100100001010100110001000100100110000011000100111100101111000101011101110000011000100110000010010100001100100010100111110000001001000010011010000010100000010010101111000111100
0011010001100001110001010010010101010011101100111010000100111100000011111011001011100010110101011110110010111111001010011011000100101101010000000000100101000011001100111011000010010000000100101100001011010010001010010111001000101010110001110000010000110100
0001100101010000001000000000010110011101100010100111110010000100001010111110011001011010110010001011110000111110010001001011101100101110000000010100000001001010100011000110010011000100010110001000100110010010110010111100101011111110000000100010000000101101
0001000100000000100000101011000111110111011001111010000010000010100101011111000100011101001010111110011000000000010101010011010110010101110001011100100100100000000001010000001100010010010010010001000010000100110100110001011101010011111011110000101010100010
0000100110010001000001110111000100000111010001100000000001010110101010111100101001000011110001011001110010111000000110000011001001101011001000010101010110011110110001100110110011011001101100101110011100000110110000111000101110001010100001101110011100000100
0100010111010011011001110000010100011101101110100000101011011100011100101110011010100111111111001001010001111100001000011100100100101100000000011001000001101010001010000110010011000101001100101010101100010010100010111010001111101000000010100110110000101101
1100100100000011000010111100111011100111110000000001001100001001001000100010100001001100001110101101110111111000001101010000110010110010011100000000111001000100011011001010110110001110101001010010100000000100100000101111110001101000001100000011101011010010
0011000000111011000001110111000110011001010100101010000111010010101110001000100110000011010101011000110000010001011000000101001100101000001000011101000010100010001000110101011011010101100000111110100100001110110000111000001110100010100011101010110100010111
1000001110001100100010010010100001100111000000110000001010010001001010000100101010110011100110111100110100010011001100010101000001000001010100000000110100010100011100000111111110001010111001111011000000000100110110100101110010010000100101010111011011000010
1000100010001001000100100110111001100010010011100000001100000001011100110110111101110011000101101011000101000001101101111111100011010001011100011110110001011001111111000001001100101100100011111111010001010000110100100010001101010000010110100110011011010011
1100111100011110000000010010101001100001010000010000001010010001001110000110101011110011100100101100100100010001001000010100000001001001010100010000110001110101001110000101110100001010011001111011000000001101110110101110110100010000100101010111110011001011
0000100101011011001000101010110110111100000011111000110000001101101100010001101111110000001100001000111010100010001100100111010110011100000000000000000011110101001000000001101001000001001110001000101100100011110110101001101111111111010100101000101101100011
1110001010001101011100110011001001100000100010110101001100001000001100010000111000001000001001010010010100111000000001100100100011100011110100101100011110011100110001100101100110001010110001110011000100100110001100010100000011000010100110010110101010000010
1000010000001110010000001111000001001000011010011111110011000000100000001000011000100110001100100100000001000000001000010011100000001110011100010100110010111100110100010000100100010010011001010110110100000101000010011101011100101011000110000110000000100001
1000011100001001101001100100110001100000100111010101111000001001100100000011110001110000001001110110001000100000000110110011010001000001010101111111110110101000100100001111011000101100001001011011000100001000110100100010110010010001000000110000010011000001
0101000000000001001000000100000111110010111011001111101001010010000111111111010100101010001000100111001000100100010110011010100110001111111000110000101101101011000101111000010110110000010100010001111101000101111000010010011000110100001010000000000000111000
0001000010000001101000001111000111110010011011101111001001000010000111111111010111101010000000100111000000100100010110001010100111011101101001110001100100001011000100111100010100010000100100010001011000000001111000010011001010000100001010000000011010111000
0100110010011011001001001101010000101000110001010101101000011101001000100010101010010010101000001101000111101011000000110100111000101000001100000001010010110111000110001100110111001000001101001010000111111011100010011011100000101101000000001111010001001011
0010000001011011111000100100110100111001101101001010000101111111010011000111000000000000100001100010001000000110110100000010011111101110010101101011011001101110000000110011101011111110011101110100101100000000000000101011110010011101110010100000000001101001
0101000010011100000110111011010110110100011010100010001001100100011101011011000010100001001111101110100000010001101100111110001110011100100000000001100000010010001010010001000001000111110110100100001000100000010010011011000100000001101000011000111010101001
0111011011011100001001010110000110010100111111100111001001010000000001001011010011100010101101101010001001110101001001101000100101001100011001010000100001110011001110110111100001010100001100100001011111101001000110001110100010000001000000000100010100111001
0111100011011100011001010111010101011000011111110101011000010100001000011011011011101010101101111110110001110111101010111110100101001100011000011100100011111011101001010011000000001000010100001001011101000001011010111110101010000001010000000100010000111101
0011011000111010010110011001001110111000100000000000110110011100111000001000101010010111100110010001100110010011011001100101000110111000000000100001000010010110000010100000000001010100100010001010000101101110000110011001101000100110000001101011010010000011
1110111111101110001000010100111001101001010011000000010010001101000000100010101010101010000101111001001001111010101000010100100001010000011100001000110011110100011110001111111101001100001101101011011111001000010110101010110010110000000100000111000011001001
1100001010010110001010110011000001101100110010100101000010111010001010000100111011000000111001101010000000010000000011001100001011100000010100001010010000000000010001100011001111001111101001011011000010010100000100111101110010010000110100000111010111001000
0001101000000001101000101101011110110000000010011001100000000110011010011110111001010000001000011010100100100100010011001011110010100111001100011101010100001011110100000111011011010011110011001010000110110001110100110011001011000111010010100010001110110000
1101100000100110010001001000100011011001001001010010000110000000110101011001000011110011000010101001001101000010000010011001010000000100010100001100100010100001010000010100010000011000010010010000110110001100111010100001010101101010100101011001101000110011
1010001101001100011001010011000011000111101010100101111010110000101100110100111111001110000100101101110101110001001000110100000000010101010000000101110100011001011111010001000100011111111000000010011011001101111010010001100011001010001101111010001000110100
0111101011100001100011001100000100010000011000001111001101000010000111011101010000000100001110101110111000100001010100111010111100010111001000010001100100101011100110010111010100000001110000010100000100101010110110100101010101000101001000001100001010100110
1100100010010010010101010101001000000000010100101000000100011010001000000000101001010000110001001000000100010010010011000000001000000010001100000000011000000110010001100000110001000011100001011010000000011110100000001000000000000100000110000011111100010010
1000011011011011001001100000111001001000010001001100010010010101001000000110101000100000100110100101010001000010001000110011110000010010010100010010110011010100010010000011101001010000001101000111001001111100100110101010010000111000000110100111000011000101
1010110101110010000001011010111010001101100100110000000010010011101010000100101111110100111101101000010001010010111010000111000001000000000100011000010001000000010010000110010001001000101101111111110100101101001010001001010110100011100111101010010101000111
0001000000000001001000100111000101101000001011101010100001010010100101011101000000001100011100001110011000000000011101111011101100100110011000010001100100100000001001111000000110010011100000010000100000000110110010110100010011010011000011111000001000100100
0001001000010000100011100001001100010001101000111010111110101010001011111111001100011010010010000011010001001111010100000011011100111111000001010101001100001010100100010101010111010010000000001000000001010010110000110110001110001000101001110101100110110110
0101001000010001000010101000000110010000001001011010100101000100001001011011100000001001011010101010011001001100010011000000100100011111001000010001000110010010000101010110000111110010100010000000001000110000001010110011001101001101010001001000001100101101
1001100010000000000001100011000001000011001001111010110011001010100101011101100001000101011000111110011001000000010110110011011001000011010100011100100100000000110000111010000100010011101001010000100010000100111100110100010111001011100111111101001010010100
1000000100000001001010001000010010000010000010010000000000001110001010010110101000110011000000000100000100000100000000010011001001100001000100000000010111001100010000000001101010001000101001100111000001100010000000000010000010000001100101100011000001001000
0001100000000001000010101101000010100011000000100010100001100010111100010100100001001101001011001010000100000001000110101011110000010011001100001011011100000101010000100010100000101001100001010010100010000111111000110101110101000011001111101010101100010010
1101111110101010100011111010000001010011000100110010010100101001000101001101000001110101001001110100011001010000001010010000100001000001010101011000100110110001011000011010011100001001000011011001000000001000111100000101010110001011000111011101101010011110
1011010100101011111100001101000001101010101011001010010101001010100100001001010000101001001001101100011000000001000001010000100110111010111100000011101010101100000101110001100010110100001001010010010001011101110000101001010101110011010110111001101000000001
1111000111000000011111010010011001010000001111111010000111110110000001011001000000000001100001000000001010010100110000000000000000000111010001101011101101000001000001110010000000110010001100000000001000010100000010110000010000010100010110010101101000111100
1011111010000001011001010101010001010110100010000000001000001011010010100110011000111011100011101101000100111011100000110001100001000001011100011100110100001000111110000111010000001100100011011111010111110000110000110100111010000000001001100111000011000000
1110001110011001101100100010010001100000000011110101001100100100011010010110111100010100001111110010000101000100101101101110100010000001110101011010111100011000111001001000001101101010100011101111000000010000000110000110001001010000111110010110001011000000
0010100010011011101101010000111000101000100110000101000000111101111110000000101001111010100011010001000100111000100101111011000011011010000101100010011001000111010011101011101001101101001101001111100010001001000100001100100000100010110000101111110001000001
1101000101000001010110000011001001110110001001111110000111010000000001011000000100000001000101000100001000000010101011010100000010000111110100001010100100000001011011110000000000011010100100010000001000010100100010010000010101000000000110010001101000111010
0110010010011111001101010000111000101101100010000101000001111111011110000000111001101000100101000100000000111000101001011100001001101010000100001010010001100111001011101001101010001101001101101111111010000011000100001100100010100010100010000110110001001001
0101111000000001001001011111000111011110011010100010101001101110000100101111011001000000011011001111110000011101001010100000001100111100011000011001000000100011001100010011000100010100000100100100011011110010111000110011001111000001111000010011000110100100
0010001001011010010001111011010010011000000000110000100010100100011000000000111010011111011101001000010100010011001000101000101000100000000001011010010010010011011000000011000001001011100100001010101011001011000010111001101100111011000000011010101100011101
1011101000000000000001101011000011010010000001110010010100100010111100001100100011011011000011100101010100000011100110111011000000010001010101111111111100001001110100001111001110001010100011011010000000001000010100110101101101000010100111111010101000010110
1011000000100010010011000011000011000000000000110000000100001010111010100000100000011011010000000001010100011011100010001011000000010001100100101101011100000001010100011111000110111010100011010010000001001100000000110101010101000010000111111011101100010110
1110011110110011010111110100101000001111010001000000111101110011000000100110100001100111100001100001001001011001100111000000100000000010001100100010111011100100000011100000100001100100011001010011000111001101001100101010110000101000010100000110100111010001
1011101011001000000001110110111001010011010100100110001110100101001100010110111111111001001111101101110011110010101010111110100100000001011001011100100100011000111010000011000000001101110110001011001100100000010110101010101110000000011101110110111011001110
1110000001111111010001110010100011001111011101110101100010010001100001110001100010011010100011000001001101111110100100000000100000000100010100101011011010110101010000111111100101001010001001110110100110001110000010001100110110100010100101011001111100000110
1010010000111010100001010011100011001100000101010100100100000001101100100000100010011010100111100101100100011010101000110111000000010000010101101010110010010100011000001011101101001010101011011010100001011110010010001000110100100010111101111011011001000011
1110100010011110011110110010111001101001001101010101011010010101100001010001000010010000100101101011001001110110101101000100101011001100011100001010110011110100001001011000101101001000011011010001111110010000000010001011110010111000000110010101010101101011
0000001011011001000001110110111101110100010100110000001000000100101100000110101110110001001100101110100010111111101100100111100101011101111000000001000010011011111010000001010101000001001110101110001100010000110110001010001110000000000001100111010011110011
1010100100000011000011111010110000001100100000100000000000001101011000000000101101010111010110010000100100010000100010101001000000100000000100000000011000000001011000001001001001000011101011111010100010000001001100001101010000100000101101101011101111010110
1010000000100011000010110100100110100000000000000000110100000011100101110000100000010011010010101011101011001000010101101111101010010000011001000000000101000000000011010100010001000100110010010101100000111111111110000100110000101110000101100000101001010010
0011100101111010001101110011011000111100000011110000110110010100111001111000100011001011100111000001100001111010101000101001101100000000010000101100001000011001101000110111010111000000100100000000101011001001010010001100000000101010101100101000011100010001
1010100100011010010011101010100010001101000000100000000100001100011100000010101101110101011110010000100100010000101010101011000000010000000100001100011001011101111000000101100001001001001001101110100010100000001000001011101110100000101101110011100101011110
1110011101111110000110101000101010101000000001000000100110001001100100100000101111010011010110100001101111011010111010100100100010011000100100110000011011100110000010000001101001100111001011010011110001111100001010001001110010100110000001001011010001010011
0000101000011000010100100111111110110000110001111000010010000100001100010110101010010001001100001010100111100011001000000101110111011000101000010100000010010111000010000101011001010010100010101011001100000000110110011010001100010101000001100011110010000011
0010111100011110010100101101001110101000000101000000100010000100001100000100101111010001110010011000100111001011110000101101100110011000101000100000011010010111000110000101111001100011101010001010000001101100111110111001101000110111000001001011010111010011
0101001001000100011001110010011101110000001001111000000000010100000001011011000110000001100000000010001010010110110110000100100100000101010000001001000100000001000001110010000111010010010100000000001010000100000000010110000000000000010110010101111110111000
0010000000000001100011001101000110000101011001000000000101010000111010011100001000101111011000000000110110100000100001101111110100111111001001100010011100000110011111010100100011111101101000100111110110010101000100010001100111010110011001101011101000100101
0110000000010001010011001101000010000101011001000010000101010010101010001101101000101111010010100000010110100100100001110000110100011110101101100011011000100110001111110010101010110101101001010010010100000111000000011101100111010110011000001011100000101101
0101001011011000011101110010010100110000011011111000001001011100001101011011101110000000100001000010101001010101000111000100100100001101101000100001000110010011001001010000000101010001100100000000001001000000000100010110000000011000001110010101111110111000
0101001010011110001110100010010100111000111010101011011111001100001101011011111000000000000110001010000001011101010100000000101110011110101000000111000010010010100000110001001001100001110100001100001011000010100110001110001000011000000000000111111110101000
0011100011001000011011010010100101010101101010101111111001111001000001111111010011101010110111111011111010010101111110011010000100011111010000011001100001111000101000110011000000010101001100100100011010000001000010100110010001000000101000110100000000101101
0001001010011000011000010011010100110000100011110111011000001100001100001010111010010000000100001010100001000011001001000011110110011001000000001100000110011010111100000001001101000010110110001011001011010010100110110000001001011010000000110110001110000000
0001000000011000000001100010100101010001001011111010010001011001100101001111010101100011010010000011011001001000001110100011010101001110010000010100101011111010100100010010011001010001000100101000111000000000111110111010000111000000010010110000100110100001
0011001001000100100001010011010100010000100000110011000110101100101011011000000110100000010001010010110000010010101010000101000101000001000001111100000110000011101000000111011001001011100110001001001110000000010110010000001110000011000001111000011110010110
0011001010000001011000010100110000010110111010000010101100000111000101101111010000001010000011000111011000011001110100010000000000110100001100101010000111101001100000010111010000001100000110111100101011110010010100100010011110100000101010100100100110101000
0111110100111011011001011011010111111100100001100100000100011100100010000000001010000100101101101100100000110010101000100011001001100000010000001000100010010000001010000000000111001100000100101011111100111101000010011001001000100011100000110000010001010111
1000000000011011000101000010010000000000000000110000000110001100011010000000101000010111010100000101010100000011101110101011001001100001100100111101010100011011110100000100010111101010101011101110000110101011000010001000001101000010100111111011101001010110
0101000100011100100111000011001110010000001000111010000111101100000101011001001000000001010000010000001000000100010001000100011100001101110001110011001101110010000001110000000101110010000010000000001010010110010010010100001000000000010011010001010000101100
1011100100000000100010000011001001110000000000111110000111101010000101001000000101000001000001011100001000000000011001010000010010000010010101011010001100100001000000110010000000110010100011010000000000000100111000110000011001000000010011010000001000010011
0111000111110010001001110110000100011101111010000111101000010001000111111111000010000110101111001011111011010010101000000010100100101100011000011001100000101001001011010110010111011110010100000000101000011100010000101110010010101000000000001100001100110001
0111000010000000001001110100100110010111111010100111101000100110000001111011010011000010010000000011111011010111100111001010001100011101001001011001001101101010000000011111010100010111010100100100101001000010001000010111001001000100101000000000001100101100
0011000010000000001001111110100101010111111010101111101010010011000001111111010011010010100010100111101001011110110111011111000100010101011001010000101101101001001000011101010100010011010000010100101000100110011100000010011000000000001010110000001110110100
1000100110001100001000011110111001110011110111110101001000000101011110000010111111111100001100111000100101110011001110101100100011000001011100011001110001011001111100000000000000001001110011101010110000000001011010100011001000010001000101000110011101010010
0010011110000000111100100100100100101101010010001111001101110011110000101111011000101010000010000101101110001101010101110011011100111110101101100110011101101111100111101101111010110100001001110111000000001110000100001110110001000100111000100110100111011000
1001100000100100001000010111011001110110110011110011100010001010111111111100110011011010000101111111000000011001001010010001000011100001011000011111100100001001111100011000000110001010100010111110010001001010110010110100001100000010100110111011111000010000
1111000110000001100101110000001001011110011000000111111101100010010001011011000101010000000011110110111011011101000001011110100000000111010101111001101111100000011011110110010100011101010010010000100001010100011000010010010101000000000101011100001010111110
0111000101000001001001011010100100010000001011111110110101010110010001011011010001100100101001101010001001100101111100101010100101001111000001100010001001101011001101110110001001110000001100000001111100100100001000010111010010000001010010010000010000111100
0101000111011110001110100110111101011101010111111000101010011000001001110011010010000011100111101011000001111011101101000100111010000010011000000001000010011000011011100001000101000010110100011100100101000010100010001110000010110000000010001101011010101011
1111000010000001100000010100100011110111101000000110000000100010100111011101000000110100000000100110101110100110010101010000010011010101010101011000111101100000010000010111011100011111000011010001010110000100010100100000110011000111110101010001001000100010
1010100010100010001110000010110000101111000011100001001110001111111110000100110000010111000111100101000100010010101100011011001010110000100100101111111101001001111010100000000110101110101011111110100010001010001000001111010101100000101110111111101001000010
1011110110100011101000110101001000111001110011000111000001101010000101001100000001000110011011010001000001100000010011101010100010000010001101101011001010101001100011111010000011011100100001111110000100001000001000111001011011101010010010001101101100011101
0011100001000101011010000011010110110010001011111010110000001010110001111001010000110011001000000010001000110110110001111001100011100101000000101101001100101011110000111110010010110010100110010000110110010000001010010100011010001011000010111101101000100000
1010110100000011000000010100100011101111100000001101000000000011110100000000100100011110000000110000101000000000110101100011101011000010011100100100011011101100110001001110111000100000101011111011100010001111010100101000110000110111010101100000101001000010
1110000001011010001000111011000010101000100010110000010000011000101000010000100000000000111111001011000101011000101001000000000010110010000100111001010010010001011001100111010011001011100001010010100100000100000010111001100010101010100111101010001110000101
0000101000000001000000100101000010100110011001000000110100000010111100110000100100010000010010000011010101101000000000100011110010000000100100010111011010000101010000011000101000111101100011010010000101100101111100010000100101011110010001101011001110110010
1010011000101011100000110011010011101000000001100000100100100100011110100000101110110001001011000001000110101000100000100001110010100000010101101010111000010100011100000011100011101000101011111111010110101000010000111000101110110110010101111011100111000010
0001000000000001001000000001000110010000101010011011010001001000110001111101010000101010000000000011001001001001010000101011100101001001001000001101000000111010100100011001000001010000100000011000010011000000000010010000011010000010000000101000101100100001
0001000001000001101001001110110100010001101011111010000100011000100011011101010000100100111010000110001000000110110100000011111101000111001001000110001110001010100000111000001000100001100100100100111000100010001010000101000000000011010010111100001000110100
0010000011011000011010001110111101110001000001110101000100000100001110010010101100100010000111100010010100000110101100001000000011001101111000101010111011010110011000001001101111101010001101101011111000000001001110001011101101010000110110000111100011101000
0101101111000100001010111100011110010100011010001111001001011110000001011111010001000000011110111111111011011101011011111000100100011111011000010001100111100011001011010101010100010110011100100000001001110001100010100011010101000100001000000100100010101101
1101101001000101101001111110100111010010111101111111001001010110010001011111010001001000100011111110111001111101010110111010101100010111011001011001100101101001000000111111011100010010010100100000001001110000101100100010010000000001001111010000011010101100
0101010111010000000000000011001101010001101001111111110101011000000001101011000010101110110100000011011001100011111001001010110111001111010000010011000100110010000101011010000001110000000100010000011111011100000010110000000000010010010011011100001100101010
0011001000000000011010111011000100110001001011110010000001000100111111011011011000001001011101001010110000111001101001000001100110011111000000001100000100011011101001011111010101010010100110001101001001100011000110110100001101000011101010100000101010110000
1001000000000000010110110011001011100101001000111010000111010000100001011001000001001001101111100011001001111000111011001111100010010111010100000111100000101001000001111001001111010010100000110100000110110101001010010000010000001010100111111000001000110001
0100100111001101001001011110111100010110111111100001001101011101001010010010111011100100111101101100110010110110101110110110100101001101000000001000100111011011111110001011000000001100011100100111111100010000100010100111100010000001000000000110110001111100
0011011001000001100110101111000110011001101001111011000101011110110111001111001110100001010010010010011000001100010100101011010110111100101001111111001001100010100101110001001011110000000100100101001000100000001110010111001111001000110010100000110110100100
0011001001000001100101100011000110010010101001111111000101100110111110011111001100101000010010010010010000001101100000101111000101011101101001110111001110000010100100110001001001110000100100101100001010100001000100010110001111010010111010110010100110100110
0000010000000001100101000100100101000110111000001010000101011111010110011011001010101100010000001110011000000100010100110111001101101101111001010100100101100110100110101100111010010101001101101001011010100110101100100110011100011001101011100101110111100110
1100000000111110000000000001010010001000000010000101001000001101111010000100111000001000001000000000000001100000000100001010001001100000000100000101000000011000110000001000000001000010111000101010110100001010000000001100000000100011100100001110001101000001
1100010010111010000000000000110000001000000010000101001000001101011010000100111000001100001000000000000001100000000100001010001001001000000100000001000000011000110000001000100011000010111000100010110100001000000000001100000000100001000100001110000101000001
1100100110000100110110000111000011100110010000100101100110110110111110110000101111111100000011001111000100101000000011111100011011100001101101000010110100000000011101000000001110011001101000100111101011110111111100010100100010110010100110010111011010010010
1000000101011011110001101010111000001001100001100101011000110001101000010100100010011000101001100000000101100010100100000011110001010000001101101010011001010100110010001011101111101000111011011011100100000011000110101111110010011101010101100010111111000111
0001010100110001000000000000100110011001101000011010100001000010010011101011000000101011001010000001001010001000010000001001001100111110000001010000000011100110000101011000100011010000000000011001110001001000000000010000011100101110100000110000100101001001
1010111110100010111010111101100001101110010001000000000001011011110010000100100001101000101011100000101100100000000011010001000001010010011100110010111000101101010011101010101000111100001001110111000100011100010100101101110001100011010100101111000011010100
1001011000000001000000001011010011010011001000000010000001000010111010001000100000101001001010000100000000001100000000011011000000100101000100001001100100000000011100010001000010001000100000110110010010001111000000010001011100000010100101111010101100100010
1000000001000000001101110011011001110110010110100101110010100100101100100000111010111010000111000001110101011010101000101111100000000001000100011100110000001000111000001001001001001100110111001010101010000001010100011101001100101010000110111010111111000000
0000000101011010001100101010011110100000100011110101001011011100101110100110111000001000001100101000000100011000001101001111001110111010100000000101010000011110101011100001100111001010101101101110001000110011100110001011101001010001101000100010100011010001
1000001110000101101010111011000001100011000011110101011000000010011110100100110010111010001011100101000100001000000000010011000010100001010101011111110100001001110101000111010010001000100011011011010000110001010100010101110000011010110111111110001001000000
0100000100000101110000011001010010100110000000000000001000101110011010010110101111111001001010110000100110000110100110110000000010000001000101101111110100000111010110000110110010001110111011110010110000100100001000010111101011000101111001000011100000111011
1100100101000101011000001100001000100110010000000001001000101011001010000110101011111100001011110100000100100110000111110110000010010001001101101111111110100101011111000010100010001100111011110010000000100110000000001011110011000001101100000111000011000010
0111000010001100001100011010010111110101101011110111001001101100000101011111010101101010001001100110001100110101101011110000100111001111010001111011101010010000001101110010000100101011010110000000011010000000001010010111101010000001010000011000100000101001
0110000011001001010000111100101100100110011000000100001000100100001010010111101010111100101010000010100110110110100101010110000110111101001001000001110110010111001011000111100010001100101011100010100100010110000000001011100010000000111000001111001110100010
1000101000111011000001101011000000101010000001110001110000000000101000100000101001011000000010011001000100011001001011100011001000110010100100000101010000010101110001101101100001001000100011011110000001111110111010111000001000100010100111111011001101010010
0111110010011011001001010110100101011101011011101010000001010000000011111001010001100110100111111011111011010100101011000010100101001110011000100100100001111011101011111110011011000101000100001001111010000000010010101000011000101010100000000100000100101001
1100110011001111000000011111010001100001000010110000001000010100001010000000101011100000001101001000100000010100001001100100100010000001011100001000110000000000011101100100010010001001111101110011110000111000100000100001010000100011100110000110010101001001
1010110000100010100101101000100001100010000001011010000011000011100111000000100101110100001010000000001100000000110111100001000000010011110101100010011001101100010001100101110001110000001011110110110010001100011000001001010000100101111111111000001101000010
1100110100011010100000110001000000101000000010010000110011010000101100100000111100000000101111001000000101001001001001100000101010100010000101000001011000110111000011100011100001001101111011011010100011101100111010111000100000101011000100001010000101001001
0010001000000001000100110010001101011100010001111000000100010000000011010011000000100000000111010010000000011000101000000000001100101100110000101001100001100010001100100011010010000000000000100000001010000000000010000000001000010000100010010000000100100001
0000000000000001000000010100000100000110010001000000100100000010001000110000101000000010000000001000100111011001110000000000100001000001001100001001010100000010010100000110010001000100100001000110000001010010100000000000100000011101000000000010000100000000
0010000100011010000100100000000101001101010001000000000010100000000001010001000000000110000001100110001111010000110000110000001101101000110001100010111000110100001010100000100111100110000000000001110000000010000000001000110000110100010000000000000000000001
