1106.000000 5.000000 0.482195 -0.366575
420.000000 10.000000 -0.210806 -0.335110
1158.000000 10.000000 0.547849 -0.369410
80.000000 11.000000 -0.603040 -0.375441
153.000000 13.000000 -0.506272 -0.360348
101.000000 15.000000 -0.573744 -0.366852
145.000000 16.000000 -0.515949 -0.358171
99.000000 17.000000 -0.576077 -0.364850
334.000000 17.000000 -0.298181 -0.333895
266.000000 18.000000 -0.371630 -0.339464
130.000000 19.000000 -0.534753 -0.357159
822.000000 21.000000 0.173183 -0.321683
264.000000 23.000000 -0.373311 -0.334215
1060.000000 23.000000 0.424240 -0.339646
982.000000 24.000000 0.336488 -0.329814
181.000000 25.000000 -0.469699 -0.342415
160.000000 26.000000 -0.495455 -0.344357
160.000000 30.000000 -0.494856 -0.339813
182.000000 31.000000 -0.467639 -0.335525
78.000000 38.000000 -0.600920 -0.343890
72.000000 39.000000 -0.609007 -0.343764
666.000000 47.000000 0.024409 -0.291307
133.000000 49.000000 -0.526149 -0.322326
1075.000000 49.000000 0.438599 -0.312833
161.000000 50.000000 -0.490752 -0.317186
973.000000 51.000000 0.324389 -0.300253
160.000000 53.000000 -0.491578 -0.313983
42.000000 67.000000 -0.646245 -0.316203
1217.000000 70.000000 0.617581 -0.309662
392.000000 75.000000 -0.235006 -0.269697
394.000000 76.000000 -0.232967 -0.268584
392.000000 78.000000 -0.234849 -0.266673
73.000000 82.000000 -0.600607 -0.294026
1262.000000 88.000000 0.678831 -0.296122
165.000000 98.000000 -0.479862 -0.264220
159.000000 107.000000 -0.486162 -0.255245
1154.000000 107.000000 0.528233 -0.259289
158.000000 109.000000 -0.487164 -0.253217
484.000000 114.000000 -0.144544 -0.227609
89.000000 120.000000 -0.573752 -0.249426
368.000000 120.000000 -0.256643 -0.226019
119.000000 126.000000 -0.533944 -0.239325
1118.000000 128.000000 0.481171 -0.232831
1080.000000 130.000000 0.436001 -0.227203
1083.000000 133.000000 0.439217 -0.224356
382.000000 137.000000 -0.241996 -0.208726
567.000000 142.000000 -0.066777 -0.199288
42.000000 144.000000 -0.635017 -0.228867
566.000000 144.000000 -0.067676 -0.197402
568.000000 144.000000 -0.065836 -0.197381
1268.000000 144.000000 0.679448 -0.232983
49.000000 145.000000 -0.625098 -0.226900
43.000000 149.000000 -0.632999 -0.223216
1269.000000 149.000000 0.680265 -0.227486
1209.000000 160.000000 0.594361 -0.208211
1003.000000 169.000000 0.348093 -0.182460
415.000000 186.000000 -0.208237 -0.160565
102.000000 190.000000 -0.549415 -0.173068
195.000000 190.000000 -0.436553 -0.166243
535.000000 191.000000 -0.095662 -0.153617
1135.000000 197.000000 0.495922 -0.162616
1164.000000 198.000000 0.531869 -0.163743
1236.000000 201.000000 0.627372 -0.166674
1238.000000 202.000000 0.630076 -0.165780
612.000000 213.000000 -0.025252 -0.132734
206.000000 216.000000 -0.422575 -0.139661
179.000000 221.000000 -0.453201 -0.136094
1065.000000 225.000000 0.412692 -0.130413
178.000000 228.000000 -0.453996 -0.129153
201.000000 228.000000 -0.427633 -0.128025
198.000000 231.000000 -0.430891 -0.125198
199.000000 233.000000 -0.429665 -0.123175
203.000000 234.000000 -0.425098 -0.122007
56.000000 235.000000 -0.606862 -0.129320
1232.000000 239.000000 0.618774 -0.125786
434.000000 240.000000 -0.188976 -0.109566
402.000000 246.000000 -0.219369 -0.104542
1167.000000 253.000000 0.532130 -0.107365
1197.000000 254.000000 0.570682 -0.107924
1169.000000 257.000000 0.534454 -0.103386
1228.000000 259.000000 0.612014 -0.104444
7.000000 260.000000 -0.674133 -0.105905
35.000000 265.000000 -0.633972 -0.098953
163.000000 267.000000 -0.469804 -0.091009
259.000000 267.000000 -0.362695 -0.087955
532.000000 272.000000 -0.097708 -0.079121
1161.000000 279.000000 0.523460 -0.080711
1248.000000 279.000000 0.638755 -0.084418
770.000000 281.000000 0.118098 -0.071067
1073.000000 281.000000 0.419569 -0.075885
1158.000000 281.000000 0.519653 -0.078582
1160.000000 281.000000 0.522140 -0.078654
1235.000000 283.000000 0.620443 -0.079615
1070.000000 284.000000 0.416136 -0.072886
1073.000000 284.000000 0.419488 -0.072965
1235.000000 286.000000 0.620314 -0.076472
1086.000000 288.000000 0.434036 -0.069405
190.000000 292.000000 -0.437801 -0.065554
1087.000000 292.000000 0.435070 -0.065522
1244.000000 293.000000 0.632540 -0.069490
157.000000 294.000000 -0.476015 -0.064438
1089.000000 296.000000 0.437248 -0.061663
188.000000 299.000000 -0.439913 -0.058761
165.000000 300.000000 -0.466451 -0.058309
188.000000 301.000000 -0.439869 -0.056807
1082.000000 308.000000 0.429063 -0.049819
1227.000000 308.000000 0.608551 -0.053237
1271.000000 311.000000 0.670353 -0.051381
366.000000 313.000000 -0.253282 -0.042848
123.000000 324.000000 -0.516407 -0.035328
125.000000 325.000000 -0.513929 -0.034296
328.000000 327.000000 -0.290704 -0.030134
1239.000000 332.000000 0.624512 -0.028524
1263.000000 344.000000 0.658180 -0.016235
1164.000000 354.000000 0.525690 -0.005362
1167.000000 355.000000 0.529437 -0.004365
1172.000000 361.000000 0.535715 0.001664
191.000000 367.000000 -0.435840 0.007449
99.000000 370.000000 -0.546194 0.010761
1044.000000 375.000000 0.386661 0.014999
156.000000 380.000000 -0.476399 0.020352
178.000000 381.000000 -0.450759 0.021154
241.000000 381.000000 -0.380727 0.020698
7.000000 387.000000 -0.671318 0.029319
214.000000 391.000000 -0.410255 0.030523
1173.000000 394.000000 0.537257 0.034923
189.000000 395.000000 -0.438326 0.034690
430.000000 395.000000 -0.191860 0.032643
193.000000 397.000000 -0.433816 0.036583
189.000000 398.000000 -0.438367 0.037611
1273.000000 400.000000 0.673013 0.043188
211.000000 401.000000 -0.413700 0.040214
189.000000 402.000000 -0.438425 0.041507
1245.000000 403.000000 0.633179 0.045660
8.000000 415.000000 -0.670573 0.059062
375.000000 419.000000 -0.244642 0.055152
1070.000000 420.000000 0.415774 0.058651
1144.000000 421.000000 0.501889 0.061389
7.000000 423.000000 -0.672306 0.067623
1145.000000 423.000000 0.503162 0.063415
1219.000000 426.000000 0.598161 0.068835
1191.000000 433.000000 0.561346 0.075018
1064.000000 434.000000 0.409426 0.072089
1067.000000 434.000000 0.412757 0.072165
401.000000 436.000000 -0.219760 0.070584
1060.000000 437.000000 0.405078 0.074896
1069.000000 437.000000 0.415061 0.075131
1066.000000 438.000000 0.411749 0.076023
1071.000000 440.000000 0.417374 0.078103
1059.000000 441.000000 0.404080 0.078746
1165.000000 441.000000 0.528477 0.082180
74.000000 442.000000 -0.580314 0.084792
1132.000000 442.000000 0.488033 0.081978
1163.000000 442.000000 0.526011 0.083115
1065.000000 443.000000 0.410775 0.080853
1059.000000 444.000000 0.404162 0.081655
1062.000000 444.000000 0.407478 0.081740
12.000000 445.000000 -0.666079 0.090881
1045.000000 446.000000 0.388879 0.083205
1047.000000 447.000000 0.391084 0.084226
14.000000 448.000000 -0.663360 0.093981
16.000000 451.000000 -0.660653 0.097076
139.000000 471.000000 -0.499289 0.111353
16.000000 473.000000 -0.662000 0.120629
1199.000000 474.000000 0.573793 0.117658
1201.000000 478.000000 0.576678 0.121938
63.000000 484.000000 -0.597325 0.129118
994.000000 490.000000 0.335971 0.123989
1251.000000 493.000000 0.646288 0.141322
9.000000 505.000000 -0.674590 0.155790
5.000000 508.000000 -0.680674 0.159422
100.000000 509.000000 -0.550357 0.152623
183.000000 509.000000 -0.449143 0.147195
182.000000 511.000000 -0.450416 0.149259
1087.000000 512.000000 0.438500 0.149730
28.000000 518.000000 -0.648501 0.168205
34.000000 524.000000 -0.640581 0.174144
17.000000 528.000000 -0.665195 0.180169
873.000000 530.000000 0.216224 0.158320
26.000000 533.000000 -0.652809 0.184729
132.000000 556.000000 -0.513745 0.199016
1191.000000 565.000000 0.570821 0.212996
1207.000000 586.000000 0.594703 0.237660
1133.000000 590.000000 0.499347 0.233571
58.000000 592.000000 -0.614780 0.245906
1223.000000 593.000000 0.617572 0.247434
306.000000 601.000000 -0.319987 0.231728
1123.000000 612.000000 0.489407 0.255945
1273.000000 614.000000 0.692131 0.278337
69.000000 622.000000 -0.603751 0.277893
1095.000000 635.000000 0.458135 0.277486
148.000000 639.000000 -0.502834 0.286015
147.000000 644.000000 -0.504722 0.291629
68.000000 648.000000 -0.609053 0.307546
277.000000 653.000000 -0.354733 0.287215
70.000000 659.000000 -0.608067 0.319869
1156.000000 659.000000 0.537037 0.311782
1203.000000 660.000000 0.599879 0.320246
1204.000000 662.000000 0.601581 0.322718
1230.000000 663.000000 0.638027 0.328259
1276.000000 665.000000 0.704849 0.338608
1276.000000 667.000000 0.705197 0.340991
1227.000000 671.000000 0.635171 0.337113
1085.000000 676.000000 0.451136 0.320932
1271.000000 676.000000 0.699447 0.350864
1020.000000 681.000000 0.376757 0.318816
1272.000000 681.000000 0.701806 0.357040
1264.000000 686.000000 0.691026 0.361599
1122.000000 692.000000 0.498653 0.344046
48.000000 693.000000 -0.644769 0.363622
1068.000000 693.000000 0.433166 0.337583
1069.000000 695.000000 0.434606 0.339941
888.000000 696.000000 0.238482 0.323580
1067.000000 696.000000 0.432378 0.340794
1239.000000 700.000000 0.657524 0.373797
945.000000 702.000000 0.297618 0.334235
682.000000 705.000000 0.039674 0.325216
1105.000000 705.000000 0.479467 0.356300
1239.000000 705.000000 0.658474 0.379831
658.000000 715.000000 0.017139 0.335339
155.000000 716.000000 -0.505248 0.371815
1061.000000 716.000000 0.427987 0.362460
