65.000000 4.000000 -0.625178 -0.386694
1115.000000 5.000000 0.493419 -0.368004
315.000000 8.000000 -0.319152 -0.345327
801.000000 8.000000 0.153327 -0.334275
83.000000 9.000000 -0.599291 -0.377270
248.000000 9.000000 -0.392953 -0.351489
1264.000000 10.000000 0.695535 -0.389362
113.000000 12.000000 -0.558256 -0.368255
160.000000 13.000000 -0.497457 -0.359236
373.000000 15.000000 -0.257905 -0.332935
1071.000000 15.000000 0.438258 -0.350051
736.000000 16.000000 0.090692 -0.323802
163.000000 17.000000 -0.493081 -0.354176
143.000000 18.000000 -0.518178 -0.356184
147.000000 19.000000 -0.512920 -0.354387
143.000000 22.000000 -0.517535 -0.351572
164.000000 23.000000 -0.490921 -0.347170
278.000000 25.000000 -0.357597 -0.330553
1275.000000 28.000000 0.708230 -0.369533
61.000000 31.000000 -0.625725 -0.355149
61.000000 34.000000 -0.625184 -0.351599
1055.000000 38.000000 0.416572 -0.322472
116.000000 41.000000 -0.549421 -0.334062
142.000000 45.000000 -0.515271 -0.325508
144.000000 45.000000 -0.512737 -0.325213
425.000000 47.000000 -0.203832 -0.296434
28.000000 58.000000 -0.667799 -0.329110
373.000000 65.000000 -0.254586 -0.280913
162.000000 67.000000 -0.487255 -0.298238
372.000000 67.000000 -0.255475 -0.278932
1276.000000 73.000000 0.701802 -0.315957
1245.000000 76.000000 0.656197 -0.307299
1202.000000 80.000000 0.595316 -0.295870
800.000000 83.000000 0.149585 -0.258110
1136.000000 95.000000 0.506968 -0.270140
174.000000 96.000000 -0.469218 -0.265364
142.000000 98.000000 -0.508174 -0.266889
165.000000 98.000000 -0.479862 -0.264220
141.000000 100.000000 -0.509184 -0.264840
69.000000 111.000000 -0.601900 -0.261998
72.000000 111.000000 -0.597807 -0.261590
1212.000000 113.000000 0.604233 -0.260201
102.000000 117.000000 -0.556979 -0.251090
1131.000000 118.000000 0.498108 -0.244792
1060.000000 119.000000 0.414031 -0.236863
1064.000000 121.000000 0.418408 -0.235137
1091.000000 121.000000 0.449642 -0.237571
89.000000 122.000000 -0.573502 -0.247233
362.000000 128.000000 -0.262258 -0.218423
33.000000 137.000000 -0.648632 -0.237797
1252.000000 137.000000 0.657191 -0.238753
1191.000000 148.000000 0.571552 -0.219202
983.000000 158.000000 0.327623 -0.192241
1190.000000 162.000000 0.568729 -0.204041
1142.000000 165.000000 0.507075 -0.196274
1144.000000 165.000000 0.509554 -0.196452
1168.000000 168.000000 0.539532 -0.195496
263.000000 175.000000 -0.362145 -0.177201
395.000000 175.000000 -0.227887 -0.171607
1113.000000 182.000000 0.470523 -0.176377
182.000000 185.000000 -0.451898 -0.172140
1147.000000 186.000000 0.511508 -0.174856
1221.000000 191.000000 0.607557 -0.176029
1049.000000 200.000000 0.396173 -0.154298
135.000000 202.000000 -0.506951 -0.158065
192.000000 204.000000 -0.439146 -0.152376
127.000000 208.000000 -0.516417 -0.152462
1052.000000 212.000000 0.398875 -0.142604
1047.000000 213.000000 0.393321 -0.141379
161.000000 214.000000 -0.474739 -0.144150
183.000000 218.000000 -0.448727 -0.138877
160.000000 220.000000 -0.475575 -0.138154
165.000000 222.000000 -0.469539 -0.135857
1220.000000 223.000000 0.603469 -0.141855
182.000000 224.000000 -0.449565 -0.132939
185.000000 224.000000 -0.446101 -0.132784
40.000000 225.000000 -0.629643 -0.141103
1222.000000 226.000000 0.605971 -0.138831
413.000000 229.000000 -0.209151 -0.120185
378.000000 231.000000 -0.242897 -0.119067
212.000000 232.000000 -0.415083 -0.123579
168.000000 234.000000 -0.465371 -0.123666
381.000000 234.000000 -0.239907 -0.116183
696.000000 237.000000 0.050865 -0.110805
1149.000000 241.000000 0.510323 -0.118631
1152.000000 242.000000 0.513974 -0.117777
1193.000000 243.000000 0.566072 -0.119084
1212.000000 247.000000 0.591010 -0.116073
61.000000 249.000000 -0.599172 -0.114284
1270.000000 255.000000 0.671537 -0.111237
19.000000 256.000000 -0.657108 -0.109457
240.000000 256.000000 -0.383388 -0.099109
125.000000 261.000000 -0.515863 -0.098578
329.000000 261.000000 -0.290655 -0.091961
512.000000 261.000000 -0.116101 -0.089301
1150.000000 265.000000 0.510397 -0.094401
1056.000000 267.000000 0.401104 -0.089003
749.000000 268.000000 0.098945 -0.082783
1060.000000 268.000000 0.405486 -0.088154
1054.000000 269.000000 0.398844 -0.087002
1052.000000 272.000000 0.396563 -0.084037
1068.000000 276.000000 0.414125 -0.080612
1069.000000 279.000000 0.415155 -0.077721
1227.000000 281.000000 0.609537 -0.081356
171.000000 283.000000 -0.459905 -0.074908
139.000000 285.000000 -0.497816 -0.073920
1226.000000 289.000000 0.607837 -0.072971
170.000000 291.000000 -0.460841 -0.067051
327.000000 291.000000 -0.292107 -0.063808
34.000000 294.000000 -0.634021 -0.068435
1210.000000 296.000000 0.586006 -0.065125
432.000000 297.000000 -0.190157 -0.057023
1255.000000 298.000000 0.647846 -0.064635
106.000000 312.000000 -0.537848 -0.047722
107.000000 316.000000 -0.536499 -0.043662
308.000000 316.000000 -0.310957 -0.040604
586.000000 330.000000 -0.048524 -0.026414
1150.000000 343.000000 0.508446 -0.016290
960.000000 347.000000 0.299073 -0.011507
172.000000 356.000000 -0.457603 -0.003263
1037.000000 358.000000 0.379073 -0.001264
1040.000000 358.000000 0.382303 -0.001266
438.000000 361.000000 -0.184248 0.001546
1059.000000 361.000000 0.402989 0.001608
291.000000 362.000000 -0.328099 0.002523
1025.000000 363.000000 0.366244 0.003497
1134.000000 367.000000 0.489010 0.007582
798.000000 369.000000 0.143604 0.008805
1176.000000 369.000000 0.540793 0.009737
138.000000 370.000000 -0.497839 0.010578
1231.000000 371.000000 0.613301 0.012076
965.000000 376.000000 0.304130 0.015608
1156.000000 382.000000 0.515870 0.022647
170.000000 385.000000 -0.460044 0.025139
175.000000 387.000000 -0.454273 0.027046
171.000000 388.000000 -0.458914 0.028068
1257.000000 389.000000 0.649799 0.031202
171.000000 392.000000 -0.458961 0.031988
1230.000000 392.000000 0.612187 0.033861
192.000000 393.000000 -0.434897 0.032707
1135.000000 396.000000 0.490478 0.036319
353.000000 403.000000 -0.265990 0.040523
1128.000000 407.000000 0.482296 0.047096
1051.000000 409.000000 0.394619 0.047683
1128.000000 409.000000 0.482336 0.049076
770.000000 415.000000 0.117968 0.050492
1119.000000 416.000000 0.471821 0.055803
231.000000 422.000000 -0.392078 0.060124
1043.000000 422.000000 0.386147 0.060040
1045.000000 422.000000 0.388317 0.060079
1047.000000 422.000000 0.390491 0.060118
1049.000000 423.000000 0.392689 0.061121
378.000000 425.000000 -0.241797 0.060678
1044.000000 425.000000 0.387291 0.062944
1051.000000 425.000000 0.394913 0.063089
380.000000 426.000000 -0.239870 0.061581
1041.000000 427.000000 0.384082 0.064805
1047.000000 427.000000 0.390593 0.064931
996.000000 428.000000 0.336425 0.064886
1053.000000 428.000000 0.397166 0.066026
1148.000000 429.000000 0.507003 0.069508
1050.000000 430.000000 0.393930 0.067888
1048.000000 431.000000 0.391771 0.068807
1146.000000 431.000000 0.504620 0.071449
1043.000000 432.000000 0.386357 0.069657
1040.000000 434.000000 0.383154 0.071513
1000.000000 438.000000 0.340781 0.074460
404.000000 453.000000 -0.217115 0.086276
76.000000 461.000000 -0.578584 0.104343
121.000000 462.000000 -0.520977 0.103116
1185.000000 466.000000 0.555069 0.108599
790.000000 468.000000 0.136784 0.099035
46.000000 475.000000 -0.619917 0.120763
976.000000 477.000000 0.316944 0.110974
1235.000000 481.000000 0.622946 0.127326
1239.000000 483.000000 0.628652 0.129731
987.000000 486.000000 0.328561 0.119914
763.000000 489.000000 0.112093 0.118069
164.000000 497.000000 -0.470690 0.136221
1069.000000 500.000000 0.417434 0.136846
163.000000 501.000000 -0.472100 0.140304
19.000000 504.000000 -0.660083 0.153834
975.000000 506.000000 0.316863 0.138697
133.000000 512.000000 -0.509024 0.153371
17.000000 514.000000 -0.663846 0.164876
744.000000 518.000000 0.094935 0.144673
854.000000 518.000000 0.197689 0.146515
5.000000 519.000000 -0.681701 0.171479
853.000000 520.000000 0.196782 0.148373
8.000000 523.000000 -0.677722 0.175580
852.000000 523.000000 0.195898 0.151173
1167.000000 531.000000 0.536431 0.174687
136.000000 535.000000 -0.507021 0.176831
123.000000 545.000000 -0.524023 0.188304
114.000000 546.000000 -0.535484 0.190146
1199.000000 549.000000 0.579791 0.196656
1175.000000 554.000000 0.548763 0.199614
1191.000000 576.000000 0.572035 0.224865
25.000000 577.000000 -0.659301 0.233462
24.000000 579.000000 -0.660993 0.235829
250.000000 585.000000 -0.378750 0.219329
1106.000000 601.000000 0.467663 0.242462
1233.000000 601.000000 0.632633 0.257722
23.000000 602.000000 -0.665551 0.261896
26.000000 604.000000 -0.661521 0.263739
1161.000000 604.000000 0.536144 0.251702
1206.000000 609.000000 0.596329 0.262954
31.000000 613.000000 -0.655659 0.273246
53.000000 613.000000 -0.624582 0.270057
1218.000000 618.000000 0.614089 0.274718
1078.000000 625.000000 0.437024 0.265000
1275.000000 625.000000 0.696763 0.291381
545.000000 627.000000 -0.087827 0.247988
1273.000000 627.000000 0.694135 0.293393
131.000000 628.000000 -0.522802 0.276130
1246.000000 628.000000 0.655081 0.290313
956.000000 629.000000 0.303558 0.258963
554.000000 630.000000 -0.079491 0.250768
129.000000 636.000000 -0.526381 0.285178
52.000000 639.000000 -0.629881 0.299756
864.000000 640.000000 0.211513 0.264884
898.000000 640.000000 0.245170 0.266595
1221.000000 648.000000 0.622863 0.309351
54.000000 649.000000 -0.628674 0.310939
1210.000000 649.000000 0.607738 0.308733
1143.000000 650.000000 0.519079 0.299864
1190.000000 650.000000 0.580603 0.306734
1216.000000 653.000000 0.616701 0.314302
1213.000000 654.000000 0.612696 0.314965
55.000000 655.000000 -0.628254 0.317711
1039.000000 656.000000 0.395480 0.293959
1273.000000 659.000000 0.699405 0.330960
1212.000000 661.000000 0.612463 0.322888
1062.000000 664.000000 0.422633 0.305030
1103.000000 664.000000 0.471266 0.310010
1002.000000 667.000000 0.355509 0.302051
1000.000000 668.000000 0.353421 0.302925
1181.000000 670.000000 0.571675 0.328167
1258.000000 672.000000 0.679773 0.343776
1050.000000 675.000000 0.410044 0.315601
696.000000 676.000000 0.052479 0.295914
1250.000000 677.000000 0.669086 0.348293
1108.000000 679.000000 0.479387 0.327340
1106.000000 681.000000 0.477212 0.329300
1125.000000 682.000000 0.500921 0.333150
1138.000000 682.000000 0.517364 0.335102
1265.000000 682.000000 0.691756 0.356977
1269.000000 682.000000 0.697597 0.357700
1052.000000 683.000000 0.413275 0.324564
31.000000 684.000000 -0.667375 0.355988
1048.000000 684.000000 0.408787 0.325188
1052.000000 685.000000 0.413513 0.326756
1272.000000 688.000000 0.703072 0.365467
293.000000 690.000000 -0.340779 0.325015
1225.000000 691.000000 0.635938 0.360404
928.000000 692.000000 0.279068 0.322212
662.000000 695.000000 0.020796 0.314825
1089.000000 695.000000 0.458480 0.342641
1270.000000 700.000000 0.702357 0.379625
929.000000 703.000000 0.280972 0.333974
639.000000 705.000000 -0.000770 0.324986
836.000000 707.000000 0.187327 0.332051
1043.000000 707.000000 0.405825 0.349983
138.000000 708.000000 -0.525621 0.365319
920.000000 709.000000 0.272117 0.339666
139.000000 710.000000 -0.524669 0.367482
916.000000 710.000000 0.268061 0.340421
1028.000000 711.000000 0.389153 0.352588
99.000000 712.000000 -0.577732 0.376852
1007.000000 715.000000 0.365990 0.354557
259.000000 716.000000 -0.381139 0.357086
1155.000000 716.000000 0.544999 0.377306
