1248.000000 5.000000 0.673339 -0.392386
36.000000 7.000000 -0.665645 -0.388656
919.000000 7.000000 0.271360 -0.342524
278.000000 10.000000 -0.359188 -0.346925
213.000000 11.000000 -0.433269 -0.353750
54.000000 12.000000 -0.639096 -0.379151
98.000000 12.000000 -0.578324 -0.370939
83.000000 15.000000 -0.598178 -0.370119
692.000000 15.000000 0.049090 -0.324004
128.000000 16.000000 -0.537855 -0.360983
152.000000 16.000000 -0.507058 -0.357047
212.000000 16.000000 -0.433777 -0.348263
1138.000000 18.000000 0.520483 -0.356686
131.000000 19.000000 -0.533456 -0.356993
111.000000 21.000000 -0.559339 -0.358049
489.000000 21.000000 -0.142747 -0.320306
115.000000 22.000000 -0.553876 -0.356196
111.000000 24.000000 -0.558824 -0.354547
133.000000 25.000000 -0.529885 -0.349724
242.000000 27.000000 -0.397642 -0.332316
1264.000000 30.000000 0.691783 -0.365094
1013.000000 31.000000 0.369760 -0.325384
1275.000000 31.000000 0.707682 -0.365904
1265.000000 32.000000 0.692873 -0.362867
909.000000 33.000000 0.259144 -0.314223
1257.000000 33.000000 0.681048 -0.360193
33.000000 34.000000 -0.664874 -0.356681
364.000000 34.000000 -0.265747 -0.313547
734.000000 34.000000 0.088378 -0.305354
1263.000000 34.000000 0.689590 -0.360093
29.000000 35.000000 -0.670441 -0.356216
1241.000000 36.000000 0.657415 -0.353664
1261.000000 36.000000 0.686312 -0.357325
1254.000000 38.000000 0.675782 -0.353651
1258.000000 43.000000 0.680678 -0.348403
1243.000000 44.000000 0.658833 -0.344513
1230.000000 45.000000 0.640108 -0.341007
110.000000 47.000000 -0.556354 -0.328144
1253.000000 47.000000 0.672709 -0.342742
1162.000000 51.000000 0.546317 -0.322656
1175.000000 56.000000 0.562676 -0.318988
126.000000 57.000000 -0.533958 -0.314336
1259.000000 59.000000 0.679301 -0.329581
1179.000000 61.000000 0.567216 -0.313917
334.000000 65.000000 -0.294433 -0.283457
1255.000000 66.000000 0.672291 -0.320650
335.000000 67.000000 -0.293257 -0.281326
332.000000 68.000000 -0.296294 -0.280506
1208.000000 68.000000 0.605430 -0.310508
1163.000000 73.000000 0.544339 -0.297980
1166.000000 77.000000 0.547679 -0.293935
1205.000000 80.000000 0.599420 -0.296328
1095.000000 88.000000 0.457755 -0.272924
1020.000000 89.000000 0.371955 -0.264535
142.000000 98.000000 -0.508174 -0.266889
165.000000 98.000000 -0.479862 -0.264220
111.000000 99.000000 -0.547529 -0.269675
110.000000 101.000000 -0.548569 -0.267606
1178.000000 106.000000 0.559453 -0.263410
1222.000000 106.000000 0.619042 -0.269445
1180.000000 107.000000 0.561958 -0.262570
1217.000000 107.000000 0.611960 -0.267609
1018.000000 112.000000 0.367907 -0.240661
1090.000000 112.000000 0.449332 -0.246919
43.000000 113.000000 -0.637731 -0.263374
37.000000 114.000000 -0.646080 -0.263097
1276.000000 114.000000 0.695353 -0.268235
1022.000000 115.000000 0.372043 -0.237898
1153.000000 118.000000 0.525654 -0.247257
323.000000 127.000000 -0.301862 -0.221419
1215.000000 129.000000 0.606232 -0.242834
502.000000 130.000000 -0.127243 -0.211752
1197.000000 130.000000 0.581661 -0.239472
1199.000000 135.000000 0.583739 -0.234247
5.000000 139.000000 -0.688809 -0.239230
939.000000 151.000000 0.282752 -0.196929
1151.000000 154.000000 0.519312 -0.208650
1104.000000 158.000000 0.461708 -0.200305
1102.000000 159.000000 0.459266 -0.199113
354.000000 174.000000 -0.268284 -0.173993
471.000000 177.000000 -0.155300 -0.167741
1106.000000 179.000000 0.462450 -0.178930
1184.000000 183.000000 0.558827 -0.181129
148.000000 184.000000 -0.492388 -0.175608
488.000000 184.000000 -0.139263 -0.160836
491.000000 184.000000 -0.136467 -0.160784
347.000000 185.000000 -0.274862 -0.163670
1006.000000 193.000000 0.350064 -0.159041
1118.000000 194.000000 0.475627 -0.164488
884.000000 196.000000 0.226683 -0.151654
549.000000 199.000000 -0.082731 -0.146036
154.000000 206.000000 -0.483596 -0.152692
1004.000000 206.000000 0.347365 -0.146279
1009.000000 206.000000 0.352654 -0.146494
96.000000 208.000000 -0.555717 -0.154722
127.000000 219.000000 -0.515681 -0.141179
148.000000 223.000000 -0.489765 -0.135818
151.000000 223.000000 -0.486154 -0.135644
338.000000 228.000000 -0.282464 -0.122926
1142.000000 233.000000 0.502169 -0.126363
1109.000000 234.000000 0.462603 -0.123604
1114.000000 235.000000 0.468435 -0.122855
1111.000000 238.000000 0.464754 -0.119706
987.000000 240.000000 0.328352 -0.112877
1173.000000 240.000000 0.540440 -0.120995
1117.000000 248.000000 0.471354 -0.110000
1233.000000 248.000000 0.619560 -0.116332
1262.000000 250.000000 0.660312 -0.116089
1266.000000 251.000000 0.666008 -0.115280
292.000000 252.000000 -0.328542 -0.101400
111.000000 255.000000 -0.533615 -0.105331
204.000000 255.000000 -0.423117 -0.101322
469.000000 257.000000 -0.155896 -0.093384
1111.000000 258.000000 0.463861 -0.099782
1100.000000 259.000000 0.451013 -0.098356
93.000000 260.000000 -0.556316 -0.101114
1103.000000 260.000000 0.454450 -0.097483
1111.000000 260.000000 0.463781 -0.097796
705.000000 263.000000 0.058922 -0.087109
1183.000000 264.000000 0.551966 -0.096909
1010.000000 265.000000 0.351649 -0.089622
1179.000000 266.000000 0.546739 -0.094674
1010.000000 267.000000 0.351597 -0.087709
1025.000000 269.000000 0.367448 -0.086186
1041.000000 269.000000 0.384659 -0.086626
227.000000 270.000000 -0.397113 -0.085955
1190.000000 274.000000 0.560557 -0.086976
1029.000000 277.000000 0.371519 -0.078607
106.000000 283.000000 -0.538713 -0.077075
137.000000 288.000000 -0.500144 -0.070986
1173.000000 289.000000 0.538180 -0.071020
1260.000000 289.000000 0.655324 -0.074367
394.000000 291.000000 -0.226388 -0.062924
1219.000000 291.000000 0.598260 -0.070621
1253.000000 291.000000 0.645283 -0.071957
1219.000000 304.000000 0.597816 -0.057148
1221.000000 305.000000 0.600488 -0.056173
75.000000 311.000000 -0.577849 -0.049488
270.000000 313.000000 -0.350188 -0.043874
76.000000 315.000000 -0.576435 -0.045363
1199.000000 325.000000 0.570718 -0.035068
541.000000 326.000000 -0.089294 -0.030094
1210.000000 326.000000 0.585224 -0.034241
1111.000000 337.000000 0.461915 -0.021901
139.000000 354.000000 -0.496616 -0.005298
1018.000000 355.000000 0.358828 -0.004102
1204.000000 356.000000 0.576978 -0.003431
986.000000 357.000000 0.325497 -0.002181
753.000000 363.000000 0.102302 0.003343
127.000000 367.000000 -0.511214 0.007636
187.000000 368.000000 -0.440386 0.008432
345.000000 370.000000 -0.273701 0.009923
1256.000000 370.000000 0.648157 0.011185
652.000000 376.000000 0.010942 0.015035
1117.000000 376.000000 0.468884 0.016377
1222.000000 381.000000 0.601137 0.022349
137.000000 382.000000 -0.499133 0.022500
1153.000000 383.000000 0.512184 0.023615
1160.000000 383.000000 0.520830 0.023689
1222.000000 383.000000 0.601161 0.024416
138.000000 384.000000 -0.497943 0.024477
140.000000 385.000000 -0.495540 0.025448
1193.000000 385.000000 0.562743 0.026096
137.000000 389.000000 -0.499211 0.029456
162.000000 391.000000 -0.469449 0.031119
1193.000000 394.000000 0.562879 0.035261
299.000000 396.000000 -0.320058 0.034456
352.000000 398.000000 -0.266934 0.035888
313.000000 399.000000 -0.305846 0.037146
1009.000000 401.000000 0.349592 0.039477
1089.000000 403.000000 0.436846 0.042478
1122.000000 405.000000 0.475136 0.045004
1072.000000 406.000000 0.417747 0.045121
1165.000000 408.000000 0.527474 0.048875
1063.000000 413.000000 0.407869 0.051741
1080.000000 414.000000 0.426856 0.053025
1006.000000 415.000000 0.346634 0.052720
1140.000000 415.000000 0.496881 0.055302
1004.000000 416.000000 0.344558 0.053638
1008.000000 416.000000 0.348744 0.053699
1000.000000 417.000000 0.340401 0.054525
195.000000 418.000000 -0.431915 0.056984
1017.000000 418.000000 0.358251 0.055746
1062.000000 418.000000 0.406858 0.056554
1065.000000 418.000000 0.410177 0.056613
1003.000000 419.000000 0.343560 0.056469
1000.000000 420.000000 0.340448 0.057369
341.000000 421.000000 -0.278038 0.057409
1006.000000 421.000000 0.346729 0.058417
954.000000 422.000000 0.293459 0.058565
1110.000000 423.000000 0.461433 0.062492
1007.000000 424.000000 0.347828 0.061284
1009.000000 424.000000 0.349926 0.061320
1107.000000 424.000000 0.457965 0.063401
1236.000000 425.000000 0.621351 0.068417
1003.000000 426.000000 0.343679 0.063114
1234.000000 426.000000 0.618627 0.069388
1261.000000 427.000000 0.656597 0.071494
28.000000 429.000000 -0.642563 0.073160
986.000000 429.000000 0.326102 0.065656
325.000000 433.000000 -0.294186 0.068872
1134.000000 441.000000 0.490403 0.081050
1118.000000 448.000000 0.471579 0.087455
1200.000000 450.000000 0.573830 0.092868
48.000000 457.000000 -0.616087 0.101679
91.000000 460.000000 -0.558919 0.102536
1148.000000 460.000000 0.508177 0.100673
331.000000 470.000000 -0.288914 0.103575
18.000000 471.000000 -0.659000 0.118349
933.000000 471.000000 0.273401 0.104178
1204.000000 477.000000 0.580593 0.121083
321.000000 479.000000 -0.299218 0.112353
104.000000 480.000000 -0.543316 0.122381
272.000000 490.000000 -0.350128 0.124426
132.000000 495.000000 -0.509157 0.136058
1029.000000 495.000000 0.373240 0.130145
933.000000 500.000000 0.274159 0.131591
811.000000 512.000000 0.156936 0.140033
810.000000 514.000000 0.156034 0.141881
1114.000000 519.000000 0.470428 0.158425
1134.000000 526.000000 0.494951 0.166944
486.000000 533.000000 -0.141086 0.159339
99.000000 535.000000 -0.553748 0.179910
96.000000 540.000000 -0.558088 0.185452
91.000000 541.000000 -0.564706 0.186970
84.000000 542.000000 -0.574013 0.188690
1163.000000 543.000000 0.532372 0.186903
1139.000000 549.000000 0.502886 0.191092
1258.000000 550.000000 0.661783 0.204090
1110.000000 564.000000 0.469032 0.204192
255.000000 567.000000 -0.372094 0.200864
1263.000000 568.000000 0.671160 0.224703
1157.000000 570.000000 0.527309 0.214805
1220.000000 571.000000 0.610674 0.222781
1267.000000 573.000000 0.677612 0.230816
1042.000000 578.000000 0.392077 0.213216
1275.000000 583.000000 0.690643 0.243161
251.000000 584.000000 -0.377586 0.218245
971.000000 586.000000 0.316473 0.216657
1275.000000 586.000000 0.691049 0.246567
1199.000000 590.000000 0.584382 0.241060
1274.000000 590.000000 0.690128 0.250980
1187.000000 591.000000 0.568486 0.240689
1263.000000 592.000000 0.674322 0.251729
1200.000000 593.000000 0.586103 0.244476
1271.000000 594.000000 0.686281 0.255117
1069.000000 595.000000 0.423814 0.232757
1200.000000 595.000000 0.586355 0.246675
1254.000000 596.000000 0.661849 0.255008
1274.000000 596.000000 0.690968 0.257821
1268.000000 597.000000 0.682313 0.258113
1099.000000 598.000000 0.459030 0.238618
1116.000000 598.000000 0.479394 0.240302
1226.000000 599.000000 0.622550 0.254522
1228.000000 599.000000 0.625343 0.254794
260.000000 601.000000 -0.369000 0.234858
1150.000000 601.000000 0.521778 0.247174
933.000000 603.000000 0.278402 0.231448
25.000000 607.000000 -0.663389 0.267292
1258.000000 611.000000 0.669789 0.272646
1184.000000 613.000000 0.567287 0.264439
1182.000000 614.000000 0.564770 0.265279
503.000000 616.000000 -0.126910 0.238143
1044.000000 617.000000 0.397412 0.253395
1125.000000 618.000000 0.492540 0.262612
1040.000000 619.000000 0.393111 0.255124
1242.000000 620.000000 0.648136 0.280535
1216.000000 622.000000 0.611900 0.278938
1241.000000 622.000000 0.647013 0.282668
101.000000 623.000000 -0.560908 0.274551
98.000000 631.000000 -0.565967 0.283853
25.000000 633.000000 -0.667328 0.297110
222.000000 636.000000 -0.414339 0.274449
1252.000000 638.000000 0.665300 0.302814
957.000000 640.000000 0.305349 0.270259
1246.000000 640.000000 0.656989 0.304162
1118.000000 643.000000 0.486923 0.288875
26.000000 644.000000 -0.667658 0.309711
1154.000000 644.000000 0.532311 0.294714
1177.000000 645.000000 0.562476 0.299119
1268.000000 645.000000 0.689711 0.313605
1244.000000 648.000000 0.655433 0.313124
872.000000 649.000000 0.219816 0.274317
1183.000000 649.000000 0.571056 0.304530
1231.000000 651.000000 0.637420 0.314455
1246.000000 652.000000 0.658971 0.318122
1232.000000 653.000000 0.639167 0.316943
1108.000000 654.000000 0.476069 0.299656
1179.000000 656.000000 0.566789 0.311856
238.000000 658.000000 -0.398394 0.296216
997.000000 658.000000 0.349256 0.292093
1108.000000 659.000000 0.476707 0.305148
1243.000000 659.000000 0.655855 0.325804
1030.000000 660.000000 0.385773 0.297315
866.000000 661.000000 0.214502 0.286167
1068.000000 661.000000 0.429264 0.302465
1262.000000 661.000000 0.683661 0.331433
1264.000000 661.000000 0.686577 0.331779
962.000000 662.000000 0.312218 0.293367
1116.000000 662.000000 0.486914 0.309510
1226.000000 662.000000 0.632207 0.326408
1068.000000 663.000000 0.429494 0.304633
1145.000000 663.000000 0.523468 0.314670
1147.000000 665.000000 0.526322 0.317213
1268.000000 665.000000 0.693115 0.337216
833.000000 666.000000 0.182427 0.289678
1078.000000 666.000000 0.441581 0.309079
1231.000000 666.000000 0.639960 0.331943
1228.000000 667.000000 0.635888 0.332595
1250.000000 667.000000 0.667309 0.336434
1254.000000 667.000000 0.673089 0.337137
1071.000000 668.000000 0.433587 0.310423
726.000000 669.000000 0.080502 0.289365
1248.000000 669.000000 0.664777 0.338447
1013.000000 670.000000 0.367871 0.306295
1219.000000 672.000000 0.624095 0.336891
1073.000000 673.000000 0.436538 0.316130
700.000000 674.000000 0.056199 0.293957
1257.000000 674.000000 0.678677 0.345977
225.000000 675.000000 -0.415073 0.315961
6.000000 676.000000 -0.702178 0.350908
1044.000000 676.000000 0.403290 0.316009
1014.000000 677.000000 0.369675 0.313889
1069.000000 677.000000 0.432327 0.320029
1072.000000 677.000000 0.435852 0.320398
1090.000000 677.000000 0.457254 0.322686
1104.000000 677.000000 0.474213 0.324555
1237.000000 677.000000 0.650430 0.345959
5.000000 678.000000 -0.703994 0.353480
1235.000000 678.000000 0.647758 0.346785
1015.000000 680.000000 0.371090 0.317218
1268.000000 681.000000 0.695955 0.356319
1274.000000 683.000000 0.705096 0.359804
258.000000 684.000000 -0.378653 0.322080
1242.000000 684.000000 0.658848 0.355181
704.000000 685.000000 0.060108 0.305105
1193.000000 686.000000 0.590596 0.348748
888.000000 687.000000 0.237904 0.314169
516.000000 688.000000 -0.116542 0.309447
621.000000 688.000000 -0.017615 0.307692
1163.000000 688.000000 0.550719 0.345966
65.000000 689.000000 -0.620156 0.355769
1052.000000 690.000000 0.414115 0.332255
1040.000000 692.000000 0.400560 0.333021
1257.000000 692.000000 0.681955 0.367532
1164.000000 693.000000 0.552874 0.351929
1255.000000 693.000000 0.679243 0.368366
1192.000000 694.000000 0.590644 0.357964
667.000000 697.000000 0.025500 0.316894
865.000000 697.000000 0.215485 0.323201
1087.000000 697.000000 0.456346 0.344612
599.000000 698.000000 -0.038319 0.318018
890.000000 698.000000 0.240634 0.325813
1009.000000 700.000000 0.366544 0.338280
1084.000000 700.000000 0.453152 0.347573
109.000000 702.000000 -0.562551 0.363262
1007.000000 702.000000 0.364542 0.340250
1052.000000 703.000000 0.415733 0.346663
1203.000000 703.000000 0.607401 0.370628
1205.000000 703.000000 0.610171 0.371000
877.000000 704.000000 0.227921 0.331282
991.000000 705.000000 0.347230 0.341828
1144.000000 705.000000 0.528754 0.362517
71.000000 706.000000 -0.614933 0.374881
875.000000 706.000000 0.226039 0.333263
988.000000 708.000000 0.344261 0.344792
970.000000 710.000000 0.324946 0.345160
1120.000000 711.000000 0.499107 0.365539
1238.000000 711.000000 0.658196 0.386905
209.000000 712.000000 -0.438468 0.359046
955.000000 712.000000 0.309088 0.345905
1117.000000 713.000000 0.495656 0.367371
654.000000 716.000000 0.013372 0.336357
862.000000 716.000000 0.213638 0.343025
