783.000000 5.000000 0.136022 -0.336677
588.000000 12.000000 -0.048784 -0.327068
1187.000000 13.000000 0.586156 -0.371082
588.000000 14.000000 -0.048758 -0.325010
628.000000 16.000000 -0.011105 -0.322645
685.000000 19.000000 0.042448 -0.319816
405.000000 24.000000 -0.224938 -0.321315
68.000000 27.000000 -0.616689 -0.358619
67.000000 29.000000 -0.617717 -0.356432
139.000000 32.000000 -0.521066 -0.340733
86.000000 35.000000 -0.590507 -0.346009
403.000000 36.000000 -0.226220 -0.308947
116.000000 39.000000 -0.549742 -0.336358
251.000000 40.000000 -0.386016 -0.317150
321.000000 40.000000 -0.309931 -0.310531
163.000000 41.000000 -0.489534 -0.326971
319.000000 41.000000 -0.311958 -0.309641
249.000000 44.000000 -0.387836 -0.313043
166.000000 45.000000 -0.485269 -0.322074
146.000000 46.000000 -0.510063 -0.323793
149.000000 47.000000 -0.506140 -0.322233
376.000000 48.000000 -0.252605 -0.298183
146.000000 50.000000 -0.509484 -0.319296
168.000000 51.000000 -0.481992 -0.315121
1074.000000 56.000000 0.436583 -0.305072
60.000000 58.000000 -0.622409 -0.323654
63.000000 60.000000 -0.617897 -0.320834
406.000000 68.000000 -0.221496 -0.276045
119.000000 69.000000 -0.541258 -0.301875
144.000000 73.000000 -0.508825 -0.293979
147.000000 74.000000 -0.504938 -0.292483
669.000000 76.000000 0.027029 -0.262566
958.000000 80.000000 0.306355 -0.269002
1060.000000 80.000000 0.417691 -0.277734
31.000000 83.000000 -0.659331 -0.299443
165.000000 98.000000 -0.479862 -0.264220
376.000000 99.000000 -0.249696 -0.246453
1205.000000 100.000000 0.596464 -0.273757
377.000000 102.000000 -0.248547 -0.243414
374.000000 103.000000 -0.251489 -0.242569
18.000000 105.000000 -0.674666 -0.276123
1220.000000 105.000000 0.616404 -0.270284
1223.000000 111.000000 0.619724 -0.263965
91.000000 112.000000 -0.572114 -0.257964
1251.000000 118.000000 0.658363 -0.260040
31.000000 119.000000 -0.653918 -0.258294
1207.000000 123.000000 0.596064 -0.248434
143.000000 127.000000 -0.503668 -0.235638
145.000000 129.000000 -0.500988 -0.233305
351.000000 135.000000 -0.272963 -0.212063
74.000000 138.000000 -0.591644 -0.231559
350.000000 138.000000 -0.273827 -0.209165
69.000000 139.000000 -0.598300 -0.231066
466.000000 140.000000 -0.160872 -0.203018
104.000000 145.000000 -0.551143 -0.220570
91.000000 149.000000 -0.567702 -0.217680
135.000000 156.000000 -0.510713 -0.205797
1263.000000 157.000000 0.670529 -0.217778
1135.000000 162.000000 0.498711 -0.198787
364.000000 163.000000 -0.258759 -0.184222
1064.000000 163.000000 0.415148 -0.192191
34.000000 164.000000 -0.643916 -0.207744
1068.000000 164.000000 0.419600 -0.191458
549.000000 171.000000 -0.083017 -0.172143
1256.000000 176.000000 0.658219 -0.195908
1256.000000 180.000000 0.657784 -0.191508
68.000000 199.000000 -0.593424 -0.166483
1265.000000 200.000000 0.668719 -0.170494
986.000000 201.000000 0.328721 -0.150373
265.000000 207.000000 -0.358438 -0.145710
88.000000 209.000000 -0.566051 -0.154290
1146.000000 209.000000 0.508573 -0.151082
1148.000000 209.000000 0.511044 -0.151219
179.000000 211.000000 -0.453757 -0.146112
182.000000 211.000000 -0.450274 -0.145939
397.000000 211.000000 -0.224936 -0.137420
515.000000 219.000000 -0.113747 -0.127874
1161.000000 219.000000 0.526575 -0.141825
1254.000000 219.000000 0.651190 -0.148848
633.000000 224.000000 -0.006197 -0.122590
535.000000 225.000000 -0.095315 -0.122136
1117.000000 225.000000 0.472513 -0.133050
1120.000000 228.000000 0.475912 -0.130197
1149.000000 230.000000 0.510942 -0.129815
130.000000 238.000000 -0.510843 -0.121630
165.000000 248.000000 -0.468231 -0.109829
187.000000 248.000000 -0.442686 -0.108877
185.000000 249.000000 -0.444939 -0.107972
183.000000 254.000000 -0.447035 -0.103111
187.000000 255.000000 -0.442403 -0.101966
1071.000000 255.000000 0.418160 -0.101202
1048.000000 257.000000 0.392646 -0.098455
1053.000000 257.000000 0.398125 -0.098621
170.000000 266.000000 -0.461638 -0.091741
331.000000 266.000000 -0.288544 -0.087211
379.000000 266.000000 -0.241227 -0.086322
415.000000 266.000000 -0.206614 -0.085771
383.000000 271.000000 -0.237268 -0.081607
65.000000 276.000000 -0.592366 -0.085934
21.000000 281.000000 -0.652896 -0.082718
1152.000000 284.000000 0.512128 -0.075350
1255.000000 285.000000 0.648375 -0.078392
240.000000 289.000000 -0.382500 -0.067299
330.000000 289.000000 -0.289132 -0.065637
1213.000000 291.000000 0.590192 -0.070397
330.000000 296.000000 -0.289030 -0.059081
957.000000 296.000000 0.296495 -0.059203
43.000000 297.000000 -0.621419 -0.064958
512.000000 299.000000 -0.115856 -0.054665
1271.000000 299.000000 0.670756 -0.064166
750.000000 308.000000 0.099659 -0.046426
1152.000000 309.000000 0.511414 -0.050277
749.000000 312.000000 0.098733 -0.042797
1235.000000 312.000000 0.619413 -0.049298
1054.000000 313.000000 0.397860 -0.044512
1218.000000 314.000000 0.596191 -0.046778
141.000000 315.000000 -0.494628 -0.043983
1053.000000 315.000000 0.396736 -0.042572
1221.000000 316.000000 0.600190 -0.044784
1068.000000 320.000000 0.413198 -0.037961
171.000000 321.000000 -0.459050 -0.037548
1059.000000 330.000000 0.403135 -0.028211
347.000000 337.000000 -0.271767 -0.020714
108.000000 341.000000 -0.534869 -0.018458
109.000000 344.000000 -0.533588 -0.015432
309.000000 351.000000 -0.309726 -0.007789
1257.000000 357.000000 0.649548 -0.002493
192.000000 362.000000 -0.434699 0.002591
1221.000000 364.000000 0.599667 0.004790
1246.000000 383.000000 0.634192 0.024730
1148.000000 388.000000 0.506115 0.028546
1184.000000 398.000000 0.551333 0.039164
139.000000 400.000000 -0.496958 0.040359
162.000000 400.000000 -0.469578 0.039975
223.000000 403.000000 -0.400494 0.041974
1034.000000 405.000000 0.376160 0.043598
1058.000000 405.000000 0.402226 0.043940
1262.000000 405.000000 0.657285 0.048210
1023.000000 408.000000 0.364456 0.046309
1026.000000 408.000000 0.367647 0.046351
796.000000 412.000000 0.141889 0.047891
1132.000000 412.000000 0.487179 0.052135
173.000000 415.000000 -0.457030 0.054515
175.000000 417.000000 -0.454758 0.056435
1215.000000 417.000000 0.592475 0.059384
172.000000 418.000000 -0.458256 0.057484
22.000000 419.000000 -0.650666 0.062826
171.000000 423.000000 -0.459536 0.062423
192.000000 424.000000 -0.435445 0.062900
1154.000000 427.000000 0.514316 0.067686
1187.000000 431.000000 0.556094 0.072827
1255.000000 432.000000 0.648254 0.076546
1195.000000 433.000000 0.566554 0.075167
1227.000000 436.000000 0.609420 0.079553
351.000000 437.000000 -0.268368 0.072202
391.000000 438.000000 -0.229393 0.072561
1049.000000 452.000000 0.393411 0.089121
229.000000 454.000000 -0.395059 0.091067
231.000000 454.000000 -0.392874 0.091007
356.000000 455.000000 -0.263747 0.088940
767.000000 458.000000 0.115486 0.089657
1200.000000 459.000000 0.574275 0.102167
380.000000 460.000000 -0.240370 0.093171
1102.000000 461.000000 0.453348 0.099741
1099.000000 462.000000 0.449914 0.100613
1116.000000 462.000000 0.469759 0.101297
1173.000000 464.000000 0.539592 0.105926
1171.000000 465.000000 0.537105 0.106847
1042.000000 466.000000 0.386223 0.102463
1045.000000 466.000000 0.389489 0.102564
579.000000 467.000000 -0.055047 0.097464
1047.000000 467.000000 0.391705 0.103603
1040.000000 469.000000 0.384153 0.105304
1101.000000 469.000000 0.452513 0.107624
988.000000 470.000000 0.329108 0.104642
1038.000000 470.000000 0.382019 0.106205
1045.000000 470.000000 0.389626 0.106447
1090.000000 470.000000 0.439884 0.108156
1049.000000 472.000000 0.394069 0.108535
1038.000000 474.000000 0.382158 0.110083
1047.000000 474.000000 0.391954 0.110408
1044.000000 475.000000 0.388715 0.111271
1142.000000 475.000000 0.501550 0.115532
1040.000000 476.000000 0.384400 0.112097
1265.000000 476.000000 0.665054 0.124079
1023.000000 478.000000 0.366159 0.113429
123.000000 491.000000 -0.520049 0.132521
49.000000 500.000000 -0.617583 0.147062
109.000000 511.000000 -0.538992 0.154038
136.000000 513.000000 -0.505403 0.154190
1003.000000 518.000000 0.346508 0.151426
346.000000 524.000000 -0.275490 0.154448
84.000000 526.000000 -0.572561 0.171725
164.000000 526.000000 -0.472486 0.165546
310.000000 528.000000 -0.312093 0.159656
21.000000 530.000000 -0.659650 0.181956
164.000000 530.000000 -0.472762 0.169619
3.000000 543.000000 -0.687116 0.198203
1065.000000 543.000000 0.415372 0.179464
1063.000000 544.000000 0.413186 0.180341
12.000000 547.000000 -0.674445 0.201637
1161.000000 548.000000 0.530281 0.191972
740.000000 557.000000 0.091719 0.181068
849.000000 562.000000 0.194061 0.188092
963.000000 562.000000 0.306919 0.192525
848.000000 564.000000 0.193162 0.189976
1146.000000 568.000000 0.513283 0.211610
20.000000 574.000000 -0.666107 0.230743
524.000000 575.000000 -0.106470 0.198307
1162.000000 575.000000 0.534179 0.220633
1164.000000 575.000000 0.536735 0.220842
525.000000 578.000000 -0.105591 0.201143
1161.000000 578.000000 0.533218 0.223728
1169.000000 596.000000 0.545510 0.243978
1136.000000 600.000000 0.504122 0.244538
26.000000 602.000000 -0.661236 0.261471
1136.000000 602.000000 0.504342 0.246677
289.000000 604.000000 -0.338072 0.235853
516.000000 617.000000 -0.114731 0.238818
1247.000000 617.000000 0.654832 0.277862
1185.000000 618.000000 0.569281 0.270102
286.000000 620.000000 -0.342390 0.252328
1112.000000 620.000000 0.476892 0.263293
1201.000000 625.000000 0.591764 0.280139
863.000000 634.000000 0.210260 0.258843
1004.000000 634.000000 0.354798 0.267642
32.000000 635.000000 -0.657590 0.298312
53.000000 636.000000 -0.628011 0.296163
12.000000 641.000000 -0.687463 0.308498
41.000000 641.000000 -0.645717 0.303803
1100.000000 643.000000 0.465043 0.286692
1225.000000 643.000000 0.627663 0.304240
1252.000000 648.000000 0.666943 0.314455
966.000000 649.000000 0.315428 0.280177
1178.000000 650.000000 0.564546 0.304906
131.000000 653.000000 -0.526145 0.303756
879.000000 655.000000 0.227053 0.280750
130.000000 659.000000 -0.528277 0.310609
1209.000000 659.000000 0.607978 0.320078
53.000000 661.000000 -0.632061 0.325011
981.000000 663.000000 0.332462 0.295963
1070.000000 665.000000 0.432062 0.307038
1158.000000 665.000000 0.540528 0.318855
1267.000000 666.000000 0.691828 0.338230
1265.000000 667.000000 0.689081 0.339068
58.000000 677.000000 -0.627800 0.342867
1261.000000 683.000000 0.686112 0.357451
1264.000000 685.000000 0.690843 0.360397
1144.000000 689.000000 0.526142 0.344033
1180.000000 690.000000 0.573683 0.351167
1175.000000 693.000000 0.567495 0.353806
905.000000 694.000000 0.255590 0.322630
1195.000000 694.000000 0.594745 0.358500
1207.000000 694.000000 0.611287 0.360669
1176.000000 695.000000 0.569180 0.356318
1255.000000 697.000000 0.679990 0.373191
1268.000000 697.000000 0.698882 0.375614
32.000000 704.000000 -0.669644 0.379830
1247.000000 706.000000 0.670145 0.382569
993.000000 707.000000 0.349631 0.344221
1060.000000 707.000000 0.425595 0.352178
258.000000 708.000000 -0.381324 0.348330
66.000000 709.000000 -0.622454 0.379415
1172.000000 710.000000 0.566481 0.373258
1253.000000 710.000000 0.679561 0.388576
690.000000 711.000000 0.047290 0.331491
994.000000 711.000000 0.351154 0.348710
761.000000 712.000000 0.114778 0.334116
1271.000000 712.000000 0.706059 0.394440
1041.000000 714.000000 0.404407 0.357554
994.000000 716.000000 0.351695 0.354211
1241.000000 716.000000 0.663458 0.393567
