332.000000 3.000000 -0.301527 -0.349172
545.000000 4.000000 -0.089677 -0.336154
1265.000000 5.000000 0.697943 -0.395667
567.000000 6.000000 -0.068734 -0.333599
1151.000000 16.000000 0.537636 -0.361175
788.000000 20.000000 0.140274 -0.321287
821.000000 24.000000 0.172069 -0.318529
549.000000 26.000000 -0.085369 -0.313396
642.000000 28.000000 0.002041 -0.310386
436.000000 30.000000 -0.193879 -0.313354
33.000000 40.000000 -0.663785 -0.349529
35.000000 42.000000 -0.660559 -0.346793
1109.000000 43.000000 0.480289 -0.323888
103.000000 45.000000 -0.565948 -0.331563
53.000000 47.000000 -0.634105 -0.337701
82.000000 50.000000 -0.593408 -0.329249
280.000000 52.000000 -0.352777 -0.301421
127.000000 54.000000 -0.533113 -0.317572
1238.000000 54.000000 0.649905 -0.331818
130.000000 57.000000 -0.528814 -0.313749
111.000000 58.000000 -0.553325 -0.315457
812.000000 58.000000 0.161935 -0.283460
114.000000 59.000000 -0.549242 -0.313869
336.000000 60.000000 -0.292717 -0.288480
111.000000 62.000000 -0.552719 -0.310928
1040.000000 62.000000 0.396767 -0.294854
131.000000 63.000000 -0.526667 -0.306875
1254.000000 64.000000 0.671184 -0.322828
1249.000000 65.000000 0.663789 -0.320802
242.000000 68.000000 -0.393238 -0.288082
544.000000 68.000000 -0.089210 -0.271274
31.000000 69.000000 -0.661619 -0.315707
31.000000 72.000000 -0.661120 -0.312209
1166.000000 75.000000 0.547965 -0.296172
322.000000 78.000000 -0.305983 -0.270934
365.000000 79.000000 -0.261830 -0.267152
85.000000 80.000000 -0.584605 -0.294486
1273.000000 83.000000 0.695740 -0.303722
625.000000 85.000000 -0.013711 -0.253688
1266.000000 85.000000 0.685151 -0.300253
1272.000000 85.000000 0.693946 -0.301222
111.000000 86.000000 -0.549267 -0.284043
1271.000000 87.000000 0.692155 -0.298727
1264.000000 90.000000 0.681429 -0.294119
165.000000 99.000000 -0.479750 -0.263147
1237.000000 100.000000 0.641006 -0.278440
1171.000000 105.000000 0.550410 -0.263603
335.000000 111.000000 -0.290459 -0.236693
1262.000000 111.000000 0.675291 -0.269611
1269.000000 112.000000 0.685363 -0.269500
1184.000000 113.000000 0.566469 -0.256486
1187.000000 114.000000 0.570320 -0.255772
1266.000000 114.000000 0.680680 -0.266766
1249.000000 117.000000 0.655633 -0.260888
1271.000000 121.000000 0.686984 -0.259485
1216.000000 122.000000 0.608523 -0.250723
1171.000000 126.000000 0.547829 -0.240705
1174.000000 131.000000 0.551146 -0.235643
109.000000 139.000000 -0.545329 -0.226464
107.000000 140.000000 -0.547802 -0.225609
1102.000000 143.000000 0.460611 -0.215645
1026.000000 144.000000 0.374326 -0.208764
41.000000 150.000000 -0.635687 -0.222353
36.000000 151.000000 -0.642617 -0.221853
1171.000000 154.000000 0.544759 -0.210636
1162.000000 155.000000 0.533125 -0.208668
1191.000000 158.000000 0.570468 -0.208435
1223.000000 164.000000 0.613068 -0.205405
1025.000000 165.000000 0.371908 -0.187673
1064.000000 165.000000 0.415010 -0.190170
961.000000 166.000000 0.304456 -0.183299
1025.000000 167.000000 0.371789 -0.185682
1096.000000 167.000000 0.451598 -0.190442
1024.000000 169.000000 0.370590 -0.183635
1027.000000 170.000000 0.373781 -0.182816
1056.000000 170.000000 0.405698 -0.184601
311.000000 172.000000 -0.311912 -0.177739
1160.000000 173.000000 0.528892 -0.189502
324.000000 175.000000 -0.298470 -0.174242
506.000000 180.000000 -0.122591 -0.164286
505.000000 182.000000 -0.123487 -0.162428
1223.000000 183.000000 0.611077 -0.184826
1186.000000 184.000000 0.561349 -0.180253
1221.000000 184.000000 0.608231 -0.183551
416.000000 196.000000 -0.207019 -0.151086
1068.000000 196.000000 0.417562 -0.159315
584.000000 202.000000 -0.050747 -0.142997
64.000000 203.000000 -0.598478 -0.162577
1161.000000 205.000000 0.527553 -0.156262
944.000000 208.000000 0.285528 -0.142076
250.000000 216.000000 -0.374104 -0.137589
413.000000 220.000000 -0.209337 -0.128601
1123.000000 224.000000 0.479712 -0.134394
473.000000 229.000000 -0.152527 -0.119163
1111.000000 236.000000 0.464852 -0.121705
1184.000000 238.000000 0.554671 -0.123711
1188.000000 240.000000 0.559734 -0.121888
159.000000 247.000000 -0.475362 -0.111101
97.000000 249.000000 -0.551742 -0.112205
155.000000 249.000000 -0.480022 -0.109284
549.000000 250.000000 -0.082333 -0.099093
1010.000000 250.000000 0.352078 -0.104001
129.000000 253.000000 -0.511302 -0.106482
127.000000 255.000000 -0.513671 -0.104554
150.000000 260.000000 -0.485507 -0.098498
128.000000 261.000000 -0.512163 -0.098444
11.000000 263.000000 -0.668169 -0.102445
147.000000 263.000000 -0.488979 -0.095622
1012.000000 263.000000 0.353811 -0.091591
1010.000000 264.000000 0.351676 -0.090579
149.000000 266.000000 -0.486460 -0.092542
152.000000 266.000000 -0.482875 -0.092424
135.000000 276.000000 -0.502984 -0.083067
371.000000 277.000000 -0.248836 -0.076211
374.000000 277.000000 -0.245914 -0.076165
343.000000 281.000000 -0.276306 -0.072920
653.000000 288.000000 0.011863 -0.064310
1114.000000 290.000000 0.466284 -0.068195
1145.000000 291.000000 0.503324 -0.068104
1112.000000 292.000000 0.463887 -0.066167
1116.000000 292.000000 0.468578 -0.066275
1176.000000 296.000000 0.541758 -0.064018
111.000000 297.000000 -0.531949 -0.062738
292.000000 299.000000 -0.327535 -0.056816
204.000000 300.000000 -0.421823 -0.057442
1237.000000 303.000000 0.622445 -0.058756
1264.000000 305.000000 0.660448 -0.057537
1270.000000 308.000000 0.668998 -0.054544
470.000000 310.000000 -0.154524 -0.044871
1113.000000 315.000000 0.464543 -0.043535
1106.000000 318.000000 0.456341 -0.040471
1113.000000 318.000000 0.464492 -0.040585
1013.000000 321.000000 0.353765 -0.036337
1185.000000 321.000000 0.552628 -0.038880
1014.000000 324.000000 0.354786 -0.033499
1181.000000 324.000000 0.547448 -0.035765
138.000000 325.000000 -0.498078 -0.034096
1012.000000 325.000000 0.352672 -0.032530
108.000000 326.000000 -0.535056 -0.033562
1025.000000 327.000000 0.366399 -0.030754
1007.000000 329.000000 0.347392 -0.028694
1026.000000 330.000000 0.367435 -0.027906
1038.000000 330.000000 0.380283 -0.028013
1028.000000 331.000000 0.369558 -0.026971
1191.000000 331.000000 0.560199 -0.028820
137.000000 332.000000 -0.499193 -0.027153
333.000000 332.000000 -0.285679 -0.025439
335.000000 336.000000 -0.283665 -0.021702
395.000000 341.000000 -0.225070 -0.016836
1262.000000 344.000000 0.656749 -0.016226
1174.000000 346.000000 0.538286 -0.013452
309.000000 347.000000 -0.309736 -0.011535
76.000000 353.000000 -0.575924 -0.006493
154.000000 354.000000 -0.478687 -0.005261
78.000000 355.000000 -0.573294 -0.004444
1185.000000 370.000000 0.552280 0.010791
1212.000000 372.000000 0.587622 0.012987
543.000000 379.000000 -0.087453 0.017792
1252.000000 384.000000 0.642639 0.025862
1209.000000 390.000000 0.583832 0.031438
1110.000000 394.000000 0.460878 0.033985
1112.000000 394.000000 0.463210 0.034012
136.000000 396.000000 -0.500521 0.036431
1116.000000 403.000000 0.468031 0.042925
502.000000 406.000000 -0.124966 0.042345
107.000000 410.000000 -0.536643 0.051033
1225.000000 410.000000 0.605778 0.052430
129.000000 411.000000 -0.509337 0.051524
188.000000 413.000000 -0.439756 0.052250
984.000000 415.000000 0.323826 0.052401
986.000000 415.000000 0.325882 0.052429
879.000000 416.000000 0.219915 0.052140
753.000000 420.000000 0.102432 0.054957
1171.000000 422.000000 0.535378 0.063158
1161.000000 423.000000 0.522872 0.063872
138.000000 424.000000 -0.498709 0.064279
142.000000 426.000000 -0.493933 0.066160
138.000000 432.000000 -0.498946 0.072266
1116.000000 433.000000 0.468733 0.072525
163.000000 435.000000 -0.469213 0.074479
1219.000000 439.000000 0.598678 0.082334
1191.000000 442.000000 0.561701 0.084238
309.000000 444.000000 -0.310558 0.079516
310.000000 448.000000 -0.309623 0.083273
315.000000 448.000000 -0.304548 0.083169
1190.000000 450.000000 0.560752 0.092404
1009.000000 459.000000 0.350719 0.094715
1086.000000 459.000000 0.434893 0.097165
1272.000000 462.000000 0.674263 0.109469
196.000000 463.000000 -0.432091 0.100959
194.000000 464.000000 -0.434398 0.102017
972.000000 464.000000 0.312498 0.098504
1163.000000 465.000000 0.527022 0.106446
29.000000 468.000000 -0.643179 0.114430
340.000000 470.000000 -0.279915 0.103361
342.000000 470.000000 -0.277922 0.103315
1077.000000 471.000000 0.425151 0.108618
1134.000000 471.000000 0.491640 0.111104
1137.000000 471.000000 0.495270 0.111248
1002.000000 473.000000 0.343776 0.107927
1006.000000 473.000000 0.347975 0.108051
1060.000000 474.000000 0.406262 0.110895
1007.000000 475.000000 0.349091 0.110004
1012.000000 475.000000 0.354366 0.110165
1063.000000 475.000000 0.409631 0.111990
1072.000000 475.000000 0.419685 0.112347
998.000000 477.000000 0.339716 0.111638
1003.000000 478.000000 0.344983 0.112758
997.000000 479.000000 0.338735 0.113525
1102.000000 480.000000 0.454163 0.118593
1004.000000 481.000000 0.346132 0.115674
1006.000000 481.000000 0.348235 0.115741
1104.000000 481.000000 0.456537 0.119683
1230.000000 481.000000 0.616033 0.126981
999.000000 482.000000 0.340923 0.116470
1017.000000 482.000000 0.359905 0.117084
1001.000000 483.000000 0.343050 0.117497
984.000000 486.000000 0.325456 0.119817
977.000000 489.000000 0.318337 0.122463
335.000000 492.000000 -0.285486 0.124298
50.000000 495.000000 -0.615819 0.141668
91.000000 499.000000 -0.561276 0.142867
223.000000 501.000000 -0.403468 0.137173
1184.000000 509.000000 0.556539 0.153068
290.000000 515.000000 -0.332236 0.147894
1144.000000 516.000000 0.506483 0.157396
322.000000 526.000000 -0.299753 0.157247
930.000000 528.000000 0.272069 0.158196
1195.000000 530.000000 0.572676 0.176044
310.000000 531.000000 -0.312217 0.162561
1199.000000 532.000000 0.578162 0.178526
1200.000000 537.000000 0.579956 0.183937
133.000000 538.000000 -0.510966 0.180177
1177.000000 544.000000 0.550403 0.189218
929.000000 555.000000 0.272099 0.184169
1140.000000 563.000000 0.505358 0.205792
808.000000 568.000000 0.155269 0.192729
807.000000 570.000000 0.154374 0.194611
1108.000000 574.000000 0.467511 0.214386
293.000000 577.000000 -0.332157 0.208533
484.000000 582.000000 -0.143962 0.205782
486.000000 586.000000 -0.142175 0.209569
1149.000000 624.000000 0.523273 0.272005
249.000000 625.000000 -0.382986 0.260425
1258.000000 625.000000 0.671917 0.288727
592.000000 626.000000 -0.044181 0.246409
735.000000 627.000000 0.088156 0.248016
1266.000000 637.000000 0.685473 0.303919
965.000000 638.000000 0.313568 0.268775
1265.000000 641.000000 0.684665 0.308427
1247.000000 644.000000 0.659078 0.308967
261.000000 645.000000 -0.371508 0.280244
1190.000000 645.000000 0.579839 0.301061
1261.000000 645.000000 0.679493 0.312445
1263.000000 646.000000 0.682572 0.313947
1190.000000 647.000000 0.580143 0.303328
1259.000000 648.000000 0.677084 0.315623
819.000000 649.000000 0.168201 0.272002
1062.000000 649.000000 0.420979 0.288880
1219.000000 652.000000 0.620720 0.313638
1138.000000 653.000000 0.513156 0.302509
927.000000 655.000000 0.275398 0.283603
910.000000 658.000000 0.258290 0.285592
103.000000 659.000000 -0.563456 0.314627
262.000000 659.000000 -0.371699 0.294908
694.000000 664.000000 0.050463 0.283879
1176.000000 664.000000 0.564043 0.320497
27.000000 667.000000 -0.670105 0.336514
100.000000 667.000000 -0.568693 0.324217
944.000000 667.000000 0.293771 0.297201
1117.000000 670.000000 0.489236 0.318535
1122.000000 670.000000 0.495444 0.319230
1156.000000 670.000000 0.538691 0.324220
1032.000000 671.000000 0.389148 0.309301
1231.000000 672.000000 0.641007 0.338990
1203.000000 674.000000 0.602223 0.336466
909.000000 675.000000 0.258366 0.303053
1264.000000 683.000000 0.690480 0.357996
1232.000000 689.000000 0.645488 0.359309
1058.000000 690.000000 0.421076 0.332991
1239.000000 690.000000 0.655654 0.361795
1257.000000 694.000000 0.682327 0.369943
1144.000000 696.000000 0.527268 0.352089
1117.000000 697.000000 0.493154 0.348985
1146.000000 697.000000 0.530015 0.353571
1234.000000 698.000000 0.650009 0.370450
1259.000000 698.000000 0.685974 0.375148
1173.000000 699.000000 0.565863 0.360480
1141.000000 700.000000 0.524055 0.356221
1160.000000 700.000000 0.548789 0.359400
1222.000000 702.000000 0.633754 0.372990
1169.000000 706.000000 0.561757 0.368000
988.000000 709.000000 0.344365 0.345885
1015.000000 709.000000 0.374246 0.348839
1172.000000 709.000000 0.566301 0.372075
1233.000000 709.000000 0.650676 0.383519
7.000000 710.000000 -0.706898 0.391822
700.000000 712.000000 0.056754 0.332668
1022.000000 712.000000 0.382475 0.352979
1033.000000 712.000000 0.394973 0.354313
1059.000000 712.000000 0.425090 0.357669
1107.000000 712.000000 0.483016 0.364636
1215.000000 712.000000 0.625816 0.383682
954.000000 713.000000 0.308117 0.346897
1020.000000 713.000000 0.380335 0.353852
1030.000000 713.000000 0.391673 0.355058
1137.000000 714.000000 0.521241 0.371834
1221.000000 714.000000 0.634637 0.387253
1256.000000 714.000000 0.684665 0.394030
955.000000 715.000000 0.309367 0.349162
652.000000 716.000000 0.011486 0.336350
1216.000000 716.000000 0.627991 0.388704
1271.000000 716.000000 0.706814 0.399340
