107.000000 6.000000 -0.567322 -0.376418
104.000000 7.000000 -0.571159 -0.375777
91.000000 15.000000 -0.587258 -0.368655
1252.000000 15.000000 0.677184 -0.380986
1257.000000 17.000000 0.684040 -0.379510
1217.000000 18.000000 0.626712 -0.370708
109.000000 19.000000 -0.562342 -0.360736
1242.000000 22.000000 0.661452 -0.370624
43.000000 28.000000 -0.651683 -0.362014
155.000000 29.000000 -0.501261 -0.341698
310.000000 30.000000 -0.322459 -0.322093
502.000000 33.000000 -0.129850 -0.307535
540.000000 34.000000 -0.093700 -0.305454
1134.000000 34.000000 0.512840 -0.337686
559.000000 35.000000 -0.075748 -0.304041
658.000000 37.000000 0.016989 -0.301317
522.000000 49.000000 -0.110359 -0.290739
521.000000 51.000000 -0.111253 -0.288754
525.000000 54.000000 -0.107395 -0.285642
618.000000 54.000000 -0.020316 -0.284284
412.000000 58.000000 -0.216081 -0.285877
1036.000000 60.000000 0.392461 -0.296580
16.000000 70.000000 -0.683128 -0.317045
1223.000000 72.000000 0.625641 -0.308331
1243.000000 73.000000 0.653824 -0.310455
339.000000 75.000000 -0.288584 -0.272844
35.000000 76.000000 -0.654735 -0.306904
77.000000 76.000000 -0.596060 -0.300231
63.000000 80.000000 -0.614682 -0.297837
1239.000000 80.000000 0.646965 -0.301689
191.000000 81.000000 -0.450617 -0.279560
256.000000 81.000000 -0.376436 -0.273072
1243.000000 81.000000 0.652516 -0.301179
1260.000000 81.000000 0.677050 -0.303940
739.000000 83.000000 0.092063 -0.256570
131.000000 84.000000 -0.523792 -0.283568
1254.000000 85.000000 0.667698 -0.298320
1252.000000 86.000000 0.664648 -0.296841
1275.000000 86.000000 0.698198 -0.300538
91.000000 87.000000 -0.575525 -0.285734
94.000000 88.000000 -0.571381 -0.284187
313.000000 89.000000 -0.314611 -0.260309
91.000000 90.000000 -0.575097 -0.282376
207.000000 92.000000 -0.430736 -0.266147
1257.000000 94.000000 0.670615 -0.288387
10.000000 98.000000 -0.687373 -0.285399
165.000000 98.000000 -0.479862 -0.264220
221.000000 98.000000 -0.414088 -0.258474
1257.000000 99.000000 0.669840 -0.282626
1271.000000 99.000000 0.690263 -0.284786
1259.000000 100.000000 0.672588 -0.281782
12.000000 101.000000 -0.683995 -0.281630
864.000000 102.000000 0.210519 -0.241699
1253.000000 102.000000 0.663598 -0.278571
1256.000000 104.000000 0.667630 -0.276732
1274.000000 106.000000 0.693601 -0.277153
1251.000000 107.000000 0.659965 -0.272552
1248.000000 108.000000 0.655506 -0.270967
66.000000 109.000000 -0.606284 -0.264642
895.000000 111.000000 0.240591 -0.234180
1267.000000 111.000000 0.682584 -0.270351
90.000000 114.000000 -0.573185 -0.255891
1238.000000 114.000000 0.640375 -0.262712
92.000000 115.000000 -0.570401 -0.254535
1246.000000 118.000000 0.651195 -0.259329
1265.000000 119.000000 0.678495 -0.260907
1152.000000 125.000000 0.523590 -0.239609
1253.000000 130.000000 0.659567 -0.246756
1243.000000 131.000000 0.645126 -0.244283
1255.000000 131.000000 0.662312 -0.245901
1170.000000 134.000000 0.545614 -0.231950
110.000000 137.000000 -0.544259 -0.228502
313.000000 139.000000 -0.311512 -0.210065
1259.000000 140.000000 0.666887 -0.236306
1201.000000 141.000000 0.585713 -0.227939
312.000000 142.000000 -0.312382 -0.207149
314.000000 142.000000 -0.310316 -0.207042
1154.000000 147.000000 0.523780 -0.216350
1271.000000 159.000000 0.681943 -0.216519
1274.000000 159.000000 0.686341 -0.216885
917.000000 162.000000 0.260219 -0.185291
1272.000000 162.000000 0.683044 -0.213284
1084.000000 165.000000 0.437816 -0.191589
1007.000000 167.000000 0.352455 -0.184654
90.000000 168.000000 -0.567042 -0.197426
122.000000 168.000000 -0.525868 -0.194395
90.000000 170.000000 -0.566845 -0.195295
1145.000000 176.000000 0.509844 -0.185071
19.000000 178.000000 -0.663764 -0.194003
21.000000 178.000000 -0.660890 -0.193786
23.000000 179.000000 -0.657914 -0.192471
19.000000 180.000000 -0.663548 -0.191801
1080.000000 180.000000 0.432173 -0.176108
1215.000000 180.000000 0.600427 -0.187261
1167.000000 181.000000 0.537079 -0.181729
1271.000000 186.000000 0.678866 -0.186498
1006.000000 188.000000 0.350303 -0.163933
1043.000000 188.000000 0.390218 -0.165856
1045.000000 188.000000 0.392417 -0.165968
1271.000000 188.000000 0.678655 -0.184289
1006.000000 190.000000 0.350206 -0.161975
1008.000000 190.000000 0.352328 -0.162071
292.000000 191.000000 -0.330724 -0.160095
1004.000000 191.000000 0.348041 -0.160902
1008.000000 194.000000 0.352137 -0.158157
1008.000000 196.000000 0.352044 -0.156202
289.000000 201.000000 -0.333421 -0.150513
1203.000000 202.000000 0.582235 -0.162706
302.000000 204.000000 -0.319820 -0.147086
1205.000000 204.000000 0.584740 -0.160759
1187.000000 205.000000 0.560879 -0.158243
482.000000 211.000000 -0.144408 -0.135726
895.000000 212.000000 0.236941 -0.136823
1215.000000 224.000000 0.596609 -0.140423
1276.000000 224.000000 0.682574 -0.145266
561.000000 230.000000 -0.071526 -0.117338
1140.000000 232.000000 0.499783 -0.127265
923.000000 234.000000 0.263840 -0.116788
1089.000000 237.000000 0.439281 -0.119662
1091.000000 237.000000 0.441574 -0.119754
1185.000000 245.000000 0.555548 -0.116545
1105.000000 246.000000 0.457359 -0.111453
389.000000 248.000000 -0.231859 -0.102920
1113.000000 248.000000 0.466637 -0.109819
1184.000000 250.000000 0.553974 -0.111338
334.000000 251.000000 -0.285870 -0.101276
124.000000 252.000000 -0.517524 -0.107737
129.000000 252.000000 -0.511351 -0.107493
130.000000 255.000000 -0.509978 -0.104412
1093.000000 258.000000 0.442986 -0.099075
453.000000 260.000000 -0.170806 -0.090811
1102.000000 260.000000 0.453290 -0.097444
1168.000000 260.000000 0.533047 -0.100280
1171.000000 260.000000 0.536838 -0.100424
1006.000000 270.000000 0.347317 -0.084741
141.000000 276.000000 -0.495705 -0.082849
78.000000 278.000000 -0.575023 -0.083297
1241.000000 282.000000 0.628813 -0.080932
111.000000 286.000000 -0.532303 -0.073856
993.000000 287.000000 0.333395 -0.068286
109.000000 290.000000 -0.534682 -0.069876
129.000000 292.000000 -0.509777 -0.067229
1170.000000 294.000000 0.534226 -0.065857
130.000000 295.000000 -0.508464 -0.064194
133.000000 296.000000 -0.504771 -0.063108
353.000000 306.000000 -0.266090 -0.049472
318.000000 307.000000 -0.300938 -0.048934
349.000000 307.000000 -0.270021 -0.048584
321.000000 311.000000 -0.297871 -0.045153
1205.000000 312.000000 0.578895 -0.048512
1094.000000 314.000000 0.442589 -0.044185
1097.000000 315.000000 0.446009 -0.043259
1096.000000 318.000000 0.444813 -0.040312
1159.000000 318.000000 0.519868 -0.041407
116.000000 320.000000 -0.525149 -0.039459
1019.000000 324.000000 0.360064 -0.033550
1221.000000 324.000000 0.600015 -0.036510
1249.000000 327.000000 0.638560 -0.033932
1255.000000 328.000000 0.647010 -0.032995
1252.000000 329.000000 0.642748 -0.031887
186.000000 330.000000 -0.441676 -0.028557
114.000000 332.000000 -0.527453 -0.027440
1254.000000 334.000000 0.645491 -0.026664
1095.000000 338.000000 0.443431 -0.020786
448.000000 339.000000 -0.174903 -0.018519
450.000000 339.000000 -0.173033 -0.018514
1183.000000 340.000000 0.549787 -0.019588
1173.000000 341.000000 0.537061 -0.018484
1084.000000 343.000000 0.430892 -0.015846
1168.000000 343.000000 0.530751 -0.016429
994.000000 345.000000 0.333771 -0.013498
217.000000 346.000000 -0.406812 -0.012827
1164.000000 346.000000 0.525726 -0.013387
683.000000 348.000000 0.038869 -0.010182
1008.000000 352.000000 0.348318 -0.006928
90.000000 354.000000 -0.557703 -0.005429
119.000000 360.000000 -0.521059 0.000656
269.000000 367.000000 -0.350944 0.007269
1157.000000 368.000000 0.517008 0.008655
1239.000000 368.000000 0.624308 0.009000
288.000000 377.000000 -0.331226 0.016650
59.000000 380.000000 -0.598631 0.021283
58.000000 383.000000 -0.600014 0.024390
61.000000 384.000000 -0.595991 0.025382
249.000000 387.000000 -0.372197 0.026365
252.000000 390.000000 -0.369023 0.029198
1168.000000 392.000000 0.530929 0.032829
1237.000000 405.000000 0.622104 0.047548
286.000000 408.000000 -0.333552 0.045904
520.000000 408.000000 -0.108481 0.044091
1201.000000 408.000000 0.573631 0.049733
1195.000000 410.000000 0.565826 0.051627
1088.000000 418.000000 0.435988 0.057083
1093.000000 418.000000 0.441687 0.057191
1099.000000 427.000000 0.448784 0.066147
376.000000 437.000000 -0.243891 0.071835
974.000000 437.000000 0.313947 0.072997
90.000000 439.000000 -0.559265 0.081045
113.000000 439.000000 -0.529989 0.080160
963.000000 440.000000 0.302824 0.075620
1239.000000 447.000000 0.626470 0.091639
120.000000 454.000000 -0.521858 0.095058
125.000000 456.000000 -0.515748 0.096862
1098.000000 457.000000 0.448569 0.095635
141.000000 462.000000 -0.496446 0.102203
1135.000000 462.000000 0.492434 0.102108
145.000000 464.000000 -0.491704 0.104034
1175.000000 464.000000 0.542136 0.106027
1268.000000 468.000000 0.668845 0.115671
281.000000 473.000000 -0.340125 0.107785
1263.000000 477.000000 0.662243 0.125014
1068.000000 483.000000 0.415534 0.120041
1256.000000 483.000000 0.652643 0.130960
1258.000000 483.000000 0.655501 0.131107
990.000000 485.000000 0.331640 0.119053
1146.000000 488.000000 0.507154 0.128925
178.000000 491.000000 -0.453969 0.129467
1059.000000 492.000000 0.405899 0.128493
299.000000 493.000000 -0.322100 0.126371
1116.000000 495.000000 0.471353 0.134310
1120.000000 495.000000 0.476103 0.134532
303.000000 496.000000 -0.318084 0.129112
985.000000 496.000000 0.326827 0.129443
322.000000 498.000000 -0.298768 0.130402
982.000000 498.000000 0.323794 0.131259
984.000000 498.000000 0.325862 0.131330
986.000000 498.000000 0.327934 0.131401
1044.000000 499.000000 0.389689 0.134693
1215.000000 500.000000 0.596934 0.145978
982.000000 501.000000 0.323900 0.134142
989.000000 501.000000 0.331158 0.134398
978.000000 503.000000 0.319843 0.135922
984.000000 504.000000 0.326080 0.137103
212.000000 505.000000 -0.415909 0.141656
978.000000 506.000000 0.319952 0.138807
984.000000 507.000000 0.326192 0.139994
981.000000 508.000000 0.323124 0.140844
965.000000 512.000000 0.306830 0.144100
1092.000000 522.000000 0.444853 0.160057
35.000000 523.000000 -0.639077 0.172966
77.000000 527.000000 -0.581924 0.173396
1268.000000 528.000000 0.673883 0.180908
260.000000 530.000000 -0.364603 0.163884
7.000000 535.000000 -0.680405 0.188904
1127.000000 538.000000 0.487350 0.178748
996.000000 541.000000 0.340207 0.173567
304.000000 555.000000 -0.319501 0.186221
1183.000000 555.000000 0.559261 0.201463
73.000000 561.000000 -0.590627 0.210186
117.000000 561.000000 -0.533069 0.205675
696.000000 566.000000 0.051368 0.189087
1007.000000 576.000000 0.353843 0.208845
1106.000000 577.000000 0.465396 0.217327
910.000000 582.000000 0.254283 0.209631
678.000000 593.000000 0.035035 0.214569
787.000000 595.000000 0.136148 0.218091
1091.000000 598.000000 0.449590 0.237857
787.000000 599.000000 0.136245 0.221948
1081.000000 602.000000 0.438279 0.241105
72.000000 607.000000 -0.597568 0.260709
1275.000000 613.000000 0.694922 0.277485
466.000000 614.000000 -0.161855 0.237209
1269.000000 617.000000 0.686717 0.281192
1140.000000 619.000000 0.511294 0.265453
1076.000000 631.000000 0.435310 0.271159
3.000000 638.000000 -0.700145 0.306447
1137.000000 642.000000 0.510418 0.290209
1240.000000 642.000000 0.648729 0.305505
893.000000 643.000000 0.240340 0.269352
1198.000000 645.000000 0.590664 0.302284
1133.000000 646.000000 0.505922 0.294090
1244.000000 646.000000 0.655103 0.310798
913.000000 649.000000 0.260774 0.276581
1055.000000 650.000000 0.413041 0.289209
1150.000000 653.000000 0.528435 0.304185
1252.000000 658.000000 0.668634 0.326172
1250.000000 660.000000 0.666091 0.328181
1252.000000 662.000000 0.669324 0.330881
1248.000000 663.000000 0.663728 0.331366
946.000000 664.000000 0.295628 0.294229
1248.000000 666.000000 0.664250 0.334903
16.000000 667.000000 -0.686023 0.338431
1174.000000 667.000000 0.561859 0.323607
1251.000000 668.000000 0.668928 0.337793
1175.000000 669.000000 0.563506 0.326054
244.000000 671.000000 -0.392980 0.309532
1175.000000 671.000000 0.563826 0.328346
1227.000000 671.000000 0.635171 0.337113
1100.000000 672.000000 0.468671 0.318460
1044.000000 673.000000 0.402955 0.312756
706.000000 675.000000 0.061836 0.295047
1063.000000 675.000000 0.425074 0.317115
1138.000000 680.000000 0.517060 0.332829
1168.000000 685.000000 0.556824 0.343326
1160.000000 686.000000 0.546447 0.343163
17.000000 691.000000 -0.688863 0.366934
1220.000000 692.000000 0.629076 0.360675
1102.000000 693.000000 0.474008 0.342226
1106.000000 693.000000 0.478920 0.342805
924.000000 694.000000 0.275086 0.324020
1217.000000 694.000000 0.625233 0.362502
1015.000000 696.000000 0.372788 0.334565
494.000000 707.000000 -0.138252 0.329734
1217.000000 711.000000 0.628431 0.382860
1243.000000 715.000000 0.666131 0.392737
1163.000000 716.000000 0.555566 0.378737
1271.000000 716.000000 0.706814 0.399340
