163.000000 7.000000 -0.494647 -0.365682
563.000000 14.000000 -0.072370 -0.325412
567.000000 18.000000 -0.068514 -0.321226
284.000000 19.000000 -0.351630 -0.336450
659.000000 19.000000 0.018008 -0.319606
384.000000 27.000000 -0.245876 -0.319511
1073.000000 28.000000 0.438891 -0.335765
55.000000 37.000000 -0.633061 -0.349130
1068.000000 37.000000 0.431845 -0.325154
125.000000 39.000000 -0.537999 -0.334924
1101.000000 40.000000 0.470913 -0.326137
73.000000 42.000000 -0.607105 -0.340079
233.000000 45.000000 -0.405850 -0.313706
298.000000 45.000000 -0.333963 -0.307212
301.000000 45.000000 -0.330748 -0.306948
1256.000000 45.000000 0.677415 -0.345659
102.000000 46.000000 -0.567117 -0.330576
780.000000 46.000000 0.131704 -0.294448
151.000000 51.000000 -0.503061 -0.317463
1058.000000 51.000000 0.418525 -0.308647
131.000000 52.000000 -0.528267 -0.319235
1271.000000 52.000000 0.698052 -0.339985
133.000000 53.000000 -0.525557 -0.317812
130.000000 56.000000 -0.528960 -0.314874
715.000000 56.000000 0.070087 -0.282856
152.000000 57.000000 -0.500974 -0.310629
263.000000 61.000000 -0.370552 -0.293474
47.000000 63.000000 -0.639829 -0.320022
51.000000 64.000000 -0.634019 -0.318191
52.000000 67.000000 -0.632115 -0.314546
1038.000000 74.000000 0.393314 -0.281901
104.000000 75.000000 -0.560001 -0.297316
934.000000 77.000000 0.281749 -0.270453
129.000000 80.000000 -0.526870 -0.288247
132.000000 80.000000 -0.523050 -0.287846
1270.000000 86.000000 0.690848 -0.299733
19.000000 90.000000 -0.675522 -0.293251
165.000000 99.000000 -0.479750 -0.263147
1027.000000 102.000000 0.378564 -0.251655
1201.000000 102.000000 0.590738 -0.270955
356.000000 104.000000 -0.269507 -0.242515
354.000000 105.000000 -0.271473 -0.241625
356.000000 106.000000 -0.269399 -0.240519
1192.000000 110.000000 0.577514 -0.260838
8.000000 111.000000 -0.688338 -0.270724
1234.000000 112.000000 0.635004 -0.264399
1189.000000 116.000000 0.572724 -0.253829
130.000000 132.000000 -0.519351 -0.231688
1045.000000 133.000000 0.396038 -0.221270
128.000000 134.000000 -0.521655 -0.229767
443.000000 141.000000 -0.182702 -0.202699
62.000000 144.000000 -0.607254 -0.226428
1198.000000 149.000000 0.580766 -0.218903
91.000000 150.000000 -0.567593 -0.216603
76.000000 154.000000 -0.587109 -0.213928
1043.000000 156.000000 0.392176 -0.197822
1115.000000 157.000000 0.474885 -0.202253
1041.000000 158.000000 0.389836 -0.195678
1046.000000 160.000000 0.395229 -0.193997
25.000000 168.000000 -0.656267 -0.204361
1239.000000 170.000000 0.634705 -0.200622
524.000000 171.000000 -0.106059 -0.172461
1237.000000 171.000000 0.631784 -0.199309
524.000000 174.000000 -0.106017 -0.169644
1249.000000 194.000000 0.646346 -0.175482
962.000000 197.000000 0.304159 -0.153278
1128.000000 203.000000 0.487017 -0.155998
1126.000000 204.000000 0.484540 -0.154846
1222.000000 206.000000 0.607575 -0.160075
164.000000 215.000000 -0.471123 -0.142962
1129.000000 225.000000 0.486852 -0.133727
511.000000 226.000000 -0.117354 -0.121455
1212.000000 226.000000 0.592414 -0.138095
1204.000000 227.000000 0.581633 -0.136472
511.000000 228.000000 -0.117332 -0.119610
1207.000000 229.000000 0.585493 -0.134587
423.000000 233.000000 -0.199534 -0.116263
1206.000000 233.000000 0.583883 -0.130328
117.000000 241.000000 -0.526817 -0.119294
175.000000 241.000000 -0.456851 -0.116346
149.000000 245.000000 -0.487385 -0.113579
149.000000 248.000000 -0.487241 -0.110566
1050.000000 251.000000 0.395039 -0.104352
1031.000000 252.000000 0.374380 -0.102739
147.000000 253.000000 -0.489411 -0.105641
167.000000 255.000000 -0.465579 -0.102773
32.000000 256.000000 -0.638694 -0.108661
169.000000 258.000000 -0.463115 -0.099711
172.000000 258.000000 -0.459613 -0.099591
393.000000 267.000000 -0.227671 -0.085168
312.000000 268.000000 -0.307663 -0.085725
362.000000 272.000000 -0.257715 -0.081014
672.000000 277.000000 0.029021 -0.074297
1134.000000 281.000000 0.490319 -0.077743
597.000000 285.000000 -0.038659 -0.067063
1195.000000 286.000000 0.566578 -0.074871
1273.000000 286.000000 0.674196 -0.078136
114.000000 293.000000 -0.528313 -0.066684
152.000000 294.000000 -0.481946 -0.064573
1139.000000 294.000000 0.495948 -0.064930
489.000000 297.000000 -0.137016 -0.056610
311.000000 298.000000 -0.308137 -0.057475
490.000000 300.000000 -0.136076 -0.053871
1035.000000 307.000000 0.377344 -0.049975
1038.000000 308.000000 0.380557 -0.049065
1125.000000 308.000000 0.478821 -0.050675
725.000000 309.000000 0.076907 -0.045442
1033.000000 310.000000 0.375151 -0.047073
1201.000000 310.000000 0.573672 -0.050461
1203.000000 311.000000 0.576280 -0.049487
1031.000000 314.000000 0.372951 -0.043222
1202.000000 314.000000 0.574888 -0.046387
1046.000000 316.000000 0.389093 -0.041513
157.000000 321.000000 -0.475440 -0.037764
157.000000 324.000000 -0.475395 -0.034805
1063.000000 328.000000 0.407564 -0.030179
1040.000000 330.000000 0.382439 -0.028031
1193.000000 336.000000 0.562726 -0.023759
328.000000 338.000000 -0.290638 -0.019872
1239.000000 338.000000 0.624426 -0.022266
96.000000 344.000000 -0.550056 -0.015531
98.000000 347.000000 -0.547482 -0.012482
291.000000 351.000000 -0.328107 -0.007827
1235.000000 366.000000 0.618773 0.006902
561.000000 369.000000 -0.071115 0.008749
1271.000000 374.000000 0.669682 0.015522
1126.000000 383.000000 0.479566 0.023344
1129.000000 383.000000 0.483135 0.023373
160.000000 388.000000 -0.471763 0.028191
73.000000 390.000000 -0.580101 0.031374
1136.000000 393.000000 0.491636 0.033358
1166.000000 394.000000 0.528454 0.034810
521.000000 396.000000 -0.107529 0.033211
911.000000 396.000000 0.250671 0.033923
1132.000000 397.000000 0.486896 0.037263
1132.000000 399.000000 0.486928 0.039245
1013.000000 400.000000 0.353782 0.038573
127.000000 401.000000 -0.511582 0.041570
1037.000000 402.000000 0.379344 0.040768
1001.000000 404.000000 0.341266 0.042226
296.000000 405.000000 -0.323220 0.042956
1004.000000 405.000000 0.344407 0.043210
1198.000000 412.000000 0.569799 0.053751
159.000000 418.000000 -0.473463 0.057783
940.000000 418.000000 0.279419 0.054641
672.000000 421.000000 0.028990 0.055637
1135.000000 423.000000 0.491051 0.063140
179.000000 424.000000 -0.450304 0.063210
1239.000000 429.000000 0.625661 0.072723
1123.000000 430.000000 0.476912 0.069758
1170.000000 430.000000 0.534369 0.071223
1204.000000 432.000000 0.578342 0.074479
334.000000 437.000000 -0.285240 0.072475
1103.000000 444.000000 0.453898 0.082984
1105.000000 449.000000 0.456387 0.087987
1028.000000 450.000000 0.370642 0.086599
214.000000 454.000000 -0.411586 0.091533
337.000000 454.000000 -0.282559 0.088371
50.000000 459.000000 -0.613454 0.103669
359.000000 460.000000 -0.260890 0.093562
361.000000 460.000000 -0.258924 0.093523
1025.000000 461.000000 0.367746 0.097096
1097.000000 461.000000 0.447567 0.099547
1021.000000 463.000000 0.363539 0.098901
1025.000000 463.000000 0.367807 0.099022
556.000000 464.000000 -0.075927 0.094837
1079.000000 465.000000 0.427178 0.102801
1020.000000 466.000000 0.362566 0.101757
1027.000000 466.000000 0.370040 0.101976
1034.000000 466.000000 0.377563 0.102200
1017.000000 467.000000 0.359409 0.102627
1005.000000 468.000000 0.346772 0.103224
1022.000000 468.000000 0.364759 0.103746
1028.000000 470.000000 0.371241 0.105869
1017.000000 471.000000 0.359535 0.106476
1026.000000 471.000000 0.369131 0.106769
1123.000000 471.000000 0.478449 0.110587
1126.000000 471.000000 0.482028 0.110726
1250.000000 472.000000 0.643350 0.118768
1019.000000 473.000000 0.361725 0.108468
1006.000000 474.000000 0.348007 0.109011
1003.000000 476.000000 0.344919 0.110837
997.000000 478.000000 0.338703 0.112566
69.000000 487.000000 -0.589467 0.131859
384.000000 487.000000 -0.237027 0.118334
53.000000 489.000000 -0.611260 0.135087
113.000000 490.000000 -0.532511 0.132109
762.000000 506.000000 0.111358 0.133754
1163.000000 506.000000 0.529459 0.148434
341.000000 517.000000 -0.280254 0.147923
949.000000 518.000000 0.290794 0.149283
1215.000000 521.000000 0.598670 0.168261
1219.000000 523.000000 0.604293 0.170754
150.000000 524.000000 -0.489118 0.164476
15.000000 527.000000 -0.667978 0.179274
139.000000 527.000000 -0.502721 0.168349
736.000000 528.000000 0.087696 0.153880
138.000000 529.000000 -0.504098 0.170483
985.000000 534.000000 0.328357 0.166202
12.000000 538.000000 -0.673457 0.191684
1044.000000 541.000000 0.391863 0.176169
1143.000000 545.000000 0.507485 0.187271
961.000000 547.000000 0.304162 0.177777
1132.000000 551.000000 0.494471 0.192578
718.000000 554.000000 0.071441 0.177993
1203.000000 557.000000 0.585972 0.205663
827.000000 558.000000 0.172984 0.183676
825.000000 559.000000 0.171114 0.184577
826.000000 561.000000 0.172112 0.186506
1128.000000 565.000000 0.490807 0.206794
106.000000 571.000000 -0.548166 0.217412
504.000000 572.000000 -0.125021 0.195813
1119.000000 598.000000 0.483032 0.240609
20.000000 600.000000 -0.669596 0.260050
1122.000000 609.000000 0.487853 0.252627
1274.000000 613.000000 0.693450 0.277334
1169.000000 614.000000 0.547717 0.263594
1231.000000 615.000000 0.631810 0.273219
1094.000000 616.000000 0.454901 0.257104
1169.000000 616.000000 0.547973 0.265788
1092.000000 618.000000 0.452740 0.259018
24.000000 630.000000 -0.668297 0.293802
984.000000 630.000000 0.333034 0.261957
1208.000000 632.000000 0.602354 0.289056
46.000000 633.000000 -0.637381 0.293816
1092.000000 636.000000 0.454676 0.278224
1163.000000 638.000000 0.543112 0.289290
1081.000000 639.000000 0.442011 0.280226
838.000000 640.000000 0.186185 0.263760
1081.000000 641.000000 0.442230 0.282370
1210.000000 641.000000 0.606478 0.299585
1137.000000 642.000000 0.510418 0.290209
1162.000000 643.000000 0.542511 0.294718
1238.000000 644.000000 0.646204 0.307494
1212.000000 646.000000 0.610025 0.305613
122.000000 650.000000 -0.537277 0.301677
47.000000 658.000000 -0.640011 0.322527
961.000000 662.000000 0.311166 0.293289
1143.000000 662.000000 0.520770 0.313258
1176.000000 663.000000 0.563886 0.319356
1252.000000 666.000000 0.670021 0.335603
242.000000 667.000000 -0.394814 0.305441
1223.000000 667.000000 0.628841 0.331732
929.000000 676.000000 0.278906 0.305480
1262.000000 681.000000 0.687204 0.355235
1251.000000 683.000000 0.671616 0.355630
1127.000000 687.000000 0.504182 0.339115
885.000000 689.000000 0.235012 0.316065
1166.000000 689.000000 0.554844 0.347623
1192.000000 691.000000 0.590111 0.354435
1180.000000 692.000000 0.574030 0.353504
886.000000 693.000000 0.236272 0.320307
1160.000000 693.000000 0.547605 0.351257
1185.000000 693.000000 0.580952 0.355549
1241.000000 695.000000 0.659448 0.368160
745.000000 698.000000 0.099105 0.319193
1189.000000 699.000000 0.587451 0.363322
1035.000000 700.000000 0.395800 0.341240
26.000000 701.000000 -0.677707 0.377331
878.000000 702.000000 0.228799 0.329240
1023.000000 702.000000 0.382433 0.342040
1273.000000 703.000000 0.707293 0.383830
529.000000 704.000000 -0.104618 0.325484
1041.000000 704.000000 0.403151 0.346397
1234.000000 704.000000 0.651144 0.377670
245.000000 705.000000 -0.395695 0.346548
1078.000000 706.000000 0.446792 0.353506
975.000000 707.000000 0.330041 0.342389
1157.000000 707.000000 0.546048 0.367070
669.000000 708.000000 0.027459 0.328182
1276.000000 708.000000 0.712603 0.390485
1259.000000 709.000000 0.688052 0.388504
1162.000000 710.000000 0.553169 0.371471
90.000000 711.000000 -0.589744 0.377317
974.000000 711.000000 0.329357 0.346643
1023.000000 711.000000 0.383486 0.351988
975.000000 713.000000 0.330639 0.348926
277.000000 714.000000 -0.360784 0.352796
1227.000000 714.000000 0.643118 0.388415
1045.000000 716.000000 0.409288 0.360317
1082.000000 716.000000 0.453034 0.365444
