1100000011011010001101100010110010000001100010110000000100000101001000100110111010010010110010000001000100001110000000000100000000011100000100110000010001010100010000001000111000001000001111001010101000000000000000001010101010110000000100000011010001001100
0101111011010000001010000000000100110001101000001111000100011000010001011001000111000010100000010010101010000100010011000100000111001100000000010000001011100011000001010000111000010100000000000001011000000101101100010100100000000111000001000001000000111000
0101100011000100110001101000010100011011001100000000101000000110001011010100100011010101011010011111100100100110000110000100011000000100000001001001010110000010110000010110000000001100110010010000100100000010101000100010100110100100000001001101111100100110
1100001001001000100011000011010011110000000101110000111100001100101100100100101010110011000100101100100100000011001000110100110001010001010100001100110110010000111100001001001100001011100010001011010001010000110110000101101100010001011101010011111011011011
1100010001001100100010000010010001100000100100110000111100001101111100100100101110010111010100101100100111000111001100111100100011010001010000001000110110010100011110001001011100001011101010001011011001000000110010001001101000000101001100010111111001000011
1000110001111111100101110000100000001000100110000001111010110001110100000000010011000101110000001000111111010001010110001101100001011000010101010100010001101101100011100100110001000110011001010011110011011101110100001100110100111101010101110000110111000101
0101110011001101010011011111010101010010111100100000000000001100011001111011000011100011100101111110100000110111101110110000000101011101011000001001100100010010001100010011010110001011100100000001011101010001011000010011001000001001101001010101010100101000
0011110000110010110100000000101110101001100000011010110001111011110101101101000000000101001000000001101000100000010101001111001111111010100001100100001001101110100001110100111011110000000010111101110100101000011110001000010110111111111011101000110101000001
0110110010111010101000011100100001101100111010000001000001111001010010000001001001001100101000010100101011010000100011000000001101101010011001100000110011110100000001010110111111011110001001010001110000011110001000101101110001101111010000010101000101001001
1011000111011010000000101011011001011100101001110111101110100001100001000001000000011100111111110110001100000010101111111011001010110000110000101011101010011001001000011000000110101010100010110100100000011010000010101001010010111001111111111100001000010011
0001000001000000000001100111001111010010101101111111000001000010000101011011000011100001010000100010011000000010010110001011010100000101101000111010000100100011000000110000000000110000100010011001111000010000111000010000011100000010000011100000011100110110
0101111010011100000001110011010101010101000010110010011000100100011000001010011001110001011100110010110100010001001010100000100101001000010000000100101010011011101100000101010001001000110110001111010101000000101110010110101111000001000000010111100110101111
1100000100101110011100000010101011000111111010101001001111111111100011010001110100100000111111010101001000000100001111111100001000110111110100000100101101111100111001110000100010110001011101100100111110111110100000000100010010101010101110011000011101010000
0001001010011010101011111011110110111000110110000010101011101101011110001010011010001101101110011011100001001010001000101111011100111000001001000000000001111010101000000010101011000110000110101111001000100011110100101001101100111000111001100010010111000001
1010011010000001001001110111000001100110010000000010011100100011000100100110101000111000001011100111000000011100100100010011000000000001011101001011110100001000111000000011000000001100111011011010000000110000010100110010011010011000100110110110100011100000
1101110010100111101100000000110001101011000000010011001000100011010111000000000110010110001000010000001100100101010001011100011011000000110101011010111101100101000000000100110110101100000011110101110110001001111000000110110110011001110101010101001101001110
1000111101001011001101111110010011001111100001000101001010010101111010000100111001000100100111101101000100010010101100011011001000111000010100011010110100011100011010100000101110001110011101000011001100101011000100001001100010000000010100100010010011010000
0001101001000101110011111111011110010010110001100010100000000010101101011000000111010001001011011010010001101011000010000001111000100001001001001110000100000011111000000011000010001101110010001001000101100011010100010101001110001011011011101010111110010110
0110101101010110110011110101000010001001010001011000101010010010000000010011100101001001101011110010010001101001000111100000001000110010001101100011011000000111000011111111101111100110111001010010000100110110010100101100110110000100111000001011001010010011
0001001010000001110010100110100101010011011000101110011011000010000001011111000000100000000010100111011000000000010100010001111101010111011001110110101111100001100001011111001100110001100000011101000010110010100100110110011101010100000010010101101010100110
1001110100100010000110000100100010100010010000101010000101010011110110101101100001000001000010001000001000011000010001100001000010110011101100010100000101100101100101111100111110010010011011110010110000011101111000100000010101100010001110101000101001010010
0011010110110011100001010101001100011110011000001010100000100011110111101001000101010101011110011001111010010000010101101111011100100000001000010001000110101010001011010110110010000110000010110100110000101110111000100000010111100110111001101101001000000100
0011011101110010010110101010111110011100000001111110110111010100011001101111001110000000011011000010011001001001111101001111011110101010100000101011001001100010000001101001000111110010110100101100001011011011000100001111001101111001110010111000110111100111
1001110000100010000010000110100011111010010000001110101001000011100111101001000000011001010000001100011001001000010101111011010011010011011100001100100111100000100000011100010110000000000011111000110001111001111000100000010101101010101110111000100101010010
1011100110100001100011111100101100001111010000001010100000001011110111011001000001010101011110011111111010010000010110001011001000100111001000010001100111000001010010010110010010010100100010110100110110111111011000100010010111100100111001101101101101000110
0111100100000100010010011100101100000101111000000011000011101010001011011011100101010101001011110110001110110110100010010000101001110101101001001111111110000110001110010010101110111110110011110000100100110111001100100011100001001101010001000101001010101111
0110001101000100110000101100001010100111111001000101001010100010000011010011100101010100000101110110001101100111001001011000110000100111100100000011111110100100001111010000001110111110010011010000000100110111001100110111110011001001010001001001001010100011
1110000001000101000010000100110011100010100000000101111100000111011100100000111110010010010010101101000100001010000100111100010010100001111100011011111100000101010110000101010110101101110011011010110000000000011000000111111000111100101101000010010001011110
1000011000001111000001001111100011001011110001000001111010000001000100100110101011011011010110111101010101100001001110110101000000010000110100010100110001100100111110000001101100001011011011001011010111100001110110011101111110010000101111000010110011000110
1100011000100011000111001100100011000110000001001000001100000011010011000100100000111101010010100100011101000000000101011110100000010001111100110010111101100100010001000100101110100100001011110111100010011101010100000010110100100100001101001000001011001110
0001000010010101111010011100100100100001010010011110000001100011100011011100010000001101000010000010101010000000010101101011001011110010001101000100000100001010100101010110011011000100100000111101110000000111000100000001010011100110100000101100001100000000
1101000010100001111010011100100000100011000010000010000001101011100011001100110000101001000010000000101010010000010001101010001011110011001101001100010111001000110001000110011010000100100101111001110000101011000100000001010111101010100100011101101101001000
1000100101111011000101111010100010001110000100100000101000010111000000100111100010000100101011001001001001011110000100101111001000110100100101010100010001101101111000100100110010011110011101000010101010001110110000101011010000111000001111110000010101010010
1000000100111110101101101010100010101000101110000001111010110101101100100011111010010000101011000000001101011100100100100101001110111100110101110111010001111100101000101000100011101011011011000010101010001010010000001111100000111101001101111010010101100000
1000100101100010100011000001001010001011001001010010110001101010100000100101100101001011011001000000011001001101000110011011110000000110100101111111011000000001010000010011100000111110111101010010111001011100000000111000010111101010011011111000101100100001
0001001101110100011101111111011110010110110111100000100010011110111011010100010010010011110111001010000000111010101000110101001100101000000000101101000100001010101010111111000010001110100100001000101101001111000010011001001000100010101011101000011000100110
1110000001011011010101010000010000001100100000000001000100010110001000000000101010010001100001010000000100010110100001000100000000001100001101001100011000000100010001000110110001001100001011000010001010010100000000001000100000000000000111000010010101100111
1110010001100011001001010110110010001110010011100000000100010111000000000000100010000000110001000000111010010110100101000100000000000000001100101000010111100000011011100110010000001100011101000011001000001100000000000010010000100000000100000010010101000100
1011000001111011100000111010101000001011100101100010111001111011100001111101100110000100111111000101111001011000101100110011111000110000000101011010001001101001101010110010001000000101000001011000100101111111000100001101010100111000011111111001111111000110
1011011100100100101010000000001011011111110010001010100001101011000011101101000001000010010110000101101001001001111011010001000100100010010000100110100111101000101010010010000110110110010010111101010101101011000000100000011011111010110000110001100011000100
1010011000111011000101111100101000001101010000000000111000111011010000100010101000000100111111000001011001111000011100000011101000010010111100011100011011101100111010100000101101001101011001011111100100111001100100001111010110101000001111100100010111000110
1101011001100100110000000101000011110000001000011010110110100010010011101000000101111011010000100101001100001011010010010000010011100001010101101111111110100101000100010111010000100110110011010010010001111111100000110000010101110111110011011101101000011011
0101010001011001001010101111010110011001101000011001000000001100011010001111011010001000000100000010000000101110000000001110000101101100001000000101000000111010001000010000001011010000010100100101001000000001000010011011001000001011101001000010000100101001
0111000111000000010101001000101101010111011000011010000010100010000011011001000000100101011000010110011001100000000001110000000101001101100000100000101110001010000100110100010010100000010000100100111100100000000000000001000110111011000011011101001100100110
0110100101111010101011010010101111101000101110111000100011011001010101110011000000001101001100101100101011011101011100101100101101101110010000010001100011110100001011011100110101010010001100010000111011101110010010001110010011100101011100001000001001111001
1000010100101010100111010001000011000111000000000000110000100001111100100100111001111011010000010101110110011001000111011011000000110010010101100100111100011100110101001110110000001000001011111011110011001101100000001100110100100110100100111010100001000010
1001010000000000001110100001000000101000100110011010011001011011110101100000010000100001100011000001000000001000010101100011010011010010101100101110000000001000110001100101000001000010100011011111010010101001000000000101010000100010100010111100111100000011
0110011111110110111001110000110100011001100011010101101010101101011001000100001110010000011001100000010011000111100000101000110101011000000001101010011001000010000010001011001001101100000100101001001011001000000100101110100100010101011000010101100011001101
1100011000100011000001101100100010001111010000000000011100000011000000000010101000010000010000101000111111100100100100000100001001000000101100010000010011100100010010001101110001000100011011110111000100011100100100001011110101011100101101000011000111010110
0111100100000100000111000010101011110001001100111111001011111001010111101011000111001011101100101111001000111000011010011000001101101101110000000100100101110001101000111101010110010011010010101001111001000001111010000110011100101000100111010000110011001011
0010010101111010111010011100110010101000010011010000000010001101111010000100111000000101001000000000101110000011010100101011011001111000001101100100011001111110100110000010111111100011001101101111111001101011000110001101100001110111110100101010000001000001
0110001011000101100001010000000100010101001100000100001110100110000111100101000110001110000000100111111010000110010000010000101100111101000001111000101101100010001010010010001110010110000100000001011010001110010100000110110110000000011001000101010010011111
1000010001000001111001010100110011001010100010000000000000100111110110000000001000111101000001101100000101010110010100110001000001000011111101011110110101001100111110101010101010001101001111111111110000000001110000100101111001101011100111110010000101000100
1011011000100001111001000010110011010010100011111010010000100011010011001000000000111101001101111100001000100000001100111101110001000001010101011000100101101000011100001100011100000100000011111101010100111001110100100000010001011001110111110000001011001100
0011101011100001011110000001001100110101001110011110000000010010100011011101000001000010100110100011101001110000110110010011100110010110100000100001001010100010000100110100010111110000100100010000000110001101101110010000010010001110000011111101011100000001
0101000111010110101111101010010100011001101010111111001111111100011011011011010011001110111010010011011000001110010110001010001100101110100001110111001100111010100000010100010011000001110100000100101000000011101010111111001001101100101000011100000100110100
0101000000000100000111000001000111010100001000011010100011011010010001101001000000100101110100100110111000010101011000111000000001000111010100000101100110100001000110110101010100010011010000110100000001000101100010110100010100010011000011011001110000111111
0001100001000000000000010011000110010100111001101010110000001000011001111011000011100001111101001010110001011111011010100001100100001101000000001001000100000011001100011110010001010010110100000000111001110101101010110100001000000011000011001001111100100110
0001000100100001100000000110011011110011111100000011100000101110100011111101000010111010010111111111001000101111001110010010110110100101101000011111100100101000111110011000000110001100010010100000110101000000100000110100011000110010001011111001010000101010
1011111100111011100010001011001011001010000001010011010101101010110010001000100000101001011001100000011000101000000001011001000010010010110101100010101000100101001001111101101010110111000001111111000011011101001100011101010101100010111111110001100111010110
0011100011000001001011110110111101010100111110111010000001001111100111011101010001101000001100110110101001011110111110111011100101000101011000001100100101101001100010010110011000000000000110010101101000100000111110000101010101101111010011101100101000000011
1110100110111110011100000100101001100001110011000101001011101001001011000100110101110110000000110101001101000101100111000000100011000011111100101110111111011100110001101000101100101001011011010010110101001000001010000010110011001100010110001100101001000000
1111000000010111000001001111001000010111010000100010101001100010110101111011100000000111011011000011011001010001100100100000101000010011001100111111001100100000111000010110000100101000110010111000100001001011010000110111011101110000001110011001101110000110
1110000100000001100011110111010000000010010110100000110000110010101000110000100001000001110011000111110000011000000010011000101000110001001100011001010100000000011000001010000000001101100101010110100001110010100000100000110100101000010101011011001100000110
1011001100010000011100000011010010110100100001111101100010000100111010100010101100110100001001000000000101100011110000101011110010000001100100111011011100000011010100100000000101101011100011011010000111011011001010010000001010010011000111111010011100000010
0000111011101001011100011100110100100000110001100000000101110101001010000110111110100101101111001000000010110000001100010111000110111010101001000011110011111111101111100000100011010111001101101110111100111001100000101011100010110001100000101110010111000001
0101100100010000001010100001000110110100011001001111010110001010100001011101000011111010100010101011001001001010010011001101110101001110000000011010000000100011000011011001001001010100000010110001000010010100100000110001001010001010000011000000000100110011
0011100000000000110101101110100110011010111000101010010000011010100001011101000001010101110000001010111000000110010101101101011101111100001000000000001101101011000001110000001001010001000000000000001010000010001100010011011010101111011011100000010100110110
1001101100000001001110000011010011110110100011111111110100000010100001111000010111110010100011100011000001001011010011001101110010000001010101001000100100000000010101010001000000000010110010011001010001110100110000010100011000001010001110101000001000000000
1100100111000101100001011010110001000111100000110101101000100111011010010010110011011110011100001110110000100110001110110110111000110001010101001101110101000001111000000010010100001001111111101010100010000011101100100111011100000000011110010110111011001110
1000001111001011011010101110110001001011110000010101001010000101011010100000111010010010000010100101000100001110000100011011101000110000010100001101110101011000111000000000001110001000101111001010101110000011000100001011110010100000000101111110001011000010
1010111111011010101101110000110001001101000010010100011010110101000000000010011111001101110000100000100111110011101111101110001101111000010101010000111011111100000000000100111111000011001101101011001110111001001110001010100010001100010000110110010011001101
0001011100111010001000101000110110011000100010000001000010001101001000001010011010011011000110100101000110100100001000011110000100111000010000000000100011111110001011001001000111011110000010101101010100100001000110001010101000001000101001100000000011101001
0000011100100000001000000001000110001001100000000011000001000000001000101000101000100010000000100001000100100001010000011011000000001000000100000100100010000110100110000001100001010000101001110111010101001100000010011000000010000010100000101010000000000011
0001000010000000011000101110100100110000000011111010010001001010000101011011010000101000001000101010010000100000011101100011110011010011001101001011000110101010100111010101011000000000100000011100000000100000110100110010011011000001011010100001001010100000
0001001010000001101000101111000100110010100010111010010001001010001101011001010000100000001000000010100000101001000000100001110010010011001001000001000110001010110000010111011000000000100000011000000101100010000100010000001011000011000010111101001010000000
1111100110000110000001111000100001001110001100001011001011110011010101011011000011000001111001111010101001010000110010010100100000000110010101111100100111100001101001110111000110010110010011010001000100110100011100100110010100101001000111010101011110000110
1001000001000001101000011111110011110010100011100010000000101110101101011000100000100101000101101110000000000001001000100001110011010011010101001000100111000000011001000011001000001100100101011001000000100010100100110000011011000011010110110011101011000000
0000101100011010010100100001010000101100000000000000110000101100111100000000101011110001001000010000000101100001000011000101000010000000100100001001011000000110010011001001101001101100101011001010000111100101101100011000101000001011000001100111100111000011
0101100111010010001001101000110110011001001011100010000001111110010001011011000000000100111001011010011001000100101000000000000101001110100001111011001001000010001010110000001001110111000100000000101000000000001000101011001001010001000010011001001100101101
0101010001000001001000010110110111111011011111001110111000000010100101111101010111100100100111101110001000011110011110111010100110110100011000011000100101100000001010110111010000000100010100010000111101010000011010000010010100100000000010001000010000110010
1110000110101110010000110000101001101100000000000000001011010101010101000011100100001001001010101100101101011100001100000100001010000110010100000000010001100100110011100101110000010000011001100110100010001110110010101110110100111000101100001101101011001010
0101101101010101000001000111010110010110111001111111100000000110011010111010101001011010010010000011010000001011110000001000011100110101001000111111001100010011000100010011000110110000110110001010001001000010001000110101001101010010110011011010001100100110
1100000100011010000100100010100011001100011000000000000101000101101000000000101000100001000100110000111110000100001000001100000100001100110000100001110001010100011000000000100001011010011001000010101010011100100010001100100101111010100101001011101101001101
0101100001010100000001110011010110010111011101110111110010000100101001111000110011011010110011010111010000101011100000001011011000110101001000011111000110010010110100010011000110111010110100000000001101000110001000010100001000001010110011011010011100100110
0001000000000001101011111010110110011000001010111010000000001110100011011101010011110001110000011010110000100100010111001111000101101100000000011001000010001011000001011111011001000000000110101000101110110001101010110001001101101111100010101001001100100100
0101001100000101100110000011011110010010001001111111111000000010011011111101010110011111111000000110010000101011010001011110011100100101100001000111000100001010100100010101000000100001110010101100001111000010100000010100001111000011111010011100011100100110
0101110100000001001100100000000011111110111011001010000001101010010111011011000101010001001011000011001000000100110011011100000111100111110000110010101111100001000001111000000010110100010010110001100110100111011000010010010000110000100010010000111000110000
1111010000100001011000011110101111111010101000111111001001011010100111111111000100000000100011011111101000011100110100010010001010110111001001000001000111100000000000110110010010010000000100110100110100101010000000000011010000101000111010011000111100101000
0101000010100111011000101000110100011011000010001111101000001111000011011011010000011100000010000001001001101110010100000010001100111110000001000000000001101110100000001000101011000000010010101000100100101010000100001111011010101100100010011100100111001010
0011100100000001101001010111011100110111111111100111001000101100001111011111010011010110001101001011100010010010100100001111001101111101001001001101000100011010101100010010000110001010110110101101001010010011011100010010001000010000111000000100111110100000
0000011011000000011000100011010001011011010010110000000010000110011000000010001010000010000000000100000100001110000000010111001001101000000001001000010111001110010000000001100010001000001101101111011101100010000000011010101000001110100000110111000101100000
0100110011011011000000010011001101011101111000110101010010011100000000001011001001001110110111011101001001110100001011000100001101101100010000010000100010110110001000010010000101010000011100000101111110000111101010011000100010101010000000010011010000101101
0000100000011000100000001001001110110000100000100000000011100100011110111000101001110001011010010001010101000000000110101011110000000001000101111111010010011110110100001010100001011010101011001010111010100001111000011001101101001011001001101010101101000000
0001100100001000100000011010001111110000101000110010100011101100111110011010111001100000001011011010010110001100000110101011110110001101010001011110010110011001111100000011000011011010100110101110111010100000011000100011101111100101111000111010101000110000
0100000000011110000111110000000010001001100000010000110100011100011000100000101011010000111010011001110101101110000010000100000000101000000100000101010010010110000001001100110011001011111001100110100110000100100010011000100000101110100101001011110101011111
1001100010100000000101001100001010010110110001000111100011000011010111011100000001010000001011010111000000111000110010011001000000100001101100101111000100100011110010111000000010101100100011111100100110101010000000000001010101101010100011001000111000010110
0110001001100000001100000110010110100000101011101101011101010110000001000101010010100000100101001000001001111111111001001000100111001110001000000011000001100010001111110100000001110100011100000000011101101101000010100010010000111011001010001000011100101000
1100010000101010110110000001010011100000000000010000010100110001111000000100100000111101110110100100000100000010001010011010000011010001110101011110110100010101010010101000101100101000101011010011110000101100000010000100110100110011011111011011011001000010
0001001001000100001001111010110101111000101011111011001111011100000101011101010111001000000111001011001001010100001100000000100100011100010000011100000001101001100000111100011001000010010100001001001010110000111110000110011100101000001010010000110110110001
0100111110110111101101100100100110001010101110011011111001111011010101101101010011000010110001011100001000111001010101111100001101101110000101010100000001101110100011110101110000010001011001110101011011011110110100001100010100100101100010010101110000001101
1100000100101110001101111110110000000110110101100001011100011101011100000000111010000000111111001100101100010110101100001110001000100001001100010010010101011100011000001010101000001000011111000110101010101010000100001111100100111001011100000010111101001100
1100010101111110001100111010110011000110010111100101011000011101001000000100111011001000001111011100111100110110101010001110001100111000010000000000010101011100011000001000100000001000011101000011101000111010001010001011100000111001001100010010011101001100
1110110011111010101001111000100010101100011010000101111110010001010100000111110110101010101010101000111111011101000000101110100000000100010101010000111001100100010011000110100001011100001001010010101001001100011000101011110000101100001100001001000101001001
0000010011111010001111000100110101111101011111001100110010010101010001101011001011001010111100110100101010101111111100111111100111101100111000110000101001111100000110000000000101110010001100001001111101011001001010000110111000110101011000100101010011101001
0000100101011010101000110010110010001101110010110000000010101101111000010000101011000110100001011001000001010010000100001011000001010000010101001100010000011000111000000010001101001011101101101011101000000001101010101000100000001000111100100010000101000101
0101000010010000111111001000110100110000001111011110111000011111010001011011011101000100111000000010001001000100010111000010110111011110000000100010001011101010000001100001001101100011000100001001001000100001001100000011011000000001011010010100010111101000
1001110100101000110100000001001010100001000100010010100110100000101110000100100111110111011010010001000110000001000011000111010010100001000101000101011110011110110100000000100010101001110011111110110001001110111000011001101100100110110101111011111000000010
0011010010110011010011011100101000001000010101000010000100001011000011000100110010010100111000100100100000100010100010001010101001100000001100111110001011001001101010001010000111101100110010111011110100111010000000001001011010100001011101000101110001010110
0111101100000001001001000011000101110111001000111110000001110010000011011111010000100100101001100110000001100000101001010000000101010111110001100110101100000001100101110000001100110010100100010101011110100101000100010100001000001011011010010000001010100000
0001001100010100101100101000101100000000101011011011011011010011110001011111010000101101100010110010001000000101010101001001100000011110110100100111001000101100100111110101111001110000011001010000000000000100010110000111010001010101001010100100000010100001
0011001000110010101001110000000110001100001000001010111101100010010001111101010001001010000001100011011011111101010010100011100000001110010101111111011000100111000000110111110101010110011101010000000101011100010000110010110011101100011001101000001000110101
0000000110011010000101100011010100110000001101110000010010000100011100011111101110111010100111101011000001001100101000000111000110010100110000011101000000010011111000001001001101011011101110100110001010000001110110011110001100011000001111101111011110111011
1011000000000101000100110110100011110110110001100011110101011011100101111101000111110011100101101111101001011000101101110101100010010001011100011100100101000001111001010011001100011100100010010001101010110100010100000100010110101000000111110001111010010000
1110110111100111101010010100111000001111010110000101011100111111000000000110001111111010110011100101001110000100000101010100000001001100001101001010111001100101011110000011100000001100011101100110111000001000001000001110110000100000110000000111010001011101
0100101001011111000100111101000110101100001000000001011000010100001000100100111111111000100010011000100010111010000011100100000110011000101000000000000010010111001001000101111001000101111010000111001101100100001100011101100010000110010001000011010110001010
0101100010011110100110100001001100111001000010011000010000000000001001110001100010110001010100101010100111101010010001100100100111001000101000000001010010010111000001011001110001100001100010010100000001000100100010011000101111010110010001001101001100101111
0111101001000101000000011111011111010110111000100010000001111110000111111101000010100011110101101110011010011101101000110000000101001101011000101010100110000011001110010011001100011110000100100101011011100100010100010001100100010011110001000001110000111101
1011011000000000010101010111001011000111010001101010100001011010100110001100100000000111010111101101010000010001101000111001101000000011101100000101100110000000010100110101111100010010110001010010000001111110010100010001010100010010001111101010111010000110
0101011100100010111100000000101011111010001110010010001010110011010011001001010011010001111011110101001000000110000011011110001111100100110001101110101001101000100001111000000110100110010010010001010100101011001000000100010000101000111010010000010000110001
0101100101011100000010000111001110010000111101101011101000001000011001111011000011010010111100101111110011001011011110101000111100100101001000010101000110010001001000011000000111000010110010010000100011010110101010110000001100101110001101001000011000100110
1000000000000001000111000100100011000111010001000000000100000111101111110000001010111001001010100100000110101010100100111101000001000101111101101010110110000100011010001001000000101101001011100000110000100101010000000000110100110111011101001011101100100110
1100000000000111000100101100100011100011110001000001001000010011000010000011100100100100111101101100001100100100001100110000010011000011111100010011110111100100010010101000101100011100011001110010000110111100100000100110110000010001101111000011011001000010
0100001111000100011111000100111101101000011111011101001110010100000011010111000110001000100100110110101000000111111100110110101101011101110000000000100111110010000010011101011100110000011100000101001001100110101110000110010000010101001011000101010010101001
0001010110011000100001011110001100011001101011101010000001111100100101111111011100001101101111001011111000001100111100101011011100111110001000000011000001111011101101110010100011110100001100100100111010100110010000011010000100111000111000100000100000100001
1001000010010010110100101011110011011001000001111010000110000001110011010101000000011001011000100010010000100010000101001011011001100000010101001010101000001001010001111101011111100010100010111101110000100011001000000000011100110010011111110000001100010110
0001000100110001001101100000101100011001101011101010000101011011110111011111000100000000001110000010111000011000111100000011001100111110100000000101001000101011100001110001100011110000000100110100000001101110110110000010010111110001010010101000101110100001
0001000000000001110100010011001110110000111100101111000001100010011111111111001110000000000111001011100010011000011000101101001110111101000000000101000100000010101110110000001011010100100010101000101000110011000110010000001010011010100011100000010110100011
1000000000011000001100100101001010100000100011011101010101000000111100000000111100101100011000110001000001000000110101001011110011000011101100110111011000011100110101100000101001100000101001011011000000110101011110001000000001000111000110100010001101000000
0011110000011010100101000100101110011000111011000010100001001001000001101001010000001011010000010101111010000100110100000000000101001100111001110110001011111001101000010001000001100000010010100101011000001011000010001001100100110100111001000000010100100111
1000011001001010000000010101010001000000000011010000011100000101001010100100101000000011000010101001110110011010000100000011000000000011011101001000110010011100110000001111110101001010111101011011000000010000110100101000100001010100010100100010001011000111
1111111111100100001000001010110001010110000011001010000011000111000011001000010001001000010100100000110000100001101010110000001001100011110000011000100011101000001100000011001110100110000100101011011001101001001110100000011111010011100110010101100011001100
0011000000000000110101010101000101010110111001101010000011110010000011011011001101100111111000010010100010110000110111011111000101101111001001110110100110001010100111110110010010110100000010101001010110000100010000010010001100000110011001100000000000110100
1001011001101101001011011111010001011110110001111011100000001101100001001100010010101110100101001100011000110011001000110001000100110001011000011100100100111000101100110000000100000001000110101101011111001000110010100101011110110010100110111100110000000100
1011000100001001010001000111110011010110010001110000000100100100001010110010101000110001011011000111010100011010100100011001001000110001011101101110111100011001110000000110011110101001100011001011100000100011000100010000101100000000111110110010101011010110
1000110010101010010000010010110001000000000001111010110101111001001100100100110001001011011101011100011001011001101001111010110011000011010100001110110111011100110001100011100100001011101101011011110001011000100000101000010110110011001110111111101001000000
0010001101011011001000110011011110101000100110110001010000011100101000000010101010101000101111001001110101110011101101100101100110011000000000010001010000010110011101000111110001001000101100001110001100100101010110111000101000010010001000101010010110000001
0001010011001001100000010011110101010011100001110101000100101100011010011110011011100100110111010111110010000010001110011011010101101101011001011010100101011011111100000010001110001000000100101101111010110000101010110010101101100000110001110111100010110110
0111000010000101111110001110010101110011011110111011001101101010000111011011000100100100001010000110001000100100110000111000100110100101111000101011101110100000000000111000010000110001000100110100111110000101001000010011010000100101000010010101111000111000
0001000101010100001001000000010110010100101010111111110010000100011011111101011010011010010010010011101010101110010001101010101100101100000000010100000101111010100010010100010011010000010110001000101110010011000010101110001010101110000000100000000000101101
1110000100000110000010011100110001101111010000000000101100001001011000110010100000011110001111100101110101011100001101010000100010100010011100001001111011000100011011001010100110001110111001110110100000000100000000100111110001101000001100011011101001010010
1110000000001110001000111100100001101111110001000101001110001001000000100011101100001000001110100101111101011000001101010000000010010010011100001000111011110100011011001010100100001110011101110010100000100100000010101011110001101000101100000111000011000011
0100010101111011011000110010011100011101101110100000101000011100101000101110011010101111111111011101011001111110001000110110100100101100000000011000000001101010001011101000000001001101001100000010111110011010100010101010001110101000001000000010110001101101
0000000110010001001101110111000100010011100111100000000001010110101010111110101001001011110001011011110110110000000111000011001101100011001001010101010110001011110101100110000011011000100100101110001100010110110000111000101010001110110001100110011100100100
1110000000101110100000001101000011100110010001000101001100000001101010100000100010010110001010100001100111000010100111100100110010000001011100101111111110010101110000001010100110101110110011011010110000101100001000001101110001101110011101001010001101010010
1011000101010011010101111111011110011000010000110000110000010100101001011000100010000001111101101010010001110001101100101101100001000000101000001101000000000010011010010001010001001001100100000000001111110001100010011000000110011011001011101000111100100011
1110100101110110011101111011011010000100000011100000111010111000101000000000110010000100101111001000000001110011101001100100000000010010100100101111011000010001011001100000000001101000110001010010100111111110001000001101000000011011000110011010011100010000
1110001000010111001000100011011000000000100010100101001001000000101110000000110000000000001011010000000001110000000001101010100000000011000100101111011010011000111101000010000111001010111101010010000100000001001000001000000011000010000110011110101100000000
1010000111001000010000011010111001000001000000110100001000000101001010010010111110111111010111100111110000110010101111011111000000110001010000001000100100010000011010001000000110001000100010101010101000010001001010000011001010100000001100010010011011000111
1010110000001110010000011111000001101000001011111111110011000000100000000000011011100110011100110100100001010000001011000011100010000100011100010101100010111001000100000010110101010010011101010110111001001101011010011101010010101111000111101010000001110101
0101000000000001001101000100100111110000111001001111111001011010010101111111000000100110001000100111101010010100110010010000100101001111111000000000100101100010000000111100010100010000011100000001111001010100110010010010010000110000001000000000000000101000
1101000000000001001000000100000101110010101011111111111001010010110101111011000001100100001010100111001000001100010110110000100010110111011000110001100101100001000101111100010110110000010000010000110010000101111000010110011000100000000010110000001000110000
0101100010000001001001001111000100110010011011101111011001000010001111111111010011101110001000111011000000100100010110001010100111011101101000010001100100000011000100011100000100010000100010000001011010110001110000010010001000000100001010000000011010111000
1000111110000001001000101001000001100100000011000101101001000000011110000000111001100000001011101000010100001101101110101011000000010010010100010111110010001100111111000001100001101101110001110110000011100100011000111101100001000001101100101110001100110001
0100111010011011001011001101010000101000110001000000101000011100001000100010101011011000101000011100100111001111000010110100111000101000001100000001010011010111000110000100110111001000001101001010000011111011100010111010100000101101001001001111010011011011
1010010000111010000101011011001011000001110001110000010010111000101010100000101011111001111111000001110110110000101011000100000000100010011100100111011000010100010001101000100111101010111011010010100010001100000010001101100000111010111101001011011001000101
0011000000000000011011010000100100110101101110000010011001011011100101111111010101110111100010000011101011011100010110000001100001000111000001100101101011101011100100010110010001000100010010111100110100000000011000100110111010000100000001100000000100110000
0011110011011100011001011111010101011000001011110111011010010100000000111011011011100010100101101110110000110111101010111110000101001100011000000100100010011011101111010011000001001100010100001001011111000000011010110110001010000001000000000110000010111001
1010011111111010011000111100111001001101000001000000001010000101001010000110101010111011100110110101110110010010101100110011000010011000010100101000110011011100011110001011110111001110001101100011001000001000010110101011100000010100001101100111000011000001
1100111111101110001000010100111001101001000010000000000000001101000110100010101001101011000101111001101111111101101000010000100010010000010100001000110011100100011010101111100101001110001101000011110111001000011110101011110011110000000100000111000011001001
1011010100100010110001011011001011011101110000100111000011111011100001001000010001100000001111111100011001111000101010010001000001000010010100111110100011100000111110110010000100100111010001111011010110101001001010100000010110110011110111101000100001000111
1001110000100110000001101000100011001101001001010010010110000011110101010101000001110001000010101000001101100010010010011001110000000000110100011100110000100001000010011100010000001101010011010000110100001100110010000001010101101010001101001000101000010111
0011010000000001000000000101000101111110011000001111000001100010010111101011000000101011010000100010001010100100110101010011000011001110111001110101101011101111100111110101110000110100000010111001010001000100010000110110011000110101000011100100000100100000
0011101010000001100011111100000100010000011000001010001101000000010111011111010000000001011010101110111010101001010100111011101100010111001000010101101100011010100110010111010100000000110100010100000100110011010110100111100101000101001001001100001010100110
0001000000000001001100000101000101001010011011111010100101010010000001111101000001000111010100101110001000010001011101111011101101100110011000010001100100101000000001110001000110010011100000010100100001000110111010110100010001110011000011111000001000100100
0011010111110110101000000001001100111000100011001010101101111010010000101010010000001011011010010001000011001001110101000000001110111110100001100111001000101110000111110010100001100100100100111110110011011001000010111011011001111100101000101100000100100001
0001100100000000010000101011001101110001001011111110100010000000111101111010010000011011010110011111010001001101101001000111110110010111100000000011001110011010001101010000000100100000100010111100110001000100111010110001001111011010001010111101001100100000
1001100010000000000011100111000001000011001001111010100111000010100001011101100001000101011100111110011001000000010110110011000001100011010100011001100110001000110000110010011100010011101000010000101010010100111010100100010101001010100111111101001000010100
1001110110101010100011111010100001010011000100110010010100101001000101001001000101110111001001101100011001010000001010010000100001000001010101011000101110110001011000010110010100011001000011011001000000001100111000000001010100001010000111011101011000010110
1110110101110010000001011011101010001101000000110101000000010001101100000100101111100100111001011000111001110010101010101111000001000000000101011000000001100001011010000110011001001000001101111111111110001101101000001001010110110011100111001010010101000111
1100000100000001001100101000011010000010000001110000000000011110001010010110101010010001110001010100010100000110000001010100000011100011100100100010010101000110010001100001101010101000111001100111000000110010000000000011001010010001100110110011010001001100
1001100110111010111100101010100001101000000101110111001100110001100011001000110000010000101111010000001000101000101101101111000010100010010001100110000001111000101001100000000111100010000010111100100110101000000010101001010010111010110100111100011001000011
1010000000001001110010001101010000000010010001000000110000001110101000000110101000111001011000000100100110100011100101110011100000010011001101101011010110010100010101000011100000101100101011001010000101101010000100100011101111010101011100101010000011000100
1000000010011010000010101000110000000001000000000000000010000101101000000100101000001100000000100000000001100011000100101011100000000000000100000000000010010000010000000001000101000000101001000110000011101101000000001001000010000011001100101111001101000010
1110001110011001101100001010010001110000000011110101001000100100011110010110111000011100001111110110000101000110101101001110100010000001110100011000110100011000111001001000000101101010100011101111000000010000000110000111101001010000111110010110001011101000
1010100100101001101100000110111010100010100000111101010100101001101110000000100010111110000100011100100010100011101101010111000011000001101100000101011100011000110101100000000000100001110011111010110000001111001010000100000000110111000110111010111001000110
1000100001000111001000111100110000101010010011000100111100000111001100000010111111010011000000001000100101011011000110011011001000100000001100001101010111001000110010000111010110001110111011111010100001100010111000101011011011101001100110101110000001010000
0110000011000001001100101100111101001001101011001101001001111111010011010011010000100000101100100010001000100100110101100110100100001110111000100010101001101111000011100001100001100100011100000001001100000000000100000111010001010001011010000100000011101001
0101110000000100011000011111000111011100001100000010101001001110010100101111001001000010011011011011010000011111000010110000000100101100011000011001100000100011001100010111010000010111010100101100011011100010101000110011001111000000101000010001100010101100
1011101000100000100001101011000011010010000000110010110110100000111100001100100011011011010011100100010100111011001010111011010000010001010101011111111100000001111100001111011110001010100011011010000001001100110100110001101101000010000111111010101000010110
1111000000100010010001000011000011000001000000110000000100001000111011100000100000011011010000000001010101110011100000000001100000000001010100101101011100000001010100011111010100001010100011010010110001011100000010010001010101000010000111111011101100010110
1001101010001000100001111111111001010011010100100010010110100101001100001100101011111011000111101101110110010011001010111111100000010001011001011100110100011001111110000011000000001101100010001011000000000000010100101100101100001010011101111110111011000110
1110000001111111010001010010000011001101011101110101100000001001101001110001100000011010100001000001001101111110100100000000100000000100011100101011011110010100010000111111110101101010111001010010100111011110000000001100110110100010000101011001111100100110
0011101011001001000011110110011101010011010100100000001100000100001100100110111111110001001111111101110011111110101110111111100100000001011000011101100111011001111010000011000000001001100110001011001110000000110110101010001100001000001101100110111011011110
1010010100111010100101010000110001101101000101010100110100100001101100100000101110010010100100100101100110011010101010100101000000010000010101100000110010110100001010001001100101001110101011011010100001111110011110001000100000100110011101101011011001000011
0000001011011011010001110110011101110100010100110000001000000100101100000110111110110001001110111100100101111111101100110111100100011001111000011001100011011011111110000001010101001001100110101010001110010010110110001010001110001000001101100111110011010011
1100100010011110011111110010111001101001011101010101011010010101000001010111010010110000101111101010001001010110101101000100100001001100011100001010110011110101001000110000101101001100011011000001111110000000000000001010110010111000000100000101010101101011
0010001000000001001001001011010110000110000011100101000000100100001010000100111001111000000100000000000111100001101001101011100000010011000000100011011100001011111100000001000000101000100010111010010101110000000010100101000011000011000000111010001111010100
0000001011011010010001100111011100110100110001110000001000000100101100000110101110010001001100101000100110111011001100100101110110011000101000010001000010010011101110000101010101001011101110101010001101010000110110011010101110010101000001100111010011101011
1110010101111110001110110000100010101101000011000000100110011001100000100000000110000010010110111001101111011010111010100100100010101000110100100000111011110100001010101000100011100111011001010011110011011100001010001101110010101110000101001001010001011011
1110010111111110001110100000110011101101101011000000010110001001000001100001010010110010010100100001101011010110111111010100100011001100110100000010110011100100001010000000101011000111011111010001111110001100000010001100110010101010000001000101010001001001
1010000001001001011001001011011000100110000011110101100000000100101010010010111001100100100100010000100100100001101111101011000000010001000000100101011110011001111100000011000000101000111100001010001101110001000010010001101000000011110100111010001110000000
0110111100111110010100101101001110101000000101001000110010000101001100100100101111010001110010001000100111001001110001101100100110011000101000100001011010110111000011000101111001100111011011001110000001101100111110101001100010110111000001001011010111010011
0001001000011000010100100111011110110000100001111000010010000100001100011100001110010001011100001010100111100011011001100100110111001000101000010000000010010110000000000101011001010010100010101001001100000000110110011001001101010111000001000010110010001011
0100101000011111110100101101001110101000000001011000100000000000001100000100101001010001010010001000100111001001010001101100110110001000101001100001011010110110000011000101111001100110111010001010000001100100001110011001101000010111010001001010100100000111
1001100010000101000001101100010000011011000000011010101100000110011110111010111001011001011110010010110100101100000010110010011000110100001100011101011110001010110010001101011010000001110011001010100110110011110000110010001100100000000010010110100100101110
0011100111000000011001110010100101010101101010101111111011011011000001111111010011101010100111111011111001111110111110011010100100011111010000000001100001101000001010011111000000010101000100000000001100000001000110100110010000000000001011100100010010101101
1110011110001110001100101000011011101101101010000101001000110100010010000010111110011000100111110110000100011100101001010100100010101100110100110010110011110101001011101101101110101110011011010011000000110110010100001010110000010000001101010111010011011001
1100010111101011001010001000010001001000000010000000000000001101101010000000101000101100001010100100000100100110000000110010000000110000010100001001100011011100010110001000100110001000001001100010111100001001000010001111010000100001101100101010000001001001
0011000011000000001001110110100101010110011010101110111010111011000001111111010001000010100010100011101011011101110111011010000100010111011001011000101101001001000001011111010100110110010100000000101001100100010100100010010000000000001000110000001110110000
1100100110000100001000011010111001100100110001110101001000000101011100010000110111111100001101111000100001110011001100101100100011000001110100011001110000001001111100000011000000001001110011001010010000010001011010000011001000010001000110000110011101001010
0010100111011011001000110010111100001000100111110001001000011101001010100110111010111010110111001001110110011010101100001111000100011000000000000000000001011011111010000001001001001000101100001110101010000000000110101011101000110000001000100110010011010101
0111100011000101101001001010100101010010001011111010110001110110010001011011010001100100011001100010001001000101111100101000100101001111010001100010101001101011001001110010001000110011001100000000111000100100001000010111000011000001010010010100000100111100
0001100111000001011011011010001101010010001011111010000101111010010011011111000101000101011101100110001001000100011010010010100101000111010000001010101110001001100001110010000110010000000100000001011010010001001010010011011001000001010010010101101000110100
0011000000111011110011111010010110011100100010100011001100101100111111011100110001010011000100001000110110000010001100001011010100100000000001001101010000011010111000001011010011001111110010101010101000001000110010101101101111100110111000101010101100010011
1010010000101010000011101000100011001100100101000011000010101011110010000100100001101000011011000000011100001000100110111011000000110010010101111111110000100101110000101011100010101100101011111110100010001101010000101001110100111010111101111011101001010011
0000001111011000001000101001010001000000000010010101001011000101001010000010111000100101001000100100000100000000000100101011100001000001010100001101110100011000111000000001100101001010111001001011001100100010000010011101000010000001001100100110001010000001
1100010000100111011110001110100010101110111011101010000001011011110010000000110000100101101101000000001000000000101001111000011010100010001100000111100011101100101011111000100010110101011101110010110010001111110000001001010000100011000110001000001101000000
0001000001011000000000111110100111010000101110110010000001011100110111011011001000000101001011100110011000100000011100101011000101111101011001011100000101011000100000111110001111010000000100101001101100100001000110010011001100100101101000100000110010100001
1010110110100011000110010010110000101111000001100001001110001111111110000100110000010111000111101101000000010010101100011111001010110000010100101110110001001001111010100000000110001110001011111110100010001010011000101100010101110000101111111111101001000011
0011000010010001001000011001000100010111001000101111000001110010110011011011000100101101011001010010111000110100010001101011100110001111100001010001000000101011000111110101010011010100000100100000101110000111010000110011000111000011101010101100101100100000
0011000010000001000001011111001100010100111000101111000001110010010011011001000000001101111001001010011000110000110000100011000100000111001000010001000110101010000000111111010011010000100100110000100100110111000000110001010100110011101011101100001100101100
0010110010011111110001111101000000101001000001000101010000000100011000100010111001111010000011000001100110111000100011101111000000011000001101001101010000011111111001000111101001001100101011001010100100111001010100011101101000100010010101101110000111000001
0001000000000011000000000101000100011011011000000110000001000010000011001011010000010101001000000110001010100000010000011011001001100100001100001101000110101010000001010000000010011100010011110100100110000110000000010000111010100010100001101000000100100010
0111100000000001011111000000000101111001101010011110010101011000010011011011010101101100001100000010101000110100010110000000100101001110110001100001101001101011100101110101010001010000010000000000011100010001001010010010001011000001000000010000000100111001
1011110110100111101000111111001001111011110000000111010001100010010101001100000001100010011001000001000001010000000011110000100010000010011101111111101010001001111010110010000010011101100001011100110100001000001000110001011101101010011000011100101100011100
0101101111000001010000101111011100010110011010100010000000000100011101011001100001000001010110001110010000110010101010111010101110100101101000011001000100010011001010010110010000001001100100101000001110000011101010110001001111001010000001001101101100101110
1011100000000101001010000010110000110010001010111010110000001110110011011101000001001001001000000010001000100110110001010000100011000111000100101111001100101000110001111110010010110011010100010000111110010000001000000100011011100011000010111101101000100000
1011100001000101011011111110111011010011110111100011001101011111010111001111010011100011100111101110011000011100101110011010100101110101011000001110100101001001111010101011000010001100010100101101011000010000011100100111011100001000000110110000110011011000
0111011011100101001100100110100100110110111111101111011001011011000001001111010100101000100111100011001000011101111100111010100110011110101000110010101111101001101111110001000000100100011100010001001010101001000100000010010000010000000010000100010111101000
0001101010000001011100001110111101110010111111101111011001010101000101111111011111100000101111101111001000011101101110111011000110011101111000011110100101001011101010111001000000100000000100001001011011010010101110000110001000010000101010100100010010100000
1001111111100001011100100110110001110010111011101111011001010111000111011111010011100000011111111110001000001101111101111010111110010111111000111010100101101000111110111001001000110000000100001000001000101010001110000010011000010000011110100100010011101000
1100010011011011101000001010010001100000000011110100000000101101011000000010111000101100011010001001010100000110000001101010000010110011010101001011010001010100010100001010000111001011001101101010110010111000100010101011101001110001011100011111000101001001
1010000011111110001000010011010000100001100011110101110111000100011100110000111100101110000101001001100001111001101010100000100010000001000100011001010110011010111000001001000101001001101100000010101111011011010010001100000000110011000110011110001001001001
1110111100111111100000111111010011101100000001100000000100100100011100100000101000110001011011001001110110101000100000100000100010100000010101001010111010010100011100000010100010001100111011101111010110101000010000111100101101111010010101001011100101000010
1001100000010010100001101011000010011000000011110100010000000010111100011100110011110000011011001010010000001000001010001111011000100000000101011011010000001001011000000001000001001100100011011110100000110100111000111101011111110010101111111010001100000101
0011100000011001001000010111000110010101111001111010010001000000110101111101010001100011010001010011111000010001110010101011000100011111001000111101001000111011100100111111010001010000000100011000001010010000011010110000001101000110000010101000100100110101
0000000000011011101011101000101000000000111010000000101001111101001000000111111001001100101010010000001100000100000100101011011100111110001001000111010001111111100000000010101011111010001101100110101010100010101100101011100010010101111101111010000111100100
0000100010011000111010011101000100100001101010011100100001111100001000000110111001000100111010000001100111010000000011001010001110101110001001000001011110011110000101100110110011010001101101000010001000111111101010011011100000001100001000101111001100101000
0101111110000000010110001011001001110010000001110110001110000000010001011100000001110100001000110110000000000001000011111010100011000011110000100010100100000000000101110101010100100000100010011001010010100100100110010001010010000011001110010100101010001010
1001010010111011000011111010000001001000001110101010110101110000110101001000110000101001011111101000011001110100001000101010100001000110010100011001100000111000011000111010000001010101001101010010111100001001110000101101010100101010000111111100111100011100
0000100000011000110011001011000010000000000010111000000001000001111110000000111001010101001100011000110111000001001110101111110101011001100000010101010000011111100100000000100111000011101011001010000101110010111010101001100101000101001101111010101100010100
0001100001011010100000111011000110111000101000100011110011110100101000101110101000100010000111011001110001111001001000101011101010001100000001011101000000010010111000000111010001011001100100001010101111000010100010111001001110111010001001111010111100100010
1100010111000100101001000100110001001010111011001001001111011111010011010111000100000100111001100110011000000110010101011000010001111110011101111010111001100100000011100010101110100111011101000101111100100000100100100110010011100101110110000101100001101101
1110000101011110000000101110110001101000000011010000010100001001000000000100110000100101010111110100011100010010001101010010000011000010010100101010111011011100010001100011101000001011011001010010100000110000000100001011110100101001100100000111101001000001
0010110100111111100101010100100110001100110000001101100110010001000010000000101011010100111000000000101110000000010011001101111111101010001101000100011011110110000011000100110011010100011001110010110110001110001000001000100000101111010001001010110101000011
1110010101000100101001011100110011010010011110000101001011111111000011010111001100100100111001100110011000000100010001011000000001101111011101111010111101100001000111100010101110011111011101000001111000100000000100100110011010100001110010000001100011111100
0110010101110110101001010010111100011001001110100101000010110101100010100000010011101010100001001001111010110110111010000000000101001110000001001000000000100011001010010111010001001101011100100101111101011000000000101100100000100010100000001101010100001101
0001000010000001000100101101100100001010001100011010001001010011100001011001000010000000100000000010011000001000010100010011010100111010101001000100000100100100100000110101101000010000000010010000100111100110000100010001010100101101101011110100011110100010
1010010011100001001101001100110000000110011001001000001100010011100011000011000100110100101011010100011000010110110101110001001000110011101100101011101100101000010101110000000010100100000101110100110000111110000000000011010000111001101010101100001111011000
1011011100100001100101101000100000010011000010001010001001110011000011001000000000100000100011110010001000000000010100100001000001010011100101101110001101101000100000100001001000100100010101111101010000101000000100000001011000010001111010110000010111000110
0000010000000001000101000101100101010110011100001010000101010010100110011011001000100110000000101110000000000010010100010001011101101101101001000100100101100110000100100100111010010101001001101001011011000110101100110010001000011011101011000010010011100110
1100011001001000000000101110001001000111011101111010000111010000000011011011000000000100100111111111001000001100101010010000011000111111011100101010100101110001000000110010101110110010001101100101101010100110001100110011010000110010111110010000010011111000
0100110101111010100100000010111000001001000000110000001010110101001010000000101001010100101101011000000100000010001101000100001101101010100001000001010000010111111001000000100111001011101101100010110000011000100010101000100001110001100100011010001101001001
1010110101111010100100111010111000001000000000011000001001100101101010000000101001000100001100011000101001010000001111100100001001100010100101000001010001110101101001000100110011000011001101100010101000111010101010101000010001101001000110011010000101010001
1100010000000001100100000000110001000110010000000000110010100110001100000010101010110100001001100100000101000110000001010100100001000001110101101010110101000100010101000000101000001100001011001011010011100100000100000010110001000001010110010010010011001000
1000100100000000100100000111000001000110010000110000100010110110001010110000001111110110100011011111000100001000000000110100001001100001101101001010010100000001010100000000001110101001101001100111101011110010001100010000000000110000110110010010001010010000
0000100100011010000000010010001000001000000000111000100000000000001000100000101000000000000100001000100000011001001000100000111000101000000000001001000000010011001000000111010111000011100000100010000001110010100010001000000000010001000110011010000000010001
1000101100100001100000100000001001000100010000011000000010100010000010000000100000000100000000110100000110000001010010010000011001100001010101101010111100000101010110000010100110101010100001100111000010011010100010000000110000000100110100011010001000010001
