38.000000 9.000000 -0.662400 -0.385842
302.000000 9.000000 -0.333047 -0.345510
530.000000 13.000000 -0.103733 -0.327220
510.000000 27.000000 -0.122399 -0.313412
510.000000 29.000000 -0.122337 -0.311365
515.000000 31.000000 -0.117508 -0.309170
606.000000 32.000000 -0.031658 -0.306458
1189.000000 36.000000 0.584776 -0.344366
1026.000000 38.000000 0.383529 -0.319187
1005.000000 43.000000 0.359704 -0.311647
13.000000 50.000000 -0.690927 -0.341193
1014.000000 52.000000 0.368733 -0.302916
1215.000000 52.000000 0.617794 -0.330181
1224.000000 52.000000 0.630403 -0.331731
80.000000 53.000000 -0.595638 -0.326113
1235.000000 53.000000 0.645803 -0.332470
30.000000 56.000000 -0.665267 -0.331120
976.000000 58.000000 0.327000 -0.293159
185.000000 59.000000 -0.460343 -0.304109
249.000000 59.000000 -0.386289 -0.296959
59.000000 60.000000 -0.623470 -0.321500
1231.000000 61.000000 0.638745 -0.322416
1252.000000 61.000000 0.668805 -0.326013
60.000000 62.000000 -0.621742 -0.319015
1232.000000 63.000000 0.639823 -0.320254
1236.000000 64.000000 0.645336 -0.319765
1239.000000 65.000000 0.649444 -0.319105
86.000000 66.000000 -0.585395 -0.310224
105.000000 66.000000 -0.560013 -0.307308
90.000000 68.000000 -0.579692 -0.307325
1266.000000 68.000000 0.687965 -0.320166
1266.000000 70.000000 0.687627 -0.317812
214.000000 76.000000 -0.424292 -0.282425
211.000000 77.000000 -0.427654 -0.281674
1251.000000 79.000000 0.664337 -0.304797
1264.000000 80.000000 0.683043 -0.305760
7.000000 81.000000 -0.694450 -0.305641
10.000000 81.000000 -0.690062 -0.305154
1250.000000 83.000000 0.662246 -0.299993
990.000000 84.000000 0.339850 -0.267261
1248.000000 85.000000 0.659046 -0.297357
333.000000 86.000000 -0.294042 -0.262022
1272.000000 87.000000 0.693624 -0.298888
884.000000 88.000000 0.230803 -0.256517
1240.000000 88.000000 0.647116 -0.292630
61.000000 89.000000 -0.616075 -0.287896
1266.000000 90.000000 0.684350 -0.294437
1260.000000 92.000000 0.675285 -0.291169
87.000000 94.000000 -0.579886 -0.278470
114.000000 94.000000 -0.544292 -0.274789
1231.000000 95.000000 0.633275 -0.283230
165.000000 98.000000 -0.479862 -0.264220
1236.000000 98.000000 0.639889 -0.280568
1239.000000 98.000000 0.644148 -0.281022
1257.000000 100.000000 0.669687 -0.281476
1223.000000 102.000000 0.621014 -0.274100
1141.000000 103.000000 0.512266 -0.262062
1145.000000 104.000000 0.517180 -0.261458
313.000000 106.000000 -0.313474 -0.243055
1255.000000 106.000000 0.665883 -0.274291
1246.000000 111.000000 0.652201 -0.267262
1162.000000 113.000000 0.537751 -0.253738
115.000000 114.000000 -0.540475 -0.252772
104.000000 115.000000 -0.554612 -0.253027
1225.000000 116.000000 0.621814 -0.258637
1240.000000 117.000000 0.642787 -0.259610
304.000000 118.000000 -0.322108 -0.231542
1192.000000 120.000000 0.576216 -0.249814
302.000000 121.000000 -0.324013 -0.228654
1145.000000 125.000000 0.514768 -0.238836
1272.000000 129.000000 0.687323 -0.250503
1147.000000 130.000000 0.516736 -0.233709
1271.000000 134.000000 0.685169 -0.244685
1274.000000 137.000000 0.689166 -0.241689
1265.000000 139.000000 0.675730 -0.238224
1267.000000 140.000000 0.678513 -0.237361
114.000000 142.000000 -0.538581 -0.222713
1264.000000 142.000000 0.673879 -0.234712
1073.000000 143.000000 0.426862 -0.213222
996.000000 144.000000 0.342095 -0.206856
345.000000 155.000000 -0.278082 -0.192772
19.000000 158.000000 -0.666051 -0.216140
1165.000000 158.000000 0.536656 -0.205784
14.000000 159.000000 -0.673160 -0.215628
1164.000000 160.000000 0.535184 -0.203569
1205.000000 160.000000 0.588954 -0.207776
1262.000000 166.000000 0.668005 -0.207643
1068.000000 167.000000 0.419393 -0.188424
993.000000 170.000000 0.337478 -0.180948
1271.000000 170.000000 0.680638 -0.204241
997.000000 171.000000 0.341639 -0.180172
1271.000000 175.000000 0.680068 -0.198682
1158.000000 182.000000 0.525586 -0.179914
1198.000000 183.000000 0.577264 -0.182415
1196.000000 184.000000 0.574516 -0.181165
470.000000 187.000000 -0.156038 -0.158354
1230.000000 187.000000 0.620352 -0.181202
1131.000000 196.000000 0.491130 -0.163356
548.000000 205.000000 -0.083591 -0.140485
911.000000 210.000000 0.252654 -0.139152
301.000000 212.000000 -0.320547 -0.139414
1081.000000 215.000000 0.431230 -0.141107
1079.000000 216.000000 0.428904 -0.140008
32.000000 228.000000 -0.640619 -0.138513
123.000000 233.000000 -0.519787 -0.127116
1083.000000 236.000000 0.432478 -0.120379
1070.000000 246.000000 0.417382 -0.109982
979.000000 252.000000 0.319757 -0.101199
1094.000000 252.000000 0.444371 -0.105037
1068.000000 254.000000 0.414842 -0.102071
128.000000 255.000000 -0.512438 -0.104507
71.000000 256.000000 -0.585359 -0.106402
103.000000 261.000000 -0.543451 -0.099600
72.000000 262.000000 -0.583708 -0.100118
981.000000 264.000000 0.321507 -0.089846
976.000000 265.000000 0.316356 -0.088779
104.000000 266.000000 -0.541946 -0.094450
124.000000 266.000000 -0.516880 -0.093569
120.000000 270.000000 -0.521670 -0.089695
1116.000000 271.000000 0.469239 -0.087067
125.000000 272.000000 -0.515397 -0.087473
337.000000 282.000000 -0.282255 -0.072082
341.000000 282.000000 -0.278276 -0.072017
109.000000 283.000000 -0.534926 -0.076965
1086.000000 291.000000 0.433959 -0.066474
1196.000000 292.000000 0.567666 -0.068755
1084.000000 293.000000 0.431643 -0.064473
1088.000000 294.000000 0.436158 -0.063593
1151.000000 297.000000 0.510492 -0.062271
1213.000000 304.000000 0.589755 -0.056966
176.000000 305.000000 -0.453549 -0.053148
1257.000000 306.000000 0.650412 -0.056250
1248.000000 309.000000 0.637596 -0.052809
260.000000 312.000000 -0.360730 -0.044957
1246.000000 315.000000 0.634623 -0.046453
1077.000000 319.000000 0.423258 -0.039054
670.000000 323.000000 0.027163 -0.032708
1159.000000 323.000000 0.519777 -0.036393
982.000000 325.000000 0.321543 -0.032257
995.000000 329.000000 0.334901 -0.028596
82.000000 330.000000 -0.568288 -0.029914
82.000000 332.000000 -0.568259 -0.027875
1166.000000 332.000000 0.528361 -0.027464
997.000000 333.000000 0.336944 -0.024835
301.000000 338.000000 -0.317911 -0.020007
988.000000 346.000000 0.327577 -0.012534
1239.000000 346.000000 0.624344 -0.013926
1149.000000 348.000000 0.507191 -0.011300
1232.000000 349.000000 0.614671 -0.010756
1196.000000 350.000000 0.566510 -0.009528
52.000000 357.000000 -0.607991 -0.002442
51.000000 360.000000 -0.609349 0.000662
54.000000 360.000000 -0.605274 0.000662
1197.000000 364.000000 0.567794 0.004737
241.000000 365.000000 -0.380662 0.005418
1230.000000 386.000000 0.612089 0.027632
1199.000000 390.000000 0.570640 0.031280
1082.000000 397.000000 0.428833 0.036540
111.000000 401.000000 -0.531420 0.041873
114.000000 402.000000 -0.527688 0.042820
1074.000000 410.000000 0.420049 0.049031
82.000000 414.000000 -0.568812 0.055744
963.000000 415.000000 0.302431 0.052122
161.000000 417.000000 -0.471085 0.056749
112.000000 429.000000 -0.530894 0.070083
1232.000000 429.000000 0.615987 0.072447
890.000000 431.000000 0.230646 0.066111
113.000000 432.000000 -0.529740 0.073081
113.000000 436.000000 -0.529880 0.077125
1089.000000 437.000000 0.437598 0.075680
1196.000000 441.000000 0.568179 0.083421
1072.000000 447.000000 0.418695 0.084952
1261.000000 450.000000 0.657685 0.095966
1275.000000 458.000000 0.678387 0.105344
978.000000 463.000000 0.318614 0.097706
1251.000000 465.000000 0.644316 0.111372
288.000000 468.000000 -0.332698 0.102800
1038.000000 468.000000 0.381951 0.104267
1137.000000 468.000000 0.495127 0.108228
972.000000 477.000000 0.312847 0.110860
975.000000 477.000000 0.315919 0.110945
969.000000 479.000000 0.309840 0.112678
977.000000 479.000000 0.318029 0.112911
967.000000 481.000000 0.307858 0.114524
973.000000 482.000000 0.314016 0.115653
967.000000 483.000000 0.307916 0.116428
979.000000 483.000000 0.320205 0.116790
1209.000000 483.000000 0.587645 0.127671
967.000000 485.000000 0.307976 0.118334
974.000000 485.000000 0.315132 0.118546
976.000000 485.000000 0.317184 0.118608
1207.000000 485.000000 0.585104 0.129631
970.000000 487.000000 0.311099 0.120332
966.000000 488.000000 0.307047 0.121163
969.000000 489.000000 0.310139 0.122210
946.000000 493.000000 0.286961 0.125324
67.000000 503.000000 -0.593314 0.148834
278.000000 535.000000 -0.345706 0.167900
1274.000000 535.000000 0.683373 0.189260
108.000000 541.000000 -0.542692 0.185427
996.000000 554.000000 0.340876 0.186351
664.000000 570.000000 0.022093 0.192682
774.000000 572.000000 0.123485 0.195804
774.000000 576.000000 0.123562 0.199611
1096.000000 584.000000 0.454187 0.223715
1102.000000 585.000000 0.461367 0.225298
1273.000000 594.000000 0.689216 0.255398
1263.000000 601.000000 0.675590 0.261959
1268.000000 603.000000 0.683173 0.264963
1107.000000 608.000000 0.469574 0.249968
1234.000000 626.000000 0.637685 0.286170
1233.000000 628.000000 0.636578 0.288301
1189.000000 629.000000 0.576144 0.282905
1272.000000 629.000000 0.692982 0.295561
1047.000000 630.000000 0.401964 0.267241
1125.000000 630.000000 0.493951 0.275580
1238.000000 630.000000 0.643973 0.291363
1045.000000 633.000000 0.399990 0.270204
1250.000000 638.000000 0.662416 0.302491
1244.000000 644.000000 0.654774 0.308475
1247.000000 644.000000 0.659078 0.308967
1245.000000 647.000000 0.656702 0.312126
692.000000 653.000000 0.048475 0.272935
1168.000000 654.000000 0.551941 0.307926
1034.000000 655.000000 0.389755 0.292392
1221.000000 655.000000 0.624009 0.317435
1197.000000 656.000000 0.591030 0.314680
1114.000000 659.000000 0.484055 0.305929
1140.000000 662.000000 0.516952 0.312828
879.000000 664.000000 0.227540 0.289914
1161.000000 669.000000 0.545051 0.323854
1211.000000 680.000000 0.614332 0.344872
921.000000 693.000000 0.271915 0.322737
1218.000000 695.000000 0.626820 0.363877
1031.000000 697.000000 0.390899 0.337464
1211.000000 697.000000 0.617399 0.364965
1218.000000 697.000000 0.627191 0.366261
1067.000000 698.000000 0.432640 0.343026
1267.000000 703.000000 0.698543 0.382711
1213.000000 704.000000 0.621496 0.373692
1115.000000 706.000000 0.492042 0.358982
1150.000000 706.000000 0.536714 0.364696
1215.000000 708.000000 0.625052 0.378868
1198.000000 709.000000 0.601617 0.376855
1201.000000 709.000000 0.605756 0.377418
1265.000000 709.000000 0.696762 0.389643
1146.000000 713.000000 0.532707 0.372201
960.000000 716.000000 0.314798 0.350725
1234.000000 716.000000 0.653456 0.392204
