252.000000 5.000000 -0.388891 -0.355456
327.000000 5.000000 -0.306642 -0.347459
670.000000 8.000000 0.028428 -0.330980
765.000000 14.000000 0.118399 -0.326686
809.000000 19.000000 0.160620 -0.323172
584.000000 23.000000 -0.052408 -0.315842
575.000000 24.000000 -0.060867 -0.314952
600.000000 25.000000 -0.037345 -0.313620
267.000000 29.000000 -0.369329 -0.327363
987.000000 31.000000 0.341229 -0.322763
1101.000000 31.000000 0.472164 -0.336219
1025.000000 35.000000 0.382731 -0.322331
1084.000000 39.000000 0.450538 -0.324982
1074.000000 41.000000 0.438408 -0.321495
1232.000000 43.000000 0.643303 -0.343725
1252.000000 45.000000 0.671621 -0.344941
35.000000 47.000000 -0.659668 -0.340869
1248.000000 52.000000 0.664601 -0.335929
1267.000000 52.000000 0.692194 -0.339281
53.000000 53.000000 -0.633066 -0.330670
273.000000 54.000000 -0.360228 -0.299951
276.000000 54.000000 -0.356950 -0.299671
210.000000 55.000000 -0.431256 -0.305473
82.000000 56.000000 -0.592419 -0.322324
1254.000000 57.000000 0.672392 -0.331074
208.000000 60.000000 -0.433014 -0.300281
129.000000 62.000000 -0.529372 -0.308281
110.000000 63.000000 -0.553881 -0.309948
114.000000 64.000000 -0.548494 -0.308223
224.000000 66.000000 -0.413853 -0.292057
1266.000000 66.000000 0.688305 -0.322523
130.000000 68.000000 -0.527239 -0.301432
1216.000000 69.000000 0.616351 -0.310651
1268.000000 70.000000 0.690554 -0.318149
238.000000 71.000000 -0.397440 -0.285295
1261.000000 73.000000 0.679827 -0.313451
34.000000 74.000000 -0.656492 -0.309389
1011.000000 77.000000 0.363130 -0.276263
32.000000 78.000000 -0.658703 -0.305072
1258.000000 79.000000 0.674470 -0.305943
905.000000 80.000000 0.252154 -0.265662
617.000000 82.000000 -0.021122 -0.256647
1262.000000 84.000000 0.679474 -0.300771
1248.000000 86.000000 0.658886 -0.296202
1231.000000 89.000000 0.634195 -0.290079
109.000000 90.000000 -0.551330 -0.279879
111.000000 90.000000 -0.548723 -0.279608
1274.000000 90.000000 0.696085 -0.295710
1162.000000 94.000000 0.540153 -0.274529
165.000000 99.000000 -0.479750 -0.263147
1263.000000 101.000000 0.678253 -0.281244
1180.000000 104.000000 0.562352 -0.265878
1258.000000 108.000000 0.669927 -0.272451
329.000000 113.000000 -0.296494 -0.235040
331.000000 113.000000 -0.294441 -0.234923
328.000000 115.000000 -0.297405 -0.233097
927.000000 131.000000 0.271592 -0.215980
1093.000000 134.000000 0.450799 -0.224197
1095.000000 134.000000 0.453149 -0.224375
1017.000000 136.000000 0.365093 -0.216218
140.000000 141.000000 -0.505953 -0.221109
109.000000 142.000000 -0.545004 -0.223247
1165.000000 144.000000 0.538085 -0.220679
1223.000000 150.000000 0.614669 -0.220700
43.000000 154.000000 -0.632401 -0.217703
38.000000 155.000000 -0.639313 -0.217194
306.000000 156.000000 -0.317855 -0.193655
1015.000000 158.000000 0.361533 -0.194046
1088.000000 158.000000 0.442970 -0.199035
952.000000 159.000000 0.295581 -0.189715
1014.000000 160.000000 0.360340 -0.191996
1050.000000 160.000000 0.399669 -0.194264
553.000000 162.000000 -0.079440 -0.180550
1018.000000 162.000000 0.364523 -0.190243
1216.000000 162.000000 0.603672 -0.206809
59.000000 165.000000 -0.608972 -0.203867
1215.000000 170.000000 0.601448 -0.198038
1177.000000 173.000000 0.550650 -0.191056
1215.000000 174.000000 0.601033 -0.193721
319.000000 175.000000 -0.303572 -0.174459
497.000000 178.000000 -0.130985 -0.166311
7.000000 179.000000 -0.681040 -0.194206
496.000000 180.000000 -0.131881 -0.164450
498.000000 180.000000 -0.130021 -0.164416
409.000000 195.000000 -0.213769 -0.152208
934.000000 201.000000 0.275736 -0.148430
1103.000000 205.000000 0.457187 -0.152370
1100.000000 206.000000 0.453623 -0.151182
327.000000 208.000000 -0.294152 -0.142326
1116.000000 216.000000 0.471841 -0.142060
350.000000 222.000000 -0.270673 -0.128276
51.000000 223.000000 -0.614577 -0.142384
57.000000 223.000000 -0.606369 -0.141926
1069.000000 223.000000 0.417264 -0.132574
143.000000 224.000000 -0.495753 -0.135099
143.000000 226.000000 -0.495636 -0.133071
1103.000000 227.000000 0.455944 -0.130295
1179.000000 228.000000 0.548858 -0.133731
148.000000 229.000000 -0.489422 -0.129750
485.000000 234.000000 -0.141299 -0.114380
1171.000000 234.000000 0.538254 -0.127040
541.000000 248.000000 -0.089645 -0.100975
154.000000 250.000000 -0.481168 -0.108329
97.000000 251.000000 -0.551633 -0.110150
1252.000000 252.000000 0.645908 -0.113299
128.000000 254.000000 -0.512486 -0.105518
1001.000000 255.000000 0.342476 -0.098943
1004.000000 255.000000 0.345619 -0.099029
150.000000 261.000000 -0.485466 -0.097498
1258.000000 263.000000 0.653775 -0.101932
146.000000 265.000000 -0.490099 -0.093661
368.000000 275.000000 -0.251794 -0.078119
370.000000 275.000000 -0.249842 -0.078088
334.000000 277.000000 -0.285333 -0.076820
338.000000 280.000000 -0.281293 -0.073939
1107.000000 281.000000 0.458370 -0.076874
1216.000000 281.000000 0.594619 -0.080878
1105.000000 282.000000 0.456015 -0.075827
1109.000000 283.000000 0.460639 -0.074961
1170.000000 287.000000 0.534457 -0.072944
1233.000000 294.000000 0.617238 -0.068023
1266.000000 296.000000 0.663647 -0.067172
1276.000000 296.000000 0.678141 -0.067563
1113.000000 297.000000 0.464928 -0.061261
1260.000000 297.000000 0.655003 -0.065880
112.000000 298.000000 -0.530666 -0.061699
240.000000 298.000000 -0.382317 -0.058658
203.000000 300.000000 -0.422943 -0.057463
1266.000000 304.000000 0.663356 -0.058666
464.000000 307.000000 -0.160117 -0.047642
1204.000000 308.000000 0.577679 -0.052592
16.000000 310.000000 -0.658911 -0.052168
1177.000000 310.000000 0.542643 -0.049859
1096.000000 311.000000 0.444932 -0.047151
1180.000000 312.000000 0.546417 -0.047904
1005.000000 314.000000 0.345457 -0.042884
697.000000 315.000000 0.051537 -0.039958
1001.000000 317.000000 0.341248 -0.039995
1187.000000 321.000000 0.555202 -0.038919
1185.000000 322.000000 0.552609 -0.037865
108.000000 325.000000 -0.535072 -0.034569
139.000000 325.000000 -0.496870 -0.034081
116.000000 332.000000 -0.524961 -0.027414
286.000000 334.000000 -0.333336 -0.023860
1258.000000 335.000000 0.651152 -0.025672
1168.000000 337.000000 0.530807 -0.022461
1215.000000 339.000000 0.591709 -0.020945
1197.000000 340.000000 0.567891 -0.019728
305.000000 346.000000 -0.313801 -0.012485
1162.000000 348.000000 0.523223 -0.011370
78.000000 352.000000 -0.573303 -0.007507
153.000000 353.000000 -0.479875 -0.006250
1217.000000 353.000000 0.594287 -0.006547
77.000000 354.000000 -0.574608 -0.005468
79.000000 355.000000 -0.571984 -0.004442
1273.000000 357.000000 0.672522 -0.002521
1268.000000 360.000000 0.665288 0.000666
1181.000000 361.000000 0.547134 0.001669
1206.000000 372.000000 0.579654 0.012948
1194.000000 373.000000 0.563926 0.013890
1249.000000 374.000000 0.638302 0.015336
1208.000000 382.000000 0.582393 0.023215
1104.000000 386.000000 0.453822 0.026076
138.000000 394.000000 -0.498070 0.034411
140.000000 396.000000 -0.495685 0.036368
822.000000 396.000000 0.165948 0.033436
1223.000000 401.000000 0.602835 0.043050
1218.000000 403.000000 0.596126 0.045003
391.000000 404.000000 -0.229044 0.041146
986.000000 404.000000 0.325744 0.042054
109.000000 409.000000 -0.534101 0.049977
1136.000000 409.000000 0.491918 0.049242
131.000000 410.000000 -0.506870 0.050480
1174.000000 413.000000 0.538921 0.054137
1230.000000 419.000000 0.612880 0.061941
139.000000 423.000000 -0.497471 0.063254
1110.000000 425.000000 0.461484 0.064462
139.000000 426.000000 -0.497555 0.066246
143.000000 426.000000 -0.492729 0.066132
1217.000000 429.000000 0.595575 0.071871
139.000000 430.000000 -0.497673 0.070238
1216.000000 431.000000 0.594306 0.073906
159.000000 432.000000 -0.473833 0.071629
997.000000 433.000000 0.337557 0.069649
1181.000000 433.000000 0.548451 0.074652
1187.000000 433.000000 0.556166 0.074870
311.000000 444.000000 -0.308525 0.079476
1276.000000 448.000000 0.679273 0.094638
1002.000000 451.000000 0.343166 0.086886
1080.000000 451.000000 0.427815 0.089111
1270.000000 454.000000 0.670879 0.100749
1159.000000 456.000000 0.521601 0.097121
960.000000 462.000000 0.300253 0.096317
1073.000000 463.000000 0.420348 0.100619
1131.000000 463.000000 0.487659 0.102935
1133.000000 463.000000 0.490066 0.103023
1129.000000 464.000000 0.485302 0.103849
996.000000 465.000000 0.337273 0.100093
998.000000 465.000000 0.339358 0.100149
338.000000 466.000000 -0.281817 0.099638
1054.000000 466.000000 0.399345 0.102873
993.000000 467.000000 0.334209 0.101919
1056.000000 468.000000 0.401618 0.104891
1001.000000 469.000000 0.342608 0.104063
991.000000 470.000000 0.332217 0.104728
997.000000 471.000000 0.338489 0.105860
991.000000 473.000000 0.332305 0.107595
1228.000000 473.000000 0.612753 0.118400
997.000000 474.000000 0.338579 0.108732
999.000000 474.000000 0.340668 0.108793
992.000000 475.000000 0.333403 0.109538
994.000000 476.000000 0.335514 0.110556
331.000000 488.000000 -0.289387 0.120616
1125.000000 489.000000 0.481740 0.128763
94.000000 497.000000 -0.557243 0.140578
1110.000000 497.000000 0.464381 0.135989
1140.000000 508.000000 0.501029 0.148933
1170.000000 522.000000 0.539526 0.165541
1192.000000 523.000000 0.568112 0.168389
1264.000000 527.000000 0.667978 0.179404
1019.000000 543.000000 0.364776 0.176733
914.000000 557.000000 0.257222 0.185503
691.000000 559.000000 0.046737 0.182463
800.000000 562.000000 0.147606 0.186839
800.000000 564.000000 0.147650 0.188738
1104.000000 567.000000 0.462159 0.206789
1126.000000 570.000000 0.488824 0.211834
101.000000 576.000000 -0.555184 0.223305
1096.000000 599.000000 0.455575 0.239379
6.000000 607.000000 -0.690974 0.270057
1099.000000 611.000000 0.460323 0.252322
1254.000000 614.000000 0.664451 0.275481
1211.000000 615.000000 0.604002 0.270348
1147.000000 616.000000 0.519749 0.263042
1258.000000 617.000000 0.670688 0.279521
1264.000000 631.000000 0.681589 0.296616
1265.000000 635.000000 0.683689 0.301427
1254.000000 636.000000 0.667866 0.300817
1261.000000 639.000000 0.678507 0.305439
1264.000000 640.000000 0.683041 0.307095
1189.000000 641.000000 0.577892 0.296389
1250.000000 641.000000 0.662903 0.305972
1259.000000 641.000000 0.675925 0.307443
1241.000000 643.000000 0.650319 0.306825
1217.000000 644.000000 0.616643 0.304114
1182.000000 655.000000 0.570637 0.311182
105.000000 657.000000 -0.560505 0.312053
1174.000000 658.000000 0.560457 0.313358
32.000000 664.000000 -0.662396 0.332109
1028.000000 665.000000 0.384040 0.302451
1232.000000 666.000000 0.641377 0.332116
1202.000000 667.000000 0.599664 0.328167
34.000000 672.000000 -0.660925 0.341197
946.000000 681.000000 0.296933 0.312013
1236.000000 683.000000 0.650086 0.352898
1142.000000 688.000000 0.523413 0.342571
1257.000000 688.000000 0.681216 0.362720
1089.000000 690.000000 0.457790 0.337030
1144.000000 690.000000 0.526301 0.345181
1138.000000 692.000000 0.518919 0.346524
1172.000000 693.000000 0.563488 0.353290
1140.000000 694.000000 0.521799 0.349139
1159.000000 694.000000 0.546459 0.352250
1220.000000 694.000000 0.629445 0.363055
1222.000000 696.000000 0.632631 0.365811
822.000000 699.000000 0.173209 0.323019
1168.000000 700.000000 0.559373 0.360779
1012.000000 702.000000 0.370103 0.340799
985.000000 703.000000 0.340480 0.339038
1018.000000 704.000000 0.377039 0.343669
13.000000 706.000000 -0.697441 0.385829
950.000000 706.000000 0.303240 0.338968
1017.000000 706.000000 0.376145 0.345758
1020.000000 706.000000 0.379516 0.346103
1055.000000 706.000000 0.419612 0.350400
948.000000 707.000000 0.301216 0.339867
1220.000000 707.000000 0.631884 0.378617
1135.000000 708.000000 0.517669 0.364507
1216.000000 710.000000 0.626836 0.381464
1272.000000 712.000000 0.707516 0.394628
999.000000 713.000000 0.356885 0.351452
1208.000000 715.000000 0.616610 0.385954
1247.000000 716.000000 0.672071 0.394733
