156.000000 9.000000 -0.503126 -0.364490
308.000000 9.000000 -0.326571 -0.344916
48.000000 10.000000 -0.647967 -0.382712
126.000000 21.000000 -0.539620 -0.355504
788.000000 22.000000 0.140199 -0.319223
514.000000 25.000000 -0.118642 -0.315337
1053.000000 28.000000 0.415466 -0.333228
609.000000 29.000000 -0.028869 -0.309478
1082.000000 34.000000 0.448804 -0.330271
408.000000 35.000000 -0.221294 -0.309693
653.000000 42.000000 0.012299 -0.296264
1215.000000 46.000000 0.618831 -0.337192
1224.000000 46.000000 0.631451 -0.338769
1235.000000 47.000000 0.646859 -0.339536
22.000000 48.000000 -0.678210 -0.341984
1210.000000 48.000000 0.611528 -0.333988
21.000000 51.000000 -0.679129 -0.338600
335.000000 52.000000 -0.294338 -0.296855
1231.000000 54.000000 0.639946 -0.330601
336.000000 55.000000 -0.293079 -0.293662
779.000000 55.000000 0.130470 -0.285348
1235.000000 55.000000 0.645455 -0.330122
1251.000000 55.000000 0.668402 -0.332912
1276.000000 55.000000 0.704871 -0.337284
39.000000 56.000000 -0.652379 -0.329565
81.000000 56.000000 -0.593781 -0.322487
1011.000000 57.000000 0.364947 -0.297312
256.000000 58.000000 -0.378586 -0.297331
67.000000 59.000000 -0.612515 -0.321328
65.000000 61.000000 -0.614955 -0.319345
1267.000000 61.000000 0.690625 -0.328600
191.000000 63.000000 -0.452692 -0.299014
1267.000000 63.000000 0.690281 -0.326235
113.000000 65.000000 -0.549652 -0.307244
98.000000 67.000000 -0.569143 -0.307235
1249.000000 67.000000 0.663450 -0.318459
95.000000 70.000000 -0.572687 -0.304292
115.000000 71.000000 -0.546167 -0.300210
1250.000000 71.000000 0.664218 -0.313951
1239.000000 74.000000 0.647942 -0.308634
1251.000000 74.000000 0.665161 -0.310617
1253.000000 74.000000 0.668050 -0.310949
221.000000 75.000000 -0.416348 -0.282762
853.000000 75.000000 0.200953 -0.268077
219.000000 76.000000 -0.418538 -0.281903
1245.000000 76.000000 0.656197 -0.307299
18.000000 77.000000 -0.679062 -0.308521
15.000000 78.000000 -0.683259 -0.307844
1248.000000 79.000000 0.660015 -0.304307
990.000000 80.000000 0.340165 -0.271396
1241.000000 81.000000 0.649657 -0.300856
1266.000000 81.000000 0.685801 -0.304919
1272.000000 81.000000 0.694596 -0.305900
17.000000 82.000000 -0.679701 -0.302855
297.000000 83.000000 -0.331911 -0.267622
1245.000000 87.000000 0.654421 -0.294571
1218.000000 88.000000 0.616140 -0.289221
1230.000000 88.000000 0.632940 -0.291068
69.000000 89.000000 -0.605038 -0.286697
1238.000000 91.000000 0.643800 -0.288875
94.000000 92.000000 -0.570818 -0.279721
1236.000000 92.000000 0.640805 -0.287420
1257.000000 93.000000 0.670772 -0.289541
121.000000 97.000000 -0.534878 -0.270582
1142.000000 97.000000 0.514251 -0.268699
165.000000 98.000000 -0.479862 -0.264220
1234.000000 104.000000 0.636164 -0.273449
1236.000000 104.000000 0.638993 -0.273744
1246.000000 104.000000 0.653234 -0.275230
1161.000000 106.000000 0.537325 -0.261242
1267.000000 106.000000 0.683332 -0.276096
1241.000000 111.000000 0.645066 -0.266536
1145.000000 113.000000 0.516118 -0.251724
113.000000 114.000000 -0.543053 -0.253014
1192.000000 114.000000 0.576988 -0.256420
310.000000 115.000000 -0.316030 -0.234181
312.000000 117.000000 -0.313824 -0.232049
309.000000 118.000000 -0.316886 -0.231230
1145.000000 120.000000 0.515321 -0.244194
1272.000000 123.000000 0.688167 -0.257343
1271.000000 131.000000 0.685580 -0.248091
1265.000000 132.000000 0.676672 -0.246134
1267.000000 133.000000 0.679453 -0.245274
905.000000 135.000000 0.249423 -0.211043
1265.000000 136.000000 0.676130 -0.241610
1074.000000 137.000000 0.428494 -0.219467
93.000000 143.000000 -0.565730 -0.223927
124.000000 144.000000 -0.525658 -0.219540
93.000000 145.000000 -0.565508 -0.221770
93.000000 148.000000 -0.565178 -0.218538
396.000000 152.000000 -0.227686 -0.193645
286.000000 153.000000 -0.338920 -0.197695
1206.000000 153.000000 0.591076 -0.215466
29.000000 157.000000 -0.651835 -0.216053
24.000000 158.000000 -0.658863 -0.215541
413.000000 159.000000 -0.210951 -0.186343
993.000000 163.000000 0.337846 -0.187843
1027.000000 164.000000 0.374138 -0.188789
997.000000 165.000000 0.341957 -0.186085
1029.000000 165.000000 0.376251 -0.187913
45.000000 168.000000 -0.628008 -0.202128
1271.000000 169.000000 0.680754 -0.205354
300.000000 178.000000 -0.322998 -0.172396
476.000000 182.000000 -0.150512 -0.162935
1183.000000 184.000000 0.557434 -0.179984
1132.000000 190.000000 0.492779 -0.169580
1207.000000 197.000000 0.588020 -0.168349
912.000000 204.000000 0.253814 -0.144874
1082.000000 208.000000 0.432750 -0.148136
1050.000000 225.000000 0.396068 -0.129735
42.000000 226.000000 -0.626782 -0.139882
126.000000 227.000000 -0.516420 -0.133062
1082.000000 230.000000 0.431618 -0.126270
131.000000 231.000000 -0.510007 -0.128689
981.000000 231.000000 0.322438 -0.121301
464.000000 236.000000 -0.160829 -0.112814
145.000000 248.000000 -0.492053 -0.110756
519.000000 250.000000 -0.109765 -0.099313
855.000000 250.000000 0.197699 -0.100461
137.000000 253.000000 -0.501510 -0.106102
112.000000 256.000000 -0.532306 -0.104263
980.000000 258.000000 0.320628 -0.095520
982.000000 258.000000 0.322684 -0.095571
112.000000 264.000000 -0.531928 -0.096123
133.000000 264.000000 -0.505899 -0.095203
131.000000 266.000000 -0.508263 -0.093273
1240.000000 266.000000 0.628213 -0.097739
134.000000 269.000000 -0.504472 -0.090133
119.000000 279.000000 -0.522559 -0.080642
318.000000 282.000000 -0.301311 -0.072408
1086.000000 284.000000 0.434143 -0.073315
1118.000000 285.000000 0.471133 -0.073256
1090.000000 287.000000 0.438613 -0.070489
1086.000000 289.000000 0.434010 -0.068428
1213.000000 298.000000 0.589945 -0.063161
96.000000 300.000000 -0.550874 -0.060141
1092.000000 300.000000 0.440577 -0.057822
1242.000000 300.000000 0.629490 -0.062065
185.000000 302.000000 -0.443271 -0.055895
981.000000 303.000000 0.320767 -0.052962
116.000000 304.000000 -0.525503 -0.055543
215.000000 306.000000 -0.409469 -0.051417
268.000000 308.000000 -0.352354 -0.048648
442.000000 309.000000 -0.180660 -0.045951
1074.000000 311.000000 0.420022 -0.046764
1185.000000 311.000000 0.552846 -0.049038
1061.000000 313.000000 0.405552 -0.044619
1156.000000 313.000000 0.516255 -0.046359
1165.000000 313.000000 0.527442 -0.046554
1075.000000 314.000000 0.421092 -0.043872
1158.000000 314.000000 0.518709 -0.045399
984.000000 317.000000 0.323671 -0.039807
674.000000 318.000000 0.030773 -0.037221
980.000000 319.000000 0.319551 -0.037883
985.000000 319.000000 0.324677 -0.037933
998.000000 321.000000 0.338085 -0.036179
998.000000 325.000000 0.338046 -0.032399
91.000000 327.000000 -0.556675 -0.032825
1001.000000 329.000000 0.341131 -0.028644
121.000000 332.000000 -0.518761 -0.027350
271.000000 334.000000 -0.348932 -0.023962
1239.000000 339.000000 0.624414 -0.021224
1149.000000 341.000000 0.507238 -0.018276
1197.000000 342.000000 0.567871 -0.017688
285.000000 348.000000 -0.334302 -0.010668
62.000000 353.000000 -0.594504 -0.006543
60.000000 356.000000 -0.597180 -0.003460
64.000000 356.000000 -0.591819 -0.003451
250.000000 360.000000 -0.371020 0.000644
1161.000000 364.000000 0.521952 0.004663
1246.000000 365.000000 0.634044 0.005895
514.000000 377.000000 -0.113890 0.016019
1174.000000 377.000000 0.538311 0.017792
1230.000000 378.000000 0.611990 0.019331
1084.000000 389.000000 0.430995 0.028794
124.000000 397.000000 -0.515199 0.037623
997.000000 397.000000 0.337033 0.035563
122.000000 398.000000 -0.517682 0.038659
1091.000000 398.000000 0.439048 0.037636
965.000000 408.000000 0.304370 0.045580
113.000000 410.000000 -0.529110 0.050891
956.000000 410.000000 0.295317 0.047352
170.000000 412.000000 -0.460451 0.051631
722.000000 416.000000 0.074200 0.051219
1155.000000 417.000000 0.515267 0.057676
123.000000 424.000000 -0.517052 0.064706
126.000000 427.000000 -0.513444 0.067629
1089.000000 428.000000 0.437357 0.066874
1198.000000 430.000000 0.570368 0.072200
123.000000 431.000000 -0.517268 0.071742
142.000000 433.000000 -0.494142 0.073139
1197.000000 433.000000 0.569169 0.075243
1167.000000 436.000000 0.530801 0.077192
1163.000000 438.000000 0.525861 0.079070
1261.000000 442.000000 0.657270 0.087440
293.000000 445.000000 -0.326959 0.080795
1276.000000 450.000000 0.679383 0.096789
1257.000000 451.000000 0.652023 0.096815
1060.000000 456.000000 0.405627 0.093343
1252.000000 457.000000 0.645254 0.102918
1138.000000 460.000000 0.495977 0.100231
178.000000 461.000000 -0.452626 0.099672
176.000000 462.000000 -0.454982 0.100740
1032.000000 464.000000 0.375344 0.100203
978.000000 466.000000 0.318692 0.100558
1033.000000 466.000000 0.376485 0.102168
1050.000000 466.000000 0.394953 0.102734
318.000000 467.000000 -0.301941 0.101057
1108.000000 467.000000 0.460577 0.105935
1034.000000 468.000000 0.377628 0.104134
977.000000 469.000000 0.317746 0.103385
979.000000 471.000000 0.319854 0.105343
1039.000000 471.000000 0.383137 0.107209
1045.000000 471.000000 0.389662 0.107419
972.000000 472.000000 0.312708 0.106102
969.000000 473.000000 0.309672 0.106971
975.000000 474.000000 0.315833 0.108088
981.000000 474.000000 0.321996 0.108258
969.000000 476.000000 0.309755 0.109823
981.000000 476.000000 0.322054 0.110166
1209.000000 476.000000 0.587195 0.120351
975.000000 477.000000 0.315919 0.110945
977.000000 477.000000 0.317970 0.111003
1079.000000 477.000000 0.427656 0.114603
968.000000 478.000000 0.308791 0.111698
970.000000 478.000000 0.310832 0.111754
972.000000 479.000000 0.312905 0.112764
1076.000000 483.000000 0.424524 0.120387
948.000000 484.000000 0.288715 0.116838
1204.000000 490.000000 0.581446 0.134660
343.000000 492.000000 -0.277486 0.124072
79.000000 497.000000 -0.576867 0.141633
1089.000000 501.000000 0.440192 0.138857
1119.000000 511.000000 0.475862 0.150636
900.000000 524.000000 0.242289 0.153403
1177.000000 528.000000 0.548995 0.172381
1275.000000 528.000000 0.684104 0.181625
43.000000 531.000000 -0.628641 0.180853
118.000000 532.000000 -0.529220 0.175160
1179.000000 533.000000 0.552006 0.177802
1273.000000 533.000000 0.681696 0.186942
119.000000 534.000000 -0.528123 0.177162
997.000000 546.000000 0.341512 0.178526
1088.000000 556.000000 0.442548 0.194226
891.000000 560.000000 0.234663 0.187538
1146.000000 560.000000 0.512530 0.203199
1119.000000 562.000000 0.479642 0.202885
778.000000 564.000000 0.127062 0.188286
273.000000 572.000000 -0.353037 0.204743
85.000000 575.000000 -0.576121 0.224003
1104.000000 575.000000 0.462844 0.215073
74.000000 576.000000 -0.590966 0.226351
81.000000 576.000000 -0.581566 0.225542
458.000000 578.000000 -0.168414 0.202606
459.000000 580.000000 -0.167519 0.204498
1272.000000 580.000000 0.685837 0.239361
1112.000000 584.000000 0.473204 0.225179
1272.000000 589.000000 0.687053 0.249566
1275.000000 590.000000 0.691598 0.251118
1134.000000 592.000000 0.500790 0.235798
1264.000000 593.000000 0.675915 0.253002
1270.000000 596.000000 0.685098 0.257256
1112.000000 598.000000 0.474565 0.239898
1110.000000 599.000000 0.472259 0.240752
1236.000000 618.000000 0.639310 0.277358
451.000000 619.000000 -0.176351 0.242595
1131.000000 619.000000 0.500068 0.264385
1192.000000 619.000000 0.578766 0.272167
1126.000000 620.000000 0.494002 0.264881
1275.000000 620.000000 0.695987 0.285579
1240.000000 621.000000 0.645438 0.281374
1111.000000 630.000000 0.476812 0.273927
922.000000 634.000000 0.268994 0.261898
1249.000000 634.000000 0.660335 0.297701
1247.000000 638.000000 0.658102 0.302007
1171.000000 642.000000 0.554125 0.294880
1121.000000 643.000000 0.490616 0.289251
1243.000000 643.000000 0.653178 0.307151
1246.000000 644.000000 0.657642 0.308803
1170.000000 645.000000 0.553244 0.298097
1226.000000 645.000000 0.629389 0.306703
1232.000000 645.000000 0.637851 0.307674
1036.000000 646.000000 0.391115 0.283046
1240.000000 646.000000 0.649383 0.310140
1231.000000 647.000000 0.636762 0.309823
1199.000000 648.000000 0.592491 0.305854
90.000000 655.000000 -0.580192 0.312088
19.000000 662.000000 -0.680803 0.331994
87.000000 663.000000 -0.585504 0.321712
1095.000000 666.000000 0.461848 0.311186
1101.000000 667.000000 0.469228 0.313061
1134.000000 667.000000 0.510068 0.317572
1146.000000 667.000000 0.525335 0.319319
1007.000000 668.000000 0.361075 0.303584
207.000000 671.000000 -0.435523 0.313714
1183.000000 671.000000 0.574521 0.329644
1246.000000 681.000000 0.664046 0.352333
1252.000000 683.000000 0.673061 0.355812
1222.000000 685.000000 0.630613 0.352732
1034.000000 687.000000 0.393154 0.326855
1213.000000 687.000000 0.618365 0.353473
1071.000000 688.000000 0.436059 0.332416
1124.000000 692.000000 0.501165 0.344350
1146.000000 693.000000 0.529363 0.348953
1240.000000 693.000000 0.657642 0.365573
1075.000000 694.000000 0.441578 0.339616
1125.000000 694.000000 0.502730 0.346785
1149.000000 694.000000 0.533409 0.350595
1215.000000 695.000000 0.622617 0.363323
1242.000000 696.000000 0.661069 0.369548
1152.000000 697.000000 0.537804 0.354562
1201.000000 697.000000 0.603534 0.363131
1203.000000 699.000000 0.606662 0.365869
1217.000000 699.000000 0.626160 0.368462
1148.000000 704.000000 0.533772 0.362025
963.000000 705.000000 0.316964 0.339073
209.000000 707.000000 -0.437780 0.353400
926.000000 709.000000 0.278340 0.340148
997.000000 709.000000 0.354242 0.346837
1034.000000 709.000000 0.395746 0.351094
1262.000000 709.000000 0.692403 0.389075
1084.000000 710.000000 0.454573 0.358895
1035.000000 711.000000 0.397137 0.353445
1148.000000 711.000000 0.534965 0.370202
624.000000 712.000000 -0.014896 0.332222
1197.000000 712.000000 0.600803 0.380255
1202.000000 712.000000 0.607706 0.381201
1239.000000 712.000000 0.659819 0.388313
1225.000000 714.000000 0.640287 0.388028
1255.000000 715.000000 0.683412 0.395059
978.000000 716.000000 0.334196 0.352515
1239.000000 716.000000 0.660595 0.393178
1261.000000 716.000000 0.692289 0.397436
