1252.000000 4.000000 0.679302 -0.394385
52.000000 7.000000 -0.642879 -0.385572
58.000000 7.000000 -0.634418 -0.384418
1246.000000 7.000000 0.670072 -0.389559
1081.000000 9.000000 0.451051 -0.358238
1249.000000 11.000000 0.673620 -0.385271
1244.000000 14.000000 0.665846 -0.380669
264.000000 17.000000 -0.373974 -0.340783
488.000000 18.000000 -0.143825 -0.323444
12.000000 19.000000 -0.697998 -0.378628
1002.000000 26.000000 0.358117 -0.329654
1245.000000 27.000000 0.664823 -0.365174
1251.000000 28.000000 0.673286 -0.365091
979.000000 34.000000 0.332306 -0.318798
1244.000000 41.000000 0.660810 -0.348256
1256.000000 41.000000 0.678136 -0.350429
360.000000 43.000000 -0.269209 -0.304429
1182.000000 43.000000 0.574133 -0.335050
1183.000000 45.000000 0.575145 -0.332905
1255.000000 45.000000 0.675965 -0.345479
1174.000000 46.000000 0.562943 -0.330277
1251.000000 46.000000 0.669996 -0.343573
1258.000000 46.000000 0.680139 -0.344826
1218.000000 48.000000 0.622675 -0.335372
1255.000000 49.000000 0.675250 -0.340723
1233.000000 52.000000 0.643133 -0.333296
1241.000000 52.000000 0.654545 -0.334698
1254.000000 52.000000 0.673269 -0.336988
1257.000000 52.000000 0.677620 -0.337517
1260.000000 52.000000 0.681981 -0.338046
1211.000000 53.000000 0.612060 -0.328335
1246.000000 53.000000 0.661545 -0.334396
1191.000000 54.000000 0.584463 -0.323845
1213.000000 54.000000 0.614669 -0.327512
1258.000000 55.000000 0.678545 -0.334138
1261.000000 55.000000 0.682909 -0.334663
929.000000 56.000000 0.278020 -0.291681
1221.000000 56.000000 0.625501 -0.326544
677.000000 58.000000 0.034586 -0.280407
1249.000000 59.000000 0.664819 -0.327848
291.000000 60.000000 -0.340174 -0.292010
1229.000000 60.000000 0.636084 -0.323243
1259.000000 63.000000 0.678611 -0.324862
1244.000000 64.000000 0.656769 -0.321122
4.000000 65.000000 -0.701498 -0.324953
1255.000000 65.000000 0.672461 -0.321824
215.000000 66.000000 -0.424209 -0.293026
213.000000 67.000000 -0.426414 -0.292170
1096.000000 67.000000 0.461386 -0.295729
32.000000 69.000000 -0.660184 -0.315540
1256.000000 69.000000 0.673232 -0.317300
1260.000000 69.000000 0.679043 -0.317975
1210.000000 70.000000 0.607870 -0.308533
33.000000 71.000000 -0.658418 -0.313043
151.000000 72.000000 -0.500211 -0.294162
1225.000000 72.000000 0.628449 -0.308656
266.000000 73.000000 -0.366156 -0.280558
1198.000000 73.000000 0.590941 -0.303211
1210.000000 73.000000 0.607391 -0.305094
1212.000000 73.000000 0.610156 -0.305412
1254.000000 73.000000 0.669663 -0.312283
76.000000 74.000000 -0.597733 -0.302662
57.000000 76.000000 -0.623654 -0.303359
1205.000000 76.000000 0.600038 -0.300881
1209.000000 78.000000 0.605226 -0.299223
58.000000 79.000000 -0.621785 -0.299761
230.000000 79.000000 -0.405690 -0.277610
1254.000000 79.000000 0.668672 -0.305288
77.000000 80.000000 -0.595449 -0.295689
1202.000000 80.000000 0.595316 -0.295870
1228.000000 80.000000 0.631380 -0.299926
1233.000000 80.000000 0.638441 -0.300725
1258.000000 80.000000 0.674307 -0.304778
1260.000000 80.000000 0.677213 -0.305105
1204.000000 81.000000 0.597898 -0.295040
1226.000000 81.000000 0.628408 -0.298460
943.000000 82.000000 0.290672 -0.265941
1221.000000 85.000000 0.620780 -0.293100
1205.000000 86.000000 0.598510 -0.289524
1188.000000 87.000000 0.575342 -0.285895
1264.000000 87.000000 0.681908 -0.297604
1195.000000 91.000000 0.584179 -0.282418
1200.000000 91.000000 0.590951 -0.283143
1204.000000 91.000000 0.596400 -0.283728
1220.000000 91.000000 0.618468 -0.286114
293.000000 92.000000 -0.335486 -0.258675
1219.000000 93.000000 0.616775 -0.283694
1253.000000 93.000000 0.664984 -0.288914
1260.000000 96.000000 0.674658 -0.286546
34.000000 98.000000 -0.652702 -0.281728
1101.000000 98.000000 0.463823 -0.262886
1257.000000 99.000000 0.669840 -0.282626
1265.000000 99.000000 0.681478 -0.283858
1216.000000 100.000000 0.611580 -0.275338
1216.000000 102.000000 0.611291 -0.273085
1265.000000 103.000000 0.680865 -0.279246
1196.000000 104.000000 0.583698 -0.268033
1207.000000 104.000000 0.598631 -0.269560
1228.000000 104.000000 0.627717 -0.272569
1265.000000 107.000000 0.680259 -0.274645
1118.000000 108.000000 0.483256 -0.254056
1213.000000 109.000000 0.606160 -0.264806
1001.000000 111.000000 0.349604 -0.240420
1201.000000 111.000000 0.589502 -0.260933
1149.000000 115.000000 0.520932 -0.250030
1265.000000 116.000000 0.678929 -0.264333
1268.000000 116.000000 0.683312 -0.264769
1272.000000 116.000000 0.689175 -0.265352
1272.000000 119.000000 0.688740 -0.261916
1102.000000 120.000000 0.462747 -0.239678
266.000000 123.000000 -0.362169 -0.229036
268.000000 124.000000 -0.359939 -0.227882
1234.000000 124.000000 0.633331 -0.250910
1104.000000 125.000000 0.464643 -0.234617
266.000000 126.000000 -0.361957 -0.225997
1232.000000 127.000000 0.630114 -0.247286
1233.000000 130.000000 0.631120 -0.244071
1226.000000 132.000000 0.621064 -0.240929
1229.000000 132.000000 0.625250 -0.241319
1224.000000 133.000000 0.618153 -0.239563
1225.000000 135.000000 0.619287 -0.237475
1271.000000 135.000000 0.685033 -0.243551
1028.000000 139.000000 0.376850 -0.213944
1240.000000 140.000000 0.639691 -0.233842
1266.000000 140.000000 0.677054 -0.237229
1272.000000 143.000000 0.685433 -0.234633
1273.000000 145.000000 0.686639 -0.232506
1273.000000 152.000000 0.685742 -0.224620
86.000000 153.000000 -0.573875 -0.213915
1165.000000 153.000000 0.537154 -0.211090
1225.000000 153.000000 0.617085 -0.217646
56.000000 155.000000 -0.614212 -0.215092
1115.000000 155.000000 0.475056 -0.204325
1272.000000 156.000000 0.683776 -0.220003
1268.000000 158.000000 0.677682 -0.217272
1273.000000 160.000000 0.684751 -0.215643
1270.000000 161.000000 0.680238 -0.214161
987.000000 162.000000 0.331597 -0.188510
1113.000000 162.000000 0.472075 -0.196916
945.000000 166.000000 0.288151 -0.182578
1234.000000 166.000000 0.628132 -0.204443
979.000000 167.000000 0.322991 -0.183186
1089.000000 167.000000 0.443450 -0.189920
1270.000000 167.000000 0.679525 -0.207465
1232.000000 168.000000 0.625115 -0.202037
1155.000000 172.000000 0.522674 -0.190105
1273.000000 173.000000 0.683221 -0.201131
1276.000000 173.000000 0.687623 -0.201473
1155.000000 178.000000 0.522152 -0.183833
1136.000000 179.000000 0.498508 -0.181222
1194.000000 179.000000 0.572335 -0.186293
1134.000000 180.000000 0.495982 -0.180030
427.000000 188.000000 -0.196693 -0.158364
426.000000 190.000000 -0.197598 -0.156500
1088.000000 191.000000 0.440645 -0.165538
1276.000000 191.000000 0.685663 -0.181496
992.000000 192.000000 0.335369 -0.159373
1271.000000 195.000000 0.677936 -0.176574
1256.000000 197.000000 0.656043 -0.172898
1165.000000 198.000000 0.533136 -0.163821
1267.000000 205.000000 0.671141 -0.165216
1240.000000 207.000000 0.632427 -0.160575
862.000000 208.000000 0.205183 -0.139778
1274.000000 208.000000 0.681060 -0.162586
1201.000000 209.000000 0.578997 -0.155154
1136.000000 210.000000 0.496250 -0.149391
1035.000000 211.000000 0.380314 -0.142779
1257.000000 215.000000 0.655819 -0.153429
1272.000000 216.000000 0.677414 -0.153653
1271.000000 219.000000 0.675695 -0.150294
1248.000000 230.000000 0.641789 -0.136535
1037.000000 232.000000 0.381581 -0.122353
1265.000000 233.000000 0.665851 -0.134611
88.000000 234.000000 -0.564282 -0.128232
93.000000 238.000000 -0.557538 -0.123776
415.000000 242.000000 -0.206995 -0.108032
1132.000000 242.000000 0.489549 -0.116735
274.000000 243.000000 -0.347561 -0.110548
413.000000 243.000000 -0.208887 -0.107137
1260.000000 253.000000 0.657247 -0.112743
469.000000 256.000000 -0.155908 -0.094304
1193.000000 257.000000 0.565281 -0.104609
98.000000 260.000000 -0.549886 -0.100866
44.000000 261.000000 -0.621690 -0.102674
934.000000 261.000000 0.274120 -0.091636
75.000000 263.000000 -0.579681 -0.098928
1215.000000 265.000000 0.594029 -0.097465
74.000000 266.000000 -0.580853 -0.095872
1071.000000 266.000000 0.417780 -0.090449
1118.000000 268.000000 0.471708 -0.090119
93.000000 271.000000 -0.555798 -0.089834
94.000000 276.000000 -0.554295 -0.084676
96.000000 276.000000 -0.551725 -0.084592
302.000000 284.000000 -0.317531 -0.070813
299.000000 285.000000 -0.320583 -0.069924
1144.000000 287.000000 0.502230 -0.072075
1191.000000 291.000000 0.561188 -0.069604
1107.000000 292.000000 0.458055 -0.066033
1271.000000 293.000000 0.670991 -0.070568
1274.000000 295.000000 0.675267 -0.068553
1172.000000 299.000000 0.536599 -0.060859
1202.000000 301.000000 0.575244 -0.059720
1047.000000 302.000000 0.390404 -0.054977
1207.000000 303.000000 0.581793 -0.057816
1205.000000 304.000000 0.579114 -0.056728
145.000000 308.000000 -0.489963 -0.050853
1208.000000 309.000000 0.582948 -0.051672
78.000000 312.000000 -0.573879 -0.048388
394.000000 312.000000 -0.226187 -0.043541
930.000000 312.000000 0.269398 -0.043937
1040.000000 312.000000 0.382654 -0.045263
1128.000000 312.000000 0.482307 -0.046778
1142.000000 313.000000 0.499117 -0.046067
225.000000 314.000000 -0.398340 -0.043539
942.000000 317.000000 0.281241 -0.039393
1115.000000 318.000000 0.466833 -0.040618
1112.000000 320.000000 0.463291 -0.038603
623.000000 322.000000 -0.015170 -0.033602
950.000000 325.000000 0.289154 -0.031998
1125.000000 330.000000 0.478451 -0.028937
55.000000 333.000000 -0.604118 -0.027239
84.000000 333.000000 -0.565641 -0.026827
123.000000 334.000000 -0.516268 -0.025325
1123.000000 336.000000 0.476016 -0.022996
1199.000000 341.000000 0.570496 -0.018727
1105.000000 343.000000 0.454900 -0.015977
1155.000000 344.000000 0.514581 -0.015328
232.000000 351.000000 -0.390392 -0.007972
1156.000000 358.000000 0.515758 -0.001343
27.000000 359.000000 -0.642570 -0.000385
159.000000 359.000000 -0.472778 -0.000332
29.000000 362.000000 -0.639761 0.002760
1220.000000 362.000000 0.598314 0.002725
209.000000 363.000000 -0.415634 0.003543
1145.000000 378.000000 0.502355 0.018557
1190.000000 380.000000 0.558798 0.020976
465.000000 382.000000 -0.159059 0.020651
926.000000 384.000000 0.265289 0.022891
87.000000 402.000000 -0.562017 0.043373
56.000000 414.000000 -0.603372 0.056491
77.000000 415.000000 -0.575389 0.056909
131.000000 417.000000 -0.507036 0.057474
671.000000 420.000000 0.028086 0.054732
1110.000000 420.000000 0.461361 0.059538
86.000000 429.000000 -0.564075 0.070962
1044.000000 431.000000 0.387420 0.068717
86.000000 432.000000 -0.564183 0.074033
1156.000000 435.000000 0.517047 0.075795
86.000000 436.000000 -0.564334 0.078130
1223.000000 445.000000 0.604372 0.088764
1238.000000 453.000000 0.625391 0.097908
1240.000000 453.000000 0.628174 0.098015
1219.000000 455.000000 0.599443 0.099000
1013.000000 457.000000 0.354882 0.092910
1013.000000 459.000000 0.354938 0.094827
1005.000000 467.000000 0.346742 0.102265
888.000000 469.000000 0.229296 0.101372
986.000000 469.000000 0.327011 0.103632
1067.000000 469.000000 0.413855 0.106271
273.000000 472.000000 -0.348472 0.107071
925.000000 472.000000 0.265498 0.104937
929.000000 472.000000 0.269455 0.105027
923.000000 474.000000 0.263568 0.106772
931.000000 474.000000 0.271485 0.106956
989.000000 474.000000 0.330260 0.108492
921.000000 477.000000 0.261663 0.109547
927.000000 478.000000 0.267615 0.110629
1035.000000 479.000000 0.379092 0.114827
1168.000000 479.000000 0.534062 0.121003
921.000000 480.000000 0.261733 0.112370
929.000000 480.000000 0.269645 0.112562
261.000000 481.000000 -0.361451 0.116130
927.000000 481.000000 0.267688 0.113456
941.000000 481.000000 0.281618 0.113810
924.000000 482.000000 0.264744 0.114325
261.000000 483.000000 -0.361521 0.118062
299.000000 498.000000 -0.322270 0.131167
44.000000 501.000000 -0.624575 0.148526
1263.000000 518.000000 0.665649 0.169452
1264.000000 526.000000 0.667878 0.178307
1269.000000 526.000000 0.675135 0.178810
852.000000 527.000000 0.195993 0.154943
258.000000 528.000000 -0.366648 0.162018
1131.000000 529.000000 0.491522 0.169803
1237.000000 531.000000 0.629934 0.181066
244.000000 532.000000 -0.381990 0.166688
1138.000000 535.000000 0.500518 0.176508
82.000000 538.000000 -0.576284 0.184623
1258.000000 548.000000 0.661557 0.201880
1251.000000 551.000000 0.651855 0.204400
1258.000000 555.000000 0.662359 0.209624
850.000000 557.000000 0.194874 0.183344
816.000000 558.000000 0.162577 0.183406
1257.000000 558.000000 0.661271 0.212834
1254.000000 559.000000 0.657076 0.213588
728.000000 566.000000 0.080770 0.189403
1246.000000 570.000000 0.646972 0.224822
727.000000 571.000000 0.079909 0.194118
1243.000000 574.000000 0.643205 0.228891
1243.000000 576.000000 0.643457 0.231114
40.000000 580.000000 -0.638357 0.234896
1053.000000 580.000000 0.404481 0.216060
43.000000 581.000000 -0.634262 0.235626
1239.000000 587.000000 0.639208 0.242856
1238.000000 589.000000 0.638058 0.244958
1234.000000 593.000000 0.632950 0.248896
1238.000000 594.000000 0.638729 0.250554
1092.000000 597.000000 0.450671 0.236904
1232.000000 599.000000 0.630951 0.255341
1066.000000 602.000000 0.420992 0.239750
1069.000000 602.000000 0.424426 0.240016
1245.000000 616.000000 0.651819 0.276422
1197.000000 622.000000 0.585917 0.276209
1083.000000 624.000000 0.442765 0.264452
1089.000000 624.000000 0.449822 0.265076
1237.000000 624.000000 0.641630 0.284344
1201.000000 625.000000 0.591764 0.280139
1211.000000 634.000000 0.606782 0.291775
1210.000000 638.000000 0.606015 0.296168
1208.000000 640.000000 0.603569 0.298136
1210.000000 642.000000 0.606633 0.300726
1206.000000 646.000000 0.601754 0.304667
1130.000000 648.000000 0.502432 0.295899
1209.000000 648.000000 0.606198 0.307428
993.000000 649.000000 0.344162 0.282324
1160.000000 651.000000 0.541056 0.303378
1184.000000 651.000000 0.572697 0.306948
1050.000000 652.000000 0.407539 0.290823
1068.000000 652.000000 0.428252 0.292751
1158.000000 652.000000 0.538606 0.304210
1074.000000 654.000000 0.435474 0.295579
1160.000000 654.000000 0.541492 0.306745
1131.000000 655.000000 0.504619 0.303773
1094.000000 656.000000 0.459400 0.300104
1071.000000 657.000000 0.432307 0.298479
1100.000000 657.000000 0.466743 0.301938
56.000000 659.000000 -0.627518 0.322183
1122.000000 663.000000 0.494476 0.311429
1114.000000 666.000000 0.484986 0.313676
1058.000000 671.000000 0.418804 0.312168
963.000000 672.000000 0.314075 0.303916
1176.000000 674.000000 0.565643 0.331954
1222.000000 681.000000 0.629893 0.348003
1182.000000 691.000000 0.576550 0.352682
1252.000000 691.000000 0.674532 0.365402
1028.000000 692.000000 0.386932 0.331639
1026.000000 693.000000 0.384789 0.332507
1043.000000 695.000000 0.404351 0.336680
1192.000000 695.000000 0.590823 0.359142
1029.000000 696.000000 0.388518 0.336135
1203.000000 696.000000 0.606112 0.362310
1204.000000 700.000000 0.608229 0.367242
1112.000000 701.000000 0.487532 0.352791
1164.000000 703.000000 0.554588 0.363598
1180.000000 703.000000 0.575972 0.366426
1112.000000 704.000000 0.487991 0.356223
1162.000000 705.000000 0.552291 0.365594
1232.000000 705.000000 0.648487 0.378495
1109.000000 707.000000 0.484724 0.359200
918.000000 709.000000 0.270048 0.339508
1211.000000 709.000000 0.619647 0.379308
1177.000000 711.000000 0.573377 0.375350
1185.000000 711.000000 0.584200 0.376820
1199.000000 712.000000 0.603560 0.380633
1226.000000 712.000000 0.641315 0.385800
882.000000 713.000000 0.233554 0.341138
951.000000 713.000000 0.304931 0.346620
953.000000 713.000000 0.307054 0.346804
991.000000 713.000000 0.348073 0.350585
577.000000 714.000000 -0.059273 0.334760
1177.000000 715.000000 0.574111 0.380105
1163.000000 716.000000 0.555566 0.378737
1203.000000 716.000000 0.609854 0.386199
