69.000000 3.000000 -0.619789 -0.387132
64.000000 5.000000 -0.626385 -0.385679
86.000000 5.000000 -0.595929 -0.381492
1138.000000 6.000000 0.522484 -0.370644
1268.000000 7.000000 0.701926 -0.393790
279.000000 12.000000 -0.357867 -0.344621
506.000000 12.000000 -0.126724 -0.329003
1264.000000 13.000000 0.694965 -0.385702
23.000000 16.000000 -0.682621 -0.380207
759.000000 21.000000 0.112447 -0.319281
1264.000000 23.000000 0.693083 -0.373553
248.000000 28.000000 -0.390720 -0.330532
484.000000 28.000000 -0.147298 -0.313290
579.000000 29.000000 -0.057028 -0.309800
1263.000000 29.000000 0.690511 -0.366115
941.000000 30.000000 0.292387 -0.319776
378.000000 37.000000 -0.251290 -0.309461
1263.000000 37.000000 0.689042 -0.356490
372.000000 41.000000 -0.257112 -0.305695
623.000000 41.000000 -0.015707 -0.297278
1030.000000 41.000000 0.387703 -0.316371
1204.000000 41.000000 0.604439 -0.341127
1270.000000 41.000000 0.698543 -0.352958
1274.000000 41.000000 0.704407 -0.353677
1215.000000 42.000000 0.619532 -0.341883
989.000000 44.000000 0.342173 -0.309062
1218.000000 44.000000 0.623375 -0.340062
1274.000000 44.000000 0.703870 -0.350077
1261.000000 47.000000 0.684324 -0.344171
1246.000000 48.000000 0.662429 -0.340308
1273.000000 48.000000 0.701692 -0.345111
1276.000000 48.000000 0.706099 -0.345642
1231.000000 49.000000 0.640819 -0.336473
1258.000000 49.000000 0.679604 -0.341256
1266.000000 49.000000 0.691262 -0.342677
1216.000000 50.000000 0.619533 -0.332687
951.000000 51.000000 0.301182 -0.298481
1213.000000 51.000000 0.615180 -0.331005
1241.000000 51.000000 0.654721 -0.335877
1276.000000 51.000000 0.705570 -0.342056
1219.000000 54.000000 0.623040 -0.328534
1269.000000 55.000000 0.694595 -0.336063
305.000000 56.000000 -0.325548 -0.295028
1272.000000 57.000000 0.698645 -0.334209
762.000000 58.000000 0.114258 -0.281858
1247.000000 58.000000 0.662111 -0.328679
1275.000000 61.000000 0.702362 -0.329977
14.000000 62.000000 -0.687391 -0.326798
56.000000 62.000000 -0.627332 -0.319679
227.000000 62.000000 -0.410847 -0.296025
1230.000000 62.000000 0.637160 -0.321081
164.000000 63.000000 -0.485315 -0.302381
1117.000000 63.000000 0.487437 -0.302765
1276.000000 63.000000 0.703491 -0.327777
1275.000000 65.000000 0.701678 -0.325237
44.000000 68.000000 -0.643241 -0.314709
87.000000 68.000000 -0.583733 -0.307789
163.000000 68.000000 -0.485898 -0.297011
1245.000000 68.000000 0.657527 -0.316615
282.000000 69.000000 -0.349102 -0.283353
1274.000000 69.000000 0.699529 -0.320339
742.000000 70.000000 0.095134 -0.269446
88.000000 71.000000 -0.581922 -0.304224
1226.000000 71.000000 0.630018 -0.309974
1233.000000 71.000000 0.639905 -0.311124
72.000000 73.000000 -0.603365 -0.304426
825.000000 74.000000 0.173843 -0.267918
69.000000 75.000000 -0.607176 -0.302611
243.000000 75.000000 -0.391436 -0.280576
1274.000000 75.000000 0.698525 -0.313270
1222.000000 76.000000 0.623595 -0.303565
1248.000000 76.000000 0.660507 -0.307792
1252.000000 76.000000 0.666274 -0.308452
1254.000000 76.000000 0.669165 -0.308782
1276.000000 76.000000 0.701303 -0.312425
89.000000 77.000000 -0.579669 -0.297278
965.000000 77.000000 0.313893 -0.272584
1218.000000 78.000000 0.617693 -0.300635
143.000000 80.000000 -0.509165 -0.286405
1241.000000 80.000000 0.649819 -0.302012
857.000000 82.000000 0.204547 -0.261253
1226.000000 84.000000 0.627936 -0.295022
1221.000000 86.000000 0.620626 -0.291959
1194.000000 87.000000 0.583409 -0.286766
1240.000000 87.000000 0.647274 -0.293780
1254.000000 92.000000 0.666586 -0.290224
1236.000000 95.000000 0.640345 -0.283991
1266.000000 95.000000 0.683561 -0.288639
1276.000000 95.000000 0.698241 -0.290205
165.000000 96.000000 -0.480087 -0.266367
1137.000000 97.000000 0.507975 -0.268088
165.000000 98.000000 -0.479862 -0.264220
1227.000000 98.000000 0.627199 -0.279218
70.000000 99.000000 -0.602209 -0.275282
1217.000000 99.000000 0.613111 -0.276611
1227.000000 100.000000 0.626902 -0.276950
1200.000000 101.000000 0.589522 -0.271932
1249.000000 101.000000 0.657989 -0.279109
1232.000000 102.000000 0.633637 -0.275422
1140.000000 104.000000 0.510893 -0.260860
1206.000000 105.000000 0.597125 -0.268302
1234.000000 108.000000 0.635579 -0.268918
1170.000000 110.000000 0.548472 -0.257997
1123.000000 116.000000 0.488494 -0.246063
46.000000 117.000000 -0.632948 -0.258452
1254.000000 118.000000 0.662683 -0.260468
281.000000 120.000000 -0.346274 -0.231032
1126.000000 120.000000 0.491742 -0.242125
1253.000000 126.000000 0.660116 -0.251268
1255.000000 126.000000 0.662998 -0.251545
1248.000000 128.000000 0.652664 -0.248327
1250.000000 128.000000 0.655530 -0.248600
1246.000000 131.000000 0.649400 -0.244685
1259.000000 131.000000 0.668092 -0.246446
1050.000000 134.000000 0.401542 -0.220632
1185.000000 149.000000 0.563518 -0.217465
98.000000 150.000000 -0.558413 -0.215851
1179.000000 152.000000 0.555339 -0.213602
68.000000 153.000000 -0.598023 -0.215906
1010.000000 157.000000 0.356229 -0.194745
1245.000000 158.000000 0.644562 -0.214502
1045.000000 159.000000 0.394188 -0.194937
969.000000 161.000000 0.312927 -0.188575
5.000000 163.000000 -0.685789 -0.212239
259.000000 163.000000 -0.367124 -0.189325
1002.000000 163.000000 0.347360 -0.188334
1179.000000 173.000000 0.553242 -0.191244
1211.000000 176.000000 0.595394 -0.191161
271.000000 182.000000 -0.353241 -0.169886
855.000000 183.000000 0.199097 -0.163183
446.000000 184.000000 -0.178720 -0.161685
445.000000 186.000000 -0.179621 -0.159823
1109.000000 201.000000 0.464484 -0.156784
886.000000 203.000000 0.228432 -0.145085
1261.000000 203.000000 0.662653 -0.166834
1058.000000 206.000000 0.405825 -0.148832
1056.000000 207.000000 0.403552 -0.147739
1258.000000 221.000000 0.656741 -0.147022
180.000000 225.000000 -0.451829 -0.132045
1028.000000 227.000000 0.372061 -0.126859
180.000000 228.000000 -0.451676 -0.129052
302.000000 228.000000 -0.318960 -0.124022
1060.000000 228.000000 0.406986 -0.127233
1138.000000 229.000000 0.497517 -0.130193
1189.000000 230.000000 0.561670 -0.132316
1223.000000 234.000000 0.606758 -0.130448
1269.000000 234.000000 0.671565 -0.133837
1130.000000 235.000000 0.487503 -0.123685
106.000000 236.000000 -0.540985 -0.125050
290.000000 240.000000 -0.330963 -0.112920
1263.000000 246.000000 0.662020 -0.120453
489.000000 253.000000 -0.137375 -0.096843
112.000000 258.000000 -0.532209 -0.102226
88.000000 261.000000 -0.562740 -0.100336
1142.000000 267.000000 0.500522 -0.092054
86.000000 269.000000 -0.564955 -0.092203
107.000000 269.000000 -0.538010 -0.091261
110.000000 270.000000 -0.534181 -0.090115
104.000000 272.000000 -0.541683 -0.088336
106.000000 274.000000 -0.539064 -0.086217
472.000000 274.000000 -0.152931 -0.077750
109.000000 275.000000 -0.535233 -0.085079
319.000000 282.000000 -0.300302 -0.072390
317.000000 283.000000 -0.302304 -0.071485
1167.000000 283.000000 0.530823 -0.076888
1063.000000 284.000000 0.408356 -0.072706
1066.000000 285.000000 0.411657 -0.071812
290.000000 286.000000 -0.329819 -0.069146
1062.000000 286.000000 0.407199 -0.070742
1064.000000 288.000000 0.409364 -0.068852
1130.000000 289.000000 0.485266 -0.069647
1193.000000 296.000000 0.563619 -0.064558
1239.000000 296.000000 0.625460 -0.066152
1224.000000 297.000000 0.604816 -0.064572
159.000000 307.000000 -0.473341 -0.051540
241.000000 312.000000 -0.381005 -0.045224
414.000000 313.000000 -0.207073 -0.042473
1136.000000 313.000000 0.491867 -0.045946
1135.000000 316.000000 0.490606 -0.042948
647.000000 317.000000 0.006444 -0.038108
958.000000 318.000000 0.297239 -0.038607
645.000000 319.000000 0.004643 -0.036304
973.000000 319.000000 0.312407 -0.037814
957.000000 320.000000 0.296215 -0.036727
974.000000 321.000000 0.313406 -0.035945
1254.000000 322.000000 0.645718 -0.039292
1144.000000 324.000000 0.501347 -0.035149
952.000000 325.000000 0.291156 -0.032013
974.000000 326.000000 0.313363 -0.031250
1148.000000 326.000000 0.506191 -0.033218
97.000000 332.000000 -0.548907 -0.027666
1177.000000 341.000000 0.542127 -0.018520
341.000000 345.000000 -0.277670 -0.013304
258.000000 352.000000 -0.362530 -0.006955
1179.000000 355.000000 0.544589 -0.004393
173.000000 358.000000 -0.456443 -0.001305
39.000000 359.000000 -0.625821 -0.000379
39.000000 363.000000 -0.625824 0.003789
1247.000000 369.000000 0.635461 0.010085
1167.000000 382.000000 0.529547 0.022760
1056.000000 388.000000 0.399826 0.027552
1061.000000 389.000000 0.405332 0.028562
99.000000 403.000000 -0.546623 0.044135
964.000000 408.000000 0.303358 0.045568
1133.000000 416.000000 0.488470 0.056129
145.000000 417.000000 -0.490089 0.057127
694.000000 418.000000 0.048850 0.052960
295.000000 422.000000 -0.324474 0.058998
796.000000 422.000000 0.141947 0.057003
1067.000000 428.000000 0.412611 0.066343
99.000000 429.000000 -0.547337 0.070514
102.000000 431.000000 -0.543584 0.072444
593.000000 431.000000 -0.042266 0.064708
99.000000 432.000000 -0.547440 0.073565
1104.000000 432.000000 0.454694 0.071194
102.000000 433.000000 -0.543654 0.074476
317.000000 433.000000 -0.302245 0.069004
1115.000000 433.000000 0.467557 0.072495
119.000000 434.000000 -0.522324 0.074896
1104.000000 435.000000 0.454780 0.074147
99.000000 436.000000 -0.547586 0.077636
587.000000 437.000000 -0.047704 0.070159
118.000000 438.000000 -0.523708 0.078966
1244.000000 441.000000 0.633153 0.085560
1259.000000 449.000000 0.654769 0.094793
265.000000 450.000000 -0.356278 0.086215
1240.000000 451.000000 0.628067 0.095905
956.000000 455.000000 0.296055 0.089616
1037.000000 456.000000 0.380490 0.092632
1235.000000 457.000000 0.621449 0.101959
1119.000000 460.000000 0.473221 0.099428
1028.000000 464.000000 0.371048 0.100078
152.000000 466.000000 -0.483395 0.105727
154.000000 466.000000 -0.481009 0.105638
1027.000000 467.000000 0.370071 0.102940
1091.000000 467.000000 0.440907 0.105235
949.000000 469.000000 0.289333 0.102669
951.000000 469.000000 0.291342 0.102718
291.000000 470.000000 -0.329648 0.104624
953.000000 470.000000 0.293380 0.103712
101.000000 472.000000 -0.546691 0.114335
291.000000 472.000000 -0.329705 0.106533
948.000000 472.000000 0.288402 0.105479
945.000000 474.000000 0.285443 0.107295
951.000000 475.000000 0.291493 0.108392
944.000000 476.000000 0.284491 0.109160
1189.000000 477.000000 0.560875 0.120170
945.000000 478.000000 0.285544 0.111076
954.000000 478.000000 0.294594 0.111313
951.000000 479.000000 0.291597 0.112180
947.000000 480.000000 0.287603 0.113021
924.000000 486.000000 0.264843 0.118097
286.000000 494.000000 -0.335602 0.127779
1272.000000 497.000000 0.676825 0.147358
16.000000 499.000000 -0.663966 0.148671
1067.000000 501.000000 0.415240 0.137736
56.000000 502.000000 -0.608141 0.148635
180.000000 503.000000 -0.452283 0.141354
1138.000000 505.000000 0.498391 0.145743
964.000000 512.000000 0.305809 0.144064
1261.000000 524.000000 0.663345 0.175818
1153.000000 525.000000 0.518303 0.167332
1259.000000 526.000000 0.660663 0.177807
274.000000 528.000000 -0.349598 0.161242
1157.000000 528.000000 0.523544 0.170753
1258.000000 528.000000 0.659425 0.179895
1256.000000 530.000000 0.656757 0.181881
261.000000 532.000000 -0.363632 0.165799
1257.000000 533.000000 0.658499 0.185269
228.000000 538.000000 -0.399899 0.173550
95.000000 540.000000 -0.559389 0.185543
913.000000 542.000000 0.255671 0.171020
974.000000 548.000000 0.317589 0.179352
1272.000000 551.000000 0.682228 0.206808
876.000000 553.000000 0.219809 0.180310
1274.000000 557.000000 0.685866 0.213743
1274.000000 560.000000 0.686228 0.217102
644.000000 561.000000 0.003801 0.184169
1274.000000 563.000000 0.686595 0.220466
1264.000000 565.000000 0.672240 0.221473
1268.000000 566.000000 0.678187 0.223087
1201.000000 567.000000 0.584372 0.216246
750.000000 570.000000 0.101147 0.193490
1063.000000 571.000000 0.415061 0.207643
1264.000000 571.000000 0.672990 0.228189
1261.000000 573.000000 0.668891 0.230049
1078.000000 576.000000 0.432558 0.213921
1271.000000 577.000000 0.683976 0.235840
1085.000000 578.000000 0.440812 0.216553
1083.000000 579.000000 0.438577 0.217418
52.000000 581.000000 -0.621691 0.234493
432.000000 582.000000 -0.193346 0.207224
1258.000000 582.000000 0.665719 0.239762
1260.000000 585.000000 0.669013 0.243406
1273.000000 589.000000 0.688521 0.249704
1259.000000 590.000000 0.668242 0.248915
1255.000000 591.000000 0.662600 0.249497
1248.000000 594.000000 0.652957 0.251919
1254.000000 596.000000 0.661849 0.255008
1091.000000 598.000000 0.449590 0.237857
1214.000000 600.000000 0.606066 0.254022
1258.000000 606.000000 0.669054 0.266936
1267.000000 612.000000 0.683036 0.275133
1219.000000 618.000000 0.615476 0.274863
1174.000000 619.000000 0.554894 0.269740
1259.000000 620.000000 0.672596 0.283121
1105.000000 622.000000 0.468664 0.264661
1108.000000 622.000000 0.472277 0.264991
1223.000000 622.000000 0.621628 0.279968
1026.000000 626.000000 0.378175 0.261186
1239.000000 626.000000 0.644777 0.286936
1028.000000 629.000000 0.380644 0.264478
1232.000000 632.000000 0.635783 0.292722
1232.000000 635.000000 0.636252 0.296161
1231.000000 639.000000 0.635472 0.300597
1219.000000 641.000000 0.618954 0.300992
1212.000000 643.000000 0.609551 0.302180
1227.000000 643.000000 0.630473 0.304561
970.000000 644.000000 0.319264 0.275314
1229.000000 644.000000 0.633451 0.306034
1152.000000 645.000000 0.529880 0.295549
1216.000000 645.000000 0.615412 0.305101
1225.000000 646.000000 0.628145 0.307694
1016.000000 647.000000 0.369008 0.282231
1182.000000 648.000000 0.569570 0.303248
1206.000000 648.000000 0.602069 0.306952
1090.000000 650.000000 0.453902 0.293100
1014.000000 652.000000 0.367265 0.287307
1182.000000 652.000000 0.570176 0.307777
1094.000000 654.000000 0.459157 0.297924
1101.000000 654.000000 0.467578 0.298781
1065.000000 655.000000 0.425101 0.295648
70.000000 659.000000 -0.608067 0.319869
1136.000000 663.000000 0.512025 0.313377
1074.000000 669.000000 0.437229 0.311874
1079.000000 669.000000 0.443128 0.312481
1114.000000 669.000000 0.485393 0.317010
1196.000000 671.000000 0.592122 0.331796
1165.000000 673.000000 0.550920 0.329041
183.000000 675.000000 -0.464585 0.321134
462.000000 679.000000 -0.168043 0.302189
1193.000000 685.000000 0.590422 0.347578
1050.000000 688.000000 0.411564 0.329812
1200.000000 689.000000 0.600714 0.353503
1062.000000 692.000000 0.425994 0.335705
1066.000000 693.000000 0.430812 0.337325
1053.000000 694.000000 0.415763 0.336794
1104.000000 694.000000 0.476606 0.343645
1128.000000 694.000000 0.506516 0.347248
1055.000000 695.000000 0.418209 0.338150
1199.000000 696.000000 0.600597 0.361583
816.000000 697.000000 0.167271 0.320671
1226.000000 697.000000 0.638464 0.367752
1134.000000 698.000000 0.514765 0.352782
1224.000000 698.000000 0.635825 0.368574
1120.000000 699.000000 0.497216 0.351730
1184.000000 699.000000 0.580662 0.362425
1186.000000 701.000000 0.583732 0.365143
1201.000000 701.000000 0.604267 0.367878
1184.000000 702.000000 0.581200 0.365964
1130.000000 706.000000 0.510958 0.361369
969.000000 707.000000 0.323580 0.341805
941.000000 708.000000 0.293930 0.340332
1219.000000 709.000000 0.630859 0.380833
975.000000 710.000000 0.330338 0.345653
1246.000000 710.000000 0.669473 0.387232
1178.000000 711.000000 0.574724 0.375533
905.000000 712.000000 0.256897 0.341715
976.000000 712.000000 0.331620 0.347934
1014.000000 712.000000 0.373471 0.352040
1244.000000 712.000000 0.666985 0.389279
1065.000000 713.000000 0.432297 0.359615
1096.000000 713.000000 0.469609 0.364097
1224.000000 713.000000 0.638679 0.386623
1184.000000 714.000000 0.583398 0.380210
1210.000000 714.000000 0.619207 0.385132
599.000000 715.000000 -0.038491 0.335503
1205.000000 715.000000 0.612438 0.385378
1181.000000 716.000000 0.579702 0.382038
1239.000000 716.000000 0.660595 0.393178
