1216.000000 6.000000 0.627598 -0.384949
457.000000 7.000000 -0.174428 -0.336258
1220.000000 7.000000 0.633032 -0.384514
1221.000000 13.000000 0.633288 -0.377469
906.000000 15.000000 0.257363 -0.332986
1164.000000 15.000000 0.554900 -0.364588
1224.000000 18.000000 0.636571 -0.372030
1226.000000 18.000000 0.639400 -0.372408
1185.000000 21.000000 0.581987 -0.361253
1172.000000 24.000000 0.563970 -0.355439
1142.000000 25.000000 0.524485 -0.349254
1219.000000 25.000000 0.628213 -0.362720
1226.000000 25.000000 0.638085 -0.364021
1177.000000 26.000000 0.570313 -0.353969
1221.000000 28.000000 0.630472 -0.359517
1167.000000 29.000000 0.556466 -0.348757
728.000000 31.000000 0.082775 -0.308272
1223.000000 31.000000 0.632738 -0.356317
1226.000000 31.000000 0.636974 -0.356868
912.000000 32.000000 0.262277 -0.315480
1227.000000 33.000000 0.638022 -0.354673
73.000000 35.000000 -0.608329 -0.348283
1220.000000 37.000000 0.627426 -0.348663
467.000000 40.000000 -0.163225 -0.301677
60.000000 41.000000 -0.625336 -0.343524
1223.000000 41.000000 0.630929 -0.344479
61.000000 43.000000 -0.623587 -0.340998
1141.000000 43.000000 0.520387 -0.328525
1056.000000 44.000000 0.417022 -0.316031
1092.000000 44.000000 0.459479 -0.320486
728.000000 49.000000 0.082409 -0.290091
1158.000000 51.000000 0.541096 -0.322038
262.000000 57.000000 -0.372037 -0.297811
1218.000000 58.000000 0.620962 -0.323708
1224.000000 58.000000 0.629374 -0.324724
1224.000000 61.000000 0.628866 -0.321232
676.000000 62.000000 0.033624 -0.276428
1217.000000 69.000000 0.617743 -0.310814
1230.000000 71.000000 0.635658 -0.310630
1217.000000 72.000000 0.617258 -0.307361
1010.000000 73.000000 0.362388 -0.280359
456.000000 75.000000 -0.172464 -0.266822
1228.000000 75.000000 0.632183 -0.305682
1224.000000 76.000000 0.626398 -0.303886
1231.000000 76.000000 0.636256 -0.305014
459.000000 77.000000 -0.169505 -0.264719
1209.000000 77.000000 0.605382 -0.300364
1148.000000 78.000000 0.524308 -0.290326
1190.000000 80.000000 0.579052 -0.294062
1220.000000 80.000000 0.620166 -0.298660
1100.000000 82.000000 0.464413 -0.279942
1214.000000 82.000000 0.611512 -0.295439
1227.000000 82.000000 0.629656 -0.297471
1230.000000 82.000000 0.633882 -0.297946
354.000000 83.000000 -0.272736 -0.263753
1207.000000 83.000000 0.601705 -0.293226
1211.000000 83.000000 0.607211 -0.293838
1217.000000 83.000000 0.615519 -0.294763
1219.000000 84.000000 0.618147 -0.293932
1232.000000 84.000000 0.636390 -0.295965
1164.000000 85.000000 0.543956 -0.284748
1184.000000 85.000000 0.570284 -0.287561
1230.000000 85.000000 0.633408 -0.294503
1234.000000 85.000000 0.639062 -0.295133
1168.000000 86.000000 0.549029 -0.284188
1193.000000 87.000000 0.582061 -0.286620
1234.000000 88.000000 0.638591 -0.291690
1222.000000 89.000000 0.621561 -0.288694
1201.000000 91.000000 0.592311 -0.283289
1217.000000 91.000000 0.614297 -0.285662
1226.000000 91.000000 0.626853 -0.287027
1201.000000 93.000000 0.592020 -0.281039
1231.000000 94.000000 0.633427 -0.284370
938.000000 95.000000 0.284719 -0.252448
1228.000000 95.000000 0.629053 -0.282776
1217.000000 96.000000 0.613551 -0.279999
1194.000000 97.000000 0.581976 -0.275558
1229.000000 97.000000 0.630158 -0.280653
1232.000000 98.000000 0.634233 -0.279966
165.000000 99.000000 -0.479750 -0.263147
1229.000000 99.000000 0.629859 -0.278381
10.000000 100.000000 -0.687066 -0.283089
285.000000 100.000000 -0.343420 -0.251077
926.000000 102.000000 0.272097 -0.244716
1197.000000 102.000000 0.585323 -0.270398
1212.000000 103.000000 0.605630 -0.271388
1198.000000 104.000000 0.586397 -0.268308
36.000000 105.000000 -0.648805 -0.273446
154.000000 105.000000 -0.492502 -0.257943
214.000000 105.000000 -0.421424 -0.251800
1212.000000 106.000000 0.605205 -0.268024
1230.000000 108.000000 0.629945 -0.268340
1227.000000 109.000000 0.625593 -0.266782
1232.000000 109.000000 0.632614 -0.267499
80.000000 110.000000 -0.587101 -0.261623
1181.000000 110.000000 0.562889 -0.259398
62.000000 111.000000 -0.611511 -0.262960
1235.000000 111.000000 0.636559 -0.265671
65.000000 112.000000 -0.607244 -0.261429
1173.000000 113.000000 0.552006 -0.255092
1237.000000 113.000000 0.639101 -0.263699
62.000000 115.000000 -0.610962 -0.258492
701.000000 115.000000 0.056307 -0.224952
81.000000 116.000000 -0.584962 -0.254851
1178.000000 116.000000 0.558177 -0.252436
1236.000000 116.000000 0.637261 -0.260173
229.000000 118.000000 -0.403286 -0.236988
1136.000000 118.000000 0.504300 -0.245338
1197.000000 118.000000 0.583176 -0.252658
917.000000 119.000000 0.262133 -0.227329
180.000000 121.000000 -0.459485 -0.238253
1182.000000 121.000000 0.562819 -0.247467
1168.000000 122.000000 0.544413 -0.244686
1171.000000 122.000000 0.548302 -0.245043
1191.000000 124.000000 0.574378 -0.245300
812.000000 125.000000 0.159735 -0.217442
1231.000000 126.000000 0.628844 -0.248269
1217.000000 129.000000 0.608984 -0.243091
1228.000000 129.000000 0.624246 -0.244525
1238.000000 129.000000 0.638302 -0.245853
1071.000000 131.000000 0.425554 -0.225400
1229.000000 131.000000 0.625381 -0.242431
1179.000000 132.000000 0.557558 -0.235141
1230.000000 133.000000 0.626519 -0.240337
1178.000000 134.000000 0.556018 -0.232860
1167.000000 135.000000 0.541630 -0.230539
1087.000000 136.000000 0.443608 -0.221596
1183.000000 137.000000 0.562229 -0.230189
1238.000000 137.000000 0.637249 -0.236924
63.000000 138.000000 -0.606611 -0.232893
1088.000000 139.000000 0.444516 -0.218578
1176.000000 140.000000 0.552730 -0.226160
1172.000000 142.000000 0.547317 -0.223571
1237.000000 145.000000 0.634823 -0.227911
1244.000000 145.000000 0.644729 -0.228787
1122.000000 146.000000 0.484295 -0.214317
1240.000000 146.000000 0.638933 -0.227176
1245.000000 148.000000 0.645776 -0.225579
1167.000000 150.000000 0.540024 -0.214487
1205.000000 152.000000 0.589838 -0.216438
1237.000000 152.000000 0.633966 -0.220171
1073.000000 153.000000 0.426087 -0.202996
1203.000000 157.000000 0.586587 -0.210801
1244.000000 158.000000 0.643142 -0.214384
1207.000000 160.000000 0.591654 -0.207993
1205.000000 161.000000 0.588847 -0.206696
1256.000000 161.000000 0.659933 -0.212485
264.000000 162.000000 -0.361804 -0.190026
1197.000000 163.000000 0.577912 -0.203695
1200.000000 163.000000 0.581919 -0.204009
1243.000000 163.000000 0.641141 -0.208755
1197.000000 166.000000 0.577602 -0.200475
1237.000000 167.000000 0.632226 -0.203684
1238.000000 169.000000 0.633408 -0.201606
1246.000000 170.000000 0.644601 -0.201399
1243.000000 171.000000 0.640238 -0.199968
1241.000000 172.000000 0.637303 -0.198653
1245.000000 177.000000 0.642416 -0.193616
1093.000000 178.000000 0.447300 -0.179019
1246.000000 180.000000 0.643514 -0.190442
1244.000000 185.000000 0.640162 -0.184778
1082.000000 186.000000 0.434071 -0.170190
1092.000000 186.000000 0.445593 -0.170845
1240.000000 187.000000 0.634320 -0.182197
62.000000 188.000000 -0.602543 -0.178765
1244.000000 188.000000 0.639857 -0.181512
63.000000 190.000000 -0.600996 -0.176530
1196.000000 193.000000 0.573706 -0.171625
1240.000000 194.000000 0.633631 -0.174607
920.000000 197.000000 0.261935 -0.151787
994.000000 197.000000 0.337241 -0.154596
3.000000 198.000000 -0.684904 -0.173637
919.000000 200.000000 0.260848 -0.148895
952.000000 201.000000 0.293843 -0.149057
1244.000000 201.000000 0.638599 -0.167412
923.000000 203.000000 0.264717 -0.146164
1245.000000 203.000000 0.639825 -0.165342
1162.000000 208.000000 0.528595 -0.153233
1086.000000 209.000000 0.437269 -0.147362
1164.000000 209.000000 0.531047 -0.152344
1254.000000 209.000000 0.652059 -0.159665
1088.000000 211.000000 0.439452 -0.145475
1164.000000 211.000000 0.530904 -0.150277
1252.000000 211.000000 0.649029 -0.157321
1249.000000 213.000000 0.644592 -0.154898
1255.000000 214.000000 0.653045 -0.154338
1258.000000 216.000000 0.657165 -0.152433
1243.000000 217.000000 0.635780 -0.150082
1256.000000 217.000000 0.654216 -0.151179
1243.000000 219.000000 0.635614 -0.147935
1249.000000 219.000000 0.644082 -0.148431
1241.000000 223.000000 0.632483 -0.143487
420.000000 224.000000 -0.202564 -0.124715
1226.000000 225.000000 0.611522 -0.140191
1250.000000 225.000000 0.645011 -0.142058
420.000000 226.000000 -0.202525 -0.122847
1135.000000 229.000000 0.493872 -0.130022
1254.000000 230.000000 0.650303 -0.136997
1258.000000 230.000000 0.656016 -0.137307
1261.000000 230.000000 0.660320 -0.137541
1274.000000 230.000000 0.679158 -0.138568
1237.000000 233.000000 0.626134 -0.132510
1252.000000 233.000000 0.647230 -0.133622
1260.000000 233.000000 0.658652 -0.134228
1211.000000 234.000000 0.590507 -0.129619
1256.000000 234.000000 0.652851 -0.132849
1211.000000 236.000000 0.590372 -0.127522
1245.000000 236.000000 0.637112 -0.129894
1057.000000 237.000000 0.403277 -0.118278
1255.000000 238.000000 0.651128 -0.128479
1261.000000 238.000000 0.659714 -0.128917
1264.000000 238.000000 0.664031 -0.129138
1270.000000 238.000000 0.672715 -0.129583
1194.000000 239.000000 0.567626 -0.123294
1258.000000 239.000000 0.655340 -0.127623
1255.000000 241.000000 0.650913 -0.125262
1265.000000 241.000000 0.665255 -0.125976
838.000000 242.000000 0.181734 -0.107609
1245.000000 242.000000 0.636688 -0.123494
1263.000000 242.000000 0.662300 -0.124756
1270.000000 242.000000 0.672422 -0.125257
1004.000000 243.000000 0.345983 -0.110536
1006.000000 243.000000 0.348085 -0.110601
1033.000000 245.000000 0.376770 -0.109579
1272.000000 246.000000 0.675046 -0.121077
1263.000000 248.000000 0.661884 -0.118304
1103.000000 249.000000 0.454900 -0.108385
1272.000000 250.000000 0.674771 -0.116758
1205.000000 251.000000 0.581422 -0.111487
1264.000000 253.000000 0.662993 -0.113001
1254.000000 255.000000 0.648558 -0.110225
1261.000000 256.000000 0.658490 -0.109594
1258.000000 258.000000 0.654072 -0.107270
1262.000000 258.000000 0.659801 -0.107515
1269.000000 258.000000 0.669898 -0.107947
1238.000000 259.000000 0.625822 -0.105017
1235.000000 260.000000 0.621602 -0.103789
170.000000 261.000000 -0.461827 -0.096695
1253.000000 262.000000 0.646716 -0.102707
1257.000000 262.000000 0.652406 -0.102940
1264.000000 262.000000 0.662435 -0.103353
1269.000000 262.000000 0.669654 -0.103650
1236.000000 263.000000 0.622819 -0.100684
16.000000 264.000000 -0.660922 -0.101085
410.000000 264.000000 -0.211412 -0.087694
1008.000000 264.000000 0.349571 -0.090526
1252.000000 264.000000 0.645184 -0.100523
1259.000000 264.000000 0.655146 -0.100923
285.000000 265.000000 -0.335452 -0.089196
1239.000000 265.000000 0.626875 -0.098740
1172.000000 266.000000 0.537825 -0.094355
1218.000000 266.000000 0.598023 -0.096577
1267.000000 266.000000 0.666527 -0.099243
95.000000 267.000000 -0.553403 -0.093840
1259.000000 267.000000 0.654976 -0.097723
1269.000000 268.000000 0.669306 -0.097213
1273.000000 268.000000 0.675112 -0.097437
100.000000 270.000000 -0.546862 -0.090548
1078.000000 270.000000 0.425511 -0.086767
391.000000 271.000000 -0.229538 -0.081485
1271.000000 272.000000 0.671986 -0.093034
1274.000000 273.000000 0.676294 -0.092121
1272.000000 275.000000 0.673279 -0.089870
1263.000000 276.000000 0.660228 -0.088339
1268.000000 276.000000 0.667431 -0.088593
407.000000 277.000000 -0.214098 -0.075707
1020.000000 277.000000 0.361922 -0.078388
1261.000000 277.000000 0.657309 -0.087172
1270.000000 277.000000 0.670275 -0.087625
1212.000000 278.000000 0.589381 -0.083816
1267.000000 278.000000 0.665886 -0.086405
1229.000000 280.000000 0.612318 -0.082490
1274.000000 280.000000 0.675935 -0.084611
1271.000000 281.000000 0.671526 -0.083393
1266.000000 282.000000 0.664250 -0.082086
1262.000000 283.000000 0.658453 -0.080833
1162.000000 284.000000 0.524525 -0.075697
1260.000000 284.000000 0.655544 -0.079678
1269.000000 284.000000 0.668487 -0.080091
328.000000 285.000000 -0.291199 -0.069419
1258.000000 286.000000 0.652599 -0.077464
1260.000000 287.000000 0.655410 -0.076491
1271.000000 287.000000 0.671248 -0.076977
56.000000 288.000000 -0.603984 -0.073852
1257.000000 289.000000 0.651045 -0.074240
1276.000000 289.000000 0.678432 -0.075058
109.000000 290.000000 -0.534682 -0.069876
461.000000 290.000000 -0.163029 -0.063197
1261.000000 290.000000 0.656712 -0.073348
107.000000 291.000000 -0.537170 -0.068930
907.000000 293.000000 0.247062 -0.061337
1264.000000 293.000000 0.660889 -0.070283
1258.000000 294.000000 0.652265 -0.068982
1271.000000 295.000000 0.670910 -0.068433
1273.000000 295.000000 0.673813 -0.068513
1041.000000 296.000000 0.384010 -0.060629
1233.000000 296.000000 0.617164 -0.065933
82.000000 297.000000 -0.569071 -0.063634
1257.000000 298.000000 0.650688 -0.064709
1250.000000 299.000000 0.640739 -0.063399
1270.000000 299.000000 0.669308 -0.064129
102.000000 301.000000 -0.543194 -0.058952
1274.000000 302.000000 0.675003 -0.061074
1246.000000 303.000000 0.634979 -0.059051
98.000000 305.000000 -0.548176 -0.055007
1269.000000 305.000000 0.667650 -0.057704
1247.000000 306.000000 0.636284 -0.055931
101.000000 307.000000 -0.544302 -0.052900
1260.000000 308.000000 0.654624 -0.054229
1245.000000 311.000000 0.633333 -0.050622
1123.000000 314.000000 0.476329 -0.044704
1270.000000 314.000000 0.668819 -0.048160
302.000000 316.000000 -0.317066 -0.040667
270.000000 317.000000 -0.350139 -0.040080
1010.000000 317.000000 0.350657 -0.040099
1013.000000 318.000000 0.353799 -0.039185
225.000000 319.000000 -0.398270 -0.038729
1010.000000 319.000000 0.350634 -0.038202
1254.000000 319.000000 0.645788 -0.042451
1250.000000 320.000000 0.640116 -0.041303
274.000000 321.000000 -0.345910 -0.036245
1010.000000 321.000000 0.350612 -0.036305
1012.000000 321.000000 0.352713 -0.036326
1077.000000 321.000000 0.423230 -0.037115
1243.000000 321.000000 0.630285 -0.040094
1263.000000 322.000000 0.658537 -0.039495
1265.000000 323.000000 0.661384 -0.038482
1141.000000 327.000000 0.497663 -0.032120
1187.000000 327.000000 0.555094 -0.032824
1258.000000 327.000000 0.651290 -0.034107
1170.000000 329.000000 0.533421 -0.030538
1271.000000 329.000000 0.669914 -0.032240
1177.000000 330.000000 0.542256 -0.029631
1017.000000 331.000000 0.357886 -0.026880
1276.000000 338.000000 0.677029 -0.022749
151.000000 339.000000 -0.482328 -0.020075
1276.000000 343.000000 0.676969 -0.017426
1083.000000 344.000000 0.429757 -0.014870
389.000000 345.000000 -0.230822 -0.013172
1085.000000 345.000000 0.432011 -0.013910
390.000000 348.000000 -0.229854 -0.010408
1081.000000 348.000000 0.427484 -0.010981
907.000000 351.000000 0.246664 -0.007675
180.000000 353.000000 -0.448384 -0.006178
607.000000 353.000000 -0.029573 -0.005676
923.000000 354.000000 0.262286 -0.004922
901.000000 358.000000 0.240836 -0.001209
1259.000000 358.000000 0.652392 -0.001442
92.000000 361.000000 -0.555121 0.001672
1267.000000 362.000000 0.663849 0.002783
1218.000000 365.000000 0.595626 0.005813
91.000000 366.000000 -0.556416 0.006744
1167.000000 366.000000 0.529441 0.006684
1260.000000 366.000000 0.653827 0.006992
1270.000000 366.000000 0.668187 0.007028
92.000000 368.000000 -0.555137 0.008768
1267.000000 368.000000 0.663867 0.009135
1074.000000 371.000000 0.419632 0.011282
1263.000000 371.000000 0.658141 0.012284
1227.000000 375.000000 0.607865 0.016193
1270.000000 381.000000 0.668311 0.022939
1276.000000 381.000000 0.677018 0.023017
245.000000 382.000000 -0.376438 0.021626
1266.000000 384.000000 0.662585 0.026064
1276.000000 385.000000 0.677075 0.027276
37.000000 386.000000 -0.628790 0.027794
1270.000000 387.000000 0.668399 0.029307
37.000000 388.000000 -0.628821 0.029882
39.000000 389.000000 -0.626064 0.030893
1276.000000 389.000000 0.677142 0.031537
1266.000000 393.000000 0.662741 0.035597
1262.000000 395.000000 0.657044 0.037631
1113.000000 404.000000 0.464534 0.043856
1158.000000 405.000000 0.518697 0.045709
1007.000000 418.000000 0.347728 0.055583
1265.000000 422.000000 0.662140 0.066339
1276.000000 427.000000 0.678269 0.072107
95.000000 428.000000 -0.552421 0.069632
1276.000000 432.000000 0.678483 0.077463
1276.000000 435.000000 0.678619 0.080679
888.000000 437.000000 0.228793 0.071642
67.000000 439.000000 -0.589487 0.081990
876.000000 443.000000 0.217343 0.077038
1079.000000 445.000000 0.426498 0.083212
654.000000 447.000000 0.012776 0.079165
95.000000 454.000000 -0.553467 0.096185
1014.000000 455.000000 0.355885 0.091020
1123.000000 459.000000 0.477926 0.098595
95.000000 460.000000 -0.553757 0.102336
113.000000 462.000000 -0.530971 0.103497
1224.000000 462.000000 0.606617 0.106595
1274.000000 463.000000 0.677238 0.110672
1190.000000 467.000000 0.561605 0.109899
1192.000000 467.000000 0.564211 0.110008
239.000000 472.000000 -0.384758 0.108190
1206.000000 473.000000 0.583008 0.117037
1186.000000 476.000000 0.556922 0.118960
1274.000000 476.000000 0.678112 0.124716
1269.000000 477.000000 0.670911 0.125441
1180.000000 481.000000 0.549477 0.123761
147.000000 488.000000 -0.490485 0.128091
145.000000 489.000000 -0.492955 0.129212
1037.000000 492.000000 0.381764 0.127551
977.000000 493.000000 0.318468 0.126292
277.000000 495.000000 -0.345051 0.129068
898.000000 495.000000 0.239550 0.125932
900.000000 495.000000 0.241500 0.125980
902.000000 495.000000 0.243452 0.126029
957.000000 495.000000 0.298119 0.127560
1266.000000 496.000000 0.668028 0.145772
896.000000 497.000000 0.237652 0.127765
904.000000 497.000000 0.245456 0.127963
894.000000 500.000000 0.235780 0.130539
900.000000 500.000000 0.241624 0.130690
1136.000000 500.000000 0.495643 0.140529
1134.000000 501.000000 0.493276 0.141422
1165.000000 501.000000 0.531640 0.143416
1003.000000 502.000000 0.345842 0.135897
900.000000 503.000000 0.241701 0.133519
895.000000 504.000000 0.236853 0.134333
897.000000 505.000000 0.238827 0.135328
894.000000 507.000000 0.235957 0.137137
1265.000000 509.000000 0.667705 0.159819
1264.000000 511.000000 0.666440 0.161908
1260.000000 516.000000 0.661135 0.166987
56.000000 522.000000 -0.609831 0.169947
1218.000000 528.000000 0.603387 0.176011
1255.000000 529.000000 0.655223 0.180687
1250.000000 531.000000 0.648286 0.182366
1250.000000 536.000000 0.648799 0.187826
1230.000000 537.000000 0.620775 0.186863
1248.000000 538.000000 0.646163 0.189804
1082.000000 539.000000 0.434430 0.176548
1237.000000 544.000000 0.631268 0.195191
1232.000000 545.000000 0.624384 0.195749
1103.000000 550.000000 0.459618 0.189227
1204.000000 550.000000 0.586587 0.198235
1236.000000 551.000000 0.630624 0.202724
92.000000 558.000000 -0.565049 0.204966
1234.000000 559.000000 0.628721 0.211258
1225.000000 575.000000 0.618067 0.227775
1222.000000 576.000000 0.614034 0.228510
1221.000000 578.000000 0.612896 0.230589
1213.000000 583.000000 0.602513 0.235105
1222.000000 583.000000 0.614899 0.236225
710.000000 585.000000 0.064405 0.207211
1211.000000 587.000000 0.600276 0.239256
1214.000000 587.000000 0.604381 0.239633
709.000000 589.000000 0.063526 0.211012
1210.000000 591.000000 0.599415 0.243538
1208.000000 597.000000 0.597458 0.249907
1206.000000 600.000000 0.595126 0.252964
1148.000000 606.000000 0.519826 0.252334
1202.000000 609.000000 0.590891 0.262412
1206.000000 610.000000 0.596466 0.264068
1060.000000 613.000000 0.415131 0.250658
1200.000000 616.000000 0.589137 0.269929
831.000000 624.000000 0.178821 0.247639
1232.000000 636.000000 0.636410 0.297308
1165.000000 637.000000 0.545574 0.288455
1053.000000 639.000000 0.409634 0.277307
1169.000000 640.000000 0.551217 0.292359
1187.000000 645.000000 0.575807 0.300608
1177.000000 652.000000 0.563520 0.307017
1179.000000 652.000000 0.566178 0.307320
1178.000000 656.000000 0.565458 0.311702
1039.000000 658.000000 0.395684 0.296094
1098.000000 662.000000 0.464957 0.307170
964.000000 663.000000 0.314404 0.294568
1155.000000 663.000000 0.536335 0.316143
1068.000000 664.000000 0.429609 0.305718
1127.000000 666.000000 0.501126 0.315462
1047.000000 667.000000 0.405717 0.306601
69.000000 672.000000 -0.611621 0.335110
1023.000000 684.000000 0.380429 0.322380
1027.000000 685.000000 0.385027 0.323899
1145.000000 685.000000 0.526797 0.339609
1177.000000 697.000000 0.570871 0.358835
646.000000 703.000000 0.005806 0.322941
1143.000000 703.000000 0.527128 0.360027
1013.000000 707.000000 0.371779 0.346405
1146.000000 711.000000 0.532363 0.369858
1081.000000 712.000000 0.451246 0.360737
1173.000000 712.000000 0.568183 0.375808
1078.000000 713.000000 0.447785 0.361443
1134.000000 715.000000 0.517557 0.372495
1132.000000 716.000000 0.515163 0.373327
