1171.000000 7.000000 0.565653 -0.375276
478.000000 12.000000 -0.153737 -0.330075
1235.000000 13.000000 0.653149 -0.380152
1091.000000 15.000000 0.462273 -0.352866
94.000000 20.000000 -0.582289 -0.362206
1238.000000 20.000000 0.656100 -0.372277
1240.000000 20.000000 0.658963 -0.372655
929.000000 21.000000 0.280612 -0.328367
1184.000000 22.000000 0.580453 -0.359896
1175.000000 24.000000 0.567980 -0.355961
1243.000000 25.000000 0.662323 -0.367203
1205.000000 28.000000 0.608131 -0.356593
1239.000000 28.000000 0.656027 -0.362855
1164.000000 31.000000 0.552164 -0.345935
1203.000000 32.000000 0.604646 -0.351513
1238.000000 32.000000 0.653855 -0.357885
81.000000 33.000000 -0.597681 -0.349222
1199.000000 33.000000 0.598959 -0.349626
1189.000000 34.000000 0.585122 -0.346701
1240.000000 34.000000 0.656349 -0.355866
751.000000 36.000000 0.104420 -0.303735
1240.000000 36.000000 0.655982 -0.353481
92.000000 37.000000 -0.582028 -0.342647
1246.000000 37.000000 0.664414 -0.353385
1243.000000 38.000000 0.659919 -0.351645
88.000000 39.000000 -0.587102 -0.341002
936.000000 40.000000 0.286402 -0.308847
1246.000000 41.000000 0.663686 -0.348618
76.000000 45.000000 -0.602460 -0.336064
70.000000 47.000000 -0.610386 -0.334759
1243.000000 48.000000 0.658119 -0.339774
71.000000 49.000000 -0.608664 -0.332259
1113.000000 51.000000 0.484112 -0.315521
1244.000000 51.000000 0.659023 -0.336406
1239.000000 56.000000 0.650986 -0.329642
31.000000 58.000000 -0.663485 -0.328594
135.000000 60.000000 -0.521989 -0.309662
280.000000 62.000000 -0.351875 -0.290866
498.000000 63.000000 -0.132723 -0.277378
512.000000 63.000000 -0.119451 -0.276981
1239.000000 64.000000 0.649613 -0.320273
1241.000000 64.000000 0.652471 -0.320612
500.000000 66.000000 -0.130736 -0.274325
251.000000 75.000000 -0.382516 -0.279821
933.000000 77.000000 0.280724 -0.270389
477.000000 78.000000 -0.152242 -0.263105
1032.000000 78.000000 0.386218 -0.277110
1250.000000 78.000000 0.663059 -0.305796
1237.000000 79.000000 0.644279 -0.302521
1248.000000 82.000000 0.659528 -0.300829
1241.000000 83.000000 0.649336 -0.298547
1243.000000 83.000000 0.652195 -0.298867
1169.000000 85.000000 0.550474 -0.285438
1189.000000 85.000000 0.576972 -0.288285
376.000000 88.000000 -0.250270 -0.257460
1253.000000 88.000000 0.665773 -0.294687
1234.000000 89.000000 0.638436 -0.290545
1247.000000 89.000000 0.656973 -0.292582
1250.000000 89.000000 0.661287 -0.293056
1240.000000 91.000000 0.646647 -0.289185
1251.000000 91.000000 0.662413 -0.290906
1207.000000 92.000000 0.600357 -0.283042
1254.000000 92.000000 0.666586 -0.290224
1185.000000 93.000000 0.570481 -0.278760
1213.000000 94.000000 0.608314 -0.281669
8.000000 95.000000 -0.690762 -0.289182
1250.000000 95.000000 0.660348 -0.286145
1254.000000 95.000000 0.666117 -0.286766
1189.000000 97.000000 0.575264 -0.274860
1192.000000 97.000000 0.579286 -0.275278
7.000000 98.000000 -0.691762 -0.285861
165.000000 99.000000 -0.479750 -0.263147
1251.000000 100.000000 0.661019 -0.280559
1248.000000 102.000000 0.656402 -0.277814
24.000000 104.000000 -0.666142 -0.276370
1249.000000 104.000000 0.657537 -0.275679
1253.000000 105.000000 0.663145 -0.275136
51.000000 108.000000 -0.627207 -0.267873
1184.000000 108.000000 0.567118 -0.261991
231.000000 110.000000 -0.401715 -0.245084
1218.000000 110.000000 0.612922 -0.264385
1247.000000 110.000000 0.653778 -0.268544
96.000000 114.000000 -0.565237 -0.255124
169.000000 114.000000 -0.473309 -0.246731
1198.000000 114.000000 0.585047 -0.257207
1249.000000 115.000000 0.655920 -0.263156
81.000000 116.000000 -0.584962 -0.254851
1202.000000 116.000000 0.590189 -0.255522
1247.000000 116.000000 0.652910 -0.261735
1220.000000 117.000000 0.614724 -0.256831
1250.000000 117.000000 0.657069 -0.261031
77.000000 118.000000 -0.590093 -0.253163
1226.000000 118.000000 0.622933 -0.256535
1193.000000 119.000000 0.577680 -0.251041
97.000000 120.000000 -0.563169 -0.248430
1221.000000 121.000000 0.615568 -0.252504
1257.000000 121.000000 0.666588 -0.257489
1168.000000 123.000000 0.544295 -0.243602
5.000000 124.000000 -0.690858 -0.256276
1182.000000 124.000000 0.562451 -0.244193
1256.000000 124.000000 0.664720 -0.253948
198.000000 126.000000 -0.437940 -0.231370
940.000000 126.000000 0.285004 -0.221578
1182.000000 126.000000 0.562209 -0.242013
1023.000000 127.000000 0.372242 -0.225745
4.000000 128.000000 -0.691766 -0.251855
1189.000000 129.000000 0.571103 -0.239589
1193.000000 129.000000 0.576430 -0.240076
1213.000000 129.000000 0.603488 -0.242578
1212.000000 131.000000 0.601864 -0.240244
1252.000000 133.000000 0.657724 -0.243245
1249.000000 136.000000 0.653022 -0.239478
1258.000000 136.000000 0.665970 -0.240673
1093.000000 138.000000 0.450447 -0.220045
1249.000000 138.000000 0.652759 -0.237238
1250.000000 140.000000 0.653930 -0.235131
78.000000 141.000000 -0.585901 -0.227812
301.000000 141.000000 -0.323866 -0.208750
1191.000000 141.000000 0.572343 -0.226775
1188.000000 142.000000 0.568253 -0.225350
1220.000000 142.000000 0.611487 -0.229125
1109.000000 143.000000 0.468931 -0.216266
1200.000000 143.000000 0.584134 -0.225644
1258.000000 144.000000 0.664921 -0.231687
1178.000000 147.000000 0.554569 -0.218855
1112.000000 148.000000 0.472072 -0.211331
1202.000000 151.000000 0.585908 -0.217185
1264.000000 152.000000 0.672599 -0.223489
1260.000000 153.000000 0.666674 -0.221874
1143.000000 154.000000 0.509320 -0.207888
1264.000000 155.000000 0.672226 -0.220134
1257.000000 159.000000 0.661611 -0.214825
1224.000000 160.000000 0.614896 -0.209876
1095.000000 161.000000 0.450889 -0.196506
283.000000 165.000000 -0.341424 -0.185995
1264.000000 165.000000 0.671022 -0.208988
1225.000000 167.000000 0.615502 -0.202360
283.000000 168.000000 -0.341265 -0.183038
285.000000 168.000000 -0.339159 -0.182934
1276.000000 168.000000 0.688202 -0.207052
1217.000000 169.000000 0.604285 -0.199330
1220.000000 170.000000 0.608290 -0.198566
1262.000000 170.000000 0.667543 -0.203207
1217.000000 172.000000 0.603969 -0.196086
1255.000000 172.000000 0.657226 -0.200204
1258.000000 176.000000 0.661095 -0.196128
1263.000000 178.000000 0.668095 -0.194471
1023.000000 180.000000 0.368891 -0.172678
1265.000000 181.000000 0.670667 -0.191377
1233.000000 184.000000 0.624823 -0.184746
1265.000000 184.000000 0.670345 -0.188068
1264.000000 187.000000 0.668579 -0.184659
1216.000000 190.000000 0.600823 -0.176630
1106.000000 192.000000 0.461541 -0.165705
1115.000000 192.000000 0.472190 -0.166318
1157.000000 192.000000 0.523513 -0.169426
1263.000000 192.000000 0.666617 -0.179063
77.000000 193.000000 -0.581897 -0.172063
1108.000000 194.000000 0.463763 -0.163810
1113.000000 194.000000 0.469677 -0.164146
1260.000000 194.000000 0.662086 -0.176570
1264.000000 195.000000 0.667763 -0.175873
16.000000 202.000000 -0.665644 -0.167995
12.000000 203.000000 -0.671325 -0.167281
984.000000 203.000000 0.326562 -0.148355
1226.000000 203.000000 0.613328 -0.163628
943.000000 205.000000 0.284623 -0.144910
1223.000000 205.000000 0.609031 -0.161228
262.000000 208.000000 -0.361590 -0.144867
942.000000 208.000000 0.283518 -0.142009
1264.000000 208.000000 0.666517 -0.161661
1266.000000 209.000000 0.669320 -0.160754
946.000000 210.000000 0.287474 -0.140231
261.000000 213.000000 -0.362440 -0.140039
1274.000000 216.000000 0.680335 -0.153829
1268.000000 219.000000 0.671333 -0.150036
1147.000000 220.000000 0.509084 -0.139893
1275.000000 221.000000 0.681363 -0.148455
1133.000000 224.000000 0.491738 -0.134971
1263.000000 224.000000 0.663681 -0.144189
275.000000 226.000000 -0.347095 -0.126882
1266.000000 226.000000 0.667850 -0.142267
1268.000000 226.000000 0.670748 -0.142430
1260.000000 229.000000 0.658962 -0.138542
1080.000000 230.000000 0.429346 -0.126175
1042.000000 231.000000 0.387056 -0.123529
1261.000000 231.000000 0.660242 -0.136462
442.000000 232.000000 -0.181550 -0.116860
987.000000 233.000000 0.328575 -0.119581
1246.000000 233.000000 0.638741 -0.133173
1276.000000 237.000000 0.681538 -0.131117
1258.000000 240.000000 0.655268 -0.126549
1271.000000 240.000000 0.674020 -0.127493
1274.000000 241.000000 0.678318 -0.126629
1276.000000 241.000000 0.681240 -0.126776
1231.000000 243.000000 0.617123 -0.121487
1265.000000 243.000000 0.665112 -0.123821
1274.000000 246.000000 0.677960 -0.121217
1192.000000 247.000000 0.564529 -0.114884
514.000000 249.000000 -0.114364 -0.100273
861.000000 249.000000 0.203422 -0.101485
1030.000000 249.000000 0.373403 -0.105606
1275.000000 249.000000 0.679212 -0.118041
1028.000000 251.000000 0.371190 -0.103608
288.000000 260.000000 -0.332467 -0.093883
1272.000000 263.000000 0.673948 -0.102754
1257.000000 266.000000 0.652177 -0.098677
1273.000000 268.000000 0.675112 -0.097437
1276.000000 269.000000 0.679430 -0.096531
1257.000000 270.000000 0.651957 -0.094418
432.000000 271.000000 -0.190425 -0.080932
1031.000000 271.000000 0.373817 -0.084424
111.000000 272.000000 -0.532838 -0.088042
304.000000 272.000000 -0.315726 -0.082115
1259.000000 272.000000 0.654705 -0.092395
115.000000 276.000000 -0.527661 -0.083827
412.000000 277.000000 -0.209327 -0.075643
430.000000 283.000000 -0.192178 -0.069906
1232.000000 286.000000 0.616178 -0.076346
928.000000 288.000000 0.267712 -0.066267
1251.000000 288.000000 0.642580 -0.075044
1183.000000 292.000000 0.550827 -0.068310
805.000000 294.000000 0.150305 -0.059447
1268.000000 303.000000 0.666274 -0.059798
72.000000 304.000000 -0.582003 -0.056759
1276.000000 305.000000 0.677811 -0.057940
118.000000 306.000000 -0.522964 -0.053481
1270.000000 306.000000 0.669062 -0.056673
1257.000000 307.000000 0.650380 -0.055193
101.000000 309.000000 -0.544252 -0.050874
116.000000 312.000000 -0.525311 -0.047497
119.000000 313.000000 -0.521561 -0.046427
290.000000 324.000000 -0.329289 -0.033255
1033.000000 324.000000 0.374971 -0.033696
1065.000000 324.000000 0.409820 -0.034060
293.000000 327.000000 -0.326177 -0.030403
1270.000000 327.000000 0.668506 -0.034345
1098.000000 328.000000 0.446969 -0.030573
1263.000000 328.000000 0.658411 -0.033148
1162.000000 335.000000 0.523333 -0.024403
1040.000000 339.000000 0.382369 -0.019425
1194.000000 339.000000 0.563992 -0.020716
1197.000000 343.000000 0.567862 -0.016669
168.000000 345.000000 -0.462288 -0.014050
1098.000000 350.000000 0.446797 -0.009103
410.000000 351.000000 -0.210719 -0.007620
1025.000000 351.000000 0.366254 -0.007916
1105.000000 352.000000 0.454857 -0.007173
411.000000 353.000000 -0.209766 -0.005785
1108.000000 353.000000 0.458332 -0.006203
938.000000 355.000000 0.277080 -0.004010
1103.000000 356.000000 0.452537 -0.003258
946.000000 362.000000 0.285031 0.002501
946.000000 365.000000 0.285033 0.005294
1114.000000 370.000000 0.465336 0.010467
1188.000000 373.000000 0.556157 0.013850
1237.000000 373.000000 0.621571 0.014196
1180.000000 377.000000 0.545930 0.017842
1097.000000 378.000000 0.445695 0.018202
247.000000 380.000000 -0.374285 0.019706
1247.000000 383.000000 0.635593 0.024744
263.000000 389.000000 -0.357362 0.028153
52.000000 392.000000 -0.608275 0.033788
1146.000000 392.000000 0.503728 0.032506
51.000000 395.000000 -0.609692 0.036917
55.000000 395.000000 -0.604259 0.036839
1198.000000 397.000000 0.569453 0.038413
230.000000 401.000000 -0.392822 0.039957
1121.000000 412.000000 0.474093 0.051897
1179.000000 412.000000 0.545249 0.053252
1132.000000 415.000000 0.487247 0.055113
1034.000000 427.000000 0.376534 0.064660
1025.000000 429.000000 0.366944 0.066393
912.000000 445.000000 0.252203 0.079421
82.000000 446.000000 -0.569965 0.088564
155.000000 449.000000 -0.479131 0.088638
110.000000 461.000000 -0.534699 0.102623
111.000000 463.000000 -0.533535 0.104612
1036.000000 463.000000 0.379625 0.099364
1145.000000 466.000000 0.504775 0.106590
112.000000 467.000000 -0.532476 0.108639
1244.000000 469.000000 0.634704 0.115186
1110.000000 471.000000 0.463090 0.110000
1211.000000 474.000000 0.589749 0.118385
1199.000000 476.000000 0.573913 0.119735
1199.000000 478.000000 0.574036 0.121814
239.000000 480.000000 -0.385048 0.115958
258.000000 480.000000 -0.364610 0.115269
1226.000000 480.000000 0.610469 0.125653
255.000000 482.000000 -0.367884 0.117310
271.000000 482.000000 -0.350901 0.116749
305.000000 482.000000 -0.315587 0.115664
1206.000000 483.000000 0.583638 0.127473
258.000000 484.000000 -0.364752 0.119136
1200.000000 488.000000 0.576003 0.132296
927.000000 489.000000 0.267891 0.121007
1006.000000 490.000000 0.348549 0.124413
163.000000 496.000000 -0.471817 0.135271
998.000000 501.000000 0.340552 0.134736
921.000000 503.000000 0.262333 0.134090
925.000000 503.000000 0.266295 0.134205
917.000000 505.000000 0.258439 0.135871
927.000000 505.000000 0.268338 0.136162
1239.000000 505.000000 0.630357 0.153229
920.000000 506.000000 0.261431 0.136905
917.000000 507.000000 0.258496 0.137767
923.000000 508.000000 0.264459 0.138892
1157.000000 508.000000 0.522062 0.150079
917.000000 509.000000 0.258554 0.139664
1025.000000 509.000000 0.369536 0.143626
918.000000 512.000000 0.259631 0.142542
920.000000 513.000000 0.261639 0.143552
923.000000 513.000000 0.264611 0.143644
858.000000 526.000000 0.201704 0.154146
856.000000 527.000000 0.199815 0.155040
1273.000000 528.000000 0.681176 0.181420
1274.000000 530.000000 0.682846 0.183731
1274.000000 536.000000 0.683480 0.190368
1269.000000 538.000000 0.676390 0.192042
1269.000000 544.000000 0.677049 0.198686
1249.000000 545.000000 0.648335 0.197579
1267.000000 545.000000 0.674248 0.199571
59.000000 547.000000 -0.608151 0.196540
1251.000000 551.000000 0.651855 0.204400
1120.000000 555.000000 0.480257 0.195720
1225.000000 555.000000 0.615747 0.205876
1224.000000 557.000000 0.614587 0.207944
268.000000 560.000000 -0.357665 0.193091
237.000000 563.000000 -0.391521 0.198017
109.000000 564.000000 -0.543583 0.209643
1244.000000 572.000000 0.644376 0.226795
945.000000 577.000000 0.289249 0.206364
1243.000000 582.000000 0.644224 0.237797
1240.000000 583.000000 0.640100 0.238524
1240.000000 590.000000 0.641022 0.246343
1230.000000 592.000000 0.627201 0.247246
1233.000000 594.000000 0.631678 0.249879
732.000000 595.000000 0.084852 0.217037
732.000000 597.000000 0.084882 0.218954
1229.000000 598.000000 0.626606 0.253812
1225.000000 611.000000 0.622823 0.267840
1224.000000 613.000000 0.621713 0.269949
1214.000000 619.000000 0.608702 0.275267
1219.000000 622.000000 0.616059 0.279378
1016.000000 630.000000 0.367527 0.264490
1184.000000 644.000000 0.571640 0.299030
1138.000000 645.000000 0.512074 0.293649
1074.000000 646.000000 0.434580 0.286965
180.000000 648.000000 -0.464810 0.291890
1198.000000 659.000000 0.592875 0.318283
15.000000 661.000000 -0.686440 0.331500
1197.000000 663.000000 0.592161 0.322721
1193.000000 666.000000 0.587209 0.325522
1175.000000 668.000000 0.563346 0.324910
1195.000000 668.000000 0.590259 0.328159
1119.000000 670.000000 0.491715 0.318812
986.000000 671.000000 0.338526 0.304829
1190.000000 671.000000 0.583964 0.330796
1147.000000 674.000000 0.527669 0.327387
1120.000000 676.000000 0.493802 0.325667
1090.000000 678.000000 0.457385 0.323794
1049.000000 690.000000 0.410651 0.331892
18.000000 693.000000 -0.687781 0.369160
193.000000 695.000000 -0.455230 0.342095
1196.000000 704.000000 0.597936 0.370523
1167.000000 710.000000 0.559806 0.372360
1170.000000 710.000000 0.563806 0.372898
1106.000000 715.000000 0.482245 0.367938
