1181.000000 10.000000 0.578564 -0.373543
36.000000 23.000000 -0.662607 -0.369310
129.000000 24.000000 -0.535223 -0.351531
1272.000000 32.000000 0.703104 -0.364149
117.000000 37.000000 -0.548753 -0.338495
119.000000 39.000000 -0.545813 -0.335876
614.000000 40.000000 -0.024119 -0.298326
1223.000000 41.000000 0.630929 -0.344479
127.000000 42.000000 -0.534938 -0.331185
1237.000000 45.000000 0.650066 -0.342254
1243.000000 47.000000 0.658297 -0.340958
1203.000000 50.000000 0.601515 -0.330466
110.000000 51.000000 -0.555723 -0.323574
633.000000 51.000000 -0.006356 -0.287232
800.000000 52.000000 0.150629 -0.289066
1236.000000 52.000000 0.647402 -0.333821
105.000000 53.000000 -0.562013 -0.322076
1228.000000 53.000000 0.635873 -0.331253
982.000000 56.000000 0.333575 -0.295760
788.000000 59.000000 0.138916 -0.281616
62.000000 62.000000 -0.618957 -0.318684
1276.000000 62.000000 0.703662 -0.328963
323.000000 69.000000 -0.305583 -0.280120
1155.000000 70.000000 0.534398 -0.300192
323.000000 71.000000 -0.305439 -0.278058
741.000000 83.000000 0.093934 -0.256609
293.000000 84.000000 -0.336089 -0.266896
1037.000000 86.000000 0.391059 -0.269173
165.000000 98.000000 -0.479862 -0.264220
714.000000 99.000000 0.068523 -0.240553
40.000000 100.000000 -0.643865 -0.278543
38.000000 102.000000 -0.646406 -0.276564
1208.000000 103.000000 0.600140 -0.270821
1217.000000 103.000000 0.612531 -0.272104
1228.000000 104.000000 0.627717 -0.272569
106.000000 108.000000 -0.552880 -0.260435
1271.000000 108.000000 0.688891 -0.274396
57.000000 109.000000 -0.618707 -0.265898
1276.000000 109.000000 0.696095 -0.273993
98.000000 110.000000 -0.563111 -0.259262
1223.000000 112.000000 0.619584 -0.262843
1232.000000 112.000000 0.632185 -0.264114
84.000000 114.000000 -0.581195 -0.256668
82.000000 115.000000 -0.583748 -0.255825
1228.000000 115.000000 0.626146 -0.260175
1231.000000 116.000000 0.630214 -0.259471
210.000000 117.000000 -0.424915 -0.239654
1259.000000 117.000000 0.670057 -0.262323
272.000000 118.000000 -0.356054 -0.233684
1258.000000 119.000000 0.668321 -0.259904
1220.000000 120.000000 0.614316 -0.253483
112.000000 121.000000 -0.543505 -0.245534
209.000000 121.000000 -0.425707 -0.235590
115.000000 122.000000 -0.539526 -0.244100
1252.000000 123.000000 0.659094 -0.254520
1274.000000 123.000000 0.691106 -0.257627
36.000000 129.000000 -0.645427 -0.246353
1255.000000 129.000000 0.662585 -0.248157
1190.000000 130.000000 0.572311 -0.238619
1244.000000 132.000000 0.646415 -0.243296
1258.000000 132.000000 0.666509 -0.245181
36.000000 133.000000 -0.644895 -0.241875
1237.000000 133.000000 0.636358 -0.241252
1242.000000 133.000000 0.643438 -0.241911
1240.000000 135.000000 0.640338 -0.239413
1257.000000 137.000000 0.664392 -0.239415
1263.000000 137.000000 0.673086 -0.240213
1232.000000 138.000000 0.628677 -0.235042
89.000000 142.000000 -0.571122 -0.225459
987.000000 143.000000 0.332652 -0.207319
1221.000000 143.000000 0.612746 -0.228147
355.000000 145.000000 -0.268485 -0.202082
1221.000000 145.000000 0.612503 -0.225949
1257.000000 145.000000 0.663348 -0.230439
1231.000000 147.000000 0.626155 -0.224961
112.000000 148.000000 -0.540514 -0.216518
114.000000 148.000000 -0.537954 -0.216312
1227.000000 148.000000 0.620456 -0.223374
1234.000000 148.000000 0.630235 -0.224223
1249.000000 149.000000 0.651354 -0.224965
1136.000000 158.000000 0.500296 -0.203051
1247.000000 158.000000 0.647406 -0.214739
376.000000 159.000000 -0.247042 -0.187625
1237.000000 161.000000 0.632906 -0.210263
1239.000000 161.000000 0.635721 -0.210494
8.000000 165.000000 -0.681170 -0.209652
1154.000000 166.000000 0.521956 -0.196305
1216.000000 166.000000 0.603238 -0.202472
143.000000 167.000000 -0.499861 -0.193592
131.000000 170.000000 -0.514423 -0.191502
1139.000000 172.000000 0.502767 -0.188724
1183.000000 172.000000 0.558544 -0.192684
328.000000 177.000000 -0.294319 -0.172134
1263.000000 178.000000 0.668095 -0.194471
325.000000 179.000000 -0.297283 -0.170322
1137.000000 179.000000 0.499733 -0.181303
1261.000000 186.000000 0.664346 -0.185444
1263.000000 186.000000 0.667236 -0.185654
7.000000 189.000000 -0.679974 -0.183151
1257.000000 189.000000 0.658276 -0.181740
1263.000000 189.000000 0.666924 -0.182356
4.000000 190.000000 -0.684250 -0.182358
8.000000 191.000000 -0.678312 -0.180844
1255.000000 191.000000 0.655205 -0.179349
82.000000 193.000000 -0.575261 -0.171624
903.000000 198.000000 0.245150 -0.150305
1067.000000 198.000000 0.416323 -0.157264
991.000000 201.000000 0.333932 -0.150582
113.000000 202.000000 -0.534408 -0.159674
48.000000 209.000000 -0.619845 -0.157548
44.000000 210.000000 -0.625301 -0.156819
305.000000 210.000000 -0.316504 -0.141191
1148.000000 212.000000 0.510840 -0.148143
1150.000000 212.000000 0.513316 -0.148277
1152.000000 212.000000 0.515799 -0.148413
1154.000000 212.000000 0.518288 -0.148549
412.000000 214.000000 -0.210427 -0.134246
412.000000 217.000000 -0.210360 -0.131433
305.000000 219.000000 -0.316182 -0.132545
65.000000 220.000000 -0.595754 -0.144491
1028.000000 221.000000 0.372306 -0.132699
1061.000000 221.000000 0.408419 -0.134168
989.000000 225.000000 0.330922 -0.127329
992.000000 227.000000 0.333972 -0.125511
1187.000000 230.000000 0.559068 -0.132184
1186.000000 232.000000 0.557639 -0.130045
1183.000000 233.000000 0.553691 -0.128818
1187.000000 234.000000 0.558808 -0.128037
1223.000000 234.000000 0.606758 -0.130448
488.000000 245.000000 -0.138387 -0.104207
881.000000 246.000000 0.222627 -0.104626
1257.000000 252.000000 0.653021 -0.113620
1267.000000 261.000000 0.666821 -0.104603
1121.000000 262.000000 0.475491 -0.096206
909.000000 266.000000 0.249411 -0.086485
305.000000 267.000000 -0.314814 -0.086825
1073.000000 268.000000 0.419955 -0.088561
227.000000 278.000000 -0.396892 -0.078213
148.000000 281.000000 -0.487113 -0.077616
150.000000 281.000000 -0.484721 -0.077550
348.000000 283.000000 -0.271322 -0.070971
460.000000 284.000000 -0.164012 -0.068698
153.000000 286.000000 -0.480988 -0.072484
1074.000000 288.000000 0.420505 -0.069098
1152.000000 289.000000 0.511963 -0.070326
1274.000000 291.000000 0.675431 -0.072830
1185.000000 298.000000 0.553204 -0.062264
1268.000000 303.000000 0.666274 -0.059798
974.000000 305.000000 0.313586 -0.050984
103.000000 306.000000 -0.541789 -0.053861
1158.000000 306.000000 0.518891 -0.053427
1221.000000 310.000000 0.600344 -0.050994
155.000000 317.000000 -0.477871 -0.041745
976.000000 317.000000 0.315484 -0.039723
971.000000 318.000000 0.310383 -0.038733
152.000000 320.000000 -0.481378 -0.038832
1228.000000 320.000000 0.609608 -0.040800
154.000000 322.000000 -0.478973 -0.036824
1150.000000 322.000000 0.508702 -0.037241
333.000000 335.000000 -0.285662 -0.022644
366.000000 335.000000 -0.253135 -0.022481
363.000000 336.000000 -0.256059 -0.021569
1238.000000 337.000000 0.623054 -0.023296
1174.000000 338.000000 0.538354 -0.021518
336.000000 339.000000 -0.282656 -0.018904
153.000000 340.000000 -0.479946 -0.019071
1077.000000 342.000000 0.423022 -0.016772
1075.000000 343.000000 0.420777 -0.015793
1080.000000 343.000000 0.426384 -0.015822
1136.000000 348.000000 0.491430 -0.011233
1199.000000 352.000000 0.570420 -0.007502
1228.000000 353.000000 0.609178 -0.006588
1234.000000 354.000000 0.617395 -0.005572
139.000000 356.000000 -0.496612 -0.003314
207.000000 356.000000 -0.417859 -0.003215
1082.000000 356.000000 0.428588 -0.003229
1234.000000 360.000000 0.617385 0.000663
289.000000 363.000000 -0.330158 0.003465
1172.000000 365.000000 0.535721 0.005692
457.000000 366.000000 -0.166477 0.006096
1065.000000 370.000000 0.409623 0.010283
679.000000 374.000000 0.035263 0.013240
975.000000 375.000000 0.314272 0.014708
680.000000 377.000000 0.036166 0.015944
1153.000000 379.000000 0.512146 0.019621
991.000000 383.000000 0.330714 0.022306
144.000000 384.000000 -0.490719 0.024414
1271.000000 389.000000 0.669881 0.031448
1273.000000 389.000000 0.672780 0.031483
1224.000000 390.000000 0.603975 0.031683
1218.000000 393.000000 0.595918 0.034679
1137.000000 394.000000 0.492854 0.034365
1182.000000 395.000000 0.548716 0.036086
1224.000000 395.000000 0.604065 0.036859
386.000000 396.000000 -0.233805 0.033803
306.000000 402.000000 -0.312976 0.040028
87.000000 403.000000 -0.562039 0.044392
88.000000 405.000000 -0.560789 0.046407
1184.000000 409.000000 0.551571 0.050332
1147.000000 417.000000 0.505443 0.057470
1215.000000 428.000000 0.592849 0.070761
1259.000000 440.000000 0.654313 0.085215
1072.000000 442.000000 0.418548 0.080079
148.000000 447.000000 -0.487408 0.086902
1079.000000 450.000000 0.426654 0.088101
118.000000 458.000000 -0.524526 0.099199
194.000000 462.000000 -0.434323 0.100050
846.000000 466.000000 0.189118 0.097894
147.000000 475.000000 -0.489810 0.114990
1077.000000 479.000000 0.425480 0.116489
363.000000 480.000000 -0.257384 0.112239
629.000000 481.000000 -0.009808 0.110122
1181.000000 481.000000 0.550763 0.123821
1111.000000 482.000000 0.464777 0.121018
1065.000000 485.000000 0.412268 0.121878
1181.000000 485.000000 0.551008 0.127950
1152.000000 486.000000 0.514443 0.127235
1245.000000 489.000000 0.637500 0.136571
1140.000000 492.000000 0.500037 0.132641
313.000000 494.000000 -0.307785 0.126870
1259.000000 495.000000 0.657862 0.144116
1261.000000 496.000000 0.660816 0.145360
1259.000000 497.000000 0.658026 0.146278
299.000000 498.000000 -0.322270 0.131167
1233.000000 503.000000 0.621833 0.150591
1235.000000 503.000000 0.624611 0.150755
1047.000000 505.000000 0.393251 0.140717
201.000000 508.000000 -0.428462 0.145203
46.000000 510.000000 -0.622548 0.157982
1098.000000 513.000000 0.451264 0.151371
1022.000000 514.000000 0.366541 0.148377
1038.000000 515.000000 0.383887 0.150116
1095.000000 515.000000 0.447900 0.153202
338.000000 516.000000 -0.283228 0.147068
965.000000 518.000000 0.307054 0.149871
967.000000 518.000000 0.309100 0.149947
1021.000000 518.000000 0.365654 0.152244
1027.000000 520.000000 0.372204 0.154491
963.000000 521.000000 0.305125 0.152684
970.000000 521.000000 0.312293 0.152957
1195.000000 522.000000 0.571981 0.167588
966.000000 523.000000 0.308270 0.154730
1067.000000 523.000000 0.416408 0.159572
1192.000000 523.000000 0.568112 0.168389
960.000000 524.000000 0.302179 0.155460
971.000000 524.000000 0.313440 0.155895
967.000000 526.000000 0.309414 0.157667
969.000000 526.000000 0.311466 0.157748
959.000000 528.000000 0.301317 0.159279
963.000000 528.000000 0.305400 0.159438
948.000000 531.000000 0.290266 0.161741
104.000000 541.000000 -0.547827 0.185784
273.000000 561.000000 -0.352385 0.193794
321.000000 569.000000 -0.302676 0.199116
1156.000000 569.000000 0.525944 0.213645
1257.000000 569.000000 0.662606 0.225072
1256.000000 571.000000 0.661416 0.227180
71.000000 573.000000 -0.594672 0.223431
143.000000 573.000000 -0.501705 0.215829
1254.000000 575.000000 0.659044 0.231395
144.000000 577.000000 -0.500858 0.219941
300.000000 578.000000 -0.324884 0.209124
299.000000 582.000000 -0.326159 0.213158
12.000000 583.000000 -0.678862 0.241899
286.000000 588.000000 -0.340207 0.219940
986.000000 591.000000 0.332478 0.222551
1268.000000 592.000000 0.681611 0.252423
1274.000000 595.000000 0.690826 0.256680
132.000000 597.000000 -0.517855 0.242432
1265.000000 597.000000 0.677933 0.257688
1271.000000 597.000000 0.686705 0.258538
1103.000000 604.000000 0.464379 0.245328
777.000000 608.000000 0.127060 0.230413
1261.000000 609.000000 0.673846 0.270802
777.000000 612.000000 0.127154 0.234293
1070.000000 613.000000 0.426582 0.251581
101.000000 616.000000 -0.559979 0.266819
108.000000 617.000000 -0.550952 0.267010
1089.000000 619.000000 0.449302 0.259769
1256.000000 619.000000 0.668096 0.281513
473.000000 622.000000 -0.155440 0.244821
1257.000000 623.000000 0.670157 0.286267
1147.000000 628.000000 0.521241 0.276129
1256.000000 629.000000 0.669645 0.293032
1250.000000 634.000000 0.661774 0.297860
1093.000000 639.000000 0.456203 0.281562
20.000000 641.000000 -0.675836 0.307197
1216.000000 656.000000 0.617194 0.317766
1110.000000 658.000000 0.479021 0.304306
467.000000 659.000000 -0.162430 0.281739
1220.000000 659.000000 0.623276 0.321905
217.000000 660.000000 -0.422606 0.300611
1110.000000 660.000000 0.479280 0.306509
1036.000000 665.000000 0.393024 0.303275
1232.000000 666.000000 0.641377 0.332116
1229.000000 671.000000 0.637998 0.337463
45.000000 672.000000 -0.645245 0.339265
1227.000000 674.000000 0.635698 0.340640
1152.000000 681.000000 0.535211 0.336136
1222.000000 681.000000 0.629893 0.348003
1024.000000 683.000000 0.381442 0.321404
1152.000000 683.000000 0.535527 0.338425
1204.000000 683.000000 0.605164 0.347161
1024.000000 685.000000 0.381658 0.323573
117.000000 689.000000 -0.549772 0.346767
47.000000 695.000000 -0.646556 0.366196
48.000000 703.000000 -0.646633 0.375604
1118.000000 703.000000 0.495329 0.356005
232.000000 707.000000 -0.410862 0.350377
1165.000000 707.000000 0.556614 0.368470
230.000000 708.000000 -0.413304 0.351748
1191.000000 712.000000 0.592568 0.379128
