1018.000000 3.000000 0.378505 -0.356702
1220.000000 3.000000 0.633809 -0.389356
1140.000000 7.000000 0.524893 -0.369814
1218.000000 7.000000 0.630216 -0.384127
1215.000000 8.000000 0.625809 -0.382342
1223.000000 16.000000 0.635538 -0.374242
1218.000000 17.000000 0.628305 -0.372095
1132.000000 21.000000 0.512330 -0.352255
1226.000000 21.000000 0.638834 -0.368809
1151.000000 23.000000 0.536460 -0.353039
1224.000000 24.000000 0.635444 -0.364844
1223.000000 28.000000 0.633290 -0.359886
1189.000000 30.000000 0.585820 -0.351383
1158.000000 35.000000 0.543624 -0.340330
1215.000000 36.000000 0.620600 -0.348946
179.000000 40.000000 -0.470049 -0.325872
526.000000 40.000000 -0.106806 -0.299716
1220.000000 40.000000 0.626889 -0.345123
1218.000000 41.000000 0.623906 -0.343589
188.000000 45.000000 -0.458517 -0.319130
1221.000000 45.000000 0.627407 -0.339416
185.000000 47.000000 -0.461864 -0.317307
542.000000 47.000000 -0.091520 -0.292273
1163.000000 47.000000 0.548253 -0.327372
1219.000000 48.000000 0.624076 -0.335546
171.000000 51.000000 -0.478319 -0.314720
173.000000 53.000000 -0.475613 -0.312241
1188.000000 53.000000 0.580568 -0.324506
168.000000 55.000000 -0.481458 -0.310688
189.000000 56.000000 -0.455927 -0.306899
1219.000000 56.000000 0.622699 -0.326204
1151.000000 57.000000 0.531125 -0.314197
1182.000000 57.000000 0.571854 -0.318952
1174.000000 59.000000 0.560881 -0.315416
1172.000000 60.000000 0.558079 -0.313970
128.000000 62.000000 -0.530655 -0.308425
1223.000000 62.000000 0.627293 -0.319902
1225.000000 62.000000 0.630104 -0.320238
557.000000 64.000000 -0.077108 -0.275003
1226.000000 64.000000 0.631176 -0.318082
1222.000000 70.000000 0.624566 -0.310475
1218.000000 74.000000 0.618329 -0.305223
1219.000000 76.000000 0.619404 -0.303086
1008.000000 84.000000 0.359263 -0.268716
1004.000000 91.000000 0.354354 -0.261143
310.000000 92.000000 -0.317544 -0.257457
548.000000 92.000000 -0.085038 -0.247610
306.000000 93.000000 -0.321673 -0.256716
316.000000 93.000000 -0.311204 -0.256029
1228.000000 93.000000 0.629356 -0.285053
548.000000 94.000000 -0.085004 -0.245660
106.000000 96.000000 -0.554442 -0.273642
552.000000 96.000000 -0.081249 -0.243648
1226.000000 96.000000 0.626096 -0.281339
104.000000 97.000000 -0.556928 -0.272804
1228.000000 97.000000 0.628752 -0.280503
106.000000 98.000000 -0.554176 -0.271434
1217.000000 98.000000 0.613257 -0.277740
165.000000 99.000000 -0.479750 -0.263147
289.000000 99.000000 -0.339228 -0.251806
457.000000 99.000000 -0.170652 -0.243048
1226.000000 101.000000 0.625354 -0.275670
1223.000000 102.000000 0.621014 -0.274100
1229.000000 102.000000 0.629414 -0.274979
1154.000000 103.000000 0.528724 -0.263644
122.000000 104.000000 -0.532716 -0.262803
1226.000000 104.000000 0.624915 -0.272278
1173.000000 105.000000 0.553023 -0.263861
163.000000 106.000000 -0.481405 -0.255877
1219.000000 106.000000 0.614873 -0.269016
1228.000000 107.000000 0.627282 -0.269180
149.000000 108.000000 -0.498320 -0.255285
1178.000000 108.000000 0.559194 -0.261210
1206.000000 108.000000 0.596708 -0.264953
1225.000000 108.000000 0.622939 -0.267622
1219.000000 109.000000 0.614448 -0.265647
1229.000000 109.000000 0.628397 -0.267068
1187.000000 110.000000 0.570840 -0.260178
1203.000000 110.000000 0.592350 -0.262315
1189.000000 111.000000 0.573373 -0.259337
1232.000000 111.000000 0.632328 -0.265242
1169.000000 112.000000 0.546922 -0.255687
267.000000 113.000000 -0.361812 -0.239134
1221.000000 114.000000 0.616524 -0.260323
1231.000000 114.000000 0.630495 -0.261720
176.000000 116.000000 -0.464728 -0.243907
179.000000 117.000000 -0.461060 -0.242556
1224.000000 117.000000 0.620282 -0.257379
177.000000 119.000000 -0.463240 -0.240647
1223.000000 119.000000 0.618616 -0.255006
1226.000000 119.000000 0.622796 -0.255416
195.000000 121.000000 -0.441874 -0.236844
730.000000 121.000000 0.083049 -0.219550
1220.000000 121.000000 0.614182 -0.252369
1227.000000 121.000000 0.623920 -0.253315
1230.000000 122.000000 0.627982 -0.252605
103.000000 123.000000 -0.554943 -0.244432
1185.000000 125.000000 0.566289 -0.243467
1225.000000 126.000000 0.620458 -0.247468
1198.000000 127.000000 0.583376 -0.242884
1211.000000 127.000000 0.601006 -0.244531
1180.000000 130.000000 0.559103 -0.237426
1166.000000 132.000000 0.540678 -0.233654
1183.000000 132.000000 0.562811 -0.235608
1225.000000 132.000000 0.619672 -0.240800
1229.000000 132.000000 0.625250 -0.241319
1205.000000 133.000000 0.592081 -0.237169
1227.000000 133.000000 0.622328 -0.239949
1199.000000 134.000000 0.583860 -0.235340
1177.000000 135.000000 0.554597 -0.231665
1195.000000 138.000000 0.578021 -0.230499
177.000000 140.000000 -0.461280 -0.218688
952.000000 140.000000 0.296515 -0.208366
1197.000000 140.000000 0.580461 -0.228558
1180.000000 142.000000 0.557729 -0.224451
1216.000000 142.000000 0.605983 -0.228638
1174.000000 143.000000 0.549800 -0.222715
1178.000000 143.000000 0.555005 -0.223153
860.000000 144.000000 0.205061 -0.200585
1171.000000 144.000000 0.545807 -0.221318
1220.000000 144.000000 0.611244 -0.226927
1192.000000 145.000000 0.573215 -0.222557
1230.000000 146.000000 0.624880 -0.225942
1156.000000 148.000000 0.526207 -0.215491
1234.000000 149.000000 0.630113 -0.223119
1086.000000 152.000000 0.441120 -0.205025
1173.000000 154.000000 0.547341 -0.210840
1170.000000 155.000000 0.543369 -0.209469
1180.000000 155.000000 0.556329 -0.210496
1177.000000 156.000000 0.552319 -0.209118
1182.000000 156.000000 0.558837 -0.209635
1200.000000 156.000000 0.582669 -0.211554
1233.000000 157.000000 0.627759 -0.214193
1186.000000 159.000000 0.563770 -0.206840
195.000000 160.000000 -0.438624 -0.196626
1174.000000 161.000000 0.547927 -0.203490
24.000000 163.000000 -0.658273 -0.210001
1239.000000 164.000000 0.635377 -0.207198
1129.000000 165.000000 0.491116 -0.195148
373.000000 167.000000 -0.249703 -0.180025
1240.000000 167.000000 0.636447 -0.204020
373.000000 169.000000 -0.249631 -0.178100
1233.000000 169.000000 0.626402 -0.201055
1204.000000 170.000000 0.586557 -0.196899
1086.000000 171.000000 0.439689 -0.185632
1202.000000 175.000000 0.583371 -0.191336
77.000000 177.000000 -0.583382 -0.189095
1205.000000 177.000000 0.587197 -0.189491
1203.000000 178.000000 0.584416 -0.188225
1250.000000 178.000000 0.649415 -0.193058
1197.000000 179.000000 0.576313 -0.186579
1199.000000 180.000000 0.578879 -0.185704
1238.000000 180.000000 0.632227 -0.189602
178.000000 187.000000 -0.456431 -0.170384
1238.000000 187.000000 0.631511 -0.181996
1023.000000 188.000000 0.368467 -0.164785
179.000000 189.000000 -0.455127 -0.168290
1239.000000 190.000000 0.632616 -0.178843
112.000000 193.000000 -0.536378 -0.169109
1103.000000 193.000000 0.457950 -0.164491
1204.000000 193.000000 0.584353 -0.172332
115.000000 194.000000 -0.532496 -0.167829
112.000000 195.000000 -0.536218 -0.167026
1240.000000 195.000000 0.633535 -0.173525
229.000000 196.000000 -0.397973 -0.158272
1237.000000 196.000000 0.629235 -0.172159
1236.000000 198.000000 0.627649 -0.169907
1239.000000 199.000000 0.631753 -0.169108
1235.000000 200.000000 0.626069 -0.167659
1235.000000 202.000000 0.625886 -0.165507
1238.000000 202.000000 0.630076 -0.165780
1194.000000 203.000000 0.570218 -0.160905
1193.000000 205.000000 0.568740 -0.158721
1195.000000 205.000000 0.571374 -0.158883
1017.000000 209.000000 0.361031 -0.143922
1236.000000 209.000000 0.626658 -0.158074
953.000000 211.000000 0.294505 -0.139510
1201.000000 211.000000 0.578839 -0.153049
954.000000 213.000000 0.295450 -0.137631
82.000000 214.000000 -0.573547 -0.149511
1240.000000 215.000000 0.631736 -0.151978
1131.000000 216.000000 0.489802 -0.142966
1249.000000 224.000000 0.643674 -0.143053
516.000000 227.000000 -0.112739 -0.120479
1242.000000 230.000000 0.633343 -0.136080
1074.000000 233.000000 0.422424 -0.122937
1001.000000 234.000000 0.343133 -0.119089
1228.000000 239.000000 0.613262 -0.125513
1250.000000 239.000000 0.643953 -0.127048
1252.000000 240.000000 0.646718 -0.126120
1232.000000 242.000000 0.618570 -0.122611
1245.000000 242.000000 0.636688 -0.123494
1248.000000 243.000000 0.640846 -0.122634
1207.000000 244.000000 0.584503 -0.118898
1239.000000 244.000000 0.628151 -0.120960
1247.000000 246.000000 0.639232 -0.119368
1250.000000 246.000000 0.643468 -0.119569
1172.000000 247.000000 0.538773 -0.113760
1260.000000 247.000000 0.657643 -0.119174
1253.000000 248.000000 0.647588 -0.117634
1028.000000 249.000000 0.371256 -0.105539
1248.000000 249.000000 0.640444 -0.116238
1262.000000 249.000000 0.660379 -0.117163
1049.000000 250.000000 0.393979 -0.105289
1254.000000 251.000000 0.648812 -0.114495
1261.000000 251.000000 0.658810 -0.114951
1264.000000 254.000000 0.662928 -0.111927
131.000000 255.000000 -0.508750 -0.104365
1255.000000 257.000000 0.649856 -0.108154
211.000000 260.000000 -0.415105 -0.096183
1204.000000 260.000000 0.579597 -0.102087
34.000000 262.000000 -0.635538 -0.102183
215.000000 263.000000 -0.410557 -0.093124
1244.000000 263.000000 0.633969 -0.101131
1213.000000 264.000000 0.591393 -0.098403
1253.000000 264.000000 0.646601 -0.100580
1232.000000 265.000000 0.617181 -0.098361
1260.000000 265.000000 0.656519 -0.099913
1028.000000 267.000000 0.370709 -0.088190
1246.000000 268.000000 0.636499 -0.095949
1249.000000 268.000000 0.640722 -0.096111
53.000000 269.000000 -0.608916 -0.093799
1256.000000 269.000000 0.650586 -0.095428
1250.000000 271.000000 0.641973 -0.092984
1263.000000 271.000000 0.660489 -0.093674
18.000000 273.000000 -0.657568 -0.091373
505.000000 273.000000 -0.122441 -0.078389
1263.000000 273.000000 0.660383 -0.091539
1255.000000 275.000000 0.648850 -0.088998
1263.000000 275.000000 0.660279 -0.089405
902.000000 276.000000 0.242430 -0.077059
1263.000000 279.000000 0.660079 -0.085141
1254.000000 280.000000 0.647185 -0.083644
169.000000 281.000000 -0.462296 -0.076943
221.000000 281.000000 -0.403399 -0.075467
1261.000000 281.000000 0.657115 -0.082915
1263.000000 281.000000 0.659982 -0.083010
939.000000 282.000000 0.278702 -0.072043
1208.000000 282.000000 0.583872 -0.079505
1224.000000 284.000000 0.605316 -0.078098
1264.000000 284.000000 0.661278 -0.079861
553.000000 285.000000 -0.078514 -0.067194
198.000000 286.000000 -0.428893 -0.071208
1257.000000 286.000000 0.651174 -0.077420
1163.000000 287.000000 0.525670 -0.072703
1250.000000 288.000000 0.641168 -0.075001
92.000000 290.000000 -0.556334 -0.070454
217.000000 290.000000 -0.407588 -0.066851
1249.000000 291.000000 0.639635 -0.071794
92.000000 292.000000 -0.556265 -0.068414
1267.000000 292.000000 0.665248 -0.071470
1253.000000 293.000000 0.645202 -0.069843
213.000000 294.000000 -0.411925 -0.063068
1255.000000 294.000000 0.647998 -0.068865
216.000000 295.000000 -0.408581 -0.062034
218.000000 295.000000 -0.406373 -0.061991
1255.000000 296.000000 0.647921 -0.066750
46.000000 297.000000 -0.617290 -0.064852
1250.000000 297.000000 0.640811 -0.065506
1263.000000 298.000000 0.659259 -0.064932
1259.000000 301.000000 0.653429 -0.061606
1261.000000 302.000000 0.656251 -0.060617
204.000000 304.000000 -0.421742 -0.053559
20.000000 306.000000 -0.653331 -0.056277
408.000000 306.000000 -0.212839 -0.048954
1240.000000 307.000000 0.626479 -0.054666
382.000000 309.000000 -0.237775 -0.046410
1263.000000 309.000000 0.658885 -0.053263
1272.000000 309.000000 0.671864 -0.053542
19.000000 310.000000 -0.654631 -0.052079
1030.000000 315.000000 0.371867 -0.042253
74.000000 316.000000 -0.579046 -0.044384
1033.000000 316.000000 0.375066 -0.041338
1161.000000 317.000000 0.522371 -0.042449
29.000000 319.000000 -0.640247 -0.042328
1243.000000 319.000000 0.630331 -0.042187
1272.000000 319.000000 0.671582 -0.042895
1237.000000 320.000000 0.621975 -0.041003
1239.000000 322.000000 0.624700 -0.038960
1249.000000 322.000000 0.638664 -0.039180
1254.000000 322.000000 0.645718 -0.039292
265.000000 324.000000 -0.355314 -0.033493
1240.000000 324.000000 0.626046 -0.036893
1250.000000 324.000000 0.640027 -0.037101
1266.000000 324.000000 0.662799 -0.037444
339.000000 325.000000 -0.279757 -0.031919
1175.000000 326.000000 0.539780 -0.033640
1267.000000 326.000000 0.664197 -0.035345
1260.000000 328.000000 0.654121 -0.033090
342.000000 331.000000 -0.276742 -0.026316
1176.000000 332.000000 0.540959 -0.027596
489.000000 333.000000 -0.136862 -0.023873
682.000000 341.000000 0.037970 -0.016489
943.000000 341.000000 0.282080 -0.017045
1091.000000 342.000000 0.438837 -0.016862
208.000000 344.000000 -0.416786 -0.014800
938.000000 344.000000 0.277104 -0.014235
940.000000 344.000000 0.279088 -0.014242
179.000000 345.000000 -0.449565 -0.013988
206.000000 350.000000 -0.418987 -0.009013
1268.000000 350.000000 0.665318 -0.009927
1251.000000 353.000000 0.641071 -0.006679
1267.000000 356.000000 0.663852 -0.003569
1257.000000 357.000000 0.649548 -0.002493
1260.000000 361.000000 0.653817 0.001720
1263.000000 362.000000 0.658105 0.002778
354.000000 364.000000 -0.264824 0.004344
1256.000000 364.000000 0.648131 0.004873
1253.000000 365.000000 0.643887 0.005916
152.000000 367.000000 -0.481062 0.007558
153.000000 370.000000 -0.479887 0.010513
1189.000000 374.000000 0.557454 0.014872
1130.000000 375.000000 0.484263 0.015475
1267.000000 375.000000 0.663917 0.016546
1265.000000 377.000000 0.661061 0.018643
1271.000000 379.000000 0.669733 0.020829
1263.000000 382.000000 0.658251 0.023906
1266.000000 382.000000 0.662557 0.023947
1269.000000 382.000000 0.666880 0.023987
1269.000000 386.000000 0.666938 0.028229
1159.000000 392.000000 0.519705 0.032694
1027.000000 402.000000 0.368633 0.040642
1266.000000 403.000000 0.662972 0.046198
209.000000 406.000000 -0.415997 0.045078
1255.000000 410.000000 0.647455 0.053295
1272.000000 412.000000 0.671901 0.055940
1266.000000 415.000000 0.663330 0.058936
1266.000000 419.000000 0.663468 0.063187
49.000000 421.000000 -0.613119 0.063989
35.000000 423.000000 -0.632523 0.066575
208.000000 428.000000 -0.417542 0.066420
211.000000 430.000000 -0.414249 0.068290
207.000000 431.000000 -0.418730 0.069358
227.000000 433.000000 -0.396680 0.070813
208.000000 434.000000 -0.417689 0.072248
55.000000 435.000000 -0.605475 0.078340
1032.000000 435.000000 0.374558 0.072291
1268.000000 435.000000 0.667005 0.080311
226.000000 436.000000 -0.397847 0.073735
1129.000000 440.000000 0.484370 0.079882
1269.000000 441.000000 0.668736 0.086769
1274.000000 441.000000 0.675993 0.087017
1267.000000 443.000000 0.665946 0.088807
1273.000000 443.000000 0.674639 0.089111
1218.000000 445.000000 0.597597 0.088530
345.000000 446.000000 -0.274452 0.080716
391.000000 446.000000 -0.229503 0.079976
1269.000000 449.000000 0.669151 0.095331
1272.000000 450.000000 0.673557 0.096568
1201.000000 455.000000 0.575390 0.098081
1275.000000 455.000000 0.678208 0.102113
1184.000000 456.000000 0.553272 0.098279
1271.000000 457.000000 0.672505 0.104029
1260.000000 458.000000 0.656705 0.104450
1263.000000 459.000000 0.661068 0.105697
257.000000 460.000000 -0.365033 0.096025
1273.000000 460.000000 0.675594 0.107377
363.000000 461.000000 -0.256980 0.094421
1178.000000 461.000000 0.545814 0.103108
1270.000000 461.000000 0.671296 0.108268
1267.000000 462.000000 0.667015 0.109157
56.000000 465.000000 -0.605609 0.109622
382.000000 465.000000 -0.238519 0.097798
936.000000 466.000000 0.276270 0.099540
982.000000 466.000000 0.322804 0.100664
57.000000 468.000000 -0.604427 0.112709
932.000000 468.000000 0.272340 0.101332
934.000000 468.000000 0.274326 0.101377
930.000000 469.000000 0.270379 0.102228
936.000000 470.000000 0.276360 0.103305
934.000000 472.000000 0.274417 0.105143
928.000000 473.000000 0.268488 0.105945
935.000000 475.000000 0.275483 0.107994
929.000000 476.000000 0.269549 0.108793
931.000000 476.000000 0.271532 0.108841
933.000000 476.000000 0.273518 0.108889
1139.000000 477.000000 0.497997 0.117399
917.000000 479.000000 0.257770 0.111335
403.000000 485.000000 -0.218630 0.116060
166.000000 491.000000 -0.468005 0.130088
1250.000000 494.000000 0.644949 0.142318
1246.000000 501.000000 0.639858 0.149517
1243.000000 504.000000 0.635883 0.152491
1058.000000 505.000000 0.405397 0.141245
1246.000000 505.000000 0.640194 0.153820
1242.000000 506.000000 0.634646 0.154555
38.000000 509.000000 -0.633601 0.157595
1224.000000 511.000000 0.610083 0.158380
366.000000 512.000000 -0.255271 0.142376
1215.000000 512.000000 0.597895 0.158687
1242.000000 512.000000 0.635167 0.161011
38.000000 513.000000 -0.633950 0.161896
41.000000 513.000000 -0.629757 0.161632
53.000000 517.000000 -0.613500 0.164865
1226.000000 517.000000 0.613351 0.164963
1106.000000 518.000000 0.460919 0.156899
1225.000000 519.000000 0.612153 0.167014
48.000000 520.000000 -0.620659 0.168526
1110.000000 520.000000 0.465758 0.159178
1201.000000 521.000000 0.579851 0.167042
1208.000000 521.000000 0.589215 0.167646
202.000000 524.000000 -0.428229 0.161109
1200.000000 526.000000 0.578954 0.172250
1228.000000 531.000000 0.617410 0.180185
75.000000 533.000000 -0.585135 0.179953
953.000000 533.000000 0.295411 0.163867
60.000000 537.000000 -0.605775 0.185658
1219.000000 537.000000 0.605616 0.185767
839.000000 541.000000 0.183952 0.167849
677.000000 543.000000 0.033858 0.167405
1220.000000 543.000000 0.607588 0.192333
767.000000 545.000000 0.116508 0.170173
1219.000000 545.000000 0.606422 0.194390
1215.000000 550.000000 0.601476 0.199376
1215.000000 553.000000 0.601794 0.202620
1208.000000 554.000000 0.592393 0.202957
1206.000000 557.000000 0.590011 0.205982
501.000000 558.000000 -0.127555 0.182597
1206.000000 559.000000 0.590226 0.208142
159.000000 560.000000 -0.481058 0.200824
1045.000000 560.000000 0.394155 0.195247
74.000000 563.000000 -0.589499 0.212240
1206.000000 564.000000 0.590773 0.213552
1204.000000 565.000000 0.588185 0.214414
1212.000000 566.000000 0.599135 0.216396
1199.000000 575.000000 0.582593 0.224695
1191.000000 578.000000 0.572263 0.227031
1196.000000 581.000000 0.579273 0.230869
1200.000000 591.000000 0.585853 0.242280
1066.000000 598.000000 0.420643 0.235603
1123.000000 599.000000 0.488007 0.242084
1125.000000 599.000000 0.490453 0.242293
1165.000000 599.000000 0.540696 0.246757
1170.000000 602.000000 0.547524 0.250612
1202.000000 602.000000 0.589959 0.254653
1178.000000 614.000000 0.559492 0.264755
104.000000 615.000000 -0.555915 0.265328
1200.000000 617.000000 0.589276 0.271045
987.000000 618.000000 0.335345 0.249904
1104.000000 618.000000 0.467029 0.260282
1177.000000 618.000000 0.558702 0.269033
1179.000000 619.000000 0.561469 0.270404
1105.000000 621.000000 0.468555 0.263592
1173.000000 621.000000 0.553848 0.271815
1179.000000 621.000000 0.561738 0.272617
1060.000000 622.000000 0.415966 0.260071
1079.000000 622.000000 0.437886 0.261927
1176.000000 622.000000 0.557919 0.273320
1171.000000 623.000000 0.551497 0.273757
1132.000000 624.000000 0.501903 0.269914
1154.000000 624.000000 0.529648 0.272640
104.000000 637.000000 -0.558892 0.289705
280.000000 640.000000 -0.350383 0.273395
1147.000000 642.000000 0.523077 0.291539
106.000000 644.000000 -0.557261 0.297252
1241.000000 653.000000 0.651975 0.318449
1176.000000 655.000000 0.562649 0.310262
1151.000000 657.000000 0.530292 0.308805
1028.000000 658.000000 0.383339 0.294987
1150.000000 659.000000 0.529296 0.310904
1095.000000 661.000000 0.461218 0.305696
1065.000000 662.000000 0.425887 0.303206
1171.000000 664.000000 0.557416 0.319715
1086.000000 665.000000 0.450945 0.308961
1090.000000 665.000000 0.455721 0.309457
924.000000 668.000000 0.273202 0.296809
638.000000 670.000000 -0.001700 0.289544
1137.000000 670.000000 0.514299 0.321376
1198.000000 671.000000 0.594854 0.332131
954.000000 672.000000 0.304598 0.303191
1088.000000 672.000000 0.454211 0.316902
1139.000000 672.000000 0.517134 0.323924
1197.000000 673.000000 0.593824 0.334283
85.000000 675.000000 -0.590190 0.335888
1088.000000 676.000000 0.454725 0.321319
1179.000000 676.000000 0.569978 0.334750
938.000000 678.000000 0.288365 0.308240
1058.000000 678.000000 0.419622 0.319801
1131.000000 678.000000 0.507882 0.329515
1167.000000 678.000000 0.554355 0.335093
1132.000000 680.000000 0.509443 0.331926
1192.000000 680.000000 0.588196 0.341570
1136.000000 681.000000 0.514666 0.333661
1191.000000 682.000000 0.587179 0.343729
1133.000000 683.000000 0.511160 0.335478
1154.000000 683.000000 0.538126 0.338744
988.000000 685.000000 0.341976 0.319916
611.000000 686.000000 -0.026965 0.305722
940.000000 686.000000 0.291065 0.316809
1125.000000 686.000000 0.501515 0.337679
1225.000000 686.000000 0.635023 0.354461
1018.000000 687.000000 0.375162 0.325097
1153.000000 687.000000 0.537467 0.343177
831.000000 688.000000 0.181479 0.312068
1139.000000 691.000000 0.520041 0.345535
1143.000000 691.000000 0.525174 0.346170
1094.000000 692.000000 0.464113 0.339965
1171.000000 693.000000 0.562156 0.353119
1138.000000 694.000000 0.519237 0.348820
179.000000 695.000000 -0.472188 0.344058
1180.000000 695.000000 0.574553 0.357016
972.000000 696.000000 0.325758 0.330213
1147.000000 696.000000 0.531145 0.352578
1100.000000 697.000000 0.472136 0.346460
1256.000000 697.000000 0.681438 0.373378
1100.000000 699.000000 0.472427 0.348727
1224.000000 701.000000 0.636388 0.372168
1100.000000 702.000000 0.472867 0.352134
822.000000 703.000000 0.173397 0.327176
932.000000 704.000000 0.284176 0.335286
1099.000000 704.000000 0.471937 0.354262
821.000000 705.000000 0.172515 0.329213
1160.000000 706.000000 0.549824 0.366419
638.000000 710.000000 -0.001711 0.330129
1110.000000 712.000000 0.486744 0.365105
794.000000 713.000000 0.146603 0.336365
1110.000000 714.000000 0.487060 0.367413
1035.000000 716.000000 0.397762 0.359033
1037.000000 716.000000 0.400058 0.359287
