308.000000 3.000000 -0.327165 -0.351463
1070.000000 3.000000 0.438739 -0.363489
1116.000000 3.000000 0.494997 -0.370485
1245.000000 3.000000 0.669412 -0.394244
764.000000 4.000000 0.117767 -0.337042
1078.000000 4.000000 0.448166 -0.363498
1148.000000 4.000000 0.535792 -0.374714
1196.000000 4.000000 0.600166 -0.383516
293.000000 5.000000 -0.343242 -0.350810
309.000000 5.000000 -0.325888 -0.349178
945.000000 6.000000 0.298628 -0.345807
1046.000000 6.000000 0.410135 -0.356838
1238.000000 7.000000 0.658595 -0.388006
1192.000000 8.000000 0.593914 -0.377967
279.000000 9.000000 -0.358192 -0.347915
865.000000 9.000000 0.216296 -0.336571
938.000000 11.000000 0.290825 -0.339800
1028.000000 11.000000 0.388861 -0.349007
1192.000000 11.000000 0.593354 -0.374386
203.000000 12.000000 -0.445003 -0.353996
836.000000 12.000000 0.187350 -0.331759
913.000000 12.000000 0.264774 -0.336704
929.000000 12.000000 0.281338 -0.337973
1116.000000 12.000000 0.493558 -0.360079
120.000000 13.000000 -0.548836 -0.365857
227.000000 13.000000 -0.416606 -0.349656
859.000000 13.000000 0.210066 -0.331991
1047.000000 13.000000 0.410393 -0.349130
1190.000000 13.000000 0.590247 -0.371634
1221.000000 13.000000 0.633288 -0.377469
750.000000 14.000000 0.104067 -0.326233
838.000000 14.000000 0.189215 -0.329770
936.000000 14.000000 0.288476 -0.336410
568.000000 16.000000 -0.067605 -0.323262
1120.000000 17.000000 0.497790 -0.354957
1197.000000 17.000000 0.599103 -0.368171
907.000000 18.000000 0.258167 -0.329878
1233.000000 18.000000 0.649342 -0.373736
486.000000 19.000000 -0.145716 -0.322487
1003.000000 19.000000 0.359956 -0.337373
1044.000000 20.000000 0.406057 -0.340971
1232.000000 20.000000 0.647539 -0.371141
832.000000 21.000000 0.182962 -0.322164
1105.000000 21.000000 0.478519 -0.348103
1069.000000 23.000000 0.434817 -0.340815
1186.000000 23.000000 0.582986 -0.359075
1005.000000 24.000000 0.361636 -0.332139
1215.000000 24.000000 0.622787 -0.363171
1262.000000 24.000000 0.689985 -0.371969
885.000000 25.000000 0.235359 -0.320998
1232.000000 25.000000 0.646598 -0.365142
845.000000 26.000000 0.195480 -0.317633
887.000000 26.000000 0.237309 -0.320079
1113.000000 26.000000 0.487672 -0.343610
826.000000 27.000000 0.176806 -0.315659
883.000000 27.000000 0.233219 -0.318778
1000.000000 27.000000 0.355815 -0.328365
1013.000000 27.000000 0.370186 -0.329727
1048.000000 27.000000 0.409810 -0.333722
846.000000 28.000000 0.196361 -0.315611
877.000000 28.000000 0.227138 -0.317362
1113.000000 29.000000 0.487228 -0.340207
1143.000000 29.000000 0.525130 -0.344813
139.000000 30.000000 -0.521379 -0.343021
841.000000 30.000000 0.191342 -0.313286
880.000000 30.000000 0.230021 -0.315461
215.000000 31.000000 -0.428311 -0.331169
873.000000 31.000000 0.222959 -0.313998
1092.000000 32.000000 0.461087 -0.333846
1257.000000 32.000000 0.681233 -0.361394
287.000000 33.000000 -0.346956 -0.321024
877.000000 33.000000 0.226836 -0.312158
855.000000 34.000000 0.204920 -0.309878
1068.000000 34.000000 0.432221 -0.328466
1075.000000 34.000000 0.440480 -0.329358
1230.000000 34.000000 0.642091 -0.354033
1276.000000 34.000000 0.708604 -0.362463
566.000000 35.000000 -0.069159 -0.303916
972.000000 35.000000 0.324710 -0.317097
1254.000000 35.000000 0.676331 -0.357242
123.000000 36.000000 -0.541075 -0.338679
811.000000 36.000000 0.161839 -0.305748
860.000000 36.000000 0.209755 -0.308082
114.000000 39.000000 -0.552369 -0.336680
210.000000 40.000000 -0.433050 -0.321865
869.000000 40.000000 0.218458 -0.304450
864.000000 41.000000 0.213444 -0.303144
894.000000 41.000000 0.243409 -0.304899
1078.000000 43.000000 0.442887 -0.319794
1082.000000 43.000000 0.447638 -0.320300
1272.000000 43.000000 0.701115 -0.350919
281.000000 44.000000 -0.352435 -0.309831
1061.000000 44.000000 0.422817 -0.316619
274.000000 45.000000 -0.359990 -0.309434
810.000000 45.000000 0.160511 -0.296531
944.000000 45.000000 0.294337 -0.304217
1262.000000 46.000000 0.685959 -0.345542
212.000000 47.000000 -0.429862 -0.313952
272.000000 47.000000 -0.361991 -0.307492
214.000000 48.000000 -0.427412 -0.312624
858.000000 48.000000 0.207148 -0.295646
1222.000000 48.000000 0.628286 -0.336069
556.000000 49.000000 -0.078311 -0.289985
814.000000 49.000000 0.164212 -0.292630
1157.000000 49.000000 0.540102 -0.324157
811.000000 50.000000 0.161279 -0.291499
853.000000 50.000000 0.202128 -0.293352
1005.000000 50.000000 0.359028 -0.304178
530.000000 51.000000 -0.102747 -0.288529
832.000000 51.000000 0.181562 -0.291354
889.000000 51.000000 0.237777 -0.294277
1034.000000 51.000000 0.391142 -0.306014
102.000000 52.000000 -0.566153 -0.323693
1233.000000 52.000000 0.643133 -0.333296
98.000000 53.000000 -0.571326 -0.323186
168.000000 53.000000 -0.481724 -0.312903
1127.000000 53.000000 0.501219 -0.315226
96.000000 54.000000 -0.573841 -0.322360
850.000000 54.000000 0.198990 -0.289133
1010.000000 54.000000 0.364133 -0.300402
1032.000000 54.000000 0.388579 -0.302587
1121.000000 54.000000 0.493597 -0.313277
1200.000000 54.000000 0.596726 -0.325328
977.000000 55.000000 0.328315 -0.296387
1051.000000 55.000000 0.410023 -0.303535
1233.000000 55.000000 0.642611 -0.329775
95.000000 56.000000 -0.574862 -0.320229
1231.000000 56.000000 0.639600 -0.328258
97.000000 57.000000 -0.572027 -0.318769
543.000000 57.000000 -0.090368 -0.282233
979.000000 57.000000 0.330282 -0.294457
1063.000000 57.000000 0.423631 -0.302714
1089.000000 57.000000 0.454228 -0.305792
1260.000000 57.000000 0.681103 -0.332120
268.000000 58.000000 -0.365334 -0.296180
1204.000000 58.000000 0.601553 -0.321370
1016.000000 59.000000 0.370265 -0.295667
291.000000 60.000000 -0.340174 -0.292010
944.000000 60.000000 0.293220 -0.288601
794.000000 61.000000 0.144576 -0.279807
1056.000000 61.000000 0.415104 -0.297619
91.000000 62.000000 -0.579282 -0.314004
271.000000 62.000000 -0.361676 -0.291674
1066.000000 62.000000 0.426548 -0.297648
1270.000000 62.000000 0.694847 -0.327933
933.000000 63.000000 0.281650 -0.284732
1222.000000 63.000000 0.625722 -0.318574
1259.000000 63.000000 0.678611 -0.324862
149.000000 64.000000 -0.503767 -0.303263
225.000000 64.000000 -0.412921 -0.294093
365.000000 64.000000 -0.262735 -0.282424
1037.000000 64.000000 0.393180 -0.292415
1060.000000 64.000000 0.419382 -0.294830
1137.000000 65.000000 0.512123 -0.303244
149.000000 66.000000 -0.503498 -0.301048
255.000000 66.000000 -0.378924 -0.288941
978.000000 66.000000 0.328475 -0.284969
151.000000 68.000000 -0.500736 -0.298571
1134.000000 68.000000 0.507932 -0.299504
148.000000 69.000000 -0.504347 -0.297865
257.000000 69.000000 -0.376426 -0.285584
1187.000000 69.000000 0.576684 -0.306059
1189.000000 69.000000 0.579375 -0.306368
1023.000000 70.000000 0.376965 -0.284694
1119.000000 70.000000 0.488993 -0.295320
259.000000 71.000000 -0.374031 -0.283291
270.000000 71.000000 -0.361960 -0.282300
781.000000 71.000000 0.131893 -0.269425
272.000000 72.000000 -0.359691 -0.281077
1188.000000 72.000000 0.577568 -0.302808
1250.000000 72.000000 0.664051 -0.312784
267.000000 73.000000 -0.365062 -0.280470
780.000000 73.000000 0.130888 -0.267411
91.000000 74.000000 -0.577436 -0.300369
263.000000 74.000000 -0.369357 -0.279777
961.000000 74.000000 0.309919 -0.275380
1065.000000 74.000000 0.424076 -0.284649
1252.000000 74.000000 0.666605 -0.310783
89.000000 75.000000 -0.579969 -0.299539
173.000000 76.000000 -0.472722 -0.287038
253.000000 76.000000 -0.380205 -0.278585
264.000000 76.000000 -0.368082 -0.277593
813.000000 76.000000 0.162237 -0.265484
932.000000 76.000000 0.279764 -0.271344
959.000000 76.000000 0.307682 -0.273178
249.000000 77.000000 -0.384553 -0.277903
94.000000 78.000000 -0.572827 -0.295408
728.000000 78.000000 0.081874 -0.261283
839.000000 78.000000 0.187211 -0.264481
235.000000 79.000000 -0.400039 -0.277122
1012.000000 79.000000 0.364050 -0.274261
1054.000000 79.000000 0.410928 -0.278187
1163.000000 79.000000 0.543488 -0.291280
237.000000 80.000000 -0.397690 -0.275875
1266.000000 81.000000 0.685801 -0.304919
1071.000000 82.000000 0.430181 -0.276746
361.000000 83.000000 -0.265639 -0.263337
1101.000000 83.000000 0.465499 -0.278978
1208.000000 83.000000 0.603079 -0.293379
1259.000000 83.000000 0.675271 -0.301449
140.000000 84.000000 -0.512416 -0.282402
250.000000 84.000000 -0.382803 -0.270470
1118.000000 84.000000 0.486017 -0.279905
227.000000 85.000000 -0.408507 -0.271566
234.000000 85.000000 -0.400592 -0.270896
1211.000000 85.000000 0.606905 -0.291564
89.000000 86.000000 -0.578346 -0.287143
1226.000000 86.000000 0.627624 -0.292734
1252.000000 86.000000 0.664648 -0.296841
235.000000 87.000000 -0.399278 -0.268701
248.000000 87.000000 -0.384753 -0.267514
708.000000 87.000000 0.063110 -0.252158
845.000000 87.000000 0.192660 -0.255767
155.000000 88.000000 -0.493253 -0.276174
478.000000 88.000000 -0.150973 -0.253189
1126.000000 88.000000 0.495385 -0.276530
939.000000 89.000000 0.286113 -0.258574
1032.000000 89.000000 0.385214 -0.265583
1169.000000 89.000000 0.549923 -0.280995
151.000000 90.000000 -0.497950 -0.274486
211.000000 91.000000 -0.426216 -0.266804
213.000000 91.000000 -0.423913 -0.266605
246.000000 91.000000 -0.386619 -0.263517
729.000000 91.000000 0.082587 -0.248562
801.000000 92.000000 0.150257 -0.249270
943.000000 92.000000 0.290031 -0.255787
1022.000000 92.000000 0.373897 -0.261590
1168.000000 92.000000 0.548210 -0.277536
1181.000000 92.000000 0.565304 -0.279316
209.000000 93.000000 -0.428324 -0.264890
1119.000000 93.000000 0.486171 -0.270277
801.000000 94.000000 0.150197 -0.247306
997.000000 94.000000 0.346577 -0.257505
207.000000 95.000000 -0.430436 -0.262977
209.000000 95.000000 -0.428126 -0.262779
798.000000 95.000000 0.147318 -0.246235
927.000000 95.000000 0.273509 -0.251797
1183.000000 96.000000 0.567404 -0.275143
1060.000000 97.000000 0.416017 -0.259786
1255.000000 97.000000 0.667253 -0.284619
165.000000 98.000000 -0.479862 -0.264220
795.000000 98.000000 0.144386 -0.243209
967.000000 98.000000 0.314514 -0.251264
1006.000000 98.000000 0.355964 -0.254091
1163.000000 98.000000 0.540924 -0.270259
1184.000000 98.000000 0.568458 -0.273058
990.000000 99.000000 0.338715 -0.251858
917.000000 101.000000 0.263064 -0.245223
1163.000000 101.000000 0.540537 -0.266965
276.000000 102.000000 -0.352922 -0.249702
1052.000000 102.000000 0.406465 -0.253815
1258.000000 103.000000 0.670679 -0.278182
213.000000 104.000000 -0.422662 -0.252939
215.000000 104.000000 -0.420373 -0.252753
1162.000000 104.000000 0.538864 -0.263553
1217.000000 104.000000 0.612387 -0.270979
1024.000000 105.000000 0.375019 -0.248316
1047.000000 105.000000 0.400562 -0.250249
1180.000000 105.000000 0.562220 -0.264774
113.000000 106.000000 -0.544041 -0.261741
1125.000000 106.000000 0.492042 -0.256972
774.000000 107.000000 0.124345 -0.233892
217.000000 108.000000 -0.417723 -0.248393
1021.000000 108.000000 0.371492 -0.244993
772.000000 109.000000 0.122421 -0.231905
112.000000 110.000000 -0.544835 -0.257496
451.000000 110.000000 -0.176027 -0.232479
770.000000 111.000000 0.120500 -0.229922
1243.000000 111.000000 0.647915 -0.266826
997.000000 112.000000 0.345250 -0.239118
1035.000000 112.000000 0.386583 -0.242000
1186.000000 112.000000 0.569250 -0.257844
1203.000000 112.000000 0.592080 -0.260092
219.000000 113.000000 -0.415002 -0.243014
1234.000000 113.000000 0.634861 -0.263271
104.000000 114.000000 -0.554736 -0.254120
802.000000 114.000000 0.150566 -0.227814
998.000000 114.000000 0.346178 -0.237157
1236.000000 114.000000 0.637544 -0.262428
881.000000 115.000000 0.226605 -0.229612
1157.000000 115.000000 0.531100 -0.250968
215.000000 116.000000 -0.419289 -0.240251
963.000000 116.000000 0.309197 -0.232849
212.000000 117.000000 -0.422626 -0.239477
125.000000 118.000000 -0.527220 -0.247261
207.000000 118.000000 -0.428268 -0.238882
216.000000 118.000000 -0.417976 -0.238090
1099.000000 118.000000 0.459377 -0.241488
1147.000000 118.000000 0.518064 -0.246569
1189.000000 118.000000 0.572469 -0.251630
1137.000000 119.000000 0.505433 -0.244378
1199.000000 119.000000 0.585741 -0.251814
205.000000 120.000000 -0.430390 -0.236981
334.000000 120.000000 -0.290974 -0.227770
1069.000000 120.000000 0.424209 -0.236609
1145.000000 121.000000 0.515210 -0.243121
203.000000 122.000000 -0.432516 -0.235081
1056.000000 123.000000 0.409165 -0.232396
200.000000 124.000000 -0.435802 -0.233270
197.000000 125.000000 -0.439188 -0.232498
361.000000 125.000000 -0.263403 -0.221424
1152.000000 125.000000 0.523590 -0.239609
888.000000 126.000000 0.233017 -0.219119
945.000000 126.000000 0.290099 -0.221844
1156.000000 126.000000 0.528555 -0.238983
43.000000 127.000000 -0.635803 -0.247655
960.000000 127.000000 0.305444 -0.221682
950.000000 128.000000 0.295105 -0.220131
1052.000000 128.000000 0.404254 -0.226930
97.000000 130.000000 -0.561965 -0.237540
731.000000 130.000000 0.083846 -0.210947
1228.000000 130.000000 0.624114 -0.243412
50.000000 133.000000 -0.625209 -0.240052
972.000000 134.000000 0.317482 -0.215403
1079.000000 134.000000 0.434501 -0.222979
1148.000000 134.000000 0.517566 -0.229549
31.000000 135.000000 -0.651742 -0.240296
729.000000 135.000000 0.081927 -0.206150
1034.000000 135.000000 0.383714 -0.218419
1160.000000 135.000000 0.532655 -0.229769
1192.000000 135.000000 0.574374 -0.233410
1259.000000 135.000000 0.667551 -0.241933
1267.000000 135.000000 0.679182 -0.243010
1190.000000 136.000000 0.571596 -0.232086
1227.000000 136.000000 0.621943 -0.236622
50.000000 137.000000 -0.624699 -0.235617
1158.000000 137.000000 0.529891 -0.227412
719.000000 139.000000 0.072647 -0.202219
1014.000000 139.000000 0.361651 -0.212996
50.000000 140.000000 -0.624322 -0.232297
984.000000 140.000000 0.329675 -0.210129
1151.000000 140.000000 0.520712 -0.223476
1124.000000 141.000000 0.487191 -0.219740
1149.000000 141.000000 0.518094 -0.222208
1219.000000 141.000000 0.610231 -0.230103
1209.000000 142.000000 0.596419 -0.227796
1222.000000 142.000000 0.614250 -0.229370
701.000000 143.000000 0.056042 -0.198239
1114.000000 143.000000 0.474918 -0.216718
157.000000 144.000000 -0.484853 -0.216329
154.000000 145.000000 -0.488399 -0.215560
893.000000 145.000000 0.237164 -0.200812
1134.000000 145.000000 0.499046 -0.216493
1198.000000 145.000000 0.581220 -0.223240
1131.000000 146.000000 0.495265 -0.215157
1070.000000 147.000000 0.423123 -0.208892
1129.000000 147.000000 0.492723 -0.213920
1164.000000 147.000000 0.536490 -0.217373
1180.000000 147.000000 0.557179 -0.219071
1218.000000 147.000000 0.608130 -0.223395
1257.000000 147.000000 0.663093 -0.228201
1188.000000 148.000000 0.567581 -0.218870
1128.000000 150.000000 0.491224 -0.210686
1164.000000 150.000000 0.536180 -0.214179
1178.000000 150.000000 0.554248 -0.215638
330.000000 151.000000 -0.293453 -0.197371
1081.000000 151.000000 0.435420 -0.205656
1095.000000 151.000000 0.451689 -0.206779
1136.000000 152.000000 0.500847 -0.209332
1179.000000 152.000000 0.555339 -0.213602
1191.000000 152.000000 0.571112 -0.214888
1244.000000 152.000000 0.643862 -0.221019
1147.000000 153.000000 0.514399 -0.209320
1038.000000 154.000000 0.386796 -0.199501
1216.000000 154.000000 0.604569 -0.215512
1247.000000 154.000000 0.647886 -0.219167
1275.000000 155.000000 0.688303 -0.221498
1141.000000 156.000000 0.506652 -0.205602
8.000000 157.000000 -0.682129 -0.218589
59.000000 157.000000 -0.609857 -0.212568
947.000000 157.000000 0.290585 -0.191437
1261.000000 157.000000 0.667630 -0.217534
142.000000 158.000000 -0.501879 -0.203061
1142.000000 158.000000 0.507707 -0.203597
1172.000000 158.000000 0.545644 -0.206479
1275.000000 158.000000 0.687932 -0.218129
55.000000 159.000000 -0.615136 -0.210838
1167.000000 159.000000 0.539117 -0.204921
1257.000000 159.000000 0.661611 -0.214825
82.000000 160.000000 -0.578440 -0.206809
167.000000 160.000000 -0.471442 -0.198830
674.000000 161.000000 0.031189 -0.181086
1207.000000 161.000000 0.591546 -0.206912
85.000000 162.000000 -0.574248 -0.204349
719.000000 162.000000 0.072394 -0.180480
1172.000000 162.000000 0.545247 -0.202230
1084.000000 163.000000 0.437963 -0.193626
1095.000000 163.000000 0.450734 -0.194457
1127.000000 163.000000 0.488854 -0.197053
1167.000000 164.000000 0.538631 -0.199627
38.000000 165.000000 -0.638155 -0.206191
667.000000 165.000000 0.024780 -0.177307
36.000000 166.000000 -0.640862 -0.205318
1167.000000 166.000000 0.538441 -0.197513
1102.000000 167.000000 0.458636 -0.190900
1205.000000 167.000000 0.588211 -0.200228
1118.000000 168.000000 0.477572 -0.191133
51.000000 169.000000 -0.619561 -0.200386
157.000000 169.000000 -0.482686 -0.190357
1235.000000 169.000000 0.629199 -0.201275
1082.000000 170.000000 0.435153 -0.186363
1127.000000 170.000000 0.488268 -0.189800
1256.000000 170.000000 0.658888 -0.202524
7.000000 171.000000 -0.681934 -0.203087
1235.000000 171.000000 0.628980 -0.199091
1254.000000 171.000000 0.655904 -0.201195
27.000000 173.000000 -0.652851 -0.198630
1121.000000 173.000000 0.480778 -0.186220
1233.000000 173.000000 0.625968 -0.196694
1147.000000 174.000000 0.512497 -0.187322
1159.000000 174.000000 0.527538 -0.188364
20.000000 175.000000 -0.662654 -0.197199
1230.000000 175.000000 0.621576 -0.194200
1236.000000 175.000000 0.629949 -0.194836
1149.000000 176.000000 0.514817 -0.185408
97.000000 177.000000 -0.557031 -0.187200
1237.000000 177.000000 0.631139 -0.192763
1102.000000 179.000000 0.457742 -0.178641
1259.000000 179.000000 0.662207 -0.192932
71.000000 180.000000 -0.591134 -0.186470
1152.000000 180.000000 0.518224 -0.181495
1231.000000 180.000000 0.622446 -0.188878
1095.000000 181.000000 0.449417 -0.176113
1157.000000 181.000000 0.524412 -0.180873
1247.000000 181.000000 0.644827 -0.189454
75.000000 182.000000 -0.585575 -0.183948
977.000000 182.000000 0.320205 -0.168435
1121.000000 182.000000 0.480084 -0.176970
1091.000000 183.000000 0.444636 -0.173813
1126.000000 183.000000 0.486031 -0.176320
1231.000000 184.000000 0.622039 -0.184545
976.000000 186.000000 0.318993 -0.164500
1076.000000 186.000000 0.427220 -0.169808
1173.000000 186.000000 0.544325 -0.177004
1177.000000 186.000000 0.549477 -0.177349
1231.000000 186.000000 0.621839 -0.182381
114.000000 187.000000 -0.534330 -0.175204
1089.000000 187.000000 0.442057 -0.169636
43.000000 188.000000 -0.628716 -0.180599
1239.000000 188.000000 0.632815 -0.181011
972.000000 189.000000 0.314736 -0.161416
974.000000 189.000000 0.316797 -0.161501
1025.000000 189.000000 0.370572 -0.163903
1096.000000 189.000000 0.450039 -0.168076
1102.000000 189.000000 0.457045 -0.168478
1157.000000 189.000000 0.523752 -0.172542
1221.000000 189.000000 0.607746 -0.178175
1251.000000 189.000000 0.649691 -0.181129
909.000000 190.000000 0.251295 -0.158108
1131.000000 190.000000 0.491564 -0.169506
71.000000 191.000000 -0.590101 -0.174726
1093.000000 192.000000 0.446359 -0.164850
1109.000000 192.000000 0.465078 -0.165907
197.000000 193.000000 -0.434078 -0.163104
1139.000000 195.000000 0.500956 -0.164958
1166.000000 195.000000 0.534641 -0.167020
1208.000000 195.000000 0.589541 -0.170564
1267.000000 195.000000 0.672113 -0.176173
1273.000000 196.000000 0.680758 -0.175674
965.000000 197.000000 0.307224 -0.153395
1264.000000 197.000000 0.667564 -0.173681
42.000000 198.000000 -0.629155 -0.169893
1172.000000 199.000000 0.541973 -0.163328
1267.000000 199.000000 0.671717 -0.171784
31.000000 200.000000 -0.644419 -0.168757
1136.000000 200.000000 0.496929 -0.159613
1169.000000 200.000000 0.538064 -0.162052
1213.000000 200.000000 0.595845 -0.165686
1275.000000 200.000000 0.683289 -0.171469
47.000000 201.000000 -0.621930 -0.166208
978.000000 201.000000 0.320430 -0.150048
1158.000000 201.000000 0.524078 -0.160177
1177.000000 201.000000 0.548234 -0.161636
1211.000000 201.000000 0.593056 -0.164449
1265.000000 201.000000 0.668622 -0.169400
31.000000 202.000000 -0.644233 -0.166591
1276.000000 202.000000 0.684560 -0.169366
108.000000 203.000000 -0.540684 -0.159015
210.000000 203.000000 -0.418759 -0.152358
1106.000000 203.000000 0.460827 -0.154572
1268.000000 203.000000 0.672783 -0.167499
35.000000 204.000000 -0.638408 -0.164063
198.000000 204.000000 -0.432287 -0.152032
1111.000000 204.000000 0.466654 -0.153876
1128.000000 204.000000 0.486950 -0.154979
1169.000000 204.000000 0.537758 -0.157894
1173.000000 204.000000 0.542865 -0.158198
1237.000000 204.000000 0.628496 -0.163536
1272.000000 204.000000 0.678514 -0.166784
195.000000 205.000000 -0.435653 -0.151203
1094.000000 205.000000 0.446714 -0.151829
1123.000000 205.000000 0.480871 -0.153632
1208.000000 205.000000 0.588677 -0.159951
34.000000 206.000000 -0.639635 -0.161995
881.000000 206.000000 0.223511 -0.142122
1237.000000 206.000000 0.628318 -0.161385
1273.000000 206.000000 0.679785 -0.164685
107.000000 207.000000 -0.541658 -0.154935
1159.000000 207.000000 0.524893 -0.154050
9.000000 208.000000 -0.675207 -0.162095
617.000000 208.000000 -0.020725 -0.137330
1127.000000 208.000000 0.485482 -0.150842
1203.000000 208.000000 0.581740 -0.156369
106.000000 209.000000 -0.542787 -0.152932
1201.000000 209.000000 0.578997 -0.155154
1211.000000 209.000000 0.592382 -0.155964
109.000000 210.000000 -0.538891 -0.151676
199.000000 210.000000 -0.430815 -0.145991
961.000000 210.000000 0.302659 -0.140744
1162.000000 210.000000 0.528452 -0.151168
1172.000000 210.000000 0.541137 -0.151889
207.000000 211.000000 -0.421706 -0.144570
1232.000000 211.000000 0.620925 -0.155588
1210.000000 212.000000 0.590792 -0.152709
1220.000000 212.000000 0.604338 -0.153520
1190.000000 213.000000 0.564181 -0.150102
1203.000000 213.000000 0.581343 -0.151100
625.000000 214.000000 -0.013457 -0.131788
1066.000000 214.000000 0.414343 -0.141324
1146.000000 214.000000 0.508238 -0.145962
107.000000 215.000000 -0.541080 -0.146641
260.000000 215.000000 -0.363422 -0.138135
1189.000000 215.000000 0.562724 -0.147937
1234.000000 215.000000 0.623365 -0.151477
982.000000 217.000000 0.323952 -0.134772
1116.000000 217.000000 0.471782 -0.141051
1273.000000 217.000000 0.678786 -0.152649
1138.000000 219.000000 0.498113 -0.140349
104.000000 220.000000 -0.544561 -0.141676
611.000000 220.000000 -0.026141 -0.126297
1120.000000 220.000000 0.476362 -0.138258
1234.000000 220.000000 0.622957 -0.146135
1274.000000 220.000000 0.679986 -0.149461
1107.000000 221.000000 0.460942 -0.136517
1142.000000 221.000000 0.502877 -0.138560
1146.000000 222.000000 0.507727 -0.137789
1227.000000 222.000000 0.613126 -0.143453
216.000000 223.000000 -0.411029 -0.132257
1161.000000 225.000000 0.526185 -0.135661
1242.000000 225.000000 0.633728 -0.141425
97.000000 226.000000 -0.553140 -0.135937
1112.000000 226.000000 0.466547 -0.131773
1132.000000 226.000000 0.490413 -0.132887
1151.000000 226.000000 0.513655 -0.134014
1204.000000 226.000000 0.581704 -0.137520
1255.000000 227.000000 0.651964 -0.140303
962.000000 228.000000 0.303081 -0.123565
1102.000000 228.000000 0.454728 -0.129244
1201.000000 228.000000 0.577578 -0.135215
1244.000000 228.000000 0.636304 -0.138370
1136.000000 229.000000 0.495086 -0.130079
1199.000000 229.000000 0.574862 -0.134032
1076.000000 230.000000 0.424817 -0.125989
1191.000000 230.000000 0.564281 -0.132449
1226.000000 230.000000 0.611150 -0.134892
1005.000000 231.000000 0.347440 -0.122118
1176.000000 231.000000 0.544816 -0.130439
1246.000000 231.000000 0.638891 -0.135313
1108.000000 232.000000 0.461532 -0.125553
226.000000 233.000000 -0.399515 -0.121999
1188.000000 233.000000 0.560172 -0.129138
1246.000000 233.000000 0.638741 -0.133173
10.000000 234.000000 -0.671570 -0.133740
1177.000000 234.000000 0.545909 -0.127408
1170.000000 235.000000 0.536924 -0.125952
1189.000000 235.000000 0.561346 -0.127128
1212.000000 235.000000 0.591783 -0.128638
1218.000000 235.000000 0.599884 -0.129047
301.000000 236.000000 -0.319735 -0.116405
1103.000000 237.000000 0.455445 -0.120317
1105.000000 237.000000 0.457776 -0.120413
1166.000000 237.000000 0.531744 -0.123663
1198.000000 237.000000 0.573010 -0.125626
1206.000000 237.000000 0.583616 -0.126144
1248.000000 237.000000 0.641269 -0.129043
92.000000 238.000000 -0.558833 -0.123838
1186.000000 238.000000 0.557260 -0.123834
149.000000 239.000000 -0.487684 -0.119613
1046.000000 239.000000 0.391104 -0.115887
1135.000000 239.000000 0.493327 -0.119914
1206.000000 239.000000 0.583486 -0.124055
74.000000 240.000000 -0.582319 -0.122883
85.000000 240.000000 -0.567822 -0.122196
91.000000 240.000000 -0.560007 -0.121830
1173.000000 240.000000 0.540440 -0.120995
363.000000 241.000000 -0.257347 -0.110018
1134.000000 241.000000 0.492014 -0.117845
1157.000000 241.000000 0.520235 -0.119066
1171.000000 241.000000 0.537840 -0.119853
1191.000000 241.000000 0.563579 -0.121035
1227.000000 241.000000 0.611754 -0.123333
1246.000000 241.000000 0.638165 -0.124630
1009.000000 242.000000 0.351278 -0.111660
1174.000000 242.000000 0.541598 -0.118999
1201.000000 242.000000 0.576657 -0.120611
1262.000000 242.000000 0.660862 -0.124685
1275.000000 242.000000 0.679705 -0.125619
228.000000 243.000000 -0.396920 -0.112153
1099.000000 243.000000 0.450523 -0.114165
1164.000000 243.000000 0.528885 -0.117412
1178.000000 243.000000 0.546652 -0.118201
1260.000000 243.000000 0.657919 -0.123468
1266.000000 244.000000 0.666485 -0.122814
1089.000000 245.000000 0.438928 -0.111747
1159.000000 245.000000 0.522512 -0.115100
1179.000000 245.000000 0.547820 -0.116202
1213.000000 245.000000 0.592477 -0.118226
234.000000 246.000000 -0.390247 -0.109011
1118.000000 246.000000 0.472629 -0.112044
1156.000000 246.000000 0.518722 -0.113924
1163.000000 246.000000 0.527465 -0.114295
1079.000000 247.000000 0.427470 -0.109360
1090.000000 247.000000 0.439988 -0.109813
1096.000000 247.000000 0.446882 -0.110067
1199.000000 247.000000 0.573713 -0.115293
1264.000000 247.000000 0.663392 -0.119447
1194.000000 248.000000 0.567086 -0.113965
1213.000000 248.000000 0.592293 -0.115089
1268.000000 248.000000 0.669101 -0.118643
153.000000 249.000000 -0.482407 -0.109376
1094.000000 249.000000 0.444494 -0.108003
1207.000000 249.000000 0.584201 -0.113686
1231.000000 249.000000 0.616736 -0.115150
1255.000000 249.000000 0.650366 -0.116697
1156.000000 250.000000 0.518516 -0.109860
1174.000000 250.000000 0.541155 -0.110796
179.000000 251.000000 -0.451772 -0.106242
1128.000000 251.000000 0.484308 -0.107501
1161.000000 251.000000 0.524698 -0.109097
1033.000000 252.000000 0.376532 -0.102805
1156.000000 253.000000 0.518366 -0.106815
1056.000000 255.000000 0.401494 -0.100669
1155.000000 255.000000 0.517028 -0.104738
1171.000000 255.000000 0.537085 -0.105526
1243.000000 255.000000 0.633037 -0.109547
1270.000000 255.000000 0.671537 -0.111237
918.000000 256.000000 0.258416 -0.096001
1164.000000 256.000000 0.528207 -0.104159
1270.000000 258.000000 0.671347 -0.108009
1163.000000 260.000000 0.526762 -0.100044
1167.000000 260.000000 0.531786 -0.100233
1248.000000 260.000000 0.639763 -0.104541
1180.000000 261.000000 0.548257 -0.099837
1185.000000 261.000000 0.554690 -0.100083
1162.000000 262.000000 0.525417 -0.097967
1171.000000 262.000000 0.536743 -0.098384
1241.000000 262.000000 0.629830 -0.102019
1069.000000 263.000000 0.415644 -0.093312
1156.000000 263.000000 0.517898 -0.096683
1239.000000 263.000000 0.626986 -0.100850
224.000000 264.000000 -0.400586 -0.091863
1185.000000 264.000000 0.554543 -0.097005
1226.000000 264.000000 0.609000 -0.099088
1057.000000 266.000000 0.402236 -0.090005
1085.000000 266.000000 0.433563 -0.090916
1152.000000 266.000000 0.512819 -0.093477
940.000000 267.000000 0.279967 -0.086123
1072.000000 267.000000 0.418867 -0.089505
1163.000000 267.000000 0.526445 -0.092939
1111.000000 268.000000 0.463476 -0.089861
523.000000 270.000000 -0.105949 -0.081001
1088.000000 270.000000 0.436842 -0.087091
1147.000000 270.000000 0.506507 -0.089241
1266.000000 270.000000 0.664861 -0.094905
71.000000 271.000000 -0.584592 -0.090840
515.000000 271.000000 -0.113272 -0.080143
519.000000 271.000000 -0.109605 -0.080115
1010.000000 271.000000 0.351496 -0.083884
1063.000000 271.000000 0.408716 -0.085328
1066.000000 271.000000 0.412047 -0.085419
1177.000000 271.000000 0.543960 -0.089479
1220.000000 271.000000 0.600478 -0.091464
82.000000 272.000000 -0.570039 -0.089300
1268.000000 272.000000 0.667641 -0.092873
186.000000 273.000000 -0.442906 -0.084284
1126.000000 273.000000 0.481016 -0.085438
1231.000000 273.000000 0.615393 -0.089912
188.000000 274.000000 -0.440588 -0.083238
1143.000000 274.000000 0.501465 -0.085067
1222.000000 274.000000 0.603046 -0.088432
1015.000000 275.000000 0.356673 -0.080182
1173.000000 275.000000 0.538705 -0.085237
1175.000000 275.000000 0.541244 -0.085319
1247.000000 275.000000 0.637543 -0.088597
74.000000 276.000000 -0.580386 -0.085533
1223.000000 276.000000 0.604310 -0.086393
1170.000000 278.000000 0.534790 -0.082069
1140.000000 279.000000 0.497636 -0.079948
1180.000000 279.000000 0.547460 -0.081446
1067.000000 280.000000 0.412900 -0.076694
1171.000000 280.000000 0.535976 -0.080078
1236.000000 280.000000 0.621960 -0.082807
1056.000000 281.000000 0.400709 -0.075433
1063.000000 281.000000 0.408434 -0.075616
1195.000000 281.000000 0.566774 -0.080002
204.000000 282.000000 -0.422254 -0.074947
1078.000000 282.000000 0.425154 -0.075048
1236.000000 282.000000 0.621870 -0.080708
1064.000000 283.000000 0.409489 -0.073701
160.000000 284.000000 -0.472760 -0.074253
1228.000000 284.000000 0.610774 -0.078267
1064.000000 285.000000 0.409438 -0.071761
1188.000000 285.000000 0.557519 -0.075630
1132.000000 286.000000 0.487753 -0.072694
1198.000000 286.000000 0.570504 -0.074985
1152.000000 287.000000 0.512027 -0.072335
1230.000000 287.000000 0.613389 -0.075218
74.000000 288.000000 -0.579895 -0.073157
1179.000000 288.000000 0.545844 -0.072243
1131.000000 289.000000 0.486463 -0.069677
1200.000000 289.000000 0.573017 -0.071978
1239.000000 289.000000 0.625731 -0.073492
1091.000000 290.000000 0.439675 -0.067579
1100.000000 290.000000 0.450002 -0.067814
1067.000000 291.000000 0.412622 -0.066015
1191.000000 291.000000 0.561188 -0.069604
1200.000000 291.000000 0.572945 -0.069923
1076.000000 292.000000 0.422650 -0.065256
1086.000000 292.000000 0.433934 -0.065498
1146.000000 292.000000 0.504514 -0.067133
1163.000000 292.000000 0.525506 -0.067657
1177.000000 292.000000 0.543158 -0.068110
1179.000000 292.000000 0.545707 -0.068176
1233.000000 292.000000 0.617314 -0.070113
1126.000000 293.000000 0.480378 -0.065559
1165.000000 293.000000 0.527975 -0.066711
1203.000000 293.000000 0.576826 -0.067973
1243.000000 293.000000 0.631142 -0.069451
1129.000000 294.000000 0.483927 -0.064650
1134.000000 294.000000 0.489918 -0.064789
1201.000000 294.000000 0.574155 -0.066876
80.000000 295.000000 -0.571753 -0.065749
1140.000000 295.000000 0.497130 -0.063961
1234.000000 295.000000 0.618579 -0.067015
1203.000000 296.000000 0.576723 -0.064888
1247.000000 296.000000 0.636629 -0.066448
515.000000 298.000000 -0.113112 -0.055559
1183.000000 298.000000 0.550635 -0.062202
1190.000000 298.000000 0.559660 -0.062419
77.000000 299.000000 -0.575559 -0.061743
931.000000 299.000000 0.270528 -0.056052
1058.000000 299.000000 0.402496 -0.058078
74.000000 301.000000 -0.579450 -0.059783
1050.000000 301.000000 0.393692 -0.055995
1126.000000 301.000000 0.480169 -0.057628
1153.000000 301.000000 0.512842 -0.058316
1166.000000 301.000000 0.528992 -0.058668
1068.000000 302.000000 0.413497 -0.055375
55.000000 303.000000 -0.604809 -0.058308
502.000000 303.000000 -0.125013 -0.051078
1125.000000 303.000000 0.478933 -0.055624
1136.000000 303.000000 0.492089 -0.055886
1020.000000 304.000000 0.361384 -0.052600
1118.000000 304.000000 0.470632 -0.054474
1027.000000 305.000000 0.368811 -0.051758
1122.000000 305.000000 0.475331 -0.053576
1125.000000 305.000000 0.478887 -0.053644
1188.000000 305.000000 0.556867 -0.055221
1034.000000 306.000000 0.376286 -0.050916
1152.000000 306.000000 0.511485 -0.053281
227.000000 307.000000 -0.396264 -0.050243
1241.000000 307.000000 0.627870 -0.054696
1044.000000 308.000000 0.387043 -0.049161
68.000000 309.000000 -0.587171 -0.051727
986.000000 309.000000 0.325821 -0.047372
1147.000000 309.000000 0.505288 -0.050164
1243.000000 309.000000 0.630596 -0.052661
1122.000000 310.000000 0.475224 -0.048635
1031.000000 311.000000 0.372993 -0.046088
1040.000000 311.000000 0.382668 -0.046221
1164.000000 311.000000 0.526237 -0.048544
1266.000000 311.000000 0.663134 -0.051232
1272.000000 311.000000 0.671803 -0.051411
1046.000000 312.000000 0.389151 -0.045352
1131.000000 312.000000 0.485888 -0.046838
1203.000000 312.000000 0.576255 -0.048461
1145.000000 313.000000 0.502763 -0.046129
1131.000000 314.000000 0.485849 -0.044856
1139.000000 314.000000 0.495465 -0.045012
1205.000000 314.000000 0.578846 -0.046459
1099.000000 315.000000 0.448306 -0.043293
1205.000000 316.000000 0.578799 -0.044406
1276.000000 316.000000 0.677476 -0.046195
39.000000 317.000000 -0.626346 -0.044180
59.000000 317.000000 -0.599020 -0.043702
1206.000000 318.000000 0.580076 -0.042377
1166.000000 319.000000 0.528570 -0.040536
1157.000000 321.000000 0.517335 -0.038362
1141.000000 322.000000 0.497740 -0.037092
1217.000000 322.000000 0.594663 -0.038495
1249.000000 322.000000 0.638664 -0.039180
1152.000000 323.000000 0.511139 -0.036276
1028.000000 324.000000 0.369624 -0.033643
1060.000000 324.000000 0.404300 -0.034000
1086.000000 325.000000 0.433321 -0.033349
1152.000000 325.000000 0.511106 -0.034277
1122.000000 326.000000 0.474951 -0.032844
125.000000 327.000000 -0.513898 -0.032297
240.000000 327.000000 -0.381897 -0.030885
1144.000000 327.000000 0.501302 -0.032163
1027.000000 328.000000 0.368518 -0.029821
1061.000000 328.000000 0.405357 -0.030158
1093.000000 328.000000 0.441245 -0.030514
1017.000000 330.000000 0.357894 -0.027830
1172.000000 330.000000 0.535927 -0.029559
1136.000000 332.000000 0.491565 -0.027091
1174.000000 332.000000 0.538426 -0.027570
1106.000000 333.000000 0.456142 -0.025773
1113.000000 333.000000 0.464288 -0.025846
946.000000 334.000000 0.285101 -0.023578
1080.000000 334.000000 0.426452 -0.024546
1138.000000 334.000000 0.493950 -0.025130
1254.000000 334.000000 0.645491 -0.026664
1101.000000 335.000000 0.450345 -0.023767
1175.000000 336.000000 0.539642 -0.023546
1231.000000 336.000000 0.613426 -0.024244
1267.000000 337.000000 0.664007 -0.023688
1268.000000 340.000000 0.665409 -0.020522
1120.000000 341.000000 0.472430 -0.018045
1228.000000 341.000000 0.609264 -0.019021
1237.000000 342.000000 0.621613 -0.018076
1137.000000 343.000000 0.492663 -0.016195
1230.000000 343.000000 0.611977 -0.016967
1158.000000 344.000000 0.518286 -0.015350
1160.000000 344.000000 0.520764 -0.015364
1079.000000 346.000000 0.425244 -0.012910
1096.000000 346.000000 0.444522 -0.012995
1232.000000 346.000000 0.614692 -0.013871
1041.000000 347.000000 0.383407 -0.011782
1128.000000 347.000000 0.481866 -0.012181
1155.000000 347.000000 0.514561 -0.012331
151.000000 349.000000 -0.482263 -0.010203
1093.000000 349.000000 0.441080 -0.010059
1274.000000 349.000000 0.674008 -0.011026
1121.000000 350.000000 0.473557 -0.009191
1078.000000 351.000000 0.424101 -0.008064
1119.000000 351.000000 0.471197 -0.008200
149.000000 352.000000 -0.484632 -0.007249
83.000000 353.000000 -0.566770 -0.006468
1069.000000 354.000000 0.414046 -0.005142
1031.000000 355.000000 0.372642 -0.004120
1063.000000 356.000000 0.407398 -0.003205
1084.000000 356.000000 0.430844 -0.003232
1088.000000 356.000000 0.435372 -0.003237
1098.000000 356.000000 0.446782 -0.003251
1111.000000 356.000000 0.461816 -0.003270
1113.000000 356.000000 0.464149 -0.003273
1159.000000 356.000000 0.519470 -0.003347
997.000000 357.000000 0.336851 -0.002188
1041.000000 357.000000 0.383383 -0.002222
1179.000000 357.000000 0.544586 -0.002372
971.000000 358.000000 0.310177 -0.001234
1120.000000 358.000000 0.472360 -0.001315
1125.000000 358.000000 0.478269 -0.001319
1083.000000 360.000000 0.429713 0.000649
1109.000000 360.000000 0.459485 0.000651
1176.000000 360.000000 0.540772 0.000658
1140.000000 361.000000 0.496221 0.001647
1144.000000 361.000000 0.501067 0.001649
1271.000000 361.000000 0.669622 0.001727
1081.000000 362.000000 0.427460 0.002587
1111.000000 362.000000 0.461814 0.002612
1114.000000 362.000000 0.465316 0.002615
1093.000000 363.000000 0.441060 0.003570
1273.000000 363.000000 0.672523 0.003853
1114.000000 364.000000 0.465319 0.004578
1079.000000 365.000000 0.425215 0.005491
1273.000000 365.000000 0.672528 0.005977
104.000000 366.000000 -0.539836 0.006704
830.000000 366.000000 0.173341 0.006103
1275.000000 366.000000 0.675437 0.007047
1085.000000 367.000000 0.431981 0.007443
1105.000000 367.000000 0.454856 0.007497
1150.000000 367.000000 0.508395 0.007632
1110.000000 368.000000 0.460662 0.008491
1165.000000 368.000000 0.526946 0.008685
1138.000000 369.000000 0.493826 0.009577
1275.000000 369.000000 0.675451 0.010238
1068.000000 370.000000 0.412948 0.010294
1169.000000 370.000000 0.531964 0.010711
1057.000000 371.000000 0.400813 0.011217
1149.000000 371.000000 0.507188 0.011614
1176.000000 371.000000 0.540802 0.011755
1110.000000 372.000000 0.460678 0.012411
1139.000000 372.000000 0.495046 0.012557
1189.000000 372.000000 0.557441 0.012842
275.000000 373.000000 -0.344689 0.012928
1114.000000 374.000000 0.465356 0.014394
1141.000000 374.000000 0.497474 0.014553
1175.000000 374.000000 0.539554 0.014775
1226.000000 374.000000 0.606496 0.015150
1011.000000 375.000000 0.351487 0.014850
1249.000000 375.000000 0.638310 0.016384
1020.000000 376.000000 0.360977 0.015839
1117.000000 376.000000 0.468884 0.016377
1009.000000 377.000000 0.349398 0.016736
1243.000000 377.000000 0.629932 0.018420
255.000000 378.000000 -0.365749 0.017756
1192.000000 378.000000 0.561369 0.018962
1089.000000 379.000000 0.436572 0.019120
1099.000000 379.000000 0.447998 0.019191
1134.000000 379.000000 0.489077 0.019461
296.000000 380.000000 -0.323017 0.019435
1076.000000 380.000000 0.421918 0.019998
1109.000000 380.000000 0.459565 0.020245
1153.000000 380.000000 0.512155 0.020619
1244.000000 380.000000 0.631359 0.021567
1063.000000 381.000000 0.407471 0.020872
1085.000000 382.000000 0.432061 0.022005
1088.000000 383.000000 0.435468 0.023002
1092.000000 383.000000 0.440018 0.023036
1040.000000 385.000000 0.382401 0.024540
1093.000000 386.000000 0.441186 0.025967
1236.000000 386.000000 0.620336 0.027721
1047.000000 387.000000 0.389995 0.026512
1198.000000 387.000000 0.569287 0.028202
1209.000000 387.000000 0.583786 0.028358
904.000000 389.000000 0.243821 0.027409
1194.000000 389.000000 0.564098 0.030183
1051.000000 390.000000 0.394377 0.029427
1082.000000 390.000000 0.428749 0.029744
1084.000000 390.000000 0.431006 0.029765
1094.000000 390.000000 0.442370 0.029876
1042.000000 392.000000 0.384623 0.031255
1082.000000 392.000000 0.428771 0.031685
1201.000000 392.000000 0.573296 0.033356
1035.000000 393.000000 0.377091 0.032142
1130.000000 393.000000 0.484446 0.033274
284.000000 394.000000 -0.335471 0.032706
1033.000000 394.000000 0.374956 0.033076
1112.000000 394.000000 0.463210 0.034012
1115.000000 394.000000 0.466719 0.034053
1042.000000 395.000000 0.384655 0.034128
1166.000000 395.000000 0.528471 0.035815
1261.000000 395.000000 0.655614 0.037610
108.000000 396.000000 -0.535096 0.036891
1203.000000 396.000000 0.575999 0.037486
997.000000 397.000000 0.337033 0.035563
1200.000000 397.000000 0.572073 0.038452
1213.000000 397.000000 0.589288 0.038707
1050.000000 398.000000 0.393374 0.037097
1106.000000 398.000000 0.456286 0.037852
1205.000000 398.000000 0.578677 0.039574
1262.000000 398.000000 0.657110 0.040804
996.000000 399.000000 0.336016 0.037443
1053.000000 399.000000 0.396662 0.038096
1154.000000 400.000000 0.513658 0.040622
1207.000000 400.000000 0.581365 0.041668
1035.000000 401.000000 0.377181 0.039786
1230.000000 401.000000 0.612373 0.043211
1118.000000 402.000000 0.470365 0.041974
1162.000000 403.000000 0.523624 0.043783
1030.000000 405.000000 0.371875 0.043543
1056.000000 405.000000 0.400030 0.043910
1072.000000 405.000000 0.417732 0.044153
1086.000000 405.000000 0.433473 0.044377
1162.000000 405.000000 0.523665 0.045792
1217.000000 405.000000 0.594828 0.047045
1024.000000 406.000000 0.365491 0.044417
1140.000000 406.000000 0.496683 0.046341
1063.000000 407.000000 0.407769 0.045946
984.000000 408.000000 0.323735 0.045801
1022.000000 408.000000 0.363394 0.046295
1053.000000 408.000000 0.396789 0.046753
1149.000000 408.000000 0.507677 0.048522
980.000000 409.000000 0.319646 0.046695
1075.000000 410.000000 0.421168 0.049049
1222.000000 411.000000 0.601734 0.053383
399.000000 413.000000 -0.221437 0.049379
1019.000000 413.000000 0.360287 0.051015
989.000000 414.000000 0.328958 0.051527
1011.000000 414.000000 0.351863 0.051845
1166.000000 414.000000 0.528870 0.054942
1223.000000 414.000000 0.603177 0.056522
1078.000000 415.000000 0.424625 0.053959
1083.000000 415.000000 0.430260 0.054057
1169.000000 415.000000 0.532662 0.056029
64.000000 416.000000 -0.592663 0.058321
1182.000000 416.000000 0.549189 0.057392
1266.000000 416.000000 0.663363 0.059998
1069.000000 417.000000 0.414600 0.055723
1071.000000 417.000000 0.416828 0.055763
1187.000000 417.000000 0.555643 0.058550
1083.000000 418.000000 0.430321 0.056978
1196.000000 418.000000 0.567354 0.059835
1265.000000 418.000000 0.661994 0.062089
1129.000000 419.000000 0.483755 0.059010
1207.000000 419.000000 0.581865 0.061198
1267.000000 419.000000 0.664909 0.063223
1053.000000 421.000000 0.397019 0.059274
1091.000000 421.000000 0.439470 0.060079
1132.000000 421.000000 0.487395 0.061072
1123.000000 423.000000 0.476720 0.062822
1163.000000 423.000000 0.525366 0.063931
1041.000000 424.000000 0.384021 0.061922
1121.000000 424.000000 0.474378 0.063760
1132.000000 424.000000 0.487474 0.064054
1134.000000 424.000000 0.489875 0.064108
1271.000000 424.000000 0.670878 0.068699
341.000000 425.000000 -0.278091 0.061143
1083.000000 425.000000 0.430476 0.063799
1188.000000 425.000000 0.557180 0.066737
1252.000000 425.000000 0.643719 0.069022
1040.000000 426.000000 0.382980 0.063823
1068.000000 426.000000 0.413677 0.064426
339.000000 427.000000 -0.280105 0.063040
1086.000000 427.000000 0.433922 0.065822
1190.000000 427.000000 0.559835 0.068846
1272.000000 427.000000 0.672449 0.071942
1133.000000 428.000000 0.488787 0.068061
1180.000000 428.000000 0.546998 0.069528
318.000000 429.000000 -0.301170 0.065228
1169.000000 430.000000 0.533109 0.071189
1192.000000 430.000000 0.562536 0.071984
1134.000000 431.000000 0.490077 0.071078
47.000000 432.000000 -0.616270 0.075539
140.000000 432.000000 -0.496525 0.072204
1005.000000 432.000000 0.345883 0.068855
1031.000000 432.000000 0.373419 0.069392
1090.000000 432.000000 0.438600 0.070812
1183.000000 432.000000 0.550980 0.073705
894.000000 434.000000 0.234545 0.068940
999.000000 434.000000 0.339658 0.070637
1051.000000 435.000000 0.395140 0.072737
1185.000000 435.000000 0.553662 0.076838
1208.000000 435.000000 0.583764 0.077730
1242.000000 435.000000 0.630087 0.079150
44.000000 436.000000 -0.620563 0.079849
1004.000000 436.000000 0.344917 0.072640
965.000000 437.000000 0.304794 0.072832
1002.000000 439.000000 0.342890 0.075453
1022.000000 439.000000 0.363967 0.075897
1033.000000 439.000000 0.375725 0.076155
1242.000000 439.000000 0.630265 0.083360
1263.000000 439.000000 0.659992 0.084342
996.000000 440.000000 0.336660 0.076276
1031.000000 440.000000 0.373602 0.077068
1221.000000 440.000000 0.601429 0.083462
1013.000000 441.000000 0.354480 0.077603
1024.000000 441.000000 0.366142 0.077859
997.000000 442.000000 0.337743 0.078199
1103.000000 442.000000 0.453834 0.081013
1038.000000 443.000000 0.381211 0.080126
1096.000000 443.000000 0.445788 0.081776
1173.000000 443.000000 0.538640 0.084522
1191.000000 443.000000 0.561743 0.085264
296.000000 444.000000 -0.323850 0.079783
1042.000000 444.000000 0.385566 0.081194
1123.000000 444.000000 0.477357 0.083657
153.000000 445.000000 -0.481365 0.084728
993.000000 445.000000 0.333654 0.080963
1259.000000 445.000000 0.654560 0.090533
1192.000000 446.000000 0.563173 0.088386
1024.000000 447.000000 0.366291 0.083613
946.000000 448.000000 0.285872 0.082824
1027.000000 448.000000 0.369519 0.084650
1150.000000 448.000000 0.510127 0.088662
1262.000000 448.000000 0.659011 0.093886
1029.000000 449.000000 0.371687 0.085664
157.000000 451.000000 -0.476832 0.090554
1040.000000 451.000000 0.383590 0.087893
1131.000000 451.000000 0.487164 0.090927
1170.000000 451.000000 0.535179 0.092531
291.000000 452.000000 -0.329180 0.087485
1139.000000 452.000000 0.496854 0.092243
1262.000000 452.000000 0.659228 0.098156
924.000000 453.000000 0.264122 0.087098
1015.000000 453.000000 0.356889 0.089131
1153.000000 454.000000 0.514072 0.094836
1143.000000 455.000000 0.501841 0.095420
1253.000000 455.000000 0.646558 0.100849
1264.000000 455.000000 0.662271 0.101475
1019.000000 456.000000 0.361210 0.092116
1184.000000 456.000000 0.553272 0.098279
1096.000000 457.000000 0.446265 0.095561
1082.000000 458.000000 0.430316 0.096040
1131.000000 458.000000 0.487445 0.097927
1154.000000 458.000000 0.515483 0.098922
1252.000000 458.000000 0.645312 0.103982
878.000000 459.000000 0.219494 0.091896
1034.000000 459.000000 0.377343 0.095438
1036.000000 459.000000 0.379500 0.095499
1053.000000 459.000000 0.398010 0.096033
1109.000000 459.000000 0.461419 0.098033
1140.000000 459.000000 0.498360 0.099313
37.000000 460.000000 -0.631476 0.105458
1221.000000 460.000000 0.602423 0.104332
1048.000000 461.000000 0.392598 0.097812
189.000000 462.000000 -0.440019 0.100238
1020.000000 462.000000 0.362445 0.097909
1086.000000 462.000000 0.435004 0.100115
1110.000000 462.000000 0.462709 0.101051
321.000000 463.000000 -0.298811 0.097200
1040.000000 463.000000 0.383954 0.099492
1224.000000 464.000000 0.606732 0.108693
1054.000000 465.000000 0.399310 0.101900
50.000000 466.000000 -0.613856 0.111025
83.000000 466.000000 -0.569647 0.109141
285.000000 466.000000 -0.335756 0.100975
1212.000000 466.000000 0.590615 0.110093
1153.000000 467.000000 0.514668 0.107985
1256.000000 467.000000 0.651544 0.113820
943.000000 468.000000 0.283297 0.101583
1045.000000 468.000000 0.389557 0.104505
1018.000000 469.000000 0.360533 0.104582
1136.000000 469.000000 0.493963 0.109187
174.000000 470.000000 -0.457635 0.108754
1045.000000 470.000000 0.389626 0.106447
1116.000000 470.000000 0.470104 0.109270
1151.000000 471.000000 0.512395 0.111940
1153.000000 471.000000 0.514867 0.112041
1048.000000 472.000000 0.392975 0.108498
944.000000 473.000000 0.284417 0.106325
1117.000000 473.000000 0.471421 0.112311
1167.000000 473.000000 0.532466 0.114810
755.000000 474.000000 0.104605 0.104209
1021.000000 474.000000 0.363888 0.109498
1101.000000 476.000000 0.452818 0.114571
1122.000000 476.000000 0.477494 0.115548
1130.000000 476.000000 0.487064 0.115938
1133.000000 476.000000 0.490677 0.116087
1198.000000 476.000000 0.572595 0.119675
1012.000000 477.000000 0.354432 0.112091
1266.000000 477.000000 0.666569 0.125227
1060.000000 478.000000 0.406418 0.114808
1121.000000 478.000000 0.476402 0.117504
1135.000000 478.000000 0.493195 0.118203
1143.000000 478.000000 0.502927 0.118617
1242.000000 478.000000 0.632496 0.124621
1083.000000 479.000000 0.432278 0.116746
1062.000000 480.000000 0.408719 0.116847
317.000000 481.000000 -0.303326 0.114363
968.000000 481.000000 0.308877 0.114553
1017.000000 481.000000 0.359869 0.116118
960.000000 483.000000 0.300800 0.116225
1126.000000 483.000000 0.482619 0.122776
930.000000 484.000000 0.270737 0.116362
932.000000 484.000000 0.272724 0.116413
967.000000 484.000000 0.307946 0.117381
1114.000000 484.000000 0.468408 0.123167
1146.000000 485.000000 0.506984 0.125876
1116.000000 486.000000 0.470873 0.125272
993.000000 487.000000 0.334826 0.121072
1017.000000 487.000000 0.360085 0.121916
1023.000000 487.000000 0.366485 0.122140
1166.000000 487.000000 0.532007 0.129086
1201.000000 487.000000 0.577259 0.131320
99.000000 488.000000 -0.550200 0.130926
900.000000 489.000000 0.241357 0.120338
970.000000 489.000000 0.311161 0.122241
990.000000 489.000000 0.331773 0.122891
1021.000000 489.000000 0.364423 0.124002
1268.000000 489.000000 0.670361 0.138344
115.000000 490.000000 -0.529994 0.131985
936.000000 490.000000 0.276866 0.122194
1071.000000 490.000000 0.419207 0.127065
844.000000 491.000000 0.187632 0.121056
183.000000 492.000000 -0.448229 0.130211
849.000000 492.000000 0.192390 0.122078
956.000000 493.000000 0.297044 0.125623
1011.000000 493.000000 0.353941 0.127497
1104.000000 493.000000 0.457136 0.131659
1197.000000 493.000000 0.572383 0.137310
1062.000000 494.000000 0.409324 0.130595
1154.000000 494.000000 0.517403 0.135520
54.000000 495.000000 -0.610334 0.141366
1007.000000 495.000000 0.349788 0.129280
1170.000000 495.000000 0.537576 0.137564
1194.000000 496.000000 0.568646 0.140232
232.000000 498.000000 -0.393421 0.133815
727.000000 498.000000 0.079182 0.126031
1231.000000 498.000000 0.618663 0.145098
1103.000000 499.000000 0.456289 0.137611
921.000000 500.000000 0.262249 0.131248
1107.000000 500.000000 0.461023 0.138834
1230.000000 500.000000 0.617439 0.147149
290.000000 501.000000 -0.331694 0.134374
1125.000000 501.000000 0.482423 0.140879
1184.000000 501.000000 0.555953 0.144733
1071.000000 502.000000 0.419781 0.138924
1163.000000 502.000000 0.529185 0.144311
204.000000 503.000000 -0.424806 0.140080
235.000000 503.000000 -0.390363 0.138582
1058.000000 503.000000 0.405300 0.139273
1124.000000 503.000000 0.481345 0.142843
993.000000 504.000000 0.335438 0.137442
1072.000000 505.000000 0.421060 0.141948
1140.000000 505.000000 0.500834 0.145871
1192.000000 505.000000 0.566676 0.149490
98.000000 506.000000 -0.552713 0.149649
120.000000 506.000000 -0.524759 0.148097
963.000000 506.000000 0.304576 0.138271
991.000000 506.000000 0.333429 0.139296
1115.000000 506.000000 0.470801 0.145335
1137.000000 507.000000 0.497301 0.147717
1247.000000 507.000000 0.641779 0.156060
118.000000 508.000000 -0.527405 0.150295
307.000000 508.000000 -0.314398 0.140488
1249.000000 508.000000 0.644697 0.157313
1254.000000 508.000000 0.651809 0.157752
55.000000 509.000000 -0.610074 0.156157
1193.000000 509.000000 0.568293 0.153755
137.000000 510.000000 -0.503974 0.151052
256.000000 510.000000 -0.367942 0.144483
987.000000 510.000000 0.329421 0.143004
989.000000 510.000000 0.331502 0.143083
1150.000000 510.000000 0.513481 0.151653
1167.000000 510.000000 0.534801 0.152851
1251.000000 510.000000 0.647713 0.159651
176.000000 511.000000 -0.457398 0.149611
689.000000 511.000000 0.044637 0.137774
1007.000000 511.000000 0.350430 0.144790
1009.000000 511.000000 0.352548 0.144875
1142.000000 511.000000 0.503680 0.152133
1192.000000 511.000000 0.567135 0.155774
174.000000 512.000000 -0.459796 0.150737
1088.000000 512.000000 0.439648 0.149787
1116.000000 512.000000 0.472355 0.151460
1154.000000 512.000000 0.518594 0.153988
301.000000 513.000000 -0.320757 0.145526
883.000000 513.000000 0.225436 0.142514
988.000000 513.000000 0.330580 0.145944
1168.000000 513.000000 0.536290 0.156033
1182.000000 513.000000 0.554251 0.157090
1192.000000 513.000000 0.567293 0.157872
254.000000 514.000000 -0.370271 0.148484
961.000000 514.000000 0.302823 0.145876
1005.000000 514.000000 0.348445 0.147621
1142.000000 514.000000 0.503884 0.155206
142.000000 515.000000 -0.498202 0.155828
875.000000 515.000000 0.217758 0.144196
987.000000 515.000000 0.329621 0.147839
1066.000000 515.000000 0.414840 0.151556
1116.000000 515.000000 0.472544 0.154499
1184.000000 515.000000 0.557001 0.159336
545.000000 516.000000 -0.086354 0.142713
1132.000000 516.000000 0.491818 0.156568
1193.000000 516.000000 0.568848 0.161103
141.000000 517.000000 -0.499558 0.157943
263.000000 517.000000 -0.360772 0.151003
1029.000000 517.000000 0.374218 0.151644
1079.000000 517.000000 0.429641 0.154271
1100.000000 517.000000 0.453834 0.155517
1111.000000 517.000000 0.466747 0.156205
1206.000000 517.000000 0.586189 0.163233
271.000000 518.000000 -0.352315 0.151618
1196.000000 518.000000 0.572967 0.163454
1033.000000 520.000000 0.378696 0.154786
1110.000000 520.000000 0.465758 0.159178
1208.000000 520.000000 0.589128 0.166585
257.000000 521.000000 -0.367379 0.155198
973.000000 521.000000 0.315377 0.153077
985.000000 521.000000 0.327788 0.153568
1198.000000 521.000000 0.575866 0.166787
918.000000 522.000000 0.259941 0.152058
1085.000000 522.000000 0.436791 0.159630
887.000000 523.000000 0.229583 0.152076
944.000000 523.000000 0.285930 0.153900
1034.000000 523.000000 0.379934 0.157790
45.000000 524.000000 -0.625186 0.173104
250.000000 525.000000 -0.375115 0.159470
255.000000 525.000000 -0.369723 0.159220
1150.000000 525.000000 0.514566 0.167103
940.000000 526.000000 0.282014 0.156634
1179.000000 526.000000 0.551411 0.170452
247.000000 527.000000 -0.378466 0.161593
959.000000 527.000000 0.301277 0.158314
1152.000000 527.000000 0.517210 0.169325
395.000000 528.000000 -0.227394 0.156716
961.000000 528.000000 0.303357 0.159358
1224.000000 528.000000 0.611606 0.176574
1271.000000 528.000000 0.678254 0.181215
280.000000 529.000000 -0.343314 0.161938
940.000000 529.000000 0.282123 0.159515
999.000000 529.000000 0.342789 0.161969
1140.000000 529.000000 0.502512 0.170473
1144.000000 530.000000 0.507514 0.171810
942.000000 531.000000 0.284210 0.161513
1154.000000 531.000000 0.520022 0.173629
1104.000000 532.000000 0.459491 0.170947
1130.000000 532.000000 0.490531 0.172809
1144.000000 532.000000 0.507669 0.173876
1037.000000 533.000000 0.383731 0.167825
1093.000000 533.000000 0.446717 0.171218
991.000000 534.000000 0.334622 0.166478
1145.000000 534.000000 0.509062 0.176023
161.000000 535.000000 -0.476693 0.174937
870.000000 535.000000 0.213468 0.162978
1095.000000 535.000000 0.449175 0.173376
1203.000000 535.000000 0.583775 0.182087
1158.000000 536.000000 0.525451 0.179157
973.000000 537.000000 0.316051 0.168583
1028.000000 537.000000 0.374161 0.171291
1090.000000 537.000000 0.443510 0.175063
1132.000000 537.000000 0.493341 0.178104
168.000000 538.000000 -0.468585 0.177493
1114.000000 538.000000 0.471746 0.177772
210.000000 539.000000 -0.420089 0.175654
1106.000000 539.000000 0.462338 0.178211
1159.000000 539.000000 0.526964 0.182371
1199.000000 539.000000 0.578813 0.185973
89.000000 540.000000 -0.567236 0.186095
1001.000000 540.000000 0.345431 0.172835
984.000000 541.000000 0.327640 0.172986
987.000000 541.000000 0.330770 0.173128
1083.000000 541.000000 0.435712 0.178636
1201.000000 541.000000 0.581672 0.188298
220.000000 542.000000 -0.409044 0.178034
1163.000000 542.000000 0.532285 0.185855
356.000000 543.000000 -0.266200 0.172323
219.000000 544.000000 -0.410288 0.180102
983.000000 544.000000 0.326741 0.175871
1101.000000 544.000000 0.456819 0.182947
1162.000000 544.000000 0.531192 0.187864
971.000000 545.000000 0.314349 0.176283
1020.000000 546.000000 0.366018 0.179757
181.000000 548.000000 -0.454018 0.186748
783.000000 548.000000 0.131427 0.173263
1130.000000 548.000000 0.491784 0.189303
108.000000 549.000000 -0.543418 0.193852
872.000000 549.000000 0.215810 0.176361
1175.000000 549.000000 0.548285 0.194317
1064.000000 550.000000 0.414705 0.186443
1115.000000 550.000000 0.473855 0.190158
1274.000000 550.000000 0.685042 0.205925
987.000000 551.000000 0.331263 0.182929
192.000000 552.000000 -0.441529 0.190018
1009.000000 552.000000 0.354561 0.185084
1137.000000 552.000000 0.500682 0.194041
1165.000000 552.000000 0.535733 0.196548
142.000000 553.000000 -0.501123 0.195006
988.000000 553.000000 0.332412 0.184946
1168.000000 553.000000 0.539660 0.197885
1178.000000 553.000000 0.552552 0.198844
192.000000 554.000000 -0.441675 0.192054
939.000000 554.000000 0.282111 0.183618
997.000000 554.000000 0.341932 0.186405
1217.000000 554.000000 0.604634 0.203917
1010.000000 555.000000 0.355797 0.188111
1093.000000 555.000000 0.448283 0.193581
1098.000000 555.000000 0.454126 0.193963
1102.000000 555.000000 0.458826 0.194274
1109.000000 555.000000 0.467104 0.194826
1120.000000 555.000000 0.480257 0.195720
1168.000000 555.000000 0.539851 0.199999
350.000000 556.000000 -0.272701 0.185113
996.000000 556.000000 0.340984 0.188325
1096.000000 556.000000 0.451861 0.194833
1172.000000 556.000000 0.545086 0.201443
81.000000 558.000000 -0.579593 0.206101
1021.000000 558.000000 0.367791 0.191733
1078.000000 558.000000 0.431173 0.195522
1102.000000 559.000000 0.459141 0.198381
1120.000000 559.000000 0.480591 0.199860
999.000000 560.000000 0.344376 0.192445
409.000000 561.000000 -0.214837 0.187764
263.000000 562.000000 -0.363146 0.195376
1172.000000 562.000000 0.545679 0.207815
1212.000000 562.000000 0.598686 0.212048
1020.000000 563.000000 0.367014 0.196659
132.000000 564.000000 -0.514481 0.207408
963.000000 564.000000 0.307018 0.194487
965.000000 565.000000 0.309128 0.195569
1066.000000 566.000000 0.418086 0.202778
978.000000 567.000000 0.322702 0.198215
1012.000000 567.000000 0.358645 0.200161
1076.000000 567.000000 0.429555 0.204546
1143.000000 568.000000 0.509546 0.211323
162.000000 569.000000 -0.478228 0.209907
879.000000 569.000000 0.223265 0.195784
1153.000000 569.000000 0.522157 0.213348
1077.000000 570.000000 0.430933 0.207690
1169.000000 570.000000 0.542630 0.216030
1241.000000 570.000000 0.639877 0.224208
970.000000 571.000000 0.314604 0.201737
1011.000000 571.000000 0.357817 0.204094
1193.000000 571.000000 0.574130 0.219683
179.000000 572.000000 -0.458264 0.211550
595.000000 572.000000 -0.041024 0.194663
1093.000000 572.000000 0.449633 0.211032
1106.000000 572.000000 0.464957 0.212135
1196.000000 572.000000 0.578238 0.221100
146.000000 573.000000 -0.498017 0.215544
998.000000 573.000000 0.344068 0.205298
1028.000000 573.000000 0.376340 0.207194
154.000000 574.000000 -0.488344 0.215844
1197.000000 574.000000 0.579800 0.223380
954.000000 575.000000 0.298335 0.204848
1184.000000 575.000000 0.562677 0.223000
805.000000 576.000000 0.152634 0.200293
1082.000000 576.000000 0.437172 0.214246
1138.000000 576.000000 0.504118 0.219267
653.000000 577.000000 0.012047 0.199267
915.000000 577.000000 0.259043 0.204967
955.000000 577.000000 0.299462 0.206870
1031.000000 577.000000 0.379891 0.211429
1073.000000 577.000000 0.426900 0.214546
887.000000 578.000000 0.231414 0.204789
1276.000000 578.000000 0.691448 0.237627
1031.000000 580.000000 0.380099 0.214460
1125.000000 580.000000 0.488543 0.222218
160.000000 581.000000 -0.481730 0.222614
963.000000 581.000000 0.307903 0.211246
1048.000000 582.000000 0.399041 0.217722
1104.000000 582.000000 0.463467 0.222352
1112.000000 582.000000 0.473017 0.223087
964.000000 583.000000 0.309046 0.213282
972.000000 583.000000 0.317341 0.213731
1025.000000 583.000000 0.373749 0.217075
966.000000 584.000000 0.311171 0.214385
1006.000000 584.000000 0.353284 0.216804
1128.000000 584.000000 0.492596 0.226720
1131.000000 584.000000 0.496276 0.227018
911.000000 586.000000 0.255456 0.213590
1163.000000 586.000000 0.536640 0.232508
1131.000000 587.000000 0.496577 0.230188
1080.000000 588.000000 0.435868 0.226460
143.000000 589.000000 -0.503292 0.232725
222.000000 589.000000 -0.410139 0.225515
910.000000 589.000000 0.254596 0.216486
1043.000000 589.000000 0.394003 0.224481
963.000000 590.000000 0.308405 0.220179
966.000000 590.000000 0.311511 0.220351
1082.000000 590.000000 0.438358 0.228706
1107.000000 590.000000 0.467784 0.230992
1122.000000 590.000000 0.485869 0.232454
1166.000000 590.000000 0.540942 0.237147
103.000000 591.000000 -0.554272 0.239262
1164.000000 591.000000 0.538483 0.237998
76.000000 592.000000 -0.590200 0.243614
686.000000 592.000000 0.042382 0.213668
1128.000000 592.000000 0.493402 0.235176
959.000000 593.000000 0.304443 0.222937
54.000000 594.000000 -0.620582 0.248651
74.000000 594.000000 -0.593155 0.246066
192.000000 594.000000 -0.444954 0.233237
1127.000000 594.000000 0.492382 0.237194
1135.000000 594.000000 0.502237 0.238030
171.000000 596.000000 -0.469948 0.237307
1055.000000 597.000000 0.408076 0.233640
1258.000000 597.000000 0.667766 0.256701
985.000000 598.000000 0.331869 0.229517
992.000000 598.000000 0.339276 0.229975
1131.000000 598.000000 0.497719 0.241864
1140.000000 598.000000 0.508882 0.242836
994.000000 599.000000 0.341468 0.231117
912.000000 600.000000 0.257106 0.227405
918.000000 600.000000 0.263115 0.227699
957.000000 600.000000 0.302783 0.229802
1090.000000 601.000000 0.448699 0.240903
1141.000000 601.000000 0.510462 0.246159
99.000000 602.000000 -0.560824 0.251710
160.000000 602.000000 -0.483812 0.244758
670.000000 602.000000 0.027729 0.223133
1036.000000 602.000000 0.387249 0.237240
1103.000000 602.000000 0.464179 0.243218
1128.000000 602.000000 0.494453 0.245806
1246.000000 602.000000 0.651213 0.260670
931.000000 603.000000 0.276374 0.231341
988.000000 603.000000 0.335368 0.234755
203.000000 604.000000 -0.433098 0.242657
205.000000 604.000000 -0.430790 0.242475
960.000000 604.000000 0.306121 0.233983
994.000000 604.000000 0.341807 0.236173
1103.000000 604.000000 0.464379 0.245328
1128.000000 604.000000 0.494669 0.247940
1248.000000 604.000000 0.654359 0.263219
155.000000 605.000000 -0.490222 0.248477
946.000000 605.000000 0.291764 0.234161
1178.000000 605.000000 0.558340 0.254873
201.000000 606.000000 -0.435596 0.244930
257.000000 606.000000 -0.372647 0.240189
1249.000000 607.000000 0.656225 0.266767
980.000000 608.000000 0.327253 0.239273
998.000000 608.000000 0.346356 0.240510
712.000000 609.000000 0.066525 0.230221
982.000000 609.000000 0.329428 0.240418
1041.000000 609.000000 0.393374 0.244852
1105.000000 609.000000 0.467279 0.250821
1205.000000 609.000000 0.594967 0.262818
770.000000 610.000000 0.120536 0.232190
1197.000000 610.000000 0.584266 0.262849
857.000000 611.000000 0.203447 0.235830
982.000000 611.000000 0.329563 0.242443
1053.000000 611.000000 0.407013 0.247951
1134.000000 611.000000 0.502867 0.256109
226.000000 612.000000 -0.407557 0.248921
902.000000 612.000000 0.247714 0.238795
954.000000 612.000000 0.300404 0.241649
1042.000000 612.000000 0.394743 0.248038
1130.000000 612.000000 0.498024 0.256730
1254.000000 612.000000 0.664153 0.273196
971.000000 613.000000 0.318135 0.243733
1026.000000 613.000000 0.377095 0.247746
1210.000000 613.000000 0.602349 0.267969
451.000000 614.000000 -0.176181 0.237693
903.000000 614.000000 0.248809 0.240830
952.000000 614.000000 0.298463 0.243538
1067.000000 614.000000 0.423226 0.252347
1253.000000 614.000000 0.663008 0.275332
940.000000 615.000000 0.286202 0.243825
984.000000 615.000000 0.331952 0.246639
1071.000000 615.000000 0.427923 0.253772
1205.000000 615.000000 0.595793 0.269507
846.000000 616.000000 0.192985 0.240320
1143.000000 616.000000 0.514703 0.262560
1182.000000 616.000000 0.565034 0.267488
1199.000000 616.000000 0.587784 0.269791
878.000000 617.000000 0.224209 0.242626
882.000000 617.000000 0.228144 0.242807
1008.000000 617.000000 0.357779 0.250438
1255.000000 617.000000 0.666346 0.279067
1058.000000 618.000000 0.413312 0.255695
1103.000000 618.000000 0.465831 0.260175
159.000000 619.000000 -0.486873 0.263014
566.000000 619.000000 -0.068184 0.239893
997.000000 619.000000 0.346086 0.251654
989.000000 620.000000 0.337615 0.252088
1041.000000 620.000000 0.394316 0.256250
1224.000000 620.000000 0.622729 0.277851
906.000000 621.000000 0.252160 0.247954
1104.000000 621.000000 0.467354 0.263483
1116.000000 621.000000 0.481863 0.264813
68.000000 622.000000 -0.605122 0.278037
816.000000 622.000000 0.164379 0.245156
1130.000000 622.000000 0.499182 0.267510
1132.000000 623.000000 0.501783 0.268830
1165.000000 623.000000 0.543685 0.272965
100.000000 624.000000 -0.562360 0.275794
823.000000 624.000000 0.171142 0.247357
1061.000000 624.000000 0.417298 0.262266
335.000000 625.000000 -0.291447 0.254094
1118.000000 625.000000 0.484760 0.269346
445.000000 626.000000 -0.182367 0.249699
528.000000 626.000000 -0.103685 0.247333
898.000000 627.000000 0.244482 0.253536
1005.000000 627.000000 0.355316 0.260488
861.000000 628.000000 0.208041 0.252784
873.000000 629.000000 0.219840 0.254314
875.000000 629.000000 0.221806 0.254407
898.000000 629.000000 0.244585 0.255538
1005.000000 629.000000 0.355476 0.262552
1193.000000 629.000000 0.581517 0.283477
1262.000000 629.000000 0.678357 0.293979
1009.000000 630.000000 0.359895 0.263910
129.000000 631.000000 -0.525727 0.279676
860.000000 631.000000 0.207195 0.255722
1041.000000 631.000000 0.395306 0.267732
1264.000000 631.000000 0.681589 0.296616
817.000000 632.000000 0.165671 0.255039
1098.000000 632.000000 0.461381 0.274600
1137.000000 633.000000 0.509258 0.280331
300.000000 634.000000 -0.328543 0.265639
1016.000000 634.000000 0.367866 0.268645
1101.000000 634.000000 0.465201 0.277089
1148.000000 634.000000 0.523287 0.282845
1009.000000 635.000000 0.360309 0.269093
1059.000000 635.000000 0.416086 0.273671
934.000000 636.000000 0.281338 0.264654
1050.000000 636.000000 0.405930 0.273841
1113.000000 636.000000 0.479950 0.280649
947.000000 637.000000 0.294768 0.266510
1061.000000 637.000000 0.418579 0.275991
813.000000 638.000000 0.162048 0.260839
1011.000000 638.000000 0.362742 0.272381
944.000000 639.000000 0.291804 0.268351
946.000000 639.000000 0.293869 0.268484
987.000000 639.000000 0.336918 0.271455
942.000000 640.000000 0.289808 0.269239
1178.000000 640.000000 0.563070 0.293648
948.000000 641.000000 0.296071 0.270662
1018.000000 641.000000 0.370670 0.276122
1064.000000 641.000000 0.422442 0.280550
398.000000 642.000000 -0.228928 0.267684
823.000000 643.000000 0.171825 0.266166
1066.000000 643.000000 0.424961 0.282892
1119.000000 643.000000 0.488152 0.289000
1154.000000 643.000000 0.532173 0.293603
1179.000000 643.000000 0.564834 0.297164
353.000000 644.000000 -0.274216 0.272246
1199.000000 644.000000 0.591871 0.301301
705.000000 645.000000 0.060483 0.265195
849.000000 645.000000 0.197077 0.269218
864.000000 645.000000 0.211747 0.269900
940.000000 645.000000 0.288080 0.274215
942.000000 645.000000 0.290142 0.274349
1145.000000 645.000000 0.520938 0.294590
327.000000 646.000000 -0.301098 0.276015
866.000000 646.000000 0.213759 0.271000
1067.000000 646.000000 0.426438 0.286205
1148.000000 646.000000 0.524897 0.296109
1158.000000 646.000000 0.537750 0.297501
1198.000000 646.000000 0.590819 0.303421
491.000000 647.000000 -0.139091 0.268941
1009.000000 647.000000 0.361339 0.281607
1035.000000 647.000000 0.390091 0.284006
1170.000000 647.000000 0.553535 0.300342
848.000000 648.000000 0.196235 0.272182
937.000000 648.000000 0.285192 0.277087
945.000000 648.000000 0.293446 0.277630
124.000000 650.000000 -0.534699 0.301394
287.000000 650.000000 -0.343671 0.283222
843.000000 650.000000 0.191454 0.273972
930.000000 650.000000 0.278141 0.278672
1110.000000 650.000000 0.478004 0.295527
1139.000000 650.000000 0.514010 0.299316
1150.000000 650.000000 0.528012 0.300836
795.000000 651.000000 0.145287 0.273160
906.000000 651.000000 0.253826 0.278199
1022.000000 651.000000 0.375996 0.286994
1197.000000 651.000000 0.590238 0.308963
134.000000 652.000000 -0.522181 0.302223
288.000000 652.000000 -0.342763 0.285226
845.000000 652.000000 0.193488 0.276069
1112.000000 653.000000 0.480826 0.299067
1157.000000 653.000000 0.537455 0.305187
287.000000 654.000000 -0.344007 0.287400
399.000000 654.000000 -0.228558 0.279754
938.000000 654.000000 0.286629 0.283316
1058.000000 654.000000 0.416909 0.293809
903.000000 655.000000 0.251041 0.282099
972.000000 655.000000 0.322226 0.286864
86.000000 656.000000 -0.585742 0.313855
249.000000 656.000000 -0.385839 0.292980
447.000000 656.000000 -0.181611 0.279510
1029.000000 656.000000 0.384258 0.292960
1032.000000 656.000000 0.387613 0.293256
1145.000000 656.000000 0.522463 0.306828
1166.000000 656.000000 0.549617 0.309884
1210.000000 656.000000 0.608868 0.316781
332.000000 657.000000 -0.296687 0.286995
401.000000 657.000000 -0.226733 0.282693
936.000000 657.000000 0.284775 0.286268
1060.000000 657.000000 0.419539 0.297250
91.000000 658.000000 -0.579316 0.315353
790.000000 658.000000 0.140745 0.279992
905.000000 658.000000 0.253237 0.285285
926.000000 658.000000 0.274574 0.286620
154.000000 659.000000 -0.497983 0.307264
897.000000 659.000000 0.245244 0.285830
902.000000 659.000000 0.250273 0.286127
909.000000 659.000000 0.257340 0.286554
944.000000 659.000000 0.293186 0.288898
1106.000000 659.000000 0.474270 0.304891
747.000000 660.000000 0.100066 0.280807
935.000000 660.000000 0.283952 0.289294
1064.000000 660.000000 0.424500 0.300929
1102.000000 660.000000 0.469540 0.305480
1131.000000 660.000000 0.505305 0.309329
141.000000 661.000000 -0.514561 0.311281
902.000000 661.000000 0.250394 0.288175
908.000000 661.000000 0.256452 0.288544
925.000000 661.000000 0.273751 0.289643
555.000000 662.000000 -0.079096 0.282320
790.000000 662.000000 0.140875 0.284003
333.000000 663.000000 -0.296085 0.293139
1020.000000 663.000000 0.374930 0.299520
385.000000 664.000000 -0.243085 0.290731
482.000000 664.000000 -0.148222 0.286228
555.000000 664.000000 -0.079132 0.284316
788.000000 664.000000 0.139032 0.285946
932.000000 664.000000 0.281142 0.293221
961.000000 664.000000 0.311323 0.295375
491.000000 665.000000 -0.139655 0.286932
930.000000 665.000000 0.279154 0.294117
990.000000 665.000000 0.342305 0.298846
1052.000000 665.000000 0.411218 0.304992
195.000000 666.000000 -0.449077 0.309700
806.000000 666.000000 0.156337 0.288588
900.000000 666.000000 0.248683 0.293185
921.000000 666.000000 0.269996 0.294535
1064.000000 666.000000 0.425183 0.307428
1159.000000 666.000000 0.541982 0.320140
372.000000 667.000000 -0.256369 0.294609
785.000000 667.000000 0.136267 0.288867
930.000000 667.000000 0.279293 0.296189
1012.000000 667.000000 0.366476 0.303000
32.000000 668.000000 -0.663091 0.336823
905.000000 668.000000 0.253857 0.295555
910.000000 668.000000 0.258924 0.295875
792.000000 669.000000 0.143021 0.291116
969.000000 669.000000 0.320180 0.301258
977.000000 669.000000 0.328697 0.301932
1038.000000 669.000000 0.395706 0.307785
782.000000 670.000000 0.133502 0.291794
805.000000 670.000000 0.155525 0.292593
1025.000000 670.000000 0.381196 0.307499
1036.000000 670.000000 0.393551 0.308648
1220.000000 670.000000 0.625149 0.334723
618.000000 671.000000 -0.020342 0.290593
631.000000 671.000000 -0.008224 0.290551
792.000000 671.000000 0.143090 0.293136
904.000000 671.000000 0.253035 0.298588
1072.000000 671.000000 0.435119 0.313819
772.000000 672.000000 0.124041 0.293503
972.000000 672.000000 0.323621 0.304667
1038.000000 672.000000 0.396028 0.311019
373.000000 673.000000 -0.255740 0.300740
150.000000 674.000000 -0.505074 0.324566
675.000000 674.000000 0.032821 0.293689
730.000000 674.000000 0.084362 0.294464
935.000000 674.000000 0.284956 0.303831
1115.000000 674.000000 0.487317 0.322723
120.000000 675.000000 -0.543600 0.330207
904.000000 675.000000 0.253292 0.302726
470.000000 676.000000 -0.160192 0.298809
890.000000 676.000000 0.239232 0.302880
908.000000 676.000000 0.257416 0.304025
916.000000 676.000000 0.265566 0.304564
986.000000 676.000000 0.338976 0.310130
1265.000000 676.000000 0.690676 0.349793
374.000000 677.000000 -0.254986 0.304820
714.000000 677.000000 0.069374 0.297187
1032.000000 677.000000 0.389788 0.315772
146.000000 678.000000 -0.510696 0.329659
192.000000 678.000000 -0.454162 0.323283
1155.000000 678.000000 0.538634 0.333178
748.000000 679.000000 0.101465 0.299915
444.000000 680.000000 -0.185585 0.304006
1025.000000 680.000000 0.382242 0.318265
1035.000000 680.000000 0.393505 0.319349
1075.000000 680.000000 0.439765 0.324076
810.000000 681.000000 0.160773 0.303969
930.000000 681.000000 0.280305 0.310784
1077.000000 681.000000 0.442259 0.325434
1156.000000 681.000000 0.540411 0.336770
863.000000 682.000000 0.212647 0.307513
1132.000000 683.000000 0.509893 0.335327
852.000000 684.000000 0.201884 0.308988
918.000000 684.000000 0.268173 0.313053
990.000000 684.000000 0.344051 0.319036
1037.000000 684.000000 0.396220 0.323923
1195.000000 684.000000 0.592978 0.346756
113.000000 685.000000 -0.554376 0.342804
994.000000 685.000000 0.348498 0.320493
394.000000 686.000000 -0.235381 0.312899
918.000000 686.000000 0.268316 0.315149
992.000000 686.000000 0.346417 0.321372
1176.000000 686.000000 0.567636 0.345825
907.000000 688.000000 0.257210 0.316470
477.000000 689.000000 -0.153951 0.311812
624.000000 689.000000 -0.014810 0.308694
905.000000 689.000000 0.255242 0.317380
314.000000 690.000000 -0.318241 0.323083
468.000000 690.000000 -0.162694 0.313206
1002.000000 690.000000 0.357754 0.326674
849.000000 691.000000 0.199293 0.316067
910.000000 691.000000 0.260482 0.319828
978.000000 691.000000 0.331740 0.325404
1083.000000 691.000000 0.450717 0.337334
313.000000 692.000000 -0.319483 0.325307
768.000000 692.000000 0.120841 0.313705
913.000000 692.000000 0.263623 0.321094
1061.000000 692.000000 0.424825 0.335579
327.000000 693.000000 -0.304738 0.325155
1058.000000 693.000000 0.421450 0.336310
1229.000000 693.000000 0.641968 0.363528
765.000000 694.000000 0.118039 0.315661
1084.000000 694.000000 0.452323 0.340828
1232.000000 694.000000 0.646414 0.365281
725.000000 695.000000 0.080078 0.315652
790.000000 695.000000 0.142033 0.317540
1072.000000 695.000000 0.438152 0.340335
432.000000 696.000000 -0.198155 0.321117
1033.000000 696.000000 0.393052 0.336598
1232.000000 696.000000 0.646787 0.367676
338.000000 697.000000 -0.293523 0.328495
1062.000000 697.000000 0.426632 0.341260
1076.000000 697.000000 0.443168 0.343105
359.000000 698.000000 -0.271798 0.327897
431.000000 698.000000 -0.199248 0.323252
482.000000 698.000000 -0.149481 0.320878
786.000000 698.000000 0.138295 0.320482
1003.000000 698.000000 0.359686 0.335456
1035.000000 698.000000 0.395562 0.339034
473.000000 699.000000 -0.158228 0.322279
1063.000000 699.000000 0.428065 0.343619
1088.000000 699.000000 0.457833 0.347006
1091.000000 699.000000 0.461462 0.347431
1115.000000 699.000000 0.490963 0.350964
266.000000 700.000000 -0.371459 0.338628
331.000000 701.000000 -0.301208 0.333358
847.000000 701.000000 0.197855 0.326363
935.000000 701.000000 0.287058 0.332327
1070.000000 701.000000 0.436583 0.346781
1169.000000 701.000000 0.560877 0.362125
441.000000 702.000000 -0.189605 0.326895
1006.000000 702.000000 0.363432 0.340142
1025.000000 703.000000 0.384805 0.343373
1171.000000 703.000000 0.563895 0.364825
761.000000 705.000000 0.114558 0.326860
867.000000 706.000000 0.218021 0.332762
1173.000000 706.000000 0.567101 0.368712
251.000000 708.000000 -0.389233 0.349154
1233.000000 708.000000 0.650484 0.382309
325.000000 709.000000 -0.308259 0.342496
690.000000 709.000000 0.047264 0.329427
771.000000 711.000000 0.124339 0.333409
1240.000000 711.000000 0.661057 0.387291
179.000000 712.000000 -0.474696 0.363404
460.000000 713.000000 -0.171518 0.337453
753.000000 714.000000 0.107181 0.335949
1064.000000 714.000000 0.431253 0.360609
1242.000000 714.000000 0.664503 0.391325
693.000000 715.000000 0.050179 0.335670
97.000000 716.000000 -0.581169 0.381982
878.000000 716.000000 0.229716 0.344060
1065.000000 716.000000 0.432713 0.363014
1099.000000 716.000000 0.473751 0.368002
