991.000000 3.000000 0.348454 -0.353629
360.000000 4.000000 -0.272133 -0.345689
1227.000000 4.000000 0.643511 -0.389509
527.000000 5.000000 -0.106827 -0.335603
1130.000000 5.000000 0.512395 -0.370463
362.000000 6.000000 -0.269904 -0.343380
330.000000 7.000000 -0.303280 -0.345017
334.000000 7.000000 -0.299054 -0.344658
449.000000 7.000000 -0.182278 -0.336660
1024.000000 7.000000 0.384806 -0.352970
1087.000000 7.000000 0.458589 -0.361390
261.000000 8.000000 -0.378364 -0.351050
987.000000 8.000000 0.343538 -0.347708
1001.000000 8.000000 0.358938 -0.349214
526.000000 9.000000 -0.107665 -0.331476
891.000000 9.000000 0.242500 -0.338286
222.000000 10.000000 -0.422827 -0.353670
259.000000 10.000000 -0.380381 -0.349068
958.000000 10.000000 0.312051 -0.342664
955.000000 11.000000 0.308766 -0.341305
1118.000000 11.000000 0.496224 -0.361548
328.000000 12.000000 -0.304947 -0.339795
527.000000 12.000000 -0.106623 -0.328339
1036.000000 12.000000 0.397859 -0.348868
1127.000000 12.000000 0.507424 -0.361837
69.000000 13.000000 -0.617887 -0.375110
465.000000 13.000000 -0.166329 -0.329604
453.000000 14.000000 -0.178003 -0.329127
527.000000 14.000000 -0.106565 -0.326272
1127.000000 14.000000 0.507101 -0.359524
520.000000 15.000000 -0.113218 -0.325445
973.000000 15.000000 0.327643 -0.338671
979.000000 15.000000 0.334122 -0.339258
449.000000 16.000000 -0.181823 -0.327238
477.000000 16.000000 -0.154538 -0.325958
1161.000000 16.000000 0.550758 -0.362892
1170.000000 16.000000 0.562702 -0.364469
978.000000 17.000000 0.332843 -0.336991
1112.000000 17.000000 0.487789 -0.353718
310.000000 19.000000 -0.323467 -0.333895
959.000000 19.000000 0.312290 -0.333045
1165.000000 19.000000 0.555528 -0.360074
1112.000000 20.000000 0.487332 -0.350290
14.000000 21.000000 -0.694720 -0.375831
303.000000 22.000000 -0.330700 -0.331321
470.000000 22.000000 -0.161070 -0.320038
817.000000 22.000000 0.168264 -0.320417
43.000000 23.000000 -0.652612 -0.368002
330.000000 23.000000 -0.301876 -0.327820
1093.000000 23.000000 0.463553 -0.344098
1110.000000 23.000000 0.484399 -0.346572
302.000000 24.000000 -0.331587 -0.329262
407.000000 24.000000 -0.222938 -0.321194
411.000000 24.000000 -0.218946 -0.320956
1061.000000 24.000000 0.425282 -0.338662
960.000000 25.000000 0.312816 -0.326702
1024.000000 25.000000 0.382712 -0.333117
45.000000 26.000000 -0.649209 -0.364036
329.000000 26.000000 -0.302674 -0.324706
993.000000 26.000000 0.348248 -0.328738
1105.000000 26.000000 0.477785 -0.342432
65.000000 27.000000 -0.620865 -0.359165
168.000000 27.000000 -0.485366 -0.342033
216.000000 27.000000 -0.427645 -0.335472
1019.000000 27.000000 0.376880 -0.330378
292.000000 28.000000 -0.342009 -0.325914
326.000000 28.000000 -0.305665 -0.322830
504.000000 28.000000 -0.128102 -0.312581
20.000000 29.000000 -0.684537 -0.365062
332.000000 29.000000 -0.299272 -0.321266
1181.000000 29.000000 0.575169 -0.351156
34.000000 30.000000 -0.664173 -0.361282
121.000000 30.000000 -0.544656 -0.345911
253.000000 30.000000 -0.384858 -0.327788
880.000000 30.000000 0.230021 -0.315461
175.000000 31.000000 -0.476176 -0.336507
318.000000 31.000000 -0.313863 -0.320323
367.000000 31.000000 -0.262891 -0.316480
437.000000 31.000000 -0.192846 -0.312271
72.000000 32.000000 -0.610243 -0.351991
1005.000000 32.000000 0.360805 -0.323471
436.000000 33.000000 -0.193728 -0.310257
504.000000 33.000000 -0.127939 -0.307470
973.000000 33.000000 0.325959 -0.319319
1099.000000 33.000000 0.469443 -0.333692
966.000000 34.000000 0.318400 -0.317631
1147.000000 35.000000 0.529331 -0.338568
632.000000 36.000000 -0.007312 -0.302292
1033.000000 36.000000 0.391636 -0.322124
1105.000000 36.000000 0.476356 -0.331167
1246.000000 36.000000 0.664597 -0.354579
497.000000 37.000000 -0.134499 -0.303624
902.000000 37.000000 0.251754 -0.309571
54.000000 38.000000 -0.634289 -0.348127
309.000000 38.000000 -0.322818 -0.313666
439.000000 38.000000 -0.190541 -0.304965
956.000000 38.000000 0.307470 -0.312538
243.000000 39.000000 -0.395146 -0.319105
312.000000 39.000000 -0.319540 -0.312346
316.000000 39.000000 -0.315298 -0.312005
1060.000000 39.000000 0.422252 -0.321974
951.000000 40.000000 0.302049 -0.310019
1146.000000 40.000000 0.527259 -0.332701
317.000000 41.000000 -0.314071 -0.309808
445.000000 41.000000 -0.184538 -0.301608
465.000000 41.000000 -0.165118 -0.300738
118.000000 42.000000 -0.546642 -0.332598
278.000000 42.000000 -0.355901 -0.312252
745.000000 42.000000 0.098588 -0.297509
935.000000 42.000000 0.285215 -0.306676
1061.000000 42.000000 0.423055 -0.318807
68.000000 43.000000 -0.613845 -0.339776
296.000000 43.000000 -0.336290 -0.309510
398.000000 43.000000 -0.230803 -0.302004
955.000000 43.000000 0.306008 -0.307184
1013.000000 43.000000 0.368521 -0.312442
1015.000000 43.000000 0.370736 -0.312644
1188.000000 43.000000 0.582226 -0.336055
45.000000 44.000000 -0.645943 -0.342642
960.000000 44.000000 0.311193 -0.306539
1003.000000 44.000000 0.357413 -0.310383
1060.000000 44.000000 0.421655 -0.316501
1103.000000 44.000000 0.472807 -0.321951
13.000000 45.000000 -0.691810 -0.347152
434.000000 45.000000 -0.195099 -0.298036
581.000000 45.000000 -0.054933 -0.293608
1115.000000 45.000000 0.487408 -0.322487
180.000000 46.000000 -0.468032 -0.319069
185.000000 46.000000 -0.461994 -0.318413
188.000000 47.000000 -0.458259 -0.316920
484.000000 47.000000 -0.146601 -0.293920
930.000000 48.000000 0.279611 -0.300048
101.000000 49.000000 -0.567964 -0.327291
192.000000 49.000000 -0.453219 -0.314208
258.000000 49.000000 -0.377259 -0.306738
1117.000000 49.000000 0.489326 -0.318297
98.000000 51.000000 -0.571647 -0.325479
243.000000 51.000000 -0.393849 -0.306140
1179.000000 51.000000 0.568801 -0.325344
198.000000 52.000000 -0.445716 -0.310172
257.000000 52.000000 -0.378069 -0.303629
419.000000 52.000000 -0.209485 -0.291631
1069.000000 52.000000 0.431196 -0.308837
453.000000 53.000000 -0.176234 -0.289042
671.000000 53.000000 0.029033 -0.285341
200.000000 54.000000 -0.443110 -0.307744
407.000000 54.000000 -0.221235 -0.290215
430.000000 54.000000 -0.198585 -0.289055
347.000000 55.000000 -0.281713 -0.292876
453.000000 55.000000 -0.176150 -0.287018
962.000000 55.000000 0.312414 -0.295163
964.000000 55.000000 0.314523 -0.295322
132.000000 56.000000 -0.526397 -0.314582
426.000000 56.000000 -0.202408 -0.287214
96.000000 57.000000 -0.573364 -0.318927
199.000000 57.000000 -0.443931 -0.304592
1031.000000 57.000000 0.387149 -0.299275
1034.000000 57.000000 0.390518 -0.299581
1132.000000 57.000000 0.506933 -0.311461
148.000000 58.000000 -0.505841 -0.310067
345.000000 58.000000 -0.283563 -0.289912
214.000000 59.000000 -0.426144 -0.300681
242.000000 59.000000 -0.394144 -0.297668
422.000000 59.000000 -0.206188 -0.284363
930.000000 59.000000 0.278841 -0.288651
988.000000 59.000000 0.339758 -0.293123
1128.000000 59.000000 0.501636 -0.308676
8.000000 60.000000 -0.696490 -0.330189
131.000000 60.000000 -0.527097 -0.310235
146.000000 60.000000 -0.508074 -0.308117
208.000000 60.000000 -0.433014 -0.300281
918.000000 60.000000 0.266504 -0.286823
925.000000 60.000000 0.273648 -0.287282
985.000000 60.000000 0.336450 -0.291817
1090.000000 60.000000 0.455054 -0.302634
981.000000 61.000000 0.332084 -0.290434
1030.000000 61.000000 0.385627 -0.294908
1156.000000 61.000000 0.536994 -0.310430
238.000000 62.000000 -0.398348 -0.294874
375.000000 62.000000 -0.252750 -0.283858
1123.000000 62.000000 0.494995 -0.304667
1068.000000 63.000000 0.428761 -0.296794
90.000000 64.000000 -0.580314 -0.311879
277.000000 64.000000 -0.354955 -0.289028
419.000000 64.000000 -0.208891 -0.279446
759.000000 65.000000 0.111245 -0.274797
1122.000000 65.000000 0.493354 -0.301217
106.000000 66.000000 -0.558694 -0.307158
118.000000 66.000000 -0.542990 -0.305385
921.000000 66.000000 0.269173 -0.280860
1231.000000 66.000000 0.637902 -0.316595
205.000000 67.000000 -0.435724 -0.293057
250.000000 67.000000 -0.384386 -0.288361
1103.000000 67.000000 0.469824 -0.296587
936.000000 68.000000 0.284397 -0.279795
124.000000 69.000000 -0.534798 -0.301162
1037.000000 69.000000 0.392681 -0.287099
1122.000000 69.000000 0.492829 -0.296808
935.000000 70.000000 0.283234 -0.277676
459.000000 71.000000 -0.169728 -0.270701
19.000000 73.000000 -0.678271 -0.313030
730.000000 73.000000 0.083832 -0.266246
1091.000000 73.000000 0.454694 -0.288622
1167.000000 73.000000 0.549561 -0.298556
147.000000 74.000000 -0.504938 -0.292483
403.000000 74.000000 -0.224157 -0.270141
1116.000000 74.000000 0.484795 -0.290556
1092.000000 75.000000 0.455653 -0.286575
1124.000000 75.000000 0.494532 -0.290474
53.000000 76.000000 -0.629250 -0.303997
83.000000 76.000000 -0.587910 -0.299314
1117.000000 76.000000 0.485773 -0.288496
461.000000 77.000000 -0.167585 -0.264646
128.000000 78.000000 -0.528417 -0.290595
168.000000 78.000000 -0.478546 -0.285467
188.000000 79.000000 -0.454396 -0.282046
462.000000 79.000000 -0.166554 -0.262623
1152.000000 79.000000 0.529288 -0.289761
1161.000000 79.000000 0.540891 -0.291001
1174.000000 79.000000 0.557889 -0.292843
147.000000 80.000000 -0.504163 -0.285892
1089.000000 80.000000 0.451516 -0.280843
186.000000 81.000000 -0.456547 -0.280120
317.000000 81.000000 -0.310989 -0.268211
194.000000 82.000000 -0.446966 -0.278157
182.000000 83.000000 -0.461088 -0.278420
462.000000 83.000000 -0.166412 -0.258655
843.000000 83.000000 0.190884 -0.259662
1017.000000 83.000000 0.369178 -0.270523
190.000000 84.000000 -0.451468 -0.276453
198.000000 84.000000 -0.442049 -0.275584
137.000000 86.000000 -0.515937 -0.280593
310.000000 86.000000 -0.317965 -0.263586
1078.000000 86.000000 0.437913 -0.273221
1114.000000 86.000000 0.480885 -0.277257
144.000000 87.000000 -0.507024 -0.278613
1147.000000 87.000000 0.521841 -0.280268
1182.000000 87.000000 0.567335 -0.285036
187.000000 88.000000 -0.454582 -0.272499
932.000000 88.000000 0.279014 -0.259155
150.000000 90.000000 -0.499189 -0.274607
224.000000 90.000000 -0.411432 -0.266589
1130.000000 90.000000 0.500100 -0.274843
196.000000 91.000000 -0.443651 -0.268336
404.000000 91.000000 -0.222352 -0.253064
90.000000 93.000000 -0.576010 -0.279165
1161.000000 93.000000 0.538993 -0.275499
28.000000 94.000000 -0.661907 -0.287232
92.000000 94.000000 -0.573201 -0.277770
132.000000 94.000000 -0.521239 -0.272471
141.000000 95.000000 -0.509787 -0.270267
143.000000 95.000000 -0.507288 -0.270024
237.000000 95.000000 -0.396301 -0.260146
340.000000 95.000000 -0.286287 -0.252469
434.000000 95.000000 -0.192925 -0.247820
910.000000 95.000000 0.256350 -0.250850
1074.000000 95.000000 0.432327 -0.263258
133.000000 96.000000 -0.519724 -0.270163
239.000000 96.000000 -0.393975 -0.258926
1202.000000 96.000000 0.592948 -0.277814
221.000000 97.000000 -0.414181 -0.259522
339.000000 97.000000 -0.287190 -0.250512
1046.000000 97.000000 0.400150 -0.258489
1163.000000 97.000000 0.541054 -0.271358
1245.000000 97.000000 0.652862 -0.283080
136.000000 98.000000 -0.515695 -0.267615
165.000000 98.000000 -0.479862 -0.264220
1018.000000 98.000000 0.369012 -0.255047
341.000000 99.000000 -0.285025 -0.248379
430.000000 99.000000 -0.196641 -0.244028
437.000000 99.000000 -0.189872 -0.243759
441.000000 99.000000 -0.186014 -0.243611
704.000000 100.000000 0.059242 -0.239460
981.000000 100.000000 0.329093 -0.250193
74.000000 101.000000 -0.596465 -0.272473
445.000000 101.000000 -0.182092 -0.241499
1159.000000 101.000000 0.535381 -0.266456
869.000000 102.000000 0.215403 -0.241911
1166.000000 102.000000 0.544292 -0.266253
1172.000000 102.000000 0.552105 -0.267031
1244.000000 103.000000 0.650522 -0.276071
208.000000 104.000000 -0.428408 -0.253410
237.000000 104.000000 -0.395511 -0.250786
241.000000 104.000000 -0.391052 -0.250445
786.000000 104.000000 0.135714 -0.237106
1014.000000 104.000000 0.364171 -0.248551
1089.000000 104.000000 0.448952 -0.255257
1193.000000 104.000000 0.579662 -0.267623
105.000000 105.000000 -0.554569 -0.263856
320.000000 105.000000 -0.306265 -0.243619
1150.000000 105.000000 0.523387 -0.260976
1186.000000 105.000000 0.570171 -0.265570
1165.000000 107.000000 0.542362 -0.260650
1237.000000 107.000000 0.639969 -0.270487
103.000000 108.000000 -0.556800 -0.260818
970.000000 110.000000 0.316860 -0.239320
1083.000000 110.000000 0.441324 -0.248340
1120.000000 111.000000 0.485367 -0.251070
262.000000 112.000000 -0.367312 -0.240530
103.000000 114.000000 -0.556043 -0.254244
1103.000000 114.000000 0.464538 -0.246105
1235.000000 114.000000 0.636131 -0.262286
402.000000 115.000000 -0.223257 -0.229417
406.000000 115.000000 -0.219344 -0.229251
437.000000 115.000000 -0.189292 -0.228074
440.000000 115.000000 -0.186407 -0.227971
1131.000000 115.000000 0.498435 -0.247997
964.000000 116.000000 0.310235 -0.232910
1002.000000 116.000000 0.350320 -0.235409
1108.000000 116.000000 0.470320 -0.244498
1136.000000 116.000000 0.504521 -0.247479
132.000000 117.000000 -0.518488 -0.247536
200.000000 117.000000 -0.436435 -0.240558
400.000000 117.000000 -0.225133 -0.227537
880.000000 117.000000 0.225539 -0.227604
1000.000000 117.000000 0.348107 -0.234255
1131.000000 117.000000 0.498216 -0.245860
1263.000000 118.000000 0.675724 -0.261760
1104.000000 119.000000 0.465230 -0.240928
106.000000 120.000000 -0.551396 -0.247334
1041.000000 120.000000 0.392600 -0.234260
126.000000 121.000000 -0.525608 -0.243914
270.000000 121.000000 -0.357995 -0.230782
281.000000 121.000000 -0.346206 -0.230021
357.000000 121.000000 -0.267613 -0.225569
1076.000000 121.000000 0.432172 -0.236192
119.000000 122.000000 -0.534400 -0.243636
990.000000 122.000000 0.337121 -0.228525
1176.000000 122.000000 0.554819 -0.245644
1044.000000 123.000000 0.395701 -0.231421
1180.000000 123.000000 0.559941 -0.245039
1125.000000 124.000000 0.490098 -0.237771
990.000000 125.000000 0.336925 -0.225506
119.000000 126.000000 -0.533944 -0.239325
125.000000 126.000000 -0.526313 -0.238652
1013.000000 127.000000 0.361387 -0.225034
1071.000000 127.000000 0.425893 -0.229531
1158.000000 127.000000 0.530990 -0.238133
106.000000 128.000000 -0.550450 -0.238656
108.000000 128.000000 -0.547857 -0.238425
1010.000000 128.000000 0.358081 -0.223815
1019.000000 128.000000 0.367816 -0.224443
1187.000000 128.000000 0.568571 -0.240438
1037.000000 129.000000 0.387466 -0.224744
1118.000000 129.000000 0.481072 -0.231777
1133.000000 129.000000 0.499410 -0.233296
314.000000 130.000000 -0.310980 -0.218943
933.000000 130.000000 0.277697 -0.217262
1142.000000 130.000000 0.510475 -0.233175
1009.000000 131.000000 0.356801 -0.220719
1062.000000 131.000000 0.415297 -0.224656
1135.000000 131.000000 0.501674 -0.231380
1169.000000 131.000000 0.544661 -0.235070
1196.000000 131.000000 0.580198 -0.238255
251.000000 132.000000 -0.377834 -0.220978
318.000000 132.000000 -0.306734 -0.216730
271.000000 133.000000 -0.356099 -0.218590
399.000000 133.000000 -0.225466 -0.211941
113.000000 134.000000 -0.540731 -0.231393
125.000000 134.000000 -0.525440 -0.230087
269.000000 134.000000 -0.358180 -0.217716
979.000000 134.000000 0.324788 -0.215812
1096.000000 134.000000 0.454326 -0.224465
973.000000 135.000000 0.318465 -0.214465
1076.000000 136.000000 0.430875 -0.220662
368.000000 137.000000 -0.255862 -0.209323
970.000000 137.000000 0.315231 -0.212307
927.000000 138.000000 0.271257 -0.209100
1133.000000 138.000000 0.498498 -0.223771
1144.000000 138.000000 0.512139 -0.224879
1195.000000 138.000000 0.578021 -0.230499
217.000000 139.000000 -0.415114 -0.216391
314.000000 139.000000 -0.310478 -0.210010
1142.000000 139.000000 0.509542 -0.223615
1203.000000 139.000000 0.588647 -0.230358
143.000000 140.000000 -0.502345 -0.221868
147.000000 140.000000 -0.497423 -0.221476
385.000000 140.000000 -0.238918 -0.205684
1056.000000 140.000000 0.407812 -0.214966
249.000000 141.000000 -0.379389 -0.212012
1038.000000 141.000000 0.387691 -0.212623
140.000000 142.000000 -0.505855 -0.220053
884.000000 142.000000 0.228454 -0.203375
923.000000 142.000000 0.267057 -0.204997
1229.000000 142.000000 0.623977 -0.230235
392.000000 144.000000 -0.231891 -0.201527
1059.000000 145.000000 0.410810 -0.210096
1200.000000 146.000000 0.583788 -0.222384
1202.000000 146.000000 0.586477 -0.222613
1217.000000 147.000000 0.606756 -0.223277
311.000000 148.000000 -0.313096 -0.201276
835.000000 148.000000 0.180952 -0.195967
975.000000 148.000000 0.319819 -0.201685
1202.000000 148.000000 0.586247 -0.220440
1250.000000 148.000000 0.652909 -0.226202
275.000000 149.000000 -0.350811 -0.202312
132.000000 150.000000 -0.515017 -0.212394
965.000000 150.000000 0.309355 -0.199182
276.000000 151.000000 -0.349627 -0.200260
310.000000 151.000000 -0.313973 -0.198371
256.000000 152.000000 -0.371041 -0.200488
906.000000 152.000000 0.249706 -0.194537
1062.000000 152.000000 0.413674 -0.203197
1081.000000 152.000000 0.435341 -0.204632
1099.000000 152.000000 0.456303 -0.206079
1125.000000 152.000000 0.487389 -0.208324
1076.000000 153.000000 0.429519 -0.203224
1151.000000 153.000000 0.519409 -0.209705
1081.000000 154.000000 0.435186 -0.202586
1219.000000 154.000000 0.608686 -0.215856
1205.000000 155.000000 0.589502 -0.213186
1051.000000 156.000000 0.401055 -0.198365
309.000000 157.000000 -0.314699 -0.192519
1204.000000 158.000000 0.587824 -0.209829
1136.000000 159.000000 0.500206 -0.202006
1245.000000 160.000000 0.644326 -0.212294
136.000000 163.000000 -0.508835 -0.198374
1276.000000 163.000000 0.688795 -0.212645
1100.000000 164.000000 0.456516 -0.193820
1266.000000 164.000000 0.674046 -0.210336
1274.000000 164.000000 0.685737 -0.211287
950.000000 165.000000 0.293270 -0.183772
959.000000 165.000000 0.302453 -0.184182
1249.000000 165.000000 0.649437 -0.207242
309.000000 166.000000 -0.314255 -0.183694
857.000000 166.000000 0.201484 -0.179394
1134.000000 166.000000 0.497137 -0.194536
1229.000000 167.000000 0.621047 -0.202798
1070.000000 169.000000 0.421522 -0.186540
1245.000000 169.000000 0.643294 -0.202385
294.000000 170.000000 -0.329625 -0.180510
944.000000 170.000000 0.286967 -0.178650
1198.000000 170.000000 0.578527 -0.196290
1200.000000 170.000000 0.581196 -0.196492
1142.000000 171.000000 0.506553 -0.190019
1267.000000 171.000000 0.674687 -0.202669
943.000000 172.000000 0.285872 -0.176669
1242.000000 172.000000 0.638715 -0.198763
1269.000000 172.000000 0.677487 -0.201787
243.000000 174.000000 -0.383841 -0.179323
1125.000000 174.000000 0.485523 -0.185507
1247.000000 174.000000 0.645579 -0.197119
1136.000000 175.000000 0.498832 -0.185363
1256.000000 175.000000 0.658329 -0.197009
1068.000000 176.000000 0.418790 -0.179349
1267.000000 176.000000 0.674123 -0.197125
1110.000000 178.000000 0.467255 -0.180245
134.000000 180.000000 -0.509858 -0.180843
1087.000000 180.000000 0.440216 -0.176578
1063.000000 181.000000 0.412839 -0.174010
1115.000000 181.000000 0.472978 -0.177547
1127.000000 181.000000 0.487393 -0.178453
906.000000 182.000000 0.248605 -0.165653
153.000000 183.000000 -0.486413 -0.176257
286.000000 183.000000 -0.337361 -0.168170
130.000000 185.000000 -0.514412 -0.175981
153.000000 185.000000 -0.486263 -0.174204
232.000000 185.000000 -0.395275 -0.169020
1027.000000 185.000000 0.372942 -0.167954
159.000000 186.000000 -0.478980 -0.172738
287.000000 186.000000 -0.336173 -0.165193
1276.000000 186.000000 0.686188 -0.187029
129.000000 187.000000 -0.515496 -0.173987
181.000000 187.000000 -0.452928 -0.170182
161.000000 188.000000 -0.476445 -0.170550
1089.000000 188.000000 0.441992 -0.168627
842.000000 190.000000 0.186525 -0.156250
892.000000 190.000000 0.234635 -0.157579
1266.000000 191.000000 0.671066 -0.180466
231.000000 192.000000 -0.395985 -0.162127
896.000000 192.000000 0.238480 -0.155797
1065.000000 192.000000 0.414421 -0.163131
823.000000 194.000000 0.168459 -0.152074
1131.000000 195.000000 0.491201 -0.164379
128.000000 198.000000 -0.515894 -0.162689
242.000000 199.000000 -0.383567 -0.154631
283.000000 199.000000 -0.339779 -0.152710
981.000000 199.000000 0.323615 -0.152104
1244.000000 200.000000 0.638692 -0.168494
883.000000 201.000000 0.225577 -0.146896
1269.000000 201.000000 0.674430 -0.169786
1003.000000 202.000000 0.346484 -0.150126
1095.000000 204.000000 0.447932 -0.152893
1211.000000 204.000000 0.592799 -0.161264
1217.000000 204.000000 0.600925 -0.161776
114.000000 205.000000 -0.532919 -0.156490
1267.000000 206.000000 0.671048 -0.164122
113.000000 207.000000 -0.534036 -0.154492
163.000000 207.000000 -0.472794 -0.151105
875.000000 207.000000 0.217693 -0.141029
1049.000000 207.000000 0.395814 -0.147385
1098.000000 207.000000 0.451236 -0.150057
229.000000 208.000000 -0.397352 -0.146414
992.000000 208.000000 0.334687 -0.143840
1042.000000 208.000000 0.388082 -0.146055
1102.000000 208.000000 0.455837 -0.149289
1151.000000 208.000000 0.514832 -0.152454
1235.000000 208.000000 0.625352 -0.159061
108.000000 209.000000 -0.540237 -0.152786
114.000000 209.000000 -0.532627 -0.152351
1209.000000 209.000000 0.589690 -0.155800
836.000000 211.000000 0.180388 -0.136415
873.000000 211.000000 0.215671 -0.137216
839.000000 212.000000 0.183207 -0.135540
1002.000000 214.000000 0.344927 -0.138433
1055.000000 214.000000 0.402094 -0.140779
105.000000 215.000000 -0.543631 -0.146782
285.000000 216.000000 -0.336993 -0.136160
847.000000 216.000000 0.190711 -0.131960
854.000000 216.000000 0.197369 -0.132103
1105.000000 216.000000 0.458879 -0.141423
1151.000000 216.000000 0.514289 -0.144243
1266.000000 216.000000 0.668694 -0.153127
1200.000000 217.000000 0.577049 -0.146666
106.000000 218.000000 -0.542145 -0.143607
1094.000000 218.000000 0.445978 -0.138811
283.000000 219.000000 -0.338969 -0.133340
987.000000 220.000000 0.329023 -0.132067
283.000000 221.000000 -0.338894 -0.131410
106.000000 222.000000 -0.541873 -0.139473
205.000000 222.000000 -0.423403 -0.133769
1001.000000 222.000000 0.343564 -0.130656
244.000000 223.000000 -0.380284 -0.131015
288.000000 223.000000 -0.333608 -0.129301
999.000000 223.000000 0.341429 -0.129616
166.000000 224.000000 -0.468249 -0.133792
1075.000000 224.000000 0.423971 -0.131874
1114.000000 224.000000 0.469016 -0.133890
166.000000 226.000000 -0.468140 -0.131784
1245.000000 226.000000 0.637866 -0.140590
108.000000 228.000000 -0.538938 -0.133156
195.000000 228.000000 -0.434444 -0.128311
1264.000000 229.000000 0.664720 -0.138858
1091.000000 230.000000 0.441906 -0.126701
1267.000000 230.000000 0.668977 -0.138013
192.000000 231.000000 -0.437722 -0.125480
266.000000 231.000000 -0.356411 -0.122383
1087.000000 231.000000 0.437272 -0.125516
1146.000000 231.000000 0.507188 -0.128623
1077.000000 232.000000 0.425855 -0.124059
1089.000000 232.000000 0.439514 -0.124619
1225.000000 232.000000 0.609635 -0.132703
287.000000 233.000000 -0.334302 -0.119725
188.000000 235.000000 -0.442113 -0.121702
279.000000 236.000000 -0.342548 -0.117110
1060.000000 236.000000 0.406642 -0.119382
1085.000000 237.000000 0.434710 -0.119481
1115.000000 237.000000 0.469515 -0.120903
1133.000000 237.000000 0.491014 -0.121827
974.000000 238.000000 0.315024 -0.114393
1109.000000 238.000000 0.462406 -0.119609
252.000000 239.000000 -0.371041 -0.115153
267.000000 239.000000 -0.355070 -0.114628
797.000000 239.000000 0.143415 -0.109811
1139.000000 239.000000 0.498183 -0.120124
1268.000000 239.000000 0.669739 -0.128353
1270.000000 239.000000 0.672641 -0.128501
105.000000 240.000000 -0.542021 -0.121000
156.000000 240.000000 -0.479261 -0.118255
269.000000 240.000000 -0.352924 -0.113597
1262.000000 240.000000 0.661005 -0.126837
266.000000 241.000000 -0.356060 -0.112734
243.000000 242.000000 -0.380621 -0.112570
248.000000 242.000000 -0.375229 -0.112391
772.000000 243.000000 0.120250 -0.105851
172.000000 244.000000 -0.460210 -0.113498
266.000000 244.000000 -0.355961 -0.109845
241.000000 245.000000 -0.382677 -0.109732
166.000000 246.000000 -0.467146 -0.111778
174.000000 246.000000 -0.457788 -0.111419
1180.000000 246.000000 0.549047 -0.115230
250.000000 247.000000 -0.372907 -0.107483
228.000000 248.000000 -0.396735 -0.107282
264.000000 248.000000 -0.357949 -0.106060
1126.000000 249.000000 0.482007 -0.109413
1012.000000 250.000000 0.354189 -0.104063
1230.000000 250.000000 0.615296 -0.114033
227.000000 251.000000 -0.397724 -0.104398
262.000000 251.000000 -0.359974 -0.103237
1176.000000 251.000000 0.543651 -0.109878
1178.000000 252.000000 0.546154 -0.108959
225.000000 253.000000 -0.399851 -0.102522
1180.000000 253.000000 0.548664 -0.108039
1194.000000 253.000000 0.566804 -0.108794
222.000000 254.000000 -0.403118 -0.101653
958.000000 254.000000 0.298312 -0.098767
1015.000000 254.000000 0.357241 -0.100311
224.000000 255.000000 -0.400881 -0.100611
817.000000 255.000000 0.161845 -0.095313
957.000000 256.000000 0.297254 -0.096852
1069.000000 256.000000 0.415886 -0.100151
997.000000 257.000000 0.338244 -0.096920
227.000000 258.000000 -0.397485 -0.097593
817.000000 258.000000 0.161809 -0.092551
1080.000000 258.000000 0.428178 -0.098590
1220.000000 258.000000 0.601161 -0.105041
1251.000000 258.000000 0.644119 -0.106845
1005.000000 259.000000 0.346555 -0.095228
1083.000000 259.000000 0.431539 -0.097717
1216.000000 259.000000 0.595696 -0.103773
1062.000000 260.000000 0.407956 -0.096003
229.000000 262.000000 -0.395166 -0.093647
811.000000 262.000000 0.156167 -0.088805
1087.000000 262.000000 0.435978 -0.094914
811.000000 264.000000 0.156146 -0.086967
128.000000 265.000000 -0.511989 -0.094408
1171.000000 265.000000 0.536604 -0.095328
1209.000000 265.000000 0.585988 -0.097158
1245.000000 265.000000 0.635259 -0.099070
1157.000000 266.000000 0.519008 -0.093692
1202.000000 266.000000 0.576644 -0.095772
119.000000 268.000000 -0.522998 -0.091760
128.000000 268.000000 -0.511863 -0.091383
232.000000 268.000000 -0.391709 -0.087745
1245.000000 268.000000 0.635096 -0.095896
1059.000000 269.000000 0.404350 -0.087152
1222.000000 269.000000 0.603290 -0.093650
1049.000000 270.000000 0.393337 -0.085888
1274.000000 270.000000 0.676457 -0.095344
139.000000 271.000000 -0.498312 -0.087929
1221.000000 271.000000 0.601833 -0.091513
1223.000000 271.000000 0.604550 -0.091611
1276.000000 271.000000 0.679319 -0.094379
235.000000 272.000000 -0.388332 -0.083794
1274.000000 274.000000 0.676241 -0.091048
232.000000 275.000000 -0.391513 -0.080979
1160.000000 275.000000 0.522368 -0.084715
61.000000 277.000000 -0.597694 -0.085076
223.000000 277.000000 -0.401305 -0.079287
787.000000 277.000000 0.133776 -0.074839
964.000000 277.000000 0.303882 -0.077183
1050.000000 277.000000 0.394236 -0.079145
1169.000000 277.000000 0.533568 -0.083044
1275.000000 277.000000 0.677542 -0.087879
1233.000000 278.000000 0.617908 -0.084766
65.000000 279.000000 -0.592233 -0.082823
818.000000 279.000000 0.162520 -0.073275
989.000000 279.000000 0.329416 -0.075792
112.000000 280.000000 -0.531265 -0.079893
1006.000000 280.000000 0.347085 -0.075203
66.000000 281.000000 -0.590809 -0.080707
1239.000000 281.000000 0.626075 -0.081893
216.000000 282.000000 -0.408891 -0.074628
1081.000000 282.000000 0.428536 -0.075131
65.000000 283.000000 -0.592064 -0.078678
954.000000 283.000000 0.293682 -0.071356
990.000000 283.000000 0.330368 -0.072020
1038.000000 283.000000 0.381050 -0.073058
1133.000000 284.000000 0.489018 -0.074718
1204.000000 284.000000 0.578485 -0.077278
46.000000 285.000000 -0.617756 -0.077389
180.000000 285.000000 -0.449430 -0.072678
203.000000 286.000000 -0.423269 -0.071078
924.000000 286.000000 0.263798 -0.068075
1133.000000 286.000000 0.488954 -0.072725
1175.000000 286.000000 0.540821 -0.074134
63.000000 287.000000 -0.594583 -0.074614
916.000000 287.000000 0.255929 -0.067030
201.000000 288.000000 -0.425464 -0.069181
1092.000000 289.000000 0.440843 -0.068584
11.000000 290.000000 -0.666807 -0.073593
65.000000 290.000000 -0.591788 -0.071431
1222.000000 290.000000 0.602358 -0.071774
1272.000000 290.000000 0.672567 -0.073814
856.000000 292.000000 0.198113 -0.061703
1164.000000 292.000000 0.526756 -0.067689
64.000000 293.000000 -0.593016 -0.068365
1265.000000 294.000000 0.662287 -0.069260
397.000000 297.000000 -0.223443 -0.057350
1201.000000 297.000000 0.574054 -0.063795
282.000000 298.000000 -0.337889 -0.057920
1028.000000 298.000000 0.369999 -0.058465
1144.000000 299.000000 0.501877 -0.060077
1177.000000 299.000000 0.542939 -0.061006
18.000000 300.000000 -0.656384 -0.062695
1194.000000 300.000000 0.564794 -0.060499
1229.000000 300.000000 0.611534 -0.061622
1235.000000 300.000000 0.619781 -0.061825
790.000000 301.000000 0.136383 -0.052969
997.000000 301.000000 0.337303 -0.055088
1114.000000 301.000000 0.466002 -0.057342
911.000000 302.000000 0.250857 -0.053033
1000.000000 302.000000 0.340408 -0.054187
1269.000000 302.000000 0.667753 -0.060897
745.000000 303.000000 0.095118 -0.050941
60.000000 304.000000 -0.598023 -0.057118
735.000000 307.000000 0.085999 -0.047282
1095.000000 307.000000 0.443862 -0.051042
1098.000000 307.000000 0.447304 -0.051102
1139.000000 307.000000 0.495614 -0.051977
1221.000000 307.000000 0.600429 -0.054101
74.000000 308.000000 -0.579247 -0.052593
1148.000000 308.000000 0.506533 -0.051185
1185.000000 309.000000 0.552896 -0.051071
25.000000 310.000000 -0.646121 -0.051901
51.000000 311.000000 -0.610012 -0.050120
97.000000 311.000000 -0.549301 -0.048944
1154.000000 312.000000 0.513809 -0.047318
1268.000000 312.000000 0.665986 -0.050229
69.000000 313.000000 -0.585738 -0.047585
1218.000000 314.000000 0.596191 -0.046778
1266.000000 314.000000 0.663048 -0.048049
64.000000 315.000000 -0.592355 -0.045648
1248.000000 315.000000 0.637428 -0.046506
1180.000000 316.000000 0.546327 -0.043850
1221.000000 316.000000 0.600190 -0.044784
51.000000 317.000000 -0.609859 -0.043891
68.000000 317.000000 -0.586972 -0.043495
21.000000 318.000000 -0.651569 -0.043575
66.000000 318.000000 -0.589613 -0.042511
1245.000000 318.000000 0.633148 -0.043283
106.000000 319.000000 -0.537700 -0.040655
1007.000000 319.000000 0.347490 -0.038168
1110.000000 319.000000 0.460974 -0.039554
1203.000000 320.000000 0.576071 -0.040261
1072.000000 321.000000 0.417637 -0.037048
1242.000000 321.000000 0.628891 -0.040071
958.000000 322.000000 0.297203 -0.034865
723.000000 324.000000 0.075058 -0.031873
1259.000000 324.000000 0.652776 -0.037293
1134.000000 325.000000 0.489255 -0.034004
1095.000000 326.000000 0.443555 -0.032488
1239.000000 326.000000 0.624618 -0.034785
1244.000000 326.000000 0.631574 -0.034882
1269.000000 326.000000 0.667081 -0.035387
1115.000000 327.000000 0.466700 -0.031765
1134.000000 327.000000 0.489227 -0.032022
1169.000000 327.000000 0.532194 -0.032536
966.000000 328.000000 0.305227 -0.029313
1162.000000 328.000000 0.523425 -0.031425
964.000000 329.000000 0.303198 -0.028362
1167.000000 329.000000 0.529655 -0.030494
689.000000 330.000000 0.044293 -0.026411
951.000000 330.000000 0.290119 -0.027339
1196.000000 330.000000 0.566713 -0.029913
1244.000000 330.000000 0.631500 -0.030697
1063.000000 332.000000 0.407524 -0.026323
1173.000000 333.000000 0.537148 -0.026548
1265.000000 333.000000 0.661191 -0.027893
1189.000000 334.000000 0.557571 -0.025742
89.000000 335.000000 -0.559138 -0.024728
682.000000 335.000000 0.037974 -0.021897
1092.000000 335.000000 0.440031 -0.023684
1249.000000 335.000000 0.638424 -0.025539
1109.000000 336.000000 0.459595 -0.022863
1114.000000 336.000000 0.465428 -0.022910
58.000000 337.000000 -0.600010 -0.023066
1139.000000 337.000000 0.495125 -0.022163
55.000000 339.000000 -0.604039 -0.021036
1235.000000 340.000000 0.618874 -0.020136
1156.000000 341.000000 0.515838 -0.018335
1171.000000 341.000000 0.534539 -0.018466
1276.000000 341.000000 0.676991 -0.019555
54.000000 342.000000 -0.605362 -0.017945
1222.000000 342.000000 0.601101 -0.017926
684.000000 343.000000 0.039773 -0.014688
54.000000 344.000000 -0.605343 -0.015877
1101.000000 344.000000 0.450276 -0.014974
1117.000000 344.000000 0.468881 -0.015073
1155.000000 344.000000 0.514581 -0.015328
1276.000000 344.000000 0.676959 -0.016361
1110.000000 345.000000 0.460691 -0.014049
1193.000000 345.000000 0.562638 -0.014599
50.000000 346.000000 -0.610765 -0.013840
870.000000 346.000000 0.211086 -0.012209
1180.000000 346.000000 0.545904 -0.013492
1052.000000 347.000000 0.395348 -0.011826
1219.000000 347.000000 0.597009 -0.012740
1222.000000 347.000000 0.601059 -0.012761
1224.000000 347.000000 0.603769 -0.012776
27.000000 348.000000 -0.642612 -0.011924
1251.000000 349.000000 0.641092 -0.010875
58.000000 350.000000 -0.599894 -0.009653
1142.000000 350.000000 0.498662 -0.009277
50.000000 351.000000 -0.610733 -0.008660
213.000000 351.000000 -0.411210 -0.008026
1171.000000 352.000000 0.534469 -0.007394
1222.000000 352.000000 0.601031 -0.007598
1148.000000 353.000000 0.505948 -0.006315
1232.000000 353.000000 0.614651 -0.006604
45.000000 354.000000 -0.617560 -0.005569
1108.000000 354.000000 0.458330 -0.005224
1135.000000 354.000000 0.490206 -0.005287
1182.000000 355.000000 0.548417 -0.004400
1236.000000 355.000000 0.620148 -0.004538
123.000000 356.000000 -0.516121 -0.003340
1173.000000 356.000000 0.536980 -0.003372
15.000000 357.000000 -0.659597 -0.002503
1185.000000 357.000000 0.552256 -0.002381
1234.000000 357.000000 0.617388 -0.002454
1245.000000 357.000000 0.632641 -0.002472
17.000000 358.000000 -0.656739 -0.001445
1116.000000 358.000000 0.467658 -0.001313
1215.000000 358.000000 0.591593 -0.001396
1146.000000 359.000000 0.503499 -0.000340
1222.000000 359.000000 0.601014 -0.000370
124.000000 360.000000 -0.514886 0.000655
1108.000000 360.000000 0.458323 0.000651
1126.000000 360.000000 0.479455 0.000653
1137.000000 360.000000 0.492603 0.000654
1214.000000 360.000000 0.590253 0.000661
1247.000000 360.000000 0.635437 0.000664
1244.000000 361.000000 0.631242 0.001709
123.000000 362.000000 -0.516119 0.002654
214.000000 362.000000 -0.410092 0.002574
1182.000000 362.000000 0.548412 0.002682
1203.000000 362.000000 0.575658 0.002705
211.000000 363.000000 -0.413414 0.003540
1141.000000 363.000000 0.497432 0.003633
1202.000000 365.000000 0.574348 0.005769
1218.000000 366.000000 0.595629 0.006844
1239.000000 367.000000 0.624304 0.007958
1205.000000 368.000000 0.578311 0.008848
1255.000000 368.000000 0.646728 0.009076
1262.000000 368.000000 0.656693 0.009110
215.000000 369.000000 -0.409001 0.009314
1001.000000 370.000000 0.341019 0.010086
1118.000000 370.000000 0.470026 0.010484
1155.000000 370.000000 0.514548 0.010645
1255.000000 370.000000 0.646739 0.011179
3.000000 372.000000 -0.676934 0.013427
1165.000000 372.000000 0.526965 0.012700
1199.000000 373.000000 0.570449 0.013924
1195.000000 374.000000 0.565234 0.014915
279.000000 375.000000 -0.340533 0.014802
1134.000000 375.000000 0.489048 0.015501
1154.000000 375.000000 0.513345 0.015634
1160.000000 375.000000 0.520760 0.015676
1217.000000 375.000000 0.594337 0.016110
1259.000000 375.000000 0.652459 0.016473
901.000000 377.000000 0.240862 0.016318
1174.000000 377.000000 0.538311 0.017792
1260.000000 378.000000 0.653915 0.019647
114.000000 379.000000 -0.527359 0.019719
633.000000 379.000000 -0.006162 0.017736
1164.000000 379.000000 0.525768 0.019718
1204.000000 379.000000 0.577070 0.020098
1145.000000 380.000000 0.502372 0.020547
1162.000000 381.000000 0.523295 0.021705
1188.000000 381.000000 0.556226 0.021971
1225.000000 381.000000 0.605205 0.022384
1261.000000 381.000000 0.655377 0.022824
1231.000000 382.000000 0.613404 0.023493
1246.000000 382.000000 0.634179 0.023683
24.000000 383.000000 -0.646958 0.024837
268.000000 383.000000 -0.352060 0.022426
1023.000000 383.000000 0.364197 0.022509
1082.000000 383.000000 0.428682 0.022951
1138.000000 383.000000 0.493923 0.023462
1202.000000 383.000000 0.574481 0.024167
946.000000 385.000000 0.285099 0.023923
1183.000000 385.000000 0.549847 0.025970
1185.000000 385.000000 0.552412 0.025995
1190.000000 385.000000 0.558855 0.026058
1203.000000 385.000000 0.575822 0.026226
1210.000000 385.000000 0.585088 0.026319
1219.000000 385.000000 0.597137 0.026441
1275.000000 385.000000 0.675619 0.027261
1120.000000 386.000000 0.472498 0.026241
1200.000000 386.000000 0.571892 0.027208
1259.000000 386.000000 0.652595 0.028072
1220.000000 387.000000 0.598514 0.028519
109.000000 388.000000 -0.533717 0.028819
1177.000000 388.000000 0.542234 0.028926
1179.000000 388.000000 0.544778 0.028954
1121.000000 389.000000 0.473712 0.029208
1184.000000 390.000000 0.551197 0.031050
1186.000000 390.000000 0.553766 0.031080
1205.000000 390.000000 0.578533 0.031374
305.000000 391.000000 -0.313896 0.029710
599.000000 391.000000 -0.036795 0.028562
1276.000000 391.000000 0.677179 0.033668
90.000000 392.000000 -0.557953 0.033144
97.000000 392.000000 -0.548971 0.033032
108.000000 392.000000 -0.535031 0.032861
1119.000000 392.000000 0.471391 0.032138
1122.000000 392.000000 0.474930 0.032178
1147.000000 392.000000 0.504947 0.032520
1183.000000 392.000000 0.549946 0.033063
1225.000000 392.000000 0.605367 0.033771
107.000000 394.000000 -0.536321 0.034892
235.000000 394.000000 -0.387312 0.033184
243.000000 394.000000 -0.378686 0.033100
1065.000000 394.000000 0.409803 0.033425
1145.000000 395.000000 0.502555 0.035479
1184.000000 395.000000 0.551278 0.036121
1192.000000 395.000000 0.561599 0.036262
1225.000000 395.000000 0.605423 0.036878
1208.000000 396.000000 0.582610 0.037581
1064.000000 397.000000 0.408733 0.036308
236.000000 398.000000 -0.386275 0.037005
1058.000000 399.000000 0.402143 0.038159
1176.000000 399.000000 0.541144 0.040026
1186.000000 399.000000 0.553922 0.040218
1256.000000 400.000000 0.648605 0.042775
197.000000 401.000000 -0.429355 0.040414
13.000000 402.000000 -0.662992 0.045106
77.000000 402.000000 -0.575060 0.043589
1131.000000 402.000000 0.485783 0.042200
1175.000000 403.000000 0.539955 0.044049
1093.000000 404.000000 0.441421 0.043517
1171.000000 404.000000 0.534920 0.044975
85.000000 405.000000 -0.564678 0.046475
1107.000000 406.000000 0.457578 0.045715
250.000000 407.000000 -0.371349 0.045430
253.000000 407.000000 -0.368151 0.045388
1168.000000 407.000000 0.531211 0.047935
1132.000000 408.000000 0.487094 0.048167
1236.000000 408.000000 0.620801 0.050653
249.000000 409.000000 -0.372446 0.047354
1252.000000 409.000000 0.643179 0.052153
1047.000000 410.000000 0.390277 0.048581
1194.000000 410.000000 0.564524 0.051601
1204.000000 410.000000 0.577635 0.051861
1238.000000 410.000000 0.623624 0.052798
1256.000000 410.000000 0.648874 0.053325
1179.000000 411.000000 0.545224 0.052239
1195.000000 412.000000 0.565879 0.053670
763.000000 413.000000 0.111546 0.048645
1166.000000 413.000000 0.528845 0.053935
1168.000000 413.000000 0.531353 0.053985
1160.000000 414.000000 0.521384 0.054791
1197.000000 414.000000 0.568545 0.055770
186.000000 415.000000 -0.442076 0.054243
1044.000000 415.000000 0.387102 0.053334
1164.000000 415.000000 0.526393 0.055899
103.000000 418.000000 -0.541908 0.059228
307.000000 418.000000 -0.312151 0.055052
1043.000000 418.000000 0.386072 0.056197
196.000000 419.000000 -0.430806 0.057937
1105.000000 419.000000 0.455523 0.058438
1191.000000 419.000000 0.560876 0.060707
562.000000 421.000000 -0.070297 0.055731
1190.000000 421.000000 0.559640 0.062718
1160.000000 422.000000 0.521599 0.062837
85.000000 423.000000 -0.565173 0.064858
381.000000 423.000000 -0.238868 0.058792
1094.000000 423.000000 0.442944 0.062104
1103.000000 423.000000 0.453301 0.062320
1207.000000 423.000000 0.581994 0.065316
1162.000000 424.000000 0.524148 0.064909
1268.000000 424.000000 0.666539 0.068582
959.000000 425.000000 0.298532 0.061451
1105.000000 425.000000 0.455668 0.064335
1157.000000 425.000000 0.517964 0.065766
1171.000000 425.000000 0.535469 0.066194
1065.000000 426.000000 0.410345 0.064359
1107.000000 426.000000 0.458016 0.065370
1186.000000 426.000000 0.554632 0.067691
1269.000000 426.000000 0.668063 0.070753
1249.000000 427.000000 0.639565 0.071016
1073.000000 428.000000 0.419301 0.066484
1184.000000 428.000000 0.552125 0.069663
1209.000000 428.000000 0.584827 0.070541
943.000000 429.000000 0.282554 0.064962
1191.000000 429.000000 0.561201 0.070925
731.000000 430.000000 0.082425 0.063940
1073.000000 430.000000 0.419349 0.068428
1088.000000 430.000000 0.436270 0.068804
1251.000000 430.000000 0.642506 0.074262
984.000000 431.000000 0.324080 0.067512
1167.000000 432.000000 0.530661 0.073145
1200.000000 432.000000 0.573068 0.074328
91.000000 433.000000 -0.557744 0.074872
1032.000000 434.000000 0.374536 0.071332
1084.000000 434.000000 0.431834 0.072608
1150.000000 434.000000 0.509616 0.074587
1212.000000 434.000000 0.589059 0.076856
538.000000 435.000000 -0.092167 0.068523
1081.000000 435.000000 0.428468 0.073503
1252.000000 435.000000 0.644134 0.079590
1166.000000 436.000000 0.529546 0.077156
91.000000 437.000000 -0.557895 0.078960
1164.000000 437.000000 0.527076 0.078096
1071.000000 438.000000 0.417319 0.076157
1256.000000 438.000000 0.649943 0.082949
892.000000 439.000000 0.232679 0.073548
1025.000000 439.000000 0.367161 0.075966
1245.000000 439.000000 0.634460 0.083497
1254.000000 439.000000 0.647149 0.083916
221.000000 440.000000 -0.403439 0.077732
531.000000 440.000000 -0.098579 0.073106
1078.000000 440.000000 0.425224 0.078300
1092.000000 440.000000 0.441110 0.078708
1146.000000 440.000000 0.504922 0.080471
541.000000 441.000000 -0.089463 0.073963
1005.000000 441.000000 0.346071 0.077423
1204.000000 441.000000 0.578706 0.083759
90.000000 442.000000 -0.559387 0.084116
935.000000 442.000000 0.274805 0.076999
1144.000000 442.000000 0.502552 0.082405
1191.000000 442.000000 0.561701 0.084238
1214.000000 442.000000 0.592076 0.085230
1246.000000 442.000000 0.636004 0.086710
1176.000000 443.000000 0.542451 0.084643
541.000000 444.000000 -0.089478 0.076692
1142.000000 444.000000 0.500190 0.084337
890.000000 445.000000 0.230832 0.079085
1178.000000 445.000000 0.545083 0.086763
1216.000000 445.000000 0.594901 0.088437
1114.000000 446.000000 0.466798 0.085330
1080.000000 447.000000 0.427688 0.085198
1099.000000 447.000000 0.449371 0.085810
1101.000000 447.000000 0.451682 0.085876
1103.000000 447.000000 0.453997 0.085943
1139.000000 447.000000 0.496659 0.087231
1176.000000 447.000000 0.542617 0.088717
1202.000000 447.000000 0.576328 0.089864
261.000000 448.000000 -0.360458 0.084402
1090.000000 448.000000 0.439074 0.086497
96.000000 449.000000 -0.551955 0.091022
852.000000 449.000000 0.194565 0.082272
1099.000000 449.000000 0.449439 0.087780
1001.000000 450.000000 0.342097 0.085908
262.000000 451.000000 -0.359476 0.087250
1070.000000 451.000000 0.416583 0.088791
1197.000000 452.000000 0.569982 0.094789
1014.000000 453.000000 0.355831 0.089104
1164.000000 453.000000 0.527716 0.094301
1227.000000 454.000000 0.610277 0.098374
69.000000 455.000000 -0.587564 0.098484
1150.000000 455.000000 0.510416 0.095717
1076.000000 456.000000 0.423473 0.093872
1213.000000 456.000000 0.591410 0.099730
1073.000000 457.000000 0.420137 0.094748
1091.000000 457.000000 0.440527 0.095379
1131.000000 457.000000 0.487404 0.096926
1138.000000 457.000000 0.495848 0.097218
1168.000000 457.000000 0.532925 0.098546
1076.000000 458.000000 0.423542 0.095829
1166.000000 458.000000 0.530453 0.099470
1215.000000 458.000000 0.594203 0.101918
935.000000 459.000000 0.275125 0.092937
1084.000000 459.000000 0.432620 0.097093
76.000000 460.000000 -0.578531 0.103308
1044.000000 460.000000 0.388203 0.096715
1080.000000 460.000000 0.428124 0.097931
1136.000000 460.000000 0.493555 0.100144
1138.000000 460.000000 0.495977 0.100231
1203.000000 460.000000 0.578290 0.103360
1160.000000 461.000000 0.523077 0.102237
1049.000000 462.000000 0.393724 0.098815
1138.000000 462.000000 0.496065 0.102240
989.000000 463.000000 0.329950 0.097994
1035.000000 464.000000 0.378577 0.100299
1135.000000 464.000000 0.492523 0.104116
1158.000000 464.000000 0.520727 0.105186
1170.000000 464.000000 0.535788 0.105776
1145.000000 465.000000 0.504728 0.105580
52.000000 466.000000 -0.611119 0.110906
1133.000000 466.000000 0.490200 0.106033
1143.000000 466.000000 0.502330 0.106495
1153.000000 466.000000 0.514619 0.106972
1156.000000 466.000000 0.518338 0.107118
55.000000 467.000000 -0.607086 0.111778
876.000000 467.000000 0.217707 0.099296
1028.000000 467.000000 0.371143 0.102972
1127.000000 467.000000 0.483041 0.106765
1261.000000 467.000000 0.658693 0.114141
1124.000000 468.000000 0.479504 0.107631
1054.000000 469.000000 0.399451 0.105794
1142.000000 469.000000 0.501253 0.109474
1165.000000 469.000000 0.529736 0.110622
971.000000 470.000000 0.311633 0.104175
1179.000000 470.000000 0.547563 0.112387
336.000000 472.000000 -0.283955 0.105342
1223.000000 472.000000 0.605850 0.117033
1051.000000 473.000000 0.396299 0.109581
1155.000000 473.000000 0.517449 0.114174
1162.000000 473.000000 0.526180 0.114542
1165.000000 474.000000 0.530000 0.115723
507.000000 475.000000 -0.120847 0.105277
1050.000000 475.000000 0.395276 0.111493
1038.000000 477.000000 0.382266 0.112995
1111.000000 477.000000 0.464537 0.116025
1114.000000 477.000000 0.468067 0.116166
1137.000000 477.000000 0.495567 0.117297
1156.000000 477.000000 0.518904 0.118294
1251.000000 477.000000 0.645105 0.124175
998.000000 478.000000 0.339748 0.112597
1088.000000 478.000000 0.437935 0.115976
1167.000000 478.000000 0.532742 0.119923
1269.000000 479.000000 0.671055 0.127601
998.000000 480.000000 0.339812 0.114516
1113.000000 480.000000 0.467032 0.119116
1185.000000 480.000000 0.555865 0.123031
14.000000 481.000000 -0.665437 0.129377
894.000000 481.000000 0.235344 0.112702
1076.000000 481.000000 0.424437 0.118416
1099.000000 481.000000 0.450729 0.119448
1136.000000 481.000000 0.494562 0.121282
1271.000000 481.000000 0.674106 0.129910
1042.000000 482.000000 0.386799 0.118007
1055.000000 482.000000 0.401049 0.118521
1073.000000 482.000000 0.421100 0.119272
1120.000000 482.000000 0.475412 0.121465
1187.000000 482.000000 0.558580 0.125221
1270.000000 483.000000 0.672802 0.132000
1095.000000 484.000000 0.446246 0.122241
1106.000000 484.000000 0.459015 0.122770
1190.000000 484.000000 0.562608 0.127481
292.000000 485.000000 -0.329067 0.118935
454.000000 485.000000 -0.170220 0.115160
1074.000000 485.000000 0.422357 0.122271
1141.000000 485.000000 0.500860 0.125598
1151.000000 485.000000 0.513148 0.126159
1188.000000 485.000000 0.560067 0.128390
1239.000000 486.000000 0.628868 0.132924
185.000000 487.000000 -0.445677 0.125138
1028.000000 487.000000 0.371847 0.122329
1104.000000 487.000000 0.456829 0.125665
1127.000000 487.000000 0.484029 0.126856
1150.000000 487.000000 0.512026 0.128138
1167.000000 487.000000 0.533270 0.129146
1222.000000 487.000000 0.605484 0.132765
1250.000000 488.000000 0.644485 0.135878
1143.000000 489.000000 0.503531 0.129768
1029.000000 490.000000 0.373039 0.125282
1093.000000 490.000000 0.444230 0.128109
1115.000000 490.000000 0.469899 0.129233
451.000000 491.000000 -0.173133 0.120772
290.000000 493.000000 -0.331408 0.126677
1147.000000 493.000000 0.508679 0.134072
13.000000 494.000000 -0.667876 0.143500
167.000000 494.000000 -0.466987 0.133043
1062.000000 494.000000 0.409324 0.130595
1117.000000 494.000000 0.472483 0.133359
1134.000000 495.000000 0.492916 0.135334
1145.000000 495.000000 0.506339 0.135989
1108.000000 497.000000 0.462031 0.135879
1173.000000 497.000000 0.541529 0.139826
1139.000000 498.000000 0.499174 0.138678
218.000000 499.000000 -0.408920 0.135439
1031.000000 499.000000 0.375563 0.134127
1104.000000 500.000000 0.457512 0.138668
1083.000000 501.000000 0.433326 0.138543
486.000000 502.000000 -0.140593 0.130442
1044.000000 502.000000 0.389824 0.137633
1130.000000 502.000000 0.488498 0.142193
1063.000000 503.000000 0.410865 0.139516
1132.000000 503.000000 0.490976 0.143331
925.000000 504.000000 0.266324 0.135154
1019.000000 504.000000 0.362888 0.138489
1117.000000 504.000000 0.473055 0.143435
1192.000000 505.000000 0.566676 0.149490
8.000000 507.000000 -0.676219 0.158060
1126.000000 507.000000 0.483989 0.147019
1191.000000 507.000000 0.565516 0.151507
1254.000000 507.000000 0.651722 0.156669
1053.000000 508.000000 0.400005 0.143959
1055.000000 508.000000 0.402217 0.144058
1060.000000 508.000000 0.407770 0.144307
1091.000000 508.000000 0.442874 0.145955
1131.000000 508.000000 0.490081 0.148350
1193.000000 508.000000 0.568216 0.152706
1007.000000 509.000000 0.350346 0.142846
1071.000000 509.000000 0.420141 0.145865
1122.000000 509.000000 0.479319 0.148797
1124.000000 509.000000 0.481714 0.148922
1126.000000 509.000000 0.484115 0.149049
1112.000000 510.000000 0.467492 0.149192
1115.000000 510.000000 0.471044 0.149375
275.000000 511.000000 -0.347786 0.144635
484.000000 511.000000 -0.142587 0.138831
1020.000000 511.000000 0.364262 0.145356
1090.000000 511.000000 0.441891 0.148900
1133.000000 511.000000 0.492698 0.151534
740.000000 512.000000 0.091202 0.139071
1099.000000 512.000000 0.452368 0.150426
1102.000000 512.000000 0.455865 0.150604
7.000000 513.000000 -0.678219 0.164710
1018.000000 513.000000 0.362212 0.147218
1082.000000 513.000000 0.432833 0.150446
1090.000000 513.000000 0.442006 0.150903
1137.000000 513.000000 0.497697 0.153841
3.000000 514.000000 -0.684145 0.166179
225.000000 514.000000 -0.401894 0.149896
1044.000000 514.000000 0.390395 0.149427
1097.000000 514.000000 0.450161 0.152317
1122.000000 514.000000 0.479637 0.153870
1128.000000 514.000000 0.486847 0.154262
1207.000000 514.000000 0.587278 0.160142
963.000000 515.000000 0.304899 0.146910
1057.000000 515.000000 0.404792 0.151077
1143.000000 515.000000 0.505182 0.156300
1156.000000 515.000000 0.521306 0.157223
3.000000 516.000000 -0.684334 0.168375
259.000000 516.000000 -0.365000 0.150209
1046.000000 516.000000 0.392691 0.151499
1175.000000 516.000000 0.545457 0.159680
1053.000000 517.000000 0.400461 0.152847
1127.000000 517.000000 0.485840 0.157251
1177.000000 517.000000 0.548105 0.160878
1208.000000 517.000000 0.588871 0.163403
798.000000 518.000000 0.144889 0.145408
800.000000 518.000000 0.146755 0.145442
949.000000 518.000000 0.290794 0.149283
1012.000000 518.000000 0.356041 0.151828
1105.000000 518.000000 0.459745 0.156836
1118.000000 518.000000 0.475119 0.157671
1174.000000 518.000000 0.544329 0.161686
144.000000 519.000000 -0.496042 0.159782
909.000000 519.000000 0.250969 0.148922
1084.000000 519.000000 0.435466 0.156562
1238.000000 519.000000 0.630189 0.168194
1092.000000 520.000000 0.444730 0.158046
1127.000000 520.000000 0.486044 0.160310
1201.000000 520.000000 0.579766 0.165985
1027.000000 521.000000 0.372253 0.155473
1075.000000 521.000000 0.425327 0.158037
1151.000000 521.000000 0.515509 0.163048
1256.000000 521.000000 0.655867 0.172055
1123.000000 522.000000 0.481368 0.162076
1189.000000 522.000000 0.564090 0.167084
1196.000000 522.000000 0.573303 0.167673
1049.000000 523.000000 0.396359 0.158574
1161.000000 523.000000 0.528186 0.165876
1187.000000 523.000000 0.561558 0.167969
907.000000 524.000000 0.249156 0.153616
1026.000000 524.000000 0.371322 0.158371
1257.000000 524.000000 0.657592 0.175424
181.000000 525.000000 -0.452433 0.163409
1073.000000 525.000000 0.423295 0.161917
1110.000000 525.000000 0.466088 0.164248
1125.000000 525.000000 0.483981 0.165276
1031.000000 526.000000 0.376830 0.160592
1012.000000 527.000000 0.356463 0.160629
1071.000000 527.000000 0.421151 0.163798
1118.000000 527.000000 0.475728 0.166828
1126.000000 527.000000 0.485327 0.167392
904.000000 528.000000 0.246333 0.157332
1111.000000 528.000000 0.467474 0.167363
955.000000 529.000000 0.297285 0.160086
1130.000000 529.000000 0.490309 0.169729
1002.000000 530.000000 0.346000 0.163087
1216.000000 530.000000 0.600849 0.177966
952.000000 531.000000 0.294317 0.161897
1010.000000 531.000000 0.354528 0.164452
1055.000000 531.000000 0.403450 0.166852
932.000000 532.000000 0.274211 0.162104
976.000000 532.000000 0.318930 0.163856
1081.000000 532.000000 0.432829 0.169428
1084.000000 532.000000 0.436267 0.169620
1146.000000 532.000000 0.510143 0.174032
1262.000000 532.000000 0.665598 0.184689
1035.000000 533.000000 0.381549 0.167716
1086.000000 533.000000 0.438630 0.170757
1115.000000 533.000000 0.472574 0.172736
1222.000000 533.000000 0.609336 0.181757
1264.000000 534.000000 0.668699 0.187097
305.000000 535.000000 -0.317535 0.166655
1089.000000 536.000000 0.442287 0.173984
1103.000000 536.000000 0.458594 0.174943
1273.000000 536.000000 0.682016 0.190260
1055.000000 537.000000 0.403803 0.172834
1100.000000 537.000000 0.455147 0.175750
1105.000000 537.000000 0.461017 0.176102
1089.000000 538.000000 0.442421 0.176007
1102.000000 538.000000 0.457561 0.176907
1107.000000 538.000000 0.463446 0.177263
271.000000 539.000000 -0.353319 0.172173
1274.000000 539.000000 0.683805 0.193693
1102.000000 540.000000 0.457703 0.178943
1107.000000 541.000000 0.463664 0.180324
313.000000 542.000000 -0.309610 0.173107
768.000000 542.000000 0.117388 0.167373
1095.000000 542.000000 0.449660 0.180479
1215.000000 542.000000 0.600654 0.190749
1226.000000 542.000000 0.615744 0.191868
822.000000 544.000000 0.167917 0.170283
1066.000000 544.000000 0.416564 0.180534
1143.000000 544.000000 0.507402 0.186232
1254.000000 544.000000 0.655368 0.197027
989.000000 545.000000 0.333056 0.177142
1096.000000 545.000000 0.451041 0.183603
1107.000000 545.000000 0.463960 0.184412
1127.000000 545.000000 0.487898 0.185960
1217.000000 545.000000 0.603687 0.194185
374.000000 546.000000 -0.248488 0.174555
126.000000 547.000000 -0.520435 0.190134
308.000000 547.000000 -0.314982 0.178204
361.000000 547.000000 -0.261378 0.175987
1026.000000 547.000000 0.372554 0.181087
1097.000000 547.000000 0.452354 0.185713
1128.000000 547.000000 0.489271 0.188106
1219.000000 547.000000 0.606630 0.196552
312.000000 548.000000 -0.310909 0.178994
374.000000 548.000000 -0.248558 0.176475
983.000000 548.000000 0.326935 0.179786
160.000000 549.000000 -0.478955 0.189379
425.000000 549.000000 -0.199069 0.175818
1056.000000 549.000000 0.405665 0.184912
1138.000000 549.000000 0.501656 0.191007
334.000000 550.000000 -0.288557 0.179965
1136.000000 550.000000 0.499283 0.191877
159.000000 551.000000 -0.480315 0.191521
483.000000 551.000000 -0.144227 0.176328
1049.000000 551.000000 0.398003 0.186469
1119.000000 551.000000 0.478727 0.191508
1157.000000 551.000000 0.525495 0.194760
1221.000000 551.000000 0.609797 0.201094
1046.000000 552.000000 0.394743 0.187281
1129.000000 552.000000 0.490899 0.193363
1132.000000 552.000000 0.494556 0.193616
909.000000 553.000000 0.252116 0.181453
1222.000000 553.000000 0.611389 0.203373
87.000000 554.000000 -0.571225 0.201197
95.000000 554.000000 -0.560720 0.200398
968.000000 554.000000 0.311679 0.184932
988.000000 554.000000 0.332464 0.185930
1064.000000 554.000000 0.414975 0.190478
1073.000000 554.000000 0.425173 0.191102
1092.000000 554.000000 0.447043 0.192484
1159.000000 554.000000 0.528297 0.198096
300.000000 555.000000 -0.323653 0.186420
1129.000000 555.000000 0.491152 0.196475
1194.000000 555.000000 0.573748 0.202575
443.000000 556.000000 -0.182074 0.181991
1010.000000 556.000000 0.355854 0.189102
1012.000000 556.000000 0.357994 0.189216
1021.000000 556.000000 0.367671 0.189741
1051.000000 556.000000 0.400549 0.191620
1067.000000 556.000000 0.418502 0.192707
1081.000000 557.000000 0.434543 0.194725
1240.000000 557.000000 0.636924 0.209750
127.000000 558.000000 -0.520170 0.201569
172.000000 558.000000 -0.465376 0.197687
273.000000 558.000000 -0.352214 0.190819
1042.000000 558.000000 0.390710 0.193041
1154.000000 558.000000 0.522360 0.201840
1162.000000 558.000000 0.532479 0.202596
1172.000000 558.000000 0.545281 0.203565
1234.000000 558.000000 0.628607 0.210162
968.000000 559.000000 0.311922 0.189829
1011.000000 559.000000 0.357096 0.192137
1085.000000 559.000000 0.439303 0.197062
1099.000000 559.000000 0.455612 0.198143
1041.000000 560.000000 0.389738 0.194984
1083.000000 560.000000 0.437069 0.197932
295.000000 561.000000 -0.329174 0.192580
1070.000000 561.000000 0.422260 0.197989
741.000000 562.000000 0.092708 0.185794
978.000000 562.000000 0.322437 0.193285
1007.000000 562.000000 0.352995 0.194885
1143.000000 562.000000 0.508984 0.205020
79.000000 563.000000 -0.582793 0.211697
1044.000000 563.000000 0.393248 0.198199
1076.000000 563.000000 0.429252 0.200465
1178.000000 563.000000 0.553551 0.209489
1182.000000 563.000000 0.558768 0.209902
377.000000 564.000000 -0.246193 0.191782
1194.000000 564.000000 0.574693 0.212242
741.000000 565.000000 0.092749 0.188627
1037.000000 566.000000 0.385730 0.200751
1241.000000 566.000000 0.639392 0.219784
935.000000 567.000000 0.278647 0.196096
1000.000000 567.000000 0.345836 0.199446
1106.000000 567.000000 0.464529 0.206958
998.000000 568.000000 0.343773 0.200323
985.000000 569.000000 0.330126 0.200575
1220.000000 569.000000 0.610438 0.220591
640.000000 570.000000 0.000150 0.192640
976.000000 570.000000 0.320781 0.201071
1063.000000 570.000000 0.414987 0.206625
1071.000000 570.000000 0.424069 0.207227
1080.000000 570.000000 0.434383 0.207925
1083.000000 570.000000 0.437844 0.208162
1105.000000 570.000000 0.463597 0.209977
1110.000000 571.000000 0.469632 0.211446
1202.000000 571.000000 0.586166 0.220694
415.000000 572.000000 -0.209395 0.198140
1069.000000 572.000000 0.421943 0.209116
1144.000000 572.000000 0.511177 0.215634
194.000000 573.000000 -0.440830 0.211340
309.000000 573.000000 -0.315248 0.203676
1000.000000 573.000000 0.346192 0.205418
1033.000000 573.000000 0.381809 0.207531
1057.000000 573.000000 0.408447 0.209232
1096.000000 573.000000 0.453232 0.212315
1200.000000 573.000000 0.583706 0.222637
357.000000 574.000000 -0.266464 0.202319
1135.000000 575.000000 0.500316 0.217922
1202.000000 575.000000 0.586625 0.225041
68.000000 576.000000 -0.599093 0.227055
1146.000000 576.000000 0.514068 0.220059
789.000000 577.000000 0.137614 0.200877
965.000000 577.000000 0.309753 0.207396
1181.000000 577.000000 0.558962 0.224823
1146.000000 578.000000 0.514270 0.222177
1204.000000 578.000000 0.589673 0.228543
1254.000000 578.000000 0.659429 0.234751
923.000000 579.000000 0.267128 0.207279
1115.000000 579.000000 0.476342 0.220229
1195.000000 579.000000 0.577703 0.228578
22.000000 580.000000 -0.663997 0.237208
1118.000000 580.000000 0.480052 0.221554
1154.000000 580.000000 0.524537 0.225125
1275.000000 580.000000 0.690242 0.239760
59.000000 581.000000 -0.612010 0.233625
1029.000000 581.000000 0.377979 0.215332
1066.000000 581.000000 0.419233 0.218090
1100.000000 581.000000 0.458638 0.220952
1125.000000 581.000000 0.488639 0.223269
1147.000000 581.000000 0.515828 0.225462
1205.000000 581.000000 0.591382 0.231939
1254.000000 581.000000 0.659820 0.238113
395.000000 582.000000 -0.229206 0.208534
1082.000000 582.000000 0.437670 0.220429
1117.000000 582.000000 0.479033 0.223555
18.000000 583.000000 -0.670160 0.241104
315.000000 583.000000 -0.309584 0.213246
328.000000 583.000000 -0.296223 0.212549
1154.000000 583.000000 0.524854 0.228323
1271.000000 583.000000 0.684771 0.242623
820.000000 584.000000 0.167036 0.208358
1020.000000 584.000000 0.368379 0.217740
1036.000000 584.000000 0.385881 0.218870
1181.000000 584.000000 0.559753 0.232381
144.000000 585.000000 -0.501649 0.228385
1034.000000 585.000000 0.383750 0.219740
1061.000000 585.000000 0.413880 0.221793
22.000000 586.000000 -0.664787 0.243949
449.000000 586.000000 -0.177202 0.210556
1135.000000 586.000000 0.501406 0.229536
1260.000000 586.000000 0.669147 0.244534
356.000000 587.000000 -0.268060 0.215096
451.000000 587.000000 -0.175325 0.211461
1256.000000 587.000000 0.663499 0.245123
1228.000000 588.000000 0.623879 0.242531
364.000000 589.000000 -0.260146 0.216686
989.000000 589.000000 0.335519 0.220735
1048.000000 589.000000 0.399575 0.224866
1106.000000 589.000000 0.466496 0.229849
269.000000 590.000000 -0.358484 0.223065
335.000000 590.000000 -0.289444 0.219103
355.000000 590.000000 -0.269208 0.218095
993.000000 590.000000 0.339816 0.221991
1188.000000 590.000000 0.569691 0.239719
273.000000 591.000000 -0.354255 0.223804
1042.000000 591.000000 0.393044 0.226447
1065.000000 591.000000 0.418909 0.228287
1079.000000 591.000000 0.434971 0.229481
1081.000000 591.000000 0.437287 0.229656
1106.000000 591.000000 0.466686 0.231945
1259.000000 591.000000 0.668379 0.250045
1013.000000 592.000000 0.361353 0.225341
1274.000000 592.000000 0.690406 0.253258
300.000000 593.000000 -0.325770 0.224079
956.000000 593.000000 0.301352 0.222767
1061.000000 593.000000 0.414530 0.230016
1272.000000 593.000000 0.687608 0.254118
898.000000 594.000000 0.242907 0.220854
1023.000000 594.000000 0.372351 0.228082
1036.000000 594.000000 0.386626 0.229051
1116.000000 594.000000 0.478991 0.236076
1124.000000 594.000000 0.488711 0.236885
982.000000 595.000000 0.328518 0.226312
1011.000000 595.000000 0.359403 0.228238
1017.000000 595.000000 0.365895 0.228664
1276.000000 595.000000 0.693769 0.256962
1015.000000 596.000000 0.363798 0.229535
1045.000000 596.000000 0.396776 0.231800
1109.000000 596.000000 0.470760 0.237490
1184.000000 596.000000 0.565126 0.245779
111.000000 597.000000 -0.544599 0.244825
990.000000 597.000000 0.337090 0.228836
1011.000000 597.000000 0.359544 0.230265
1059.000000 597.000000 0.412597 0.233973
1146.000000 597.000000 0.516285 0.242426
1162.000000 597.000000 0.536604 0.244242
1193.000000 597.000000 0.577208 0.247989
171.000000 598.000000 -0.470144 0.239413
1046.000000 598.000000 0.398053 0.233933
1027.000000 599.000000 0.377098 0.233472
1036.000000 599.000000 0.387012 0.234165
1051.000000 599.000000 0.403738 0.235370
1057.000000 599.000000 0.410502 0.235870
44.000000 600.000000 -0.635367 0.256701
620.000000 600.000000 -0.018220 0.221171
1045.000000 600.000000 0.397098 0.235908
1195.000000 600.000000 0.580267 0.251540
810.000000 601.000000 0.158024 0.224489
1143.000000 601.000000 0.512965 0.246383
1183.000000 601.000000 0.564423 0.251121
214.000000 602.000000 -0.420295 0.239593
371.000000 602.000000 -0.253772 0.229158
823.000000 602.000000 0.170422 0.225847
1115.000000 602.000000 0.478594 0.244435
1224.000000 602.000000 0.620171 0.257603
1042.000000 603.000000 0.393994 0.238750
1052.000000 603.000000 0.405196 0.239579
1059.000000 603.000000 0.413108 0.240176
191.000000 604.000000 -0.447052 0.243778
313.000000 604.000000 -0.312879 0.234307
710.000000 604.000000 0.064616 0.225384
968.000000 604.000000 0.314428 0.234472
1037.000000 604.000000 0.388517 0.239374
1040.000000 604.000000 0.391849 0.239617
1166.000000 604.000000 0.542585 0.252303
1185.000000 604.000000 0.567447 0.254661
1052.000000 605.000000 0.405366 0.241646
1130.000000 605.000000 0.497243 0.249227
1220.000000 605.000000 0.615026 0.260409
1236.000000 606.000000 0.637566 0.263770
1053.000000 607.000000 0.406665 0.243802
1167.000000 607.000000 0.544245 0.255691
939.000000 608.000000 0.284779 0.236760
960.000000 608.000000 0.306364 0.237996
1028.000000 609.000000 0.378974 0.243792
704.000000 610.000000 0.059138 0.231092
898.000000 610.000000 0.243641 0.236620
1123.000000 610.000000 0.489187 0.253805
211.000000 611.000000 -0.424533 0.249229
1237.000000 611.000000 0.639698 0.269564
1096.000000 612.000000 0.456861 0.253074
1120.000000 612.000000 0.485738 0.255614
1124.000000 613.000000 0.490745 0.257128
969.000000 614.000000 0.316109 0.244613
1049.000000 614.000000 0.402766 0.250716
1067.000000 614.000000 0.423226 0.252347
1036.000000 615.000000 0.388313 0.250634
1125.000000 615.000000 0.492198 0.259386
206.000000 616.000000 -0.430757 0.254934
497.000000 616.000000 -0.132557 0.238291
964.000000 616.000000 0.311023 0.246309
1051.000000 616.000000 0.405197 0.252973
1061.000000 616.000000 0.416546 0.253881
1066.000000 616.000000 0.422266 0.254347
1218.000000 616.000000 0.613801 0.272466
1243.000000 616.000000 0.648962 0.276124
772.000000 617.000000 0.122574 0.239035
1116.000000 617.000000 0.481415 0.260523
614.000000 618.000000 -0.023810 0.238511
1033.000000 618.000000 0.385236 0.253486
1053.000000 618.000000 0.407638 0.255238
1220.000000 618.000000 0.616864 0.275008
997.000000 619.000000 0.346086 0.251654
1116.000000 619.000000 0.481638 0.262667
249.000000 620.000000 -0.382561 0.255240
665.000000 620.000000 0.023209 0.240449
1049.000000 620.000000 0.403300 0.256962
1179.000000 620.000000 0.561603 0.271510
1251.000000 620.000000 0.661031 0.281899
192.000000 621.000000 -0.447561 0.261596
281.000000 621.000000 -0.347814 0.253723
283.000000 621.000000 -0.345671 0.253573
294.000000 621.000000 -0.333952 0.252769
1056.000000 621.000000 0.411316 0.258648
1067.000000 621.000000 0.423891 0.259689
1128.000000 621.000000 0.496588 0.266193
1032.000000 622.000000 0.384468 0.257547
269.000000 623.000000 -0.360911 0.256704
1058.000000 623.000000 0.413779 0.260931
338.000000 624.000000 -0.288307 0.252900
959.000000 624.000000 0.306344 0.254083
1129.000000 624.000000 0.498180 0.269556
1142.000000 624.000000 0.514418 0.271132
315.000000 625.000000 -0.312147 0.255385
1059.000000 625.000000 0.415109 0.263126
1122.000000 625.000000 0.489662 0.269811
1145.000000 625.000000 0.518328 0.272596
344.000000 626.000000 -0.282292 0.254555
1131.000000 626.000000 0.500901 0.271963
1183.000000 626.000000 0.567718 0.278714
195.000000 627.000000 -0.444659 0.267653
206.000000 627.000000 -0.431837 0.266527
872.000000 627.000000 0.218766 0.252277
957.000000 628.000000 0.304530 0.258012
959.000000 628.000000 0.306610 0.258146
1018.000000 628.000000 0.369549 0.262583
1123.000000 628.000000 0.491246 0.273173
269.000000 629.000000 -0.361393 0.262896
1114.000000 629.000000 0.480344 0.273196
1188.000000 629.000000 0.574805 0.282763
208.000000 630.000000 -0.429825 0.269501
419.000000 630.000000 -0.207728 0.254701
1035.000000 630.000000 0.388506 0.266140
1073.000000 630.000000 0.431718 0.269789
1156.000000 630.000000 0.532990 0.279491
1062.000000 631.000000 0.419126 0.269740
958.000000 632.000000 0.305839 0.262151
1064.000000 632.000000 0.421522 0.270996
1252.000000 632.000000 0.664339 0.295867
1126.000000 633.000000 0.495552 0.278962
211.000000 634.000000 -0.426764 0.273436
655.000000 634.000000 0.014026 0.254020
871.000000 634.000000 0.218106 0.259209
1079.000000 634.000000 0.439128 0.274668
1083.000000 634.000000 0.443819 0.275095
1139.000000 634.000000 0.511898 0.281680
1164.000000 634.000000 0.543860 0.284986
1202.000000 634.000000 0.594444 0.290422
1129.000000 635.000000 0.499519 0.281512
1153.000000 635.000000 0.529804 0.284607
1218.000000 635.000000 0.616627 0.293982
248.000000 636.000000 -0.385066 0.271985
1011.000000 636.000000 0.362572 0.270300
1030.000000 636.000000 0.383484 0.271964
770.000000 637.000000 0.121181 0.258566
1166.000000 637.000000 0.546876 0.288594
1193.000000 637.000000 0.582684 0.292471
135.000000 638.000000 -0.519025 0.286592
242.000000 638.000000 -0.391937 0.274634
1000.000000 638.000000 0.350800 0.271461
1030.000000 638.000000 0.383666 0.274060
1069.000000 638.000000 0.427907 0.277876
1141.000000 638.000000 0.514936 0.286330
771.000000 639.000000 0.122176 0.260563
1011.000000 639.000000 0.362827 0.273423
1032.000000 639.000000 0.385983 0.275293
1053.000000 639.000000 0.409634 0.277307
70.000000 640.000000 -0.605054 0.298102
332.000000 640.000000 -0.295505 0.269526
1131.000000 640.000000 0.502642 0.287234
15.000000 641.000000 -0.683094 0.308010
422.000000 641.000000 -0.205282 0.265539
943.000000 641.000000 0.290905 0.270326
974.000000 641.000000 0.323261 0.272521
1011.000000 641.000000 0.362999 0.275509
1033.000000 641.000000 0.387284 0.277488
1036.000000 641.000000 0.390637 0.277770
1056.000000 641.000000 0.413258 0.279728
1058.000000 641.000000 0.415546 0.279931
148.000000 642.000000 -0.503217 0.289304
281.000000 642.000000 -0.349469 0.275390
1030.000000 642.000000 0.384034 0.278260
1133.000000 642.000000 0.505399 0.289687
1142.000000 642.000000 0.516728 0.290869
588.000000 643.000000 -0.048047 0.263060
1007.000000 643.000000 0.358810 0.277251
1185.000000 643.000000 0.572828 0.298050
149.000000 644.000000 -0.502228 0.291371
876.000000 644.000000 0.223516 0.269477
945.000000 644.000000 0.293172 0.273528
165.000000 645.000000 -0.482616 0.290446
573.000000 645.000000 -0.062019 0.265200
1004.000000 645.000000 0.355719 0.279081
1035.000000 645.000000 0.389899 0.281893
1084.000000 645.000000 0.446210 0.287004
1116.000000 645.000000 0.484717 0.290810
1144.000000 645.000000 0.519666 0.294454
1187.000000 645.000000 0.575807 0.300608
1259.000000 645.000000 0.676584 0.312113
263.000000 646.000000 -0.369400 0.281113
1061.000000 646.000000 0.419509 0.285567
773.000000 647.000000 0.124277 0.268528
1001.000000 647.000000 0.352635 0.280913
1076.000000 647.000000 0.437029 0.288260
1083.000000 647.000000 0.445257 0.289047
1147.000000 647.000000 0.523759 0.297082
21.000000 648.000000 -0.675538 0.315202
984.000000 648.000000 0.334429 0.280544
1071.000000 648.000000 0.431301 0.288783
1260.000000 648.000000 0.678537 0.315791
1041.000000 649.000000 0.397031 0.286714
1065.000000 649.000000 0.424445 0.289203
1092.000000 649.000000 0.456168 0.292251
1139.000000 649.000000 0.513874 0.298208
1175.000000 649.000000 0.560421 0.303329
838.000000 650.000000 0.186597 0.273759
908.000000 650.000000 0.255783 0.277299
950.000000 650.000000 0.298771 0.280037
986.000000 650.000000 0.336730 0.282787
1000.000000 650.000000 0.351809 0.283963
1022.000000 650.000000 0.375902 0.285939
1120.000000 650.000000 0.490274 0.296797
107.000000 651.000000 -0.556969 0.304974
920.000000 651.000000 0.267999 0.279054
927.000000 651.000000 0.275137 0.279501
992.000000 651.000000 0.343253 0.284327
1025.000000 651.000000 0.379322 0.287277
1137.000000 651.000000 0.511620 0.300153
1044.000000 652.000000 0.400723 0.290206
1100.000000 652.000000 0.466125 0.296474
163.000000 653.000000 -0.486073 0.299458
220.000000 653.000000 -0.418383 0.292755
928.000000 653.000000 0.276290 0.281616
966.000000 653.000000 0.315732 0.284319
1011.000000 653.000000 0.364064 0.288086
1021.000000 653.000000 0.375077 0.289012
54.000000 654.000000 -0.629491 0.316718
428.000000 654.000000 -0.200008 0.278324
864.000000 654.000000 0.212180 0.278971
1005.000000 654.000000 0.357595 0.288597
1019.000000 654.000000 0.372960 0.289880
1046.000000 654.000000 0.403196 0.292543
1241.000000 654.000000 0.652143 0.319616
283.000000 655.000000 -0.348407 0.288790
928.000000 655.000000 0.276422 0.283669
1084.000000 655.000000 0.447365 0.297818
221.000000 656.000000 -0.417556 0.295866
539.000000 656.000000 -0.093994 0.276657
917.000000 656.000000 0.265265 0.283981
1010.000000 656.000000 0.363242 0.291156
1118.000000 656.000000 0.488586 0.303144
1162.000000 656.000000 0.544389 0.309289
1179.000000 656.000000 0.566789 0.311856
12.000000 657.000000 -0.690125 0.327288
278.000000 657.000000 -0.354000 0.291328
862.000000 657.000000 0.210360 0.281908
971.000000 657.000000 0.321325 0.288867
331.000000 658.000000 -0.297798 0.288102
370.000000 658.000000 -0.257830 0.285489
1118.000000 658.000000 0.488850 0.305351
1179.000000 658.000000 0.567098 0.314129
153.000000 659.000000 -0.499228 0.307398
723.000000 659.000000 0.077505 0.279325
729.000000 659.000000 0.083129 0.279434
909.000000 659.000000 0.257340 0.286554
273.000000 660.000000 -0.359717 0.294941
1099.000000 660.000000 0.465911 0.305101
1167.000000 660.000000 0.551531 0.314557
1170.000000 660.000000 0.555479 0.315015
1218.000000 660.000000 0.620647 0.322731
819.000000 661.000000 0.168663 0.284043
1016.000000 661.000000 0.370310 0.297008
1117.000000 661.000000 0.488014 0.308536
1128.000000 661.000000 0.501683 0.310028
414.000000 662.000000 -0.214136 0.287100
417.000000 662.000000 -0.211180 0.286948
913.000000 662.000000 0.261583 0.289886
978.000000 662.000000 0.329173 0.294661
1155.000000 662.000000 0.536186 0.315015
3.000000 663.000000 -0.704307 0.335930
50.000000 663.000000 -0.636622 0.327851
743.000000 663.000000 0.096367 0.283712
896.000000 663.000000 0.244476 0.289864
1038.000000 663.000000 0.395072 0.301339
1098.000000 663.000000 0.465084 0.308268
190.000000 664.000000 -0.454782 0.308125
867.000000 664.000000 0.215644 0.289271
904.000000 664.000000 0.252595 0.291376
976.000000 664.000000 0.327207 0.296592
1015.000000 664.000000 0.369495 0.300098
1101.000000 664.000000 0.468840 0.309752
1138.000000 664.000000 0.514700 0.314782
157.000000 665.000000 -0.495071 0.313519
486.000000 665.000000 -0.144431 0.287098
858.000000 665.000000 0.206822 0.289831
1040.000000 665.000000 0.397544 0.303695
1091.000000 665.000000 0.456918 0.309582
160.000000 666.000000 -0.491489 0.314222
272.000000 666.000000 -0.361368 0.301386
1002.000000 666.000000 0.355416 0.300990
1122.000000 666.000000 0.494888 0.314767
231.000000 667.000000 -0.407297 0.306620
494.000000 667.000000 -0.136858 0.288848
899.000000 667.000000 0.247736 0.294152
942.000000 667.000000 0.291694 0.297053
1023.000000 667.000000 0.378661 0.304084
1034.000000 667.000000 0.390979 0.305212
1093.000000 667.000000 0.459570 0.312032
874.000000 668.000000 0.222791 0.293729
1000.000000 668.000000 0.353421 0.302925
1027.000000 668.000000 0.383227 0.305560
1080.000000 668.000000 0.444189 0.311509
1126.000000 668.000000 0.500156 0.317556
237.000000 669.000000 -0.400685 0.308126
943.000000 669.000000 0.292881 0.299210
1052.000000 669.000000 0.411662 0.309316
1093.000000 669.000000 0.459825 0.314234
270.000000 670.000000 -0.363943 0.305830
985.000000 670.000000 0.337360 0.303683
241.000000 671.000000 -0.396368 0.309852
317.000000 671.000000 -0.313454 0.302725
452.000000 671.000000 -0.177397 0.294466
638.000000 671.000000 -0.001700 0.290544
676.000000 671.000000 0.033731 0.290691
887.000000 671.000000 0.235923 0.297545
899.000000 671.000000 0.247983 0.298273
940.000000 671.000000 0.289915 0.301071
942.000000 671.000000 0.291992 0.301221
1000.000000 671.000000 0.353701 0.306111
1123.000000 671.000000 0.496831 0.320489
269.000000 672.000000 -0.365236 0.308060
418.000000 672.000000 -0.210704 0.297095
630.000000 672.000000 -0.009158 0.291553
863.000000 672.000000 0.212110 0.297234
961.000000 672.000000 0.311963 0.303753
1008.000000 672.000000 0.362558 0.307941
1097.000000 672.000000 0.465037 0.318065
1165.000000 672.000000 0.550762 0.327898
61.000000 673.000000 -0.622908 0.337652
63.000000 673.000000 -0.620120 0.337307
271.000000 673.000000 -0.363134 0.308933
280.000000 673.000000 -0.353286 0.308073
888.000000 673.000000 0.237044 0.299664
1044.000000 673.000000 0.402955 0.312756
1091.000000 673.000000 0.457936 0.318390
163.000000 674.000000 -0.488880 0.322726
288.000000 674.000000 -0.344692 0.308393
353.000000 674.000000 -0.276213 0.303131
805.000000 674.000000 0.155676 0.296646
963.000000 674.000000 0.314239 0.306020
273.000000 675.000000 -0.361133 0.310875
704.000000 675.000000 0.059961 0.295018
890.000000 675.000000 0.239171 0.301847
995.000000 675.000000 0.348632 0.309898
999.000000 675.000000 0.352989 0.310276
1046.000000 675.000000 0.405462 0.315148
1162.000000 675.000000 0.547299 0.330853
133.000000 676.000000 -0.526946 0.329342
593.000000 676.000000 -0.043723 0.295792
837.000000 676.000000 0.186775 0.300036
1088.000000 676.000000 0.454725 0.321319
68.000000 677.000000 -0.613866 0.341121
196.000000 677.000000 -0.449262 0.321664
286.000000 677.000000 -0.347137 0.311770
848.000000 677.000000 0.197593 0.301589
918.000000 677.000000 0.267680 0.305742
940.000000 677.000000 0.290367 0.307344
1257.000000 677.000000 0.679215 0.349552
83.000000 678.000000 -0.593420 0.339711
228.000000 678.000000 -0.411967 0.318884
275.000000 678.000000 -0.359231 0.313888
404.000000 678.000000 -0.224908 0.304021
1166.000000 678.000000 0.553036 0.334931
1215.000000 678.000000 0.619552 0.343228
133.000000 679.000000 -0.527404 0.332751
210.000000 679.000000 -0.432976 0.322118
1006.000000 679.000000 0.361046 0.315234
1020.000000 679.000000 0.376548 0.316658
235.000000 680.000000 -0.404178 0.320263
259.000000 680.000000 -0.377116 0.317652
266.000000 680.000000 -0.369344 0.316932
271.000000 680.000000 -0.363824 0.316428
561.000000 680.000000 -0.073785 0.300271
1143.000000 680.000000 0.523450 0.333593
1258.000000 680.000000 0.681208 0.353315
622.000000 681.000000 -0.016651 0.300616
875.000000 681.000000 0.224518 0.307156
894.000000 681.000000 0.243569 0.308308
931.000000 681.000000 0.281338 0.310858
933.000000 681.000000 0.283408 0.311008
958.000000 681.000000 0.309538 0.312989
1066.000000 681.000000 0.429303 0.324057
1104.000000 681.000000 0.474763 0.329022
619.000000 682.000000 -0.019459 0.301637
794.000000 682.000000 0.145398 0.304373
975.000000 682.000000 0.327695 0.315516
1037.000000 682.000000 0.395995 0.321745
263.000000 683.000000 -0.372979 0.320473
395.000000 683.000000 -0.234194 0.309722
595.000000 683.000000 -0.041922 0.302823
844.000000 683.000000 0.193964 0.307550
954.000000 683.000000 0.305488 0.314771
1001.000000 683.000000 0.355953 0.319032
1106.000000 683.000000 0.477491 0.331541
296.000000 684.000000 -0.336972 0.318306
660.000000 684.000000 0.018866 0.303658
263.000000 685.000000 -0.373188 0.322634
970.000000 685.000000 0.322617 0.318263
974.000000 685.000000 0.326893 0.318621
1108.000000 685.000000 0.480231 0.334069
1144.000000 685.000000 0.525511 0.339452
1171.000000 685.000000 0.560803 0.343825
224.000000 686.000000 -0.417521 0.328110
296.000000 686.000000 -0.337158 0.320444
400.000000 686.000000 -0.229368 0.312534
954.000000 686.000000 0.305737 0.317947
916.000000 687.000000 0.266337 0.316055
1002.000000 687.000000 0.357450 0.323436
674.000000 688.000000 0.031998 0.307795
956.000000 688.000000 0.308016 0.320238
1174.000000 688.000000 0.565303 0.347810
182.000000 689.000000 -0.467689 0.336881
184.000000 689.000000 -0.465263 0.336604
227.000000 689.000000 -0.414415 0.331048
551.000000 689.000000 -0.083384 0.309585
886.000000 689.000000 0.236017 0.316128
1003.000000 689.000000 0.358752 0.325696
1009.000000 689.000000 0.365373 0.326314
1121.000000 689.000000 0.496948 0.340485
556.000000 690.000000 -0.078684 0.310500
601.000000 690.000000 -0.036366 0.309853
1073.000000 690.000000 0.438681 0.334896
1083.000000 690.000000 0.450583 0.336217
227.000000 691.000000 -0.414656 0.333251
244.000000 691.000000 -0.395187 0.331246
988.000000 691.000000 0.342553 0.326358
1004.000000 691.000000 0.360058 0.327961
1041.000000 691.000000 0.401585 0.332040
165.000000 692.000000 -0.488982 0.342698
217.000000 692.000000 -0.426400 0.335593
919.000000 692.000000 0.269782 0.321532
1150.000000 692.000000 0.534380 0.348450
1226.000000 692.000000 0.637535 0.361780
622.000000 693.000000 -0.016699 0.312763
646.000000 693.000000 0.005790 0.312733
927.000000 693.000000 0.278110 0.323192
1015.000000 693.000000 0.372462 0.331294
1187.000000 693.000000 0.583663 0.355901
1228.000000 693.000000 0.640551 0.363343
180.000000 694.000000 -0.470825 0.342787
251.000000 694.000000 -0.387607 0.333733
987.000000 694.000000 0.341760 0.329493
999.000000 694.000000 0.354866 0.330696
885.000000 695.000000 0.235393 0.322337
948.000000 695.000000 0.300178 0.327009
1014.000000 695.000000 0.371564 0.333365
1126.000000 695.000000 0.504145 0.348082
1169.000000 695.000000 0.559838 0.355108
236.000000 696.000000 -0.404901 0.337679
239.000000 696.000000 -0.401466 0.337321
242.000000 696.000000 -0.398043 0.336967
247.000000 696.000000 -0.392360 0.336384
290.000000 696.000000 -0.344620 0.331773
469.000000 696.000000 -0.161979 0.319347
719.000000 696.000000 0.074428 0.316553
924.000000 696.000000 0.275239 0.326137
1000.000000 696.000000 0.356171 0.332968
1151.000000 696.000000 0.536336 0.353237
703.000000 697.000000 0.059351 0.317295
1010.000000 697.000000 0.367330 0.335113
1179.000000 697.000000 0.573559 0.359187
5.000000 698.000000 -0.707595 0.377591
832.000000 698.000000 0.182940 0.322461
876.000000 698.000000 0.226539 0.324912
1128.000000 698.000000 0.507141 0.351831
1170.000000 698.000000 0.561686 0.358786
844.000000 699.000000 0.194787 0.324115
962.000000 699.000000 0.315345 0.332517
985.000000 699.000000 0.340080 0.334700
1178.000000 699.000000 0.572566 0.361359
160.000000 700.000000 -0.496415 0.352561
265.000000 700.000000 -0.372573 0.338738
901.000000 700.000000 0.251935 0.328675
982.000000 700.000000 0.336924 0.335486
1033.000000 700.000000 0.393522 0.341003
1184.000000 700.000000 0.580841 0.363604
421.000000 701.000000 -0.209317 0.326939
670.000000 701.000000 0.028347 0.321004
716.000000 701.000000 0.071690 0.321616
1196.000000 701.000000 0.597384 0.366960
293.000000 702.000000 -0.341955 0.337973
431.000000 702.000000 -0.199465 0.327426
563.000000 702.000000 -0.072305 0.322630
1114.000000 702.000000 0.490175 0.354240
1132.000000 702.000000 0.512857 0.357071
1253.000000 702.000000 0.678038 0.378862
193.000000 703.000000 -0.456344 0.351106
231.000000 703.000000 -0.411514 0.346046
515.000000 703.000000 -0.117953 0.324868
878.000000 703.000000 0.228862 0.330292
1020.000000 703.000000 0.379171 0.342797
1185.000000 703.000000 0.582736 0.367327
777.000000 704.000000 0.129860 0.326356
909.000000 704.000000 0.260401 0.333491
972.000000 704.000000 0.326516 0.338843
1008.000000 704.000000 0.365871 0.342550
1110.000000 704.000000 0.485505 0.355917
1122.000000 704.000000 0.500510 0.357781
347.000000 705.000000 -0.284785 0.336295
876.000000 705.000000 0.226980 0.332272
1022.000000 705.000000 0.381652 0.345231
174.000000 706.000000 -0.479941 0.357291
228.000000 706.000000 -0.415368 0.349769
339.000000 706.000000 -0.293229 0.338034
444.000000 706.000000 -0.186861 0.330918
465.000000 706.000000 -0.166308 0.329899
723.000000 706.000000 0.078416 0.326899
1009.000000 706.000000 0.367204 0.344856
263.000000 707.000000 -0.375593 0.346651
503.000000 707.000000 -0.129590 0.329406
832.000000 707.000000 0.183392 0.331845
876.000000 707.000000 0.227109 0.334383
889.000000 707.000000 0.240230 0.335247
892.000000 707.000000 0.243273 0.335454
1002.000000 707.000000 0.359546 0.345184
1091.000000 707.000000 0.462615 0.356500
1114.000000 707.000000 0.490949 0.359975
346.000000 708.000000 -0.286075 0.339591
887.000000 708.000000 0.238273 0.336170
942.000000 708.000000 0.294981 0.340419
477.000000 709.000000 -0.154773 0.332497
537.000000 709.000000 -0.097132 0.330433
798.000000 709.000000 0.150313 0.332356
940.000000 709.000000 0.292966 0.341322
1114.000000 709.000000 0.491262 0.362277
722.000000 710.000000 0.077553 0.331007
901.000000 710.000000 0.252654 0.339285
1012.000000 710.000000 0.371002 0.349600
1058.000000 710.000000 0.423648 0.355283
100.000000 711.000000 -0.576202 0.375483
462.000000 711.000000 -0.169467 0.335261
864.000000 711.000000 0.215329 0.337853
895.000000 711.000000 0.246605 0.339915
1030.000000 711.000000 0.391429 0.352831
1034.000000 711.000000 0.395993 0.353321
368.000000 712.000000 -0.263599 0.342117
880.000000 712.000000 0.231467 0.339940
887.000000 712.000000 0.238547 0.340417
909.000000 712.000000 0.261004 0.342019
927.000000 712.000000 0.279626 0.343451
1189.000000 712.000000 0.589835 0.378755
804.000000 713.000000 0.156310 0.336791
1074.000000 713.000000 0.442995 0.360873
1254.000000 713.000000 0.681582 0.392425
368.000000 714.000000 -0.263753 0.344259
885.000000 714.000000 0.236659 0.342407
901.000000 714.000000 0.252949 0.343554
983.000000 714.000000 0.339429 0.350839
1085.000000 714.000000 0.456365 0.363600
322.000000 715.000000 -0.312004 0.349278
337.000000 715.000000 -0.296112 0.347908
781.000000 715.000000 0.134113 0.337941
1033.000000 715.000000 0.395346 0.357663
1114.000000 715.000000 0.492215 0.369206
533.000000 716.000000 -0.101137 0.337809
1004.000000 716.000000 0.362763 0.355323
1036.000000 716.000000 0.398909 0.359160
1076.000000 716.000000 0.445817 0.364572
1088.000000 716.000000 0.460300 0.366332
1255.000000 716.000000 0.683605 0.396282
