48.000000 3.000000 -0.649318 -0.391196
147.000000 3.000000 -0.515541 -0.372949
252.000000 3.000000 -0.389136 -0.357688
460.000000 3.000000 -0.171686 -0.340315
526.000000 3.000000 -0.107843 -0.337716
559.000000 3.000000 -0.076385 -0.336872
582.000000 3.000000 -0.054579 -0.336457
615.000000 3.000000 -0.023403 -0.336105
1157.000000 3.000000 0.547773 -0.377487
87.000000 4.000000 -0.594749 -0.382501
109.000000 4.000000 -0.565013 -0.378427
239.000000 4.000000 -0.403880 -0.358195
489.000000 4.000000 -0.143411 -0.337973
505.000000 4.000000 -0.127966 -0.337365
529.000000 4.000000 -0.104944 -0.336586
561.000000 4.000000 -0.074465 -0.335791
105.000000 5.000000 -0.570183 -0.377969
140.000000 5.000000 -0.524182 -0.371793
618.000000 5.000000 -0.020562 -0.334016
980.000000 5.000000 0.336218 -0.350268
1087.000000 5.000000 0.458885 -0.363676
589.000000 6.000000 -0.047918 -0.333250
1113.000000 6.000000 0.490755 -0.366527
1192.000000 6.000000 0.594291 -0.380360
264.000000 7.000000 -0.375112 -0.351808
307.000000 7.000000 -0.327845 -0.347194
351.000000 7.000000 -0.281236 -0.343198
353.000000 7.000000 -0.279155 -0.343033
451.000000 7.000000 -0.180313 -0.336558
503.000000 7.000000 -0.129784 -0.334307
527.000000 7.000000 -0.106768 -0.333523
609.000000 7.000000 -0.029033 -0.332008
927.000000 7.000000 0.279667 -0.343176
1022.000000 7.000000 0.382543 -0.352730
1109.000000 7.000000 0.485608 -0.364739
1020.000000 8.000000 0.380166 -0.351383
1081.000000 8.000000 0.451195 -0.359375
1085.000000 8.000000 0.456021 -0.359956
360.000000 9.000000 -0.271734 -0.340322
490.000000 9.000000 -0.142245 -0.332711
1010.000000 9.000000 0.368831 -0.349119
64.000000 10.000000 -0.625428 -0.379656
142.000000 10.000000 -0.520772 -0.365622
257.000000 10.000000 -0.382634 -0.349303
358.000000 10.000000 -0.273724 -0.339410
419.000000 10.000000 -0.211803 -0.335170
1109.000000 10.000000 0.485139 -0.361285
1114.000000 10.000000 0.491371 -0.362068
83.000000 11.000000 -0.598918 -0.374883
190.000000 11.000000 -0.460779 -0.356981
239.000000 11.000000 -0.402998 -0.350369
428.000000 11.000000 -0.202795 -0.333592
474.000000 11.000000 -0.157662 -0.331288
484.000000 11.000000 -0.147966 -0.330868
529.000000 11.000000 -0.104743 -0.329317
576.000000 11.000000 -0.060129 -0.328273
177.000000 12.000000 -0.476499 -0.357765
349.000000 12.000000 -0.282906 -0.337995
438.000000 12.000000 -0.192848 -0.331989
502.000000 12.000000 -0.130567 -0.329143
571.000000 12.000000 -0.064839 -0.327326
848.000000 12.000000 0.199200 -0.332409
1078.000000 12.000000 0.447022 -0.354408
81.000000 13.000000 -0.601293 -0.372869
83.000000 13.000000 -0.598547 -0.372499
144.000000 13.000000 -0.517715 -0.361807
423.000000 13.000000 -0.207645 -0.331776
966.000000 13.000000 0.320316 -0.340166
61.000000 14.000000 -0.628871 -0.375419
237.000000 14.000000 -0.404922 -0.347278
331.000000 14.000000 -0.301600 -0.337376
568.000000 14.000000 -0.067641 -0.325319
1079.000000 14.000000 0.447938 -0.352286
144.000000 15.000000 -0.517388 -0.359490
431.000000 15.000000 -0.199600 -0.329225
553.000000 15.000000 -0.081821 -0.324587
149.000000 16.000000 -0.510859 -0.357526
202.000000 16.000000 -0.445642 -0.349620
420.000000 16.000000 -0.210453 -0.328800
453.000000 16.000000 -0.177905 -0.327041
463.000000 16.000000 -0.168141 -0.326570
748.000000 16.000000 0.102105 -0.324113
1072.000000 16.000000 0.439309 -0.349062
1075.000000 16.000000 0.442879 -0.349473
365.000000 17.000000 -0.265961 -0.331404
392.000000 17.000000 -0.238452 -0.329493
538.000000 17.000000 -0.096011 -0.322881
827.000000 17.000000 0.178261 -0.326080
1030.000000 17.000000 0.390417 -0.342603
153.000000 18.000000 -0.505477 -0.354586
200.000000 18.000000 -0.447754 -0.347643
266.000000 18.000000 -0.371630 -0.339464
286.000000 18.000000 -0.349543 -0.337332
394.000000 18.000000 -0.236367 -0.328307
417.000000 18.000000 -0.213322 -0.326879
627.000000 18.000000 -0.012038 -0.320599
178.000000 19.000000 -0.474232 -0.349640
392.000000 19.000000 -0.238319 -0.327385
456.000000 19.000000 -0.174829 -0.323776
507.000000 19.000000 -0.125528 -0.321730
535.000000 19.000000 -0.098811 -0.320901
842.000000 19.000000 0.192892 -0.324757
1010.000000 19.000000 0.367716 -0.338129
58.000000 20.000000 -0.631955 -0.368794
89.000000 20.000000 -0.589073 -0.363102
161.000000 20.000000 -0.495117 -0.351050
418.000000 20.000000 -0.212210 -0.324727
477.000000 20.000000 -0.154372 -0.321813
586.000000 20.000000 -0.050565 -0.318882
271.000000 21.000000 -0.365746 -0.335640
533.000000 21.000000 -0.100660 -0.318899
320.000000 22.000000 -0.312532 -0.329759
560.000000 22.000000 -0.075052 -0.317258
587.000000 22.000000 -0.049598 -0.316824
4.000000 23.000000 -0.708912 -0.375251
55.000000 23.000000 -0.635617 -0.365767
162.000000 23.000000 -0.493412 -0.347472
204.000000 23.000000 -0.442311 -0.341490
291.000000 23.000000 -0.343585 -0.331405
396.000000 23.000000 -0.234028 -0.322923
444.000000 23.000000 -0.186378 -0.320203
529.000000 23.000000 -0.104410 -0.316954
585.000000 23.000000 -0.051467 -0.315829
986.000000 23.000000 0.340922 -0.331284
1003.000000 23.000000 0.359533 -0.333016
86.000000 24.000000 -0.592443 -0.358920
193.000000 24.000000 -0.455317 -0.341861
207.000000 24.000000 -0.438622 -0.339974
503.000000 24.000000 -0.129192 -0.316717
577.000000 24.000000 -0.058983 -0.314921
164.000000 25.000000 -0.490621 -0.344895
170.000000 25.000000 -0.483189 -0.344006
384.000000 25.000000 -0.246009 -0.321608
424.000000 25.000000 -0.205975 -0.319172
559.000000 25.000000 -0.075939 -0.314211
569.000000 25.000000 -0.066504 -0.314029
229.000000 26.000000 -0.412662 -0.334964
375.000000 26.000000 -0.255080 -0.321172
407.000000 26.000000 -0.222818 -0.319106
166.000000 27.000000 -0.487842 -0.342327
293.000000 27.000000 -0.341022 -0.326894
896.000000 27.000000 0.246338 -0.319623
481.000000 28.000000 -0.150189 -0.313405
558.000000 28.000000 -0.076824 -0.311171
583.000000 28.000000 -0.053281 -0.310761
1063.000000 28.000000 0.427114 -0.334476
145.000000 29.000000 -0.513887 -0.343229
312.000000 29.000000 -0.320416 -0.322983
561.000000 29.000000 -0.073975 -0.310096
988.000000 29.000000 0.342507 -0.325010
310.000000 30.000000 -0.322459 -0.322093
362.000000 30.000000 -0.268082 -0.317888
385.000000 30.000000 -0.244667 -0.316305
563.000000 30.000000 -0.072072 -0.309042
969.000000 30.000000 0.321953 -0.322161
1091.000000 30.000000 0.460153 -0.335948
297.000000 31.000000 -0.336315 -0.322216
452.000000 31.000000 -0.178173 -0.311550
577.000000 31.000000 -0.058879 -0.307797
889.000000 31.000000 0.239004 -0.314981
1053.000000 31.000000 0.415099 -0.329920
372.000000 32.000000 -0.257720 -0.315084
435.000000 32.000000 -0.194760 -0.311339
441.000000 32.000000 -0.188874 -0.311041
450.000000 32.000000 -0.180077 -0.310613
504.000000 32.000000 -0.127972 -0.308490
986.000000 32.000000 0.340049 -0.321595
229.000000 33.000000 -0.411820 -0.327258
394.000000 33.000000 -0.235410 -0.312604
1057.000000 33.000000 0.419493 -0.328205
55.000000 34.000000 -0.633601 -0.352680
157.000000 34.000000 -0.498010 -0.335726
162.000000 34.000000 -0.491779 -0.334993
295.000000 34.000000 -0.338193 -0.319192
398.000000 34.000000 -0.231338 -0.311320
443.000000 34.000000 -0.186820 -0.308884
1059.000000 34.000000 0.421696 -0.327348
228.000000 35.000000 -0.412734 -0.325183
1030.000000 35.000000 0.388358 -0.322879
225.000000 36.000000 -0.416076 -0.324443
260.000000 36.000000 -0.376374 -0.320519
262.000000 36.000000 -0.374147 -0.320309
533.000000 36.000000 -0.100277 -0.303592
233.000000 37.000000 -0.406759 -0.322412
538.000000 37.000000 -0.095522 -0.302457
582.000000 37.000000 -0.054101 -0.301652
374.000000 38.000000 -0.255281 -0.308684
421.000000 38.000000 -0.208239 -0.305877
1049.000000 38.000000 0.409653 -0.321765
1051.000000 38.000000 0.411955 -0.321999
1166.000000 38.000000 0.553647 -0.338179
173.000000 39.000000 -0.477503 -0.327811
236.000000 39.000000 -0.403102 -0.319888
408.000000 39.000000 -0.221067 -0.305557
534.000000 39.000000 -0.099257 -0.300527
536.000000 39.000000 -0.097365 -0.300479
227.000000 40.000000 -0.413299 -0.319831
260.000000 40.000000 -0.375955 -0.316201
1161.000000 40.000000 0.546745 -0.335068
1175.000000 40.000000 0.565259 -0.337354
487.000000 41.000000 -0.143938 -0.299899
537.000000 41.000000 -0.096373 -0.298433
379.000000 42.000000 -0.249954 -0.304201
540.000000 42.000000 -0.093517 -0.297355
1050.000000 42.000000 0.410339 -0.317516
490.000000 43.000000 -0.140994 -0.297764
1059.000000 43.000000 0.420613 -0.317475
98.000000 44.000000 -0.572786 -0.333533
171.000000 44.000000 -0.479264 -0.322502
427.000000 45.000000 -0.201967 -0.298379
1240.000000 45.000000 0.654354 -0.342790
270.000000 46.000000 -0.364286 -0.308755
798.000000 46.000000 0.148927 -0.295062
1036.000000 46.000000 0.393933 -0.311615
1238.000000 46.000000 0.651316 -0.341250
166.000000 47.000000 -0.484993 -0.319843
396.000000 47.000000 -0.232568 -0.298000
545.000000 47.000000 -0.088694 -0.292209
614.000000 47.000000 -0.024080 -0.291297
265.000000 48.000000 -0.369601 -0.307109
469.000000 48.000000 -0.160978 -0.293462
1048.000000 48.000000 0.407364 -0.310770
1126.000000 48.000000 0.500675 -0.320681
167.000000 49.000000 -0.483490 -0.317479
208.000000 49.000000 -0.434302 -0.312244
269.000000 49.000000 -0.365094 -0.305650
542.000000 49.000000 -0.091477 -0.290264
1046.000000 49.000000 0.404967 -0.309465
1057.000000 49.000000 0.417599 -0.310704
1033.000000 50.000000 0.390121 -0.306984
68.000000 51.000000 -0.612472 -0.330441
371.000000 51.000000 -0.257475 -0.295404
65.000000 52.000000 -0.616462 -0.329787
195.000000 52.000000 -0.449274 -0.310540
317.000000 52.000000 -0.313172 -0.298243
214.000000 53.000000 -0.426829 -0.307182
221.000000 53.000000 -0.418723 -0.306383
612.000000 53.000000 -0.025910 -0.285312
954.000000 53.000000 0.304167 -0.296625
168.000000 54.000000 -0.481591 -0.311795
179.000000 54.000000 -0.468200 -0.310357
223.000000 54.000000 -0.416307 -0.305077
259.000000 54.000000 -0.375650 -0.301296
545.000000 54.000000 -0.088550 -0.285190
171.000000 55.000000 -0.477790 -0.310293
980.000000 55.000000 0.331520 -0.296641
1045.000000 55.000000 0.403173 -0.302883
25.000000 56.000000 -0.672471 -0.331987
176.000000 56.000000 -0.471576 -0.308540
186.000000 56.000000 -0.459517 -0.307272
585.000000 56.000000 -0.051059 -0.282557
952.000000 56.000000 0.301845 -0.293345
1026.000000 56.000000 0.381658 -0.299838
173.000000 57.000000 -0.475092 -0.307825
538.000000 57.000000 -0.095070 -0.282339
177.000000 58.000000 -0.470108 -0.306211
546.000000 58.000000 -0.087530 -0.281175
1038.000000 58.000000 0.394921 -0.298924
263.000000 59.000000 -0.370742 -0.295593
391.000000 59.000000 -0.236875 -0.285990
435.000000 59.000000 -0.193468 -0.283754
538.000000 59.000000 -0.095027 -0.280343
541.000000 59.000000 -0.092206 -0.280279
867.000000 59.000000 0.215460 -0.284894
1074.000000 59.000000 0.436231 -0.301811
64.000000 60.000000 -0.616508 -0.320668
197.000000 60.000000 -0.445936 -0.301564
225.000000 60.000000 -0.413350 -0.298388
306.000000 60.000000 -0.324160 -0.290764
1082.000000 60.000000 0.445541 -0.301668
1183.000000 60.000000 0.572719 -0.315683
1262.000000 60.000000 0.683495 -0.328919
264.000000 61.000000 -0.369450 -0.293380
958.000000 61.000000 0.307745 -0.288602
1072.000000 61.000000 0.433656 -0.299411
65.000000 62.000000 -0.614790 -0.318189
71.000000 62.000000 -0.606499 -0.317207
433.000000 62.000000 -0.195283 -0.280813
1033.000000 62.000000 0.388887 -0.294143
400.000000 63.000000 -0.227696 -0.281423
985.000000 63.000000 0.336197 -0.288675
1160.000000 63.000000 0.541890 -0.308769
22.000000 64.000000 -0.675435 -0.323080
1055.000000 64.000000 0.413631 -0.294288
433.000000 65.000000 -0.195148 -0.277787
1159.000000 65.000000 0.540296 -0.306372
242.000000 66.000000 -0.393436 -0.290207
212.000000 67.000000 -0.427574 -0.292279
459.000000 67.000000 -0.169879 -0.274702
1166.000000 67.000000 0.549130 -0.305152
368.000000 68.000000 -0.259453 -0.278153
981.000000 68.000000 0.331510 -0.283129
1004.000000 68.000000 0.356285 -0.285071
223.000000 69.000000 -0.414682 -0.288954
244.000000 69.000000 -0.390896 -0.286825
298.000000 69.000000 -0.331939 -0.282030
1062.000000 69.000000 0.421147 -0.289680
978.000000 70.000000 0.328156 -0.280809
31.000000 71.000000 -0.661286 -0.313375
229.000000 71.000000 -0.407627 -0.286199
397.000000 71.000000 -0.230250 -0.273475
981.000000 71.000000 0.331269 -0.280009
357.000000 72.000000 -0.270360 -0.274749
1025.000000 72.000000 0.378995 -0.282773
244.000000 73.000000 -0.390508 -0.282592
911.000000 73.000000 0.258600 -0.273102
299.000000 74.000000 -0.330479 -0.276762
996.000000 74.000000 0.347102 -0.278114
1023.000000 74.000000 0.376593 -0.280482
1073.000000 74.000000 0.433366 -0.285512
105.000000 75.000000 -0.558683 -0.297171
367.000000 75.000000 -0.260045 -0.271090
371.000000 75.000000 -0.256012 -0.270857
533.000000 75.000000 -0.099383 -0.264574
1197.000000 75.000000 0.589272 -0.300782
296.000000 76.000000 -0.333514 -0.274926
993.000000 76.000000 0.343707 -0.275785
1102.000000 76.000000 0.467523 -0.286667
492.000000 77.000000 -0.138004 -0.263632
105.000000 78.000000 -0.558249 -0.293807
258.000000 78.000000 -0.374499 -0.276033
1165.000000 78.000000 0.546232 -0.292677
1201.000000 78.000000 0.594257 -0.297988
219.000000 79.000000 -0.418229 -0.278713
294.000000 79.000000 -0.335410 -0.271979
1158.000000 79.000000 0.537008 -0.290584
1197.000000 79.000000 0.588661 -0.296243
456.000000 80.000000 -0.172278 -0.261846
486.000000 80.000000 -0.143612 -0.260842
1009.000000 80.000000 0.360689 -0.272961
1096.000000 80.000000 0.459851 -0.281639
239.000000 81.000000 -0.395348 -0.274632
249.000000 81.000000 -0.384184 -0.273703
296.000000 81.000000 -0.333126 -0.269759
502.000000 81.000000 -0.128423 -0.259397
957.000000 81.000000 0.305243 -0.267908
1011.000000 81.000000 0.362785 -0.272090
260.000000 82.000000 -0.371944 -0.271674
364.000000 82.000000 -0.262665 -0.264174
564.000000 82.000000 -0.070293 -0.257140
491.000000 83.000000 -0.138778 -0.257730
76.000000 84.000000 -0.596209 -0.291309
365.000000 85.000000 -0.261484 -0.261087
515.000000 85.000000 -0.116066 -0.255130
561.000000 85.000000 -0.073042 -0.254245
1097.000000 85.000000 0.460477 -0.276368
35.000000 87.000000 -0.652973 -0.294194
110.000000 87.000000 -0.550434 -0.283070
183.000000 87.000000 -0.459446 -0.274011
515.000000 87.000000 -0.116018 -0.253166
1099.000000 87.000000 0.462644 -0.274444
89.000000 88.000000 -0.578058 -0.284900
93.000000 88.000000 -0.572713 -0.284329
52.000000 89.000000 -0.628618 -0.289264
99.000000 89.000000 -0.564606 -0.282367
552.000000 90.000000 -0.081344 -0.249496
1033.000000 90.000000 0.386236 -0.264628
7.000000 91.000000 -0.692852 -0.293981
24.000000 91.000000 -0.668133 -0.291310
290.000000 91.000000 -0.338754 -0.259925
367.000000 91.000000 -0.259134 -0.254935
998.000000 91.000000 0.347883 -0.260669
432.000000 92.000000 -0.194979 -0.250866
445.000000 92.000000 -0.182420 -0.250365
1160.000000 92.000000 0.537833 -0.276469
330.000000 93.000000 -0.296685 -0.255111
334.000000 93.000000 -0.292566 -0.254859
1194.000000 93.000000 0.582543 -0.280032
209.000000 94.000000 -0.428224 -0.263834
230.000000 94.000000 -0.404261 -0.261827
252.000000 94.000000 -0.379715 -0.259876
366.000000 94.000000 -0.259975 -0.251979
250.000000 95.000000 -0.381839 -0.259008
1006.000000 95.000000 0.356199 -0.257178
1044.000000 95.000000 0.398082 -0.260396
1136.000000 95.000000 0.506968 -0.270140
18.000000 96.000000 -0.676036 -0.286475
196.000000 96.000000 -0.443133 -0.263028
364.000000 96.000000 -0.261878 -0.250084
1185.000000 96.000000 0.570064 -0.275419
1193.000000 96.000000 0.580770 -0.276535
289.000000 97.000000 -0.339374 -0.253851
1134.000000 97.000000 0.504229 -0.267726
1235.000000 97.000000 0.638624 -0.281557
165.000000 98.000000 -0.479862 -0.264220
324.000000 98.000000 -0.302565 -0.250434
371.000000 98.000000 -0.254745 -0.247709
1010.000000 98.000000 0.360297 -0.254405
1040.000000 98.000000 0.393332 -0.256912
1142.000000 98.000000 0.514128 -0.267611
1184.000000 98.000000 0.568458 -0.273058
87.000000 99.000000 -0.579189 -0.272894
214.000000 99.000000 -0.421988 -0.258086
357.000000 99.000000 -0.268771 -0.247462
541.000000 99.000000 -0.091440 -0.240914
803.000000 99.000000 0.151946 -0.242464
32.000000 100.000000 -0.655257 -0.279744
1009.000000 100.000000 0.359055 -0.252269
1084.000000 100.000000 0.443484 -0.258980
95.000000 102.000000 -0.568123 -0.268477
141.000000 102.000000 -0.508946 -0.262675
211.000000 102.000000 -0.425146 -0.255223
478.000000 102.000000 -0.150554 -0.239454
869.000000 102.000000 0.215403 -0.241911
1183.000000 102.000000 0.566588 -0.268488
12.000000 103.000000 -0.683691 -0.279325
475.000000 103.000000 -0.153371 -0.238565
541.000000 103.000000 -0.091371 -0.237030
1084.000000 103.000000 0.443182 -0.255810
78.000000 104.000000 -0.590618 -0.268565
81.000000 104.000000 -0.586565 -0.268153
895.000000 104.000000 0.240923 -0.241114
929.000000 104.000000 0.275026 -0.242882
46.000000 105.000000 -0.634653 -0.271982
137.000000 105.000000 -0.513597 -0.259902
988.000000 105.000000 0.336157 -0.245597
990.000000 105.000000 0.338283 -0.245739
1179.000000 105.000000 0.560901 -0.264643
96.000000 106.000000 -0.566270 -0.263925
535.000000 107.000000 -0.096889 -0.233260
979.000000 107.000000 0.326500 -0.242945
31.000000 108.000000 -0.655497 -0.270768
137.000000 108.000000 -0.513245 -0.256660
270.000000 110.000000 -0.358792 -0.241972
338.000000 110.000000 -0.287449 -0.237521
976.000000 110.000000 0.323144 -0.239710
998.000000 110.000000 0.346462 -0.241222
1015.000000 110.000000 0.364795 -0.242478
1221.000000 110.000000 0.617083 -0.264806
1225.000000 110.000000 0.622655 -0.265372
1253.000000 110.000000 0.662402 -0.269425
14.000000 111.000000 -0.679584 -0.269841
19.000000 111.000000 -0.672328 -0.269107
133.000000 111.000000 -0.517919 -0.253887
335.000000 111.000000 -0.290459 -0.236693
967.000000 111.000000 0.313666 -0.238121
974.000000 111.000000 0.320981 -0.238570
1038.000000 111.000000 0.389994 -0.243276
1135.000000 111.000000 0.503839 -0.252732
996.000000 112.000000 0.344182 -0.239047
12.000000 113.000000 -0.682204 -0.267844
470.000000 113.000000 -0.157825 -0.228967
1011.000000 113.000000 0.360231 -0.239113
294.000000 114.000000 -0.332880 -0.236220
436.000000 114.000000 -0.190289 -0.229086
132.000000 115.000000 -0.518716 -0.249689
470.000000 115.000000 -0.157768 -0.227025
920.000000 115.000000 0.265347 -0.231442
17.000000 116.000000 -0.674499 -0.263692
134.000000 117.000000 -0.515974 -0.247310
522.000000 117.000000 -0.108821 -0.223844
132.000000 118.000000 -0.518374 -0.246461
280.000000 118.000000 -0.347478 -0.233124
294.000000 118.000000 -0.332615 -0.232183
1169.000000 118.000000 0.546187 -0.249149
457.000000 119.000000 -0.170011 -0.223528
1002.000000 120.000000 0.350040 -0.231355
1164.000000 120.000000 0.539487 -0.246381
1193.000000 120.000000 0.577553 -0.249941
236.000000 121.000000 -0.395218 -0.233334
171.000000 122.000000 -0.470103 -0.238079
1026.000000 122.000000 0.375889 -0.231054
957.000000 123.000000 0.302578 -0.225495
1159.000000 123.000000 0.532722 -0.242555
235.000000 124.000000 -0.396093 -0.230336
167.000000 125.000000 -0.474605 -0.235314
184.000000 125.000000 -0.454382 -0.233684
382.000000 125.000000 -0.242506 -0.220459
1024.000000 125.000000 0.373479 -0.227850
1202.000000 125.000000 0.589022 -0.245586
1206.000000 125.000000 0.594445 -0.246097
250.000000 126.000000 -0.379366 -0.227147
464.000000 127.000000 -0.163119 -0.215579
949.000000 127.000000 0.294135 -0.221069
1158.000000 127.000000 0.530990 -0.238133
1245.000000 127.000000 0.648515 -0.249042
460.000000 128.000000 -0.166889 -0.214727
893.000000 128.000000 0.237857 -0.217373
970.000000 129.000000 0.315692 -0.220267
168.000000 130.000000 -0.472919 -0.229960
279.000000 130.000000 -0.347740 -0.221082
140.000000 131.000000 -0.506968 -0.231700
1158.000000 131.000000 0.530544 -0.233837
172.000000 132.000000 -0.467947 -0.227485
174.000000 132.000000 -0.465565 -0.227299
238.000000 132.000000 -0.392145 -0.221931
52.000000 133.000000 -0.622424 -0.239795
170.000000 133.000000 -0.470241 -0.226626
385.000000 133.000000 -0.239204 -0.212504
1075.000000 133.000000 0.429976 -0.223673
1156.000000 133.000000 0.527780 -0.231475
159.000000 134.000000 -0.483377 -0.226625
1064.000000 134.000000 0.417323 -0.221735
265.000000 135.000000 -0.362420 -0.216976
974.000000 135.000000 0.319507 -0.214523
1174.000000 135.000000 0.550689 -0.231324
1179.000000 135.000000 0.557211 -0.231893
143.000000 136.000000 -0.502743 -0.226094
260.000000 136.000000 -0.367758 -0.216305
421.000000 136.000000 -0.203985 -0.208225
152.000000 137.000000 -0.491596 -0.224148
283.000000 137.000000 -0.343040 -0.213806
286.000000 137.000000 -0.339863 -0.213621
457.000000 137.000000 -0.169484 -0.206141
988.000000 137.000000 0.334062 -0.213358
1130.000000 137.000000 0.494909 -0.224529
1181.000000 137.000000 0.559602 -0.229960
237.000000 139.000000 -0.392736 -0.214886
184.000000 140.000000 -0.453033 -0.218075
496.000000 140.000000 -0.132646 -0.202309
1105.000000 140.000000 0.464436 -0.219030
1134.000000 140.000000 0.499532 -0.221759
1189.000000 140.000000 0.569805 -0.227629
1198.000000 140.000000 0.581801 -0.228675
1210.000000 140.000000 0.598020 -0.230105
1130.000000 141.000000 0.494518 -0.220315
153.000000 142.000000 -0.489897 -0.218798
1128.000000 142.000000 0.491974 -0.219072
1178.000000 142.000000 0.555115 -0.224229
1201.000000 142.000000 0.585596 -0.226850
205.000000 143.000000 -0.428451 -0.213239
1126.000000 143.000000 0.489437 -0.217832
1131.000000 143.000000 0.495551 -0.218308
1242.000000 143.000000 0.642143 -0.230759
165.000000 144.000000 -0.475213 -0.215598
225.000000 144.000000 -0.405732 -0.210685
254.000000 144.000000 -0.373732 -0.208649
952.000000 145.000000 0.296260 -0.203441
1040.000000 145.000000 0.389616 -0.208716
1178.000000 145.000000 0.554786 -0.221003
225.000000 146.000000 -0.405585 -0.208652
496.000000 146.000000 -0.132520 -0.196587
500.000000 146.000000 -0.128782 -0.196505
1006.000000 146.000000 0.352616 -0.205470
118.000000 147.000000 -0.532956 -0.216965
936.000000 147.000000 0.279906 -0.200703
1249.000000 147.000000 0.651605 -0.227191
221.000000 148.000000 -0.409925 -0.206913
285.000000 148.000000 -0.340262 -0.202716
1085.000000 148.000000 0.440282 -0.209052
1211.000000 148.000000 0.598433 -0.221478
951.000000 149.000000 0.295040 -0.199460
1056.000000 149.000000 0.407141 -0.205806
1071.000000 149.000000 0.424109 -0.206926
1087.000000 149.000000 0.442521 -0.208185
1152.000000 149.000000 0.521059 -0.214031
1183.000000 149.000000 0.560891 -0.217247
124.000000 150.000000 -0.525054 -0.213178
126.000000 150.000000 -0.522535 -0.212980
501.000000 150.000000 -0.127770 -0.192682
1115.000000 150.000000 0.475491 -0.209517
1197.000000 150.000000 0.579316 -0.217708
219.000000 151.000000 -0.411955 -0.204012
235.000000 151.000000 -0.394101 -0.202881
172.000000 152.000000 -0.466164 -0.206680
179.000000 153.000000 -0.457810 -0.205063
502.000000 153.000000 -0.126779 -0.189814
966.000000 153.000000 0.310232 -0.196281
185.000000 154.000000 -0.450695 -0.203546
262.000000 154.000000 -0.364433 -0.198114
1087.000000 154.000000 0.442122 -0.203053
62.000000 156.000000 -0.605860 -0.213319
347.000000 156.000000 -0.276027 -0.191710
125.000000 158.000000 -0.523019 -0.204632
272.000000 158.000000 -0.353478 -0.193535
484.000000 158.000000 -0.143503 -0.185432
146.000000 159.000000 -0.496883 -0.201661
480.000000 159.000000 -0.147233 -0.184569
1206.000000 159.000000 0.590412 -0.208966
127.000000 160.000000 -0.520320 -0.202339
136.000000 160.000000 -0.509105 -0.201512
233.000000 160.000000 -0.395709 -0.193949
168.000000 161.000000 -0.470169 -0.197716
275.000000 161.000000 -0.350113 -0.190388
179.000000 162.000000 -0.457087 -0.195808
171.000000 163.000000 -0.466445 -0.195414
67.000000 164.000000 -0.598170 -0.204090
376.000000 165.000000 -0.246820 -0.181841
378.000000 165.000000 -0.244851 -0.181768
1188.000000 165.000000 0.565787 -0.200629
1222.000000 165.000000 0.611579 -0.204208
1181.000000 166.000000 0.556518 -0.198865
68.000000 167.000000 -0.596497 -0.200743
70.000000 167.000000 -0.593792 -0.200534
125.000000 167.000000 -0.522187 -0.195173
982.000000 167.000000 0.326114 -0.183336
1070.000000 167.000000 0.421659 -0.188562
1171.000000 167.000000 0.543476 -0.196836
183.000000 168.000000 -0.451945 -0.189361
475.000000 168.000000 -0.151733 -0.176153
977.000000 168.000000 0.320864 -0.182107
1023.000000 169.000000 0.369508 -0.183577
1170.000000 169.000000 0.542002 -0.194627
476.000000 170.000000 -0.150753 -0.174242
1178.000000 170.000000 0.552229 -0.194327
1203.000000 170.000000 0.585214 -0.196797
12.000000 171.000000 -0.674657 -0.202517
269.000000 171.000000 -0.355947 -0.180827
274.000000 171.000000 -0.350627 -0.180558
1072.000000 171.000000 0.423656 -0.184656
1200.000000 171.000000 0.581095 -0.195420
183.000000 172.000000 -0.451649 -0.185280
277.000000 172.000000 -0.347393 -0.179413
485.000000 172.000000 -0.142285 -0.172174
1174.000000 172.000000 0.546867 -0.191833
139.000000 173.000000 -0.504267 -0.187696
355.000000 173.000000 -0.267325 -0.174919
1118.000000 173.000000 0.477175 -0.185984
80.000000 174.000000 -0.579676 -0.192008
265.000000 174.000000 -0.360057 -0.178081
482.000000 174.000000 -0.145052 -0.170347
1100.000000 174.000000 0.455759 -0.183592
1158.000000 174.000000 0.526276 -0.188276
1216.000000 174.000000 0.602396 -0.193824
1006.000000 176.000000 0.350907 -0.175719
1008.000000 176.000000 0.353034 -0.175823
1149.000000 176.000000 0.514817 -0.185408
1205.000000 176.000000 0.587296 -0.190562
263.000000 177.000000 -0.362036 -0.175226
1209.000000 177.000000 0.592587 -0.189887
1146.000000 179.000000 0.510835 -0.182036
462.000000 180.000000 -0.163698 -0.165102
1041.000000 181.000000 0.388418 -0.172693
1158.000000 181.000000 0.525671 -0.180957
1134.000000 182.000000 0.495825 -0.177966
1147.000000 182.000000 0.511830 -0.179003
1177.000000 182.000000 0.549828 -0.181557
285.000000 183.000000 -0.338410 -0.168218
1200.000000 183.000000 0.579927 -0.182602
1213.000000 183.000000 0.597414 -0.183844
251.000000 184.000000 -0.374580 -0.168958
1163.000000 184.000000 0.531736 -0.178247
1216.000000 184.000000 0.601396 -0.183062
165.000000 185.000000 -0.471896 -0.173326
480.000000 186.000000 -0.146695 -0.159104
1026.000000 186.000000 0.371808 -0.166913
1079.000000 186.000000 0.430640 -0.169998
1091.000000 186.000000 0.444435 -0.170778
1163.000000 186.000000 0.531568 -0.176158
156.000000 187.000000 -0.482504 -0.171933
239.000000 187.000000 -0.387474 -0.166643
242.000000 187.000000 -0.384196 -0.166478
997.000000 187.000000 0.340845 -0.164481
317.000000 188.000000 -0.305065 -0.161942
368.000000 188.000000 -0.253904 -0.160064
1027.000000 188.000000 0.372784 -0.164993
1194.000000 188.000000 0.571504 -0.176740
358.000000 189.000000 -0.263762 -0.159444
1082.000000 189.000000 0.433880 -0.167171
1223.000000 189.000000 0.610491 -0.178367
1078.000000 190.000000 0.429248 -0.165916
1229.000000 190.000000 0.618673 -0.177867
397.000000 191.000000 -0.225467 -0.156321
1093.000000 191.000000 0.446424 -0.165859
142.000000 192.000000 -0.499094 -0.167832
162.000000 192.000000 -0.474972 -0.166400
1156.000000 192.000000 0.522259 -0.169347
1227.000000 192.000000 0.615715 -0.175522
1189.000000 193.000000 0.564485 -0.171017
346.000000 194.000000 -0.275540 -0.155072
1105.000000 194.000000 0.460231 -0.163610
1147.000000 195.000000 0.510812 -0.165552
972.000000 197.000000 0.314406 -0.153673
1166.000000 197.000000 0.534483 -0.164939
1235.000000 197.000000 0.626347 -0.170892
901.000000 198.000000 0.243191 -0.150245
1196.000000 198.000000 0.573275 -0.166341
147.000000 199.000000 -0.492509 -0.160298
1140.000000 199.000000 0.501892 -0.160922
1180.000000 199.000000 0.552265 -0.163966
1237.000000 199.000000 0.628953 -0.168922
351.000000 200.000000 -0.270349 -0.149166
353.000000 200.000000 -0.268360 -0.149101
1017.000000 200.000000 0.361440 -0.152711
837.000000 201.000000 0.181538 -0.145798
161.000000 202.000000 -0.475490 -0.156299
308.000000 202.000000 -0.313725 -0.148782
438.000000 202.000000 -0.185903 -0.144933
788.000000 202.000000 0.135568 -0.143972
1097.000000 203.000000 0.450313 -0.154018
1104.000000 203.000000 0.458481 -0.154448
163.000000 204.000000 -0.472983 -0.154142
938.000000 204.000000 0.279639 -0.145697
966.000000 204.000000 0.307979 -0.146689
999.000000 204.000000 0.342185 -0.148009
407.000000 205.000000 -0.215440 -0.142825
1095.000000 205.000000 0.447872 -0.151888
165.000000 206.000000 -0.470486 -0.151991
180.000000 206.000000 -0.452888 -0.151075
1236.000000 206.000000 0.626922 -0.161296
360.000000 207.000000 -0.261202 -0.142217
1216.000000 207.000000 0.599311 -0.158500
184.000000 208.000000 -0.448131 -0.148832
424.000000 208.000000 -0.199086 -0.139608
435.000000 208.000000 -0.188622 -0.139373
1245.000000 208.000000 0.639373 -0.159942
962.000000 209.000000 0.303713 -0.141739
433.000000 211.000000 -0.190458 -0.136605
1046.000000 212.000000 0.392271 -0.142314
1096.000000 212.000000 0.448624 -0.144924
1014.000000 214.000000 0.357620 -0.138925
1047.000000 214.000000 0.393274 -0.140396
1094.000000 214.000000 0.446197 -0.142809
1136.000000 215.000000 0.495928 -0.144295
1241.000000 215.000000 0.633138 -0.152062
168.000000 216.000000 -0.466342 -0.141722
1053.000000 216.000000 0.399786 -0.138713
1094.000000 216.000000 0.446087 -0.140809
1270.000000 216.000000 0.674500 -0.153477
1164.000000 217.000000 0.530487 -0.144085
1186.000000 217.000000 0.558667 -0.145631
873.000000 218.000000 0.215508 -0.130641
1166.000000 218.000000 0.532946 -0.143190
352.000000 219.000000 -0.268772 -0.131062
942.000000 219.000000 0.283168 -0.131523
1089.000000 219.000000 0.440166 -0.137546
1140.000000 220.000000 0.500492 -0.139455
199.000000 221.000000 -0.430240 -0.135056
1090.000000 221.000000 0.441210 -0.135606
310.000000 222.000000 -0.310959 -0.129501
927.000000 222.000000 0.268119 -0.128236
169.000000 223.000000 -0.464773 -0.134632
925.000000 224.000000 0.266081 -0.126287
1174.000000 224.000000 0.542713 -0.137535
1098.000000 226.000000 0.450184 -0.131035
1178.000000 226.000000 0.547705 -0.135733
348.000000 227.000000 -0.272521 -0.123596
1264.000000 227.000000 0.664879 -0.141022
1176.000000 228.000000 0.545009 -0.133535
1083.000000 229.000000 0.432803 -0.127308
932.000000 230.000000 0.272866 -0.120800
935.000000 230.000000 0.275853 -0.120881
998.000000 231.000000 0.340095 -0.121872
1235.000000 231.000000 0.623500 -0.134491
363.000000 232.000000 -0.257561 -0.118485
1267.000000 233.000000 0.668743 -0.134765
993.000000 234.000000 0.334774 -0.118819
1069.000000 234.000000 0.416761 -0.121730
1178.000000 234.000000 0.547191 -0.127470
347.000000 235.000000 -0.273302 -0.116058
991.000000 236.000000 0.332628 -0.116835
1086.000000 236.000000 0.435897 -0.120515
346.000000 238.000000 -0.274219 -0.113251
948.000000 238.000000 0.288645 -0.113657
1275.000000 238.000000 0.680000 -0.129956
982.000000 239.000000 0.323217 -0.113680
1269.000000 239.000000 0.671189 -0.128427
1195.000000 240.000000 0.568875 -0.122318
310.000000 241.000000 -0.310374 -0.111372
949.000000 241.000000 0.289570 -0.110842
1095.000000 241.000000 0.445993 -0.115970
1164.000000 241.000000 0.528996 -0.119455
1223.000000 241.000000 0.606281 -0.123067
282.000000 243.000000 -0.339188 -0.110295
1086.000000 243.000000 0.435587 -0.113594
1140.000000 243.000000 0.499191 -0.116134
951.000000 244.000000 0.291503 -0.108053
1130.000000 244.000000 0.487042 -0.114624
173.000000 245.000000 -0.458998 -0.112457
1101.000000 246.000000 0.452708 -0.111276
837.000000 248.000000 0.180701 -0.102040
1143.000000 249.000000 0.502550 -0.110225
1151.000000 250.000000 0.512324 -0.109609
1108.000000 251.000000 0.460642 -0.106613
201.000000 256.000000 -0.426457 -0.100452
261.000000 256.000000 -0.360883 -0.098459
1168.000000 258.000000 0.533143 -0.102317
938.000000 259.000000 0.278139 -0.093598
935.000000 260.000000 0.275134 -0.092596
1140.000000 260.000000 0.498385 -0.099004
901.000000 262.000000 0.241686 -0.090075
935.000000 262.000000 0.275093 -0.090717
1134.000000 262.000000 0.491036 -0.096740
269.000000 263.000000 -0.352229 -0.091519
932.000000 263.000000 0.272096 -0.089719
342.000000 264.000000 -0.277608 -0.088868
1163.000000 265.000000 0.526533 -0.094968
1253.000000 265.000000 0.646545 -0.099516
321.000000 266.000000 -0.298596 -0.087420
1244.000000 266.000000 0.633802 -0.097957
1098.000000 267.000000 0.448407 -0.090383
1246.000000 267.000000 0.636553 -0.097008
1132.000000 268.000000 0.488386 -0.090653
1171.000000 268.000000 0.536470 -0.092273
1210.000000 268.000000 0.587174 -0.094094
1270.000000 268.000000 0.670755 -0.097269
1139.000000 269.000000 0.496797 -0.089927
337.000000 270.000000 -0.282469 -0.083333
1061.000000 270.000000 0.406531 -0.086241
917.000000 271.000000 0.257156 -0.081957
980.000000 271.000000 0.320319 -0.083184
1180.000000 272.000000 0.547751 -0.088589
154.000000 273.000000 -0.480230 -0.085374
331.000000 273.000000 -0.288406 -0.080630
999.000000 273.000000 0.339925 -0.081713
1079.000000 273.000000 0.426544 -0.083865
199.000000 274.000000 -0.428106 -0.082896
329.000000 274.000000 -0.290391 -0.079728
1108.000000 274.000000 0.459761 -0.083818
145.000000 275.000000 -0.490920 -0.083704
336.000000 275.000000 -0.283373 -0.078660
1169.000000 275.000000 0.533648 -0.085074
1103.000000 276.000000 0.453882 -0.081679
199.000000 278.000000 -0.427987 -0.078988
1143.000000 278.000000 0.501318 -0.081056
1062.000000 279.000000 0.407380 -0.077530
165.000000 280.000000 -0.467006 -0.078057
1186.000000 280.000000 0.555130 -0.080664
142.000000 281.000000 -0.494323 -0.077817
1130.000000 281.000000 0.485518 -0.077609
1238.000000 281.000000 0.624686 -0.081848
194.000000 282.000000 -0.433524 -0.075223
1137.000000 282.000000 0.493902 -0.076845
1184.000000 282.000000 0.552474 -0.078542
909.000000 283.000000 0.249143 -0.070652
1116.000000 283.000000 0.468839 -0.075175
1118.000000 283.000000 0.471195 -0.075237
1149.000000 283.000000 0.508475 -0.076251
1236.000000 283.000000 0.621826 -0.079659
907.000000 284.000000 0.247179 -0.069695
1253.000000 284.000000 0.645583 -0.079361
1094.000000 285.000000 0.443241 -0.072558
886.000000 286.000000 0.226821 -0.067566
321.000000 287.000000 -0.298200 -0.067656
1215.000000 287.000000 0.593027 -0.074614
201.000000 289.000000 -0.425439 -0.068207
786.000000 289.000000 0.132767 -0.063879
1074.000000 289.000000 0.420480 -0.068126
142.000000 290.000000 -0.494036 -0.068837
1213.000000 291.000000 0.590192 -0.070397
1228.000000 292.000000 0.610452 -0.069922
143.000000 293.000000 -0.492744 -0.065818
325.000000 293.000000 -0.294083 -0.061963
327.000000 293.000000 -0.292077 -0.061934
986.000000 293.000000 0.326058 -0.062480
1138.000000 293.000000 0.494767 -0.065899
201.000000 294.000000 -0.425319 -0.063340
1184.000000 294.000000 0.552045 -0.066306
1118.000000 296.000000 0.470825 -0.062375
1205.000000 297.000000 0.579332 -0.063926
307.000000 300.000000 -0.312171 -0.055652
1121.000000 300.000000 0.474265 -0.058496
324.000000 301.000000 -0.294976 -0.054481
1015.000000 301.000000 0.356146 -0.055377
1231.000000 301.000000 0.614242 -0.060647
1098.000000 302.000000 0.447408 -0.055997
1123.000000 302.000000 0.476584 -0.056566
226.000000 303.000000 -0.397428 -0.054112
319.000000 303.000000 -0.299980 -0.052671
325.000000 303.000000 -0.293946 -0.052595
1176.000000 303.000000 0.541553 -0.056923
1150.000000 304.000000 0.509078 -0.055233
141.000000 305.000000 -0.494841 -0.053925
319.000000 305.000000 -0.299955 -0.050797
1014.000000 305.000000 0.355027 -0.051554
304.000000 306.000000 -0.315144 -0.050048
1259.000000 306.000000 0.653260 -0.056314
290.000000 307.000000 -0.329480 -0.049290
1033.000000 307.000000 0.375197 -0.049943
193.000000 308.000000 -0.434049 -0.049880
305.000000 308.000000 -0.314100 -0.048154
1197.000000 308.000000 0.568480 -0.052403
1217.000000 308.000000 0.595004 -0.052952
1234.000000 308.000000 0.618148 -0.053442
836.000000 309.000000 0.179120 -0.045948
304.000000 310.000000 -0.315094 -0.046286
1265.000000 310.000000 0.661726 -0.052264
1105.000000 311.000000 0.455304 -0.047318
205.000000 313.000000 -0.420464 -0.044814
211.000000 313.000000 -0.413782 -0.044718
282.000000 313.000000 -0.337675 -0.043724
305.000000 313.000000 -0.314040 -0.043454
1144.000000 313.000000 0.501546 -0.046108
1212.000000 314.000000 0.588146 -0.046629
267.000000 316.000000 -0.353299 -0.041065
303.000000 316.000000 -0.316046 -0.040657
994.000000 316.000000 0.333992 -0.040861
1209.000000 316.000000 0.584101 -0.044499
1229.000000 316.000000 0.611068 -0.044978
1074.000000 317.000000 0.419927 -0.040949
266.000000 319.000000 -0.354315 -0.038228
994.000000 319.000000 0.333959 -0.038027
1029.000000 319.000000 0.370748 -0.038423
1054.000000 320.000000 0.397762 -0.037776
1251.000000 320.000000 0.641525 -0.041327
12.000000 321.000000 -0.664350 -0.040620
263.000000 321.000000 -0.357452 -0.036362
996.000000 321.000000 0.336010 -0.036159
849.000000 322.000000 0.191273 -0.034125
996.000000 323.000000 0.335990 -0.034270
983.000000 324.000000 0.322577 -0.033206
856.000000 325.000000 0.197871 -0.031413
1035.000000 325.000000 0.377106 -0.032762
265.000000 326.000000 -0.355294 -0.031595
981.000000 326.000000 0.320510 -0.031308
1021.000000 326.000000 0.362161 -0.031668
1042.000000 326.000000 0.384638 -0.031879
1099.000000 326.000000 0.448143 -0.032539
1246.000000 326.000000 0.634371 -0.034922
1082.000000 327.000000 0.428777 -0.031358
1101.000000 327.000000 0.450432 -0.031587
856.000000 328.000000 0.197857 -0.028664
1194.000000 329.000000 0.564123 -0.030902
1209.000000 329.000000 0.583843 -0.031142
267.000000 330.000000 -0.353157 -0.027783
851.000000 331.000000 0.193119 -0.025895
1192.000000 331.000000 0.561495 -0.028834
174.000000 332.000000 -0.455433 -0.026734
1024.000000 332.000000 0.365292 -0.025986
1199.000000 332.000000 0.570605 -0.027916
1028.000000 333.000000 0.369542 -0.025065
851.000000 334.000000 0.193108 -0.023150
1096.000000 334.000000 0.444611 -0.024696
1146.000000 334.000000 0.503646 -0.025220
157.000000 335.000000 -0.475259 -0.023964
1276.000000 335.000000 0.677072 -0.025944
272.000000 336.000000 -0.347873 -0.022062
1028.000000 336.000000 0.369519 -0.022207
1087.000000 336.000000 0.434338 -0.022666
1224.000000 337.000000 0.603867 -0.023116
984.000000 338.000000 0.323502 -0.020043
274.000000 340.000000 -0.345760 -0.018266
1089.000000 340.000000 0.436576 -0.018793
1200.000000 340.000000 0.571816 -0.019758
1268.000000 340.000000 0.665409 -0.020522
94.000000 341.000000 -0.552641 -0.018586
97.000000 341.000000 -0.548804 -0.018558
100.000000 342.000000 -0.544974 -0.017520
1121.000000 342.000000 0.473602 -0.017067
265.000000 343.000000 -0.355175 -0.015471
1017.000000 343.000000 0.357809 -0.015487
1243.000000 343.000000 0.629930 -0.017092
262.000000 344.000000 -0.358330 -0.014536
1189.000000 344.000000 0.557466 -0.015585
271.000000 345.000000 -0.348872 -0.013550
830.000000 345.000000 0.173352 -0.013045
992.000000 345.000000 0.331704 -0.013490
1074.000000 345.000000 0.419648 -0.013853
790.000000 346.000000 0.136226 -0.012073
1227.000000 346.000000 0.607855 -0.013832
1240.000000 346.000000 0.625731 -0.013934
1268.000000 347.000000 0.665339 -0.013105
1169.000000 348.000000 0.531972 -0.011408
1198.000000 348.000000 0.569132 -0.011577
83.000000 349.000000 -0.566788 -0.010542
1007.000000 349.000000 0.347279 -0.009764
857.000000 350.000000 0.198739 -0.008521
1209.000000 350.000000 0.583616 -0.009594
1258.000000 350.000000 0.650997 -0.009867
86.000000 351.000000 -0.562883 -0.008491
101.000000 351.000000 -0.543646 -0.008426
1028.000000 351.000000 0.369448 -0.007924
1103.000000 351.000000 0.452549 -0.008144
219.000000 352.000000 -0.404589 -0.007047
242.000000 353.000000 -0.379590 -0.006036
1247.000000 354.000000 0.635447 -0.005616
963.000000 355.000000 0.302082 -0.004036
965.000000 355.000000 0.304101 -0.004038
1028.000000 355.000000 0.369440 -0.004116
1200.000000 355.000000 0.571721 -0.004444
1252.000000 355.000000 0.642474 -0.004583
47.000000 356.000000 -0.614813 -0.003487
239.000000 356.000000 -0.382813 -0.003176
43.000000 357.000000 -0.620302 -0.002456
100.000000 357.000000 -0.544899 -0.002372
1005.000000 357.000000 0.345175 -0.002194
1013.000000 357.000000 0.353557 -0.002200
1176.000000 357.000000 0.540774 -0.002368
1184.000000 358.000000 0.550972 -0.001367
1230.000000 359.000000 0.611897 -0.000374
1001.000000 360.000000 0.341005 0.000642
1019.000000 360.000000 0.359882 0.000643
1241.000000 360.000000 0.627064 0.000664
1247.000000 360.000000 0.635437 0.000664
49.000000 361.000000 -0.612076 0.001699
1214.000000 361.000000 0.590254 0.001690
1260.000000 361.000000 0.653817 0.001720
1264.000000 361.000000 0.659537 0.001722
1175.000000 362.000000 0.539506 0.002674
211.000000 363.000000 -0.413414 0.003540
778.000000 363.000000 0.125180 0.003349
1180.000000 363.000000 0.545860 0.003690
1229.000000 363.000000 0.610533 0.003772
98.000000 365.000000 -0.547449 0.005712
1067.000000 365.000000 0.411825 0.005469
1150.000000 365.000000 0.508389 0.005639
25.000000 367.000000 -0.645404 0.008015
1045.000000 368.000000 0.387719 0.008303
1187.000000 368.000000 0.554842 0.008772
1256.000000 368.000000 0.648146 0.009081
1036.000000 369.000000 0.378011 0.009234
1119.000000 372.000000 0.471212 0.012455
1239.000000 372.000000 0.624332 0.013169
786.000000 373.000000 0.132542 0.012423
1133.000000 373.000000 0.487838 0.013515
62.000000 374.000000 -0.594546 0.015072
87.000000 374.000000 -0.561619 0.014887
943.000000 375.000000 0.282068 0.014597
135.000000 376.000000 -0.501506 0.016555
1118.000000 376.000000 0.470058 0.016383
1195.000000 376.000000 0.565249 0.016952
1251.000000 376.000000 0.641134 0.017451
1253.000000 376.000000 0.643956 0.017470
1257.000000 376.000000 0.649623 0.017508
775.000000 377.000000 0.122438 0.016034
1092.000000 377.000000 0.439973 0.017194
60.000000 378.000000 -0.597265 0.019210
1216.000000 378.000000 0.593021 0.019191
936.000000 379.000000 0.275135 0.018292
99.000000 380.000000 -0.546268 0.020866
105.000000 380.000000 -0.538662 0.020808
1090.000000 380.000000 0.437716 0.020100
1176.000000 380.000000 0.540871 0.020836
1215.000000 380.000000 0.591702 0.021239
16.000000 381.000000 -0.658299 0.022834
103.000000 381.000000 -0.541200 0.021836
758.000000 382.000000 0.106884 0.020536
1024.000000 384.000000 0.365266 0.023468
1149.000000 384.000000 0.507290 0.024570
57.000000 385.000000 -0.601390 0.026468
1211.000000 385.000000 0.586419 0.026332
46.000000 386.000000 -0.616371 0.027660
162.000000 386.000000 -0.469392 0.026201
1109.000000 386.000000 0.459619 0.026127
1168.000000 386.000000 0.530847 0.026793
1173.000000 387.000000 0.537154 0.027863
1209.000000 387.000000 0.583786 0.028358
72.000000 389.000000 -0.581407 0.030365
184.000000 389.000000 -0.443954 0.028904
1205.000000 389.000000 0.578517 0.030350
999.000000 390.000000 0.339047 0.028967
1183.000000 393.000000 0.549962 0.034076
1090.000000 394.000000 0.437856 0.033726
1210.000000 394.000000 0.585230 0.035564
1044.000000 395.000000 0.386819 0.034150
1180.000000 395.000000 0.546161 0.036052
110.000000 397.000000 -0.532600 0.037864
123.000000 397.000000 -0.516431 0.037640
1181.000000 399.000000 0.547511 0.040121
1232.000000 399.000000 0.615070 0.041176
1135.000000 400.000000 0.490543 0.040287
1172.000000 400.000000 0.536101 0.040959
1146.000000 401.000000 0.503874 0.041476
1151.000000 401.000000 0.509989 0.041567
920.000000 402.000000 0.259513 0.039550
1143.000000 402.000000 0.500242 0.042417
1257.000000 404.000000 0.650126 0.047020
748.000000 406.000000 0.097817 0.042243
1137.000000 407.000000 0.493081 0.047275
56.000000 408.000000 -0.603203 0.050274
1192.000000 408.000000 0.561874 0.049510
1138.000000 409.000000 0.494328 0.049284
1146.000000 409.000000 0.504034 0.049456
1153.000000 409.000000 0.512609 0.049610
1214.000000 409.000000 0.590905 0.051096
451.000000 410.000000 -0.172227 0.046246
1259.000000 410.000000 0.653143 0.053414
87.000000 411.000000 -0.562229 0.052546
161.000000 411.000000 -0.470954 0.050830
1221.000000 411.000000 0.600381 0.053355
486.000000 413.000000 -0.139732 0.048783
997.000000 413.000000 0.337223 0.050693
1218.000000 413.000000 0.596388 0.055339
1226.000000 413.000000 0.607226 0.055573
56.000000 415.000000 -0.603402 0.057528
59.000000 415.000000 -0.599349 0.057437
1179.000000 415.000000 0.545328 0.056295
1272.000000 415.000000 0.672000 0.059137
1134.000000 416.000000 0.489670 0.056153
1185.000000 416.000000 0.553039 0.057475
1207.000000 416.000000 0.581773 0.058111
1218.000000 417.000000 0.596509 0.059478
1026.000000 418.000000 0.367804 0.055897
1144.000000 418.000000 0.501810 0.058393
1172.000000 418.000000 0.536525 0.059141
1174.000000 418.000000 0.539055 0.059197
1209.000000 418.000000 0.584490 0.060230
1251.000000 418.000000 0.642052 0.061602
1139.000000 419.000000 0.495770 0.059262
1220.000000 419.000000 0.599271 0.061612
1267.000000 419.000000 0.664909 0.063223
52.000000 420.000000 -0.608992 0.062847
54.000000 420.000000 -0.606272 0.062780
214.000000 420.000000 -0.410700 0.058534
998.000000 421.000000 0.338383 0.058285
1257.000000 421.000000 0.650660 0.064982
53.000000 422.000000 -0.607699 0.064892
162.000000 422.000000 -0.470029 0.061661
1183.000000 422.000000 0.550647 0.063521
1152.000000 423.000000 0.511734 0.063612
1239.000000 423.000000 0.625433 0.066433
1242.000000 423.000000 0.629607 0.066542
162.000000 424.000000 -0.470080 0.063636
1146.000000 425.000000 0.504438 0.065443
1013.000000 426.000000 0.354170 0.063296
1179.000000 426.000000 0.545655 0.067462
1244.000000 427.000000 0.632550 0.070820
1275.000000 427.000000 0.676811 0.072066
106.000000 428.000000 -0.538414 0.069267
254.000000 428.000000 -0.367441 0.065423
266.000000 428.000000 -0.354734 0.065189
1109.000000 428.000000 0.460397 0.067392
160.000000 429.000000 -0.472568 0.068632
1259.000000 429.000000 0.653821 0.073535
302.000000 430.000000 -0.317434 0.066434
1197.000000 430.000000 0.569058 0.072164
1267.000000 430.000000 0.665341 0.074934
1135.000000 431.000000 0.491281 0.071108
899.000000 433.000000 0.239373 0.068077
1191.000000 434.000000 0.561383 0.076041
997.000000 435.000000 0.337597 0.071548
1167.000000 435.000000 0.530766 0.076180
1234.000000 435.000000 0.618988 0.078806
836.000000 436.000000 0.179329 0.070128
1252.000000 436.000000 0.644178 0.080648
162.000000 437.000000 -0.470449 0.076489
1165.000000 437.000000 0.528328 0.078132
191.000000 438.000000 -0.436944 0.076609
1167.000000 438.000000 0.530874 0.079217
1194.000000 438.000000 0.565443 0.080258
1124.000000 439.000000 0.478376 0.078721
1170.000000 439.000000 0.534690 0.080343
1013.000000 440.000000 0.354457 0.076648
1167.000000 440.000000 0.530949 0.081243
1159.000000 441.000000 0.520985 0.081952
1011.000000 442.000000 0.352395 0.078512
1266.000000 442.000000 0.664454 0.087688
1182.000000 443.000000 0.550120 0.084888
1237.000000 443.000000 0.623498 0.087333
1144.000000 444.000000 0.502625 0.084411
314.000000 445.000000 -0.305501 0.080360
316.000000 445.000000 -0.303476 0.080320
939.000000 446.000000 0.278850 0.080816
1163.000000 446.000000 0.526169 0.087163
1226.000000 446.000000 0.608507 0.089951
1246.000000 446.000000 0.636200 0.090935
1119.000000 447.000000 0.472724 0.086497
1161.000000 447.000000 0.523711 0.088094
1255.000000 447.000000 0.648964 0.092454
59.000000 448.000000 -0.600640 0.091699
132.000000 448.000000 -0.506813 0.088511
1187.000000 448.000000 0.556775 0.090217
1220.000000 448.000000 0.600444 0.091749
1061.000000 449.000000 0.406516 0.086568
1243.000000 449.000000 0.632150 0.093951
1254.000000 449.000000 0.647649 0.094527
308.000000 450.000000 -0.311701 0.085206
1216.000000 451.000000 0.595189 0.094678
1240.000000 451.000000 0.628067 0.095905
1222.000000 452.000000 0.603356 0.096023
1249.000000 452.000000 0.640735 0.097443
1218.000000 453.000000 0.597988 0.096862
1260.000000 453.000000 0.656418 0.099112
1266.000000 453.000000 0.665038 0.099449
1276.000000 453.000000 0.679552 0.100018
126.000000 454.000000 -0.514428 0.094799
1106.000000 455.000000 0.457766 0.093955
1157.000000 455.000000 0.519070 0.096020
1159.000000 455.000000 0.521557 0.096108
1210.000000 455.000000 0.587341 0.098535
1154.000000 456.000000 0.515395 0.096900
1184.000000 456.000000 0.553272 0.098279
1101.000000 457.000000 0.452036 0.095747
1207.000000 457.000000 0.583443 0.100458
1228.000000 457.000000 0.611808 0.101574
1246.000000 457.000000 0.636789 0.102576
1260.000000 457.000000 0.656646 0.103382
1265.000000 457.000000 0.663827 0.103674
127.000000 458.000000 -0.513369 0.098794
146.000000 458.000000 -0.490241 0.097976
1243.000000 458.000000 0.632640 0.103464
1256.000000 458.000000 0.650993 0.104215
139.000000 459.000000 -0.498739 0.099277
143.000000 459.000000 -0.493898 0.099105
668.000000 459.000000 0.025436 0.090086
1015.000000 459.000000 0.357053 0.094883
1262.000000 459.000000 0.659631 0.105637
1181.000000 460.000000 0.549608 0.102233
1209.000000 460.000000 0.586267 0.103679
127.000000 461.000000 -0.513504 0.101825
662.000000 461.000000 0.020017 0.091896
934.000000 461.000000 0.274174 0.094795
1158.000000 461.000000 0.520585 0.102143
1212.000000 461.000000 0.590335 0.104882
1058.000000 462.000000 0.403616 0.099116
1152.000000 462.000000 0.513194 0.102876
1210.000000 462.000000 0.587712 0.105813
1272.000000 462.000000 0.674263 0.109469
125.000000 463.000000 -0.516066 0.103941
639.000000 463.000000 -0.000761 0.093700
1150.000000 463.000000 0.510774 0.103794
1201.000000 463.000000 0.575806 0.106361
276.000000 464.000000 -0.345088 0.099316
1017.000000 464.000000 0.359318 0.099742
115.000000 465.000000 -0.528609 0.106452
1210.000000 465.000000 0.587879 0.108937
1139.000000 466.000000 0.497460 0.106309
1206.000000 466.000000 0.582599 0.109752
114.000000 467.000000 -0.529962 0.108538
285.000000 467.000000 -0.335784 0.101930
1108.000000 467.000000 0.460577 0.105935
1210.000000 467.000000 0.587993 0.111021
122.000000 468.000000 -0.520025 0.109154
1085.000000 468.000000 0.434097 0.105983
1205.000000 468.000000 0.581384 0.111774
1272.000000 468.000000 0.674649 0.115935
1106.000000 469.000000 0.458327 0.107837
234.000000 470.000000 -0.390123 0.106423
1080.000000 470.000000 0.428502 0.107753
1144.000000 470.000000 0.503744 0.110580
115.000000 471.000000 -0.528913 0.112562
246.000000 471.000000 -0.377158 0.106980
1229.000000 471.000000 0.614001 0.116355
1273.000000 471.000000 0.676306 0.119240
263.000000 472.000000 -0.359026 0.107386
1239.000000 472.000000 0.627905 0.118049
234.000000 473.000000 -0.390230 0.109338
1215.000000 473.000000 0.595066 0.117586
1274.000000 473.000000 0.677901 0.121470
291.000000 474.000000 -0.329763 0.108443
922.000000 474.000000 0.262581 0.106749
1204.000000 474.000000 0.580409 0.117958
1212.000000 474.000000 0.591091 0.118447
1231.000000 474.000000 0.616945 0.119648
10.000000 476.000000 -0.670849 0.124272
23.000000 476.000000 -0.652205 0.123368
1233.000000 476.000000 0.619837 0.121893
1253.000000 476.000000 0.647873 0.123243
4.000000 477.000000 -0.679627 0.125778
363.000000 477.000000 -0.257315 0.109420
1085.000000 477.000000 0.434468 0.114858
1205.000000 477.000000 0.581922 0.121145
7.000000 478.000000 -0.675337 0.126645
361.000000 478.000000 -0.259305 0.110405
1113.000000 478.000000 0.466936 0.117118
1180.000000 478.000000 0.549298 0.120670
1212.000000 479.000000 0.591407 0.123679
1224.000000 479.000000 0.607665 0.124464
1081.000000 480.000000 0.430051 0.117647
1099.000000 480.000000 0.450682 0.118454
1221.000000 480.000000 0.603642 0.125318
254.000000 481.000000 -0.368918 0.116378
1212.000000 481.000000 0.591537 0.125774
1226.000000 481.000000 0.610536 0.126708
187.000000 482.000000 -0.443144 0.120082
1134.000000 482.000000 0.492193 0.122186
13.000000 483.000000 -0.667024 0.131608
931.000000 483.000000 0.271705 0.115443
1142.000000 483.000000 0.501972 0.123626
1146.000000 483.000000 0.506872 0.123846
1226.000000 483.000000 0.610673 0.128820
1229.000000 483.000000 0.614794 0.129028
17.000000 485.000000 -0.661422 0.133466
115.000000 486.000000 -0.529752 0.127886
950.000000 486.000000 0.290783 0.118791
124.000000 487.000000 -0.518568 0.128378
1161.000000 487.000000 0.525717 0.128784
20.000000 488.000000 -0.657354 0.136471
993.000000 488.000000 0.334860 0.122033
1221.000000 488.000000 0.604192 0.133750
1191.000000 489.000000 0.564238 0.132737
125.000000 490.000000 -0.517504 0.131380
241.000000 490.000000 -0.383268 0.125614
243.000000 490.000000 -0.381100 0.125533
997.000000 490.000000 0.339103 0.124093
1219.000000 490.000000 0.601614 0.135717
1227.000000 490.000000 0.612543 0.136297
1243.000000 490.000000 0.634764 0.137489
1074.000000 491.000000 0.422629 0.128191
421.000000 492.000000 -0.201544 0.122239
603.000000 492.000000 -0.033375 0.120242
1107.000000 492.000000 0.460591 0.130816
1123.000000 492.000000 0.479513 0.131676
1138.000000 492.000000 0.497599 0.132525
1205.000000 492.000000 0.582917 0.136824
1103.000000 493.000000 0.455969 0.131607
284.000000 494.000000 -0.337688 0.127850
128.000000 495.000000 -0.514091 0.136303
1059.000000 496.000000 0.406080 0.132426
1111.000000 496.000000 0.465503 0.135040
1116.000000 496.000000 0.471408 0.135316
1071.000000 497.000000 0.419536 0.133977
128.000000 498.000000 -0.514278 0.139367
217.000000 498.000000 -0.409986 0.134501
975.000000 498.000000 0.316580 0.131016
1108.000000 498.000000 0.462086 0.136882
1064.000000 499.000000 0.411787 0.135616
1072.000000 499.000000 0.420758 0.136004
1185.000000 499.000000 0.557108 0.142723
1227.000000 499.000000 0.613225 0.145849
969.000000 501.000000 0.310531 0.133687
1070.000000 501.000000 0.418607 0.137884
128.000000 502.000000 -0.514533 0.143459
1050.000000 502.000000 0.396409 0.137910
1181.000000 502.000000 0.552143 0.145559
1068.000000 503.000000 0.416460 0.139764
1076.000000 503.000000 0.425476 0.140169
1117.000000 503.000000 0.472996 0.142426
1248.000000 503.000000 0.642852 0.151836
884.000000 504.000000 0.226178 0.134059
1108.000000 504.000000 0.462424 0.142909
1250.000000 504.000000 0.645771 0.153083
578.000000 505.000000 -0.056141 0.132301
1114.000000 505.000000 0.469557 0.144267
1180.000000 505.000000 0.551068 0.148605
1211.000000 505.000000 0.591924 0.150950
859.000000 506.000000 0.202194 0.135362
1178.000000 506.000000 0.548564 0.149500
128.000000 507.000000 -0.514863 0.148582
1062.000000 507.000000 0.409948 0.143419
1210.000000 507.000000 0.590737 0.152984
1058.000000 508.000000 0.405545 0.144207
1237.000000 508.000000 0.627816 0.156277
108.000000 509.000000 -0.540118 0.152038
131.000000 509.000000 -0.511287 0.150431
701.000000 509.000000 0.055548 0.135992
1175.000000 509.000000 0.544930 0.152398
1183.000000 509.000000 0.555242 0.152992
1231.000000 509.000000 0.619561 0.156837
289.000000 510.000000 -0.333077 0.143097
571.000000 510.000000 -0.062547 0.136956
934.000000 510.000000 0.275462 0.141132
910.000000 511.000000 0.251716 0.141358
1057.000000 511.000000 0.404586 0.147121
1140.000000 511.000000 0.501228 0.151999
19.000000 512.000000 -0.660791 0.162517
197.000000 512.000000 -0.433228 0.149406
1045.000000 512.000000 0.391393 0.147507
1117.000000 512.000000 0.473543 0.151523
1127.000000 512.000000 0.485511 0.152161
1136.000000 512.000000 0.496411 0.152753
280.000000 513.000000 -0.342609 0.146367
1214.000000 513.000000 0.596625 0.159665
133.000000 514.000000 -0.509162 0.155422
1052.000000 514.000000 0.399200 0.149830
1128.000000 514.000000 0.486847 0.154262
1125.000000 515.000000 0.483300 0.155082
1198.000000 515.000000 0.575366 0.160457
1236.000000 515.000000 0.627032 0.163706
1041.000000 516.000000 0.387211 0.151248
1142.000000 516.000000 0.504023 0.157256
1126.000000 517.000000 0.484636 0.157184
1198.000000 517.000000 0.575531 0.162565
1202.000000 517.000000 0.580845 0.162898
868.000000 518.000000 0.211096 0.146850
1071.000000 518.000000 0.420631 0.154815
224.000000 519.000000 -0.403263 0.154895
1052.000000 519.000000 0.399460 0.154774
1174.000000 519.000000 0.544407 0.162729
1204.000000 519.000000 0.583682 0.165182
107.000000 520.000000 -0.542220 0.163541
1104.000000 520.000000 0.458699 0.158793
1113.000000 520.000000 0.469307 0.159373
1167.000000 520.000000 0.535549 0.163225
295.000000 521.000000 -0.327286 0.153499
1128.000000 521.000000 0.487319 0.161400
1204.000000 521.000000 0.583853 0.167300
79.000000 522.000000 -0.578831 0.167927
1173.000000 522.000000 0.543362 0.165779
1099.000000 523.000000 0.453044 0.161505
1121.000000 523.000000 0.479039 0.162958
1165.000000 523.000000 0.533244 0.166188
1118.000000 524.000000 0.475521 0.163772
1196.000000 524.000000 0.573474 0.169785
114.000000 525.000000 -0.533712 0.168195
291.000000 525.000000 -0.331615 0.157550
824.000000 525.000000 0.169393 0.152437
1081.000000 525.000000 0.432394 0.162397
1171.000000 525.000000 0.541043 0.168749
118.000000 526.000000 -0.528739 0.168920
183.000000 526.000000 -0.450173 0.164291
1137.000000 526.000000 0.498612 0.167163
1181.000000 526.000000 0.554000 0.170618
1078.000000 527.000000 0.429093 0.164220
1192.000000 527.000000 0.568455 0.172608
884.000000 528.000000 0.226812 0.156732
998.000000 528.000000 0.341690 0.160947
1189.000000 528.000000 0.564600 0.173404
1223.000000 528.000000 0.610231 0.176479
268.000000 529.000000 -0.356011 0.162507
1006.000000 530.000000 0.350232 0.163278
1073.000000 530.000000 0.423595 0.166922
1078.000000 530.000000 0.429278 0.167230
93.000000 531.000000 -0.561193 0.176220
113.000000 531.000000 -0.535464 0.174527
1062.000000 531.000000 0.411262 0.167261
1104.000000 531.000000 0.459423 0.169932
1214.000000 531.000000 0.598225 0.178848
1229.000000 531.000000 0.618794 0.180282
1022.000000 532.000000 0.367418 0.166039
96.000000 533.000000 -0.557463 0.178066
521.000000 533.000000 -0.108617 0.158797
1064.000000 533.000000 0.413624 0.169379
1120.000000 533.000000 0.478547 0.173097
1091.000000 534.000000 0.444466 0.172096
1149.000000 534.000000 0.514025 0.176342
915.000000 535.000000 0.257405 0.164379
1200.000000 535.000000 0.579769 0.181807
572.000000 536.000000 -0.061819 0.161059
845.000000 536.000000 0.189539 0.163268
856.000000 536.000000 0.200044 0.163548
1092.000000 536.000000 0.445759 0.174186
111.000000 537.000000 -0.538512 0.180969
1090.000000 537.000000 0.443510 0.175063
1164.000000 537.000000 0.533122 0.180707
1088.000000 538.000000 0.441266 0.175940
1162.000000 538.000000 0.530671 0.181582
449.000000 539.000000 -0.175962 0.165731
1270.000000 539.000000 0.677956 0.193257
1028.000000 540.000000 0.374326 0.174260
1088.000000 540.000000 0.441402 0.177964
558.000000 541.000000 -0.074679 0.165843
1163.000000 541.000000 0.532197 0.184807
187.000000 542.000000 -0.446602 0.180213
179.000000 543.000000 -0.455993 0.181797
1075.000000 543.000000 0.426697 0.180119
1095.000000 543.000000 0.449731 0.181496
1171.000000 543.000000 0.542582 0.187616
1222.000000 543.000000 0.610334 0.192538
1032.000000 544.000000 0.378897 0.178453
1093.000000 544.000000 0.447475 0.182370
1099.000000 544.000000 0.454475 0.182801
1136.000000 545.000000 0.498866 0.186689
1145.000000 545.000000 0.509962 0.187439
1084.000000 546.000000 0.437205 0.183766
1110.000000 546.000000 0.467589 0.185663
1029.000000 547.000000 0.375808 0.181261
1143.000000 547.000000 0.507654 0.189351
1185.000000 547.000000 0.561095 0.193148
159.000000 548.000000 -0.480075 0.188429
1135.000000 548.000000 0.497889 0.189717
880.000000 549.000000 0.223564 0.176612
1111.000000 549.000000 0.469008 0.188817
1131.000000 549.000000 0.493085 0.190421
869.000000 550.000000 0.212941 0.177225
1077.000000 550.000000 0.429456 0.187330
19.000000 551.000000 -0.664780 0.205275
419.000000 551.000000 -0.204884 0.177894
432.000000 551.000000 -0.192427 0.177528
1141.000000 551.000000 0.505524 0.193345
1176.000000 552.000000 0.549863 0.197589
296.000000 553.000000 -0.327717 0.184658
362.000000 553.000000 -0.260613 0.181733
833.000000 553.000000 0.178551 0.179075
1093.000000 553.000000 0.448132 0.191538
1233.000000 553.000000 0.626647 0.204578
20.000000 554.000000 -0.663684 0.208481
877.000000 554.000000 0.220812 0.181300
1174.000000 554.000000 0.547471 0.199517
247.000000 555.000000 -0.380045 0.189365
862.000000 555.000000 0.206341 0.181788
36.000000 556.000000 -0.641110 0.208854
304.000000 556.000000 -0.319551 0.187201
1131.000000 556.000000 0.493676 0.197685
464.000000 557.000000 -0.162208 0.182420
21.000000 558.000000 -0.662712 0.212798
1180.000000 558.000000 0.555647 0.204360
1186.000000 558.000000 0.563495 0.204967
322.000000 559.000000 -0.301167 0.189268
329.000000 559.000000 -0.294028 0.188943
861.000000 559.000000 0.205499 0.185582
1157.000000 559.000000 0.526237 0.203175
1170.000000 559.000000 0.542805 0.204429
95.000000 561.000000 -0.561426 0.207866
491.000000 561.000000 -0.136944 0.185627
1176.000000 561.000000 0.550751 0.207153
1208.000000 561.000000 0.593146 0.210523
999.000000 563.000000 0.344545 0.195417
924.000000 564.000000 0.267469 0.192693
1102.000000 564.000000 0.459546 0.203528
1145.000000 564.000000 0.511656 0.207306
1225.000000 564.000000 0.616763 0.215701
1081.000000 566.000000 0.435222 0.203908
1226.000000 566.000000 0.618381 0.218007
27.000000 567.000000 -0.655190 0.222069
343.000000 567.000000 -0.280212 0.196112
931.000000 567.000000 0.274619 0.195917
954.000000 567.000000 0.297936 0.196987
1048.000000 567.000000 0.397957 0.202506
1100.000000 567.000000 0.457435 0.206456
1153.000000 567.000000 0.521961 0.211233
1168.000000 567.000000 0.541036 0.212730
298.000000 568.000000 -0.326416 0.199329
1191.000000 568.000000 0.571145 0.216226
978.000000 569.000000 0.322810 0.200191
1060.000000 569.000000 0.411528 0.205387
976.000000 570.000000 0.320781 0.201071
102.000000 571.000000 -0.553346 0.217834
964.000000 571.000000 0.308404 0.201422
971.000000 571.000000 0.315641 0.201790
1127.000000 571.000000 0.490134 0.212971
44.000000 572.000000 -0.631742 0.225538
415.000000 572.000000 -0.209395 0.198140
969.000000 572.000000 0.313622 0.202671
38.000000 573.000000 -0.640302 0.227378
305.000000 573.000000 -0.319397 0.203892
1056.000000 573.000000 0.407324 0.209158
1147.000000 573.000000 0.515020 0.216985
785.000000 574.000000 0.133802 0.197929
1189.000000 574.000000 0.569159 0.222478
1197.000000 574.000000 0.579800 0.223380
1008.000000 575.000000 0.354851 0.207907
1127.000000 575.000000 0.490507 0.217160
1138.000000 575.000000 0.504020 0.218213
314.000000 576.000000 -0.310238 0.206373
1022.000000 576.000000 0.370010 0.209813
1083.000000 576.000000 0.438329 0.214327
1156.000000 576.000000 0.526653 0.221075
1190.000000 576.000000 0.570708 0.224752
1209.000000 576.000000 0.596212 0.226951
525.000000 577.000000 -0.105575 0.200191
775.000000 577.000000 0.124515 0.200584
841.000000 577.000000 0.186849 0.202238
962.000000 577.000000 0.306657 0.207236
1114.000000 577.000000 0.474957 0.218048
1133.000000 577.000000 0.498047 0.219834
1145.000000 577.000000 0.512919 0.221017
1192.000000 577.000000 0.573477 0.226062
313.000000 578.000000 -0.311378 0.208404
1107.000000 578.000000 0.466675 0.218457
1119.000000 578.000000 0.481073 0.219554
1155.000000 578.000000 0.525594 0.223100
1234.000000 578.000000 0.631002 0.232201
1087.000000 579.000000 0.443220 0.217753
1162.000000 579.000000 0.534601 0.224902
39.000000 580.000000 -0.639767 0.235023
1030.000000 580.000000 0.379004 0.214390
1089.000000 580.000000 0.445635 0.218956
1120.000000 580.000000 0.482470 0.221742
1131.000000 580.000000 0.495881 0.222799
1153.000000 580.000000 0.523274 0.225020
1236.000000 580.000000 0.634067 0.234672
200.000000 581.000000 -0.434555 0.219080
1186.000000 581.000000 0.565988 0.229708
1195.000000 581.000000 0.577937 0.230752
183.000000 582.000000 -0.454420 0.221564
1033.000000 582.000000 0.382435 0.216626
1142.000000 582.000000 0.509683 0.226010
1163.000000 582.000000 0.536202 0.228219
1223.000000 582.000000 0.616159 0.235246
341.000000 583.000000 -0.282991 0.211888
1049.000000 583.000000 0.400232 0.218816
1153.000000 583.000000 0.523589 0.228217
645.000000 584.000000 0.004732 0.205891
1151.000000 584.000000 0.521170 0.229071
1159.000000 584.000000 0.531310 0.229927
1196.000000 584.000000 0.579629 0.234137
1221.000000 584.000000 0.613642 0.237204
1224.000000 584.000000 0.617798 0.237583
834.000000 585.000000 0.180399 0.209730
837.000000 585.000000 0.183267 0.209822
1049.000000 585.000000 0.400384 0.220857
78.000000 586.000000 -0.586767 0.236791
694.000000 586.000000 0.049690 0.208013
839.000000 586.000000 0.185213 0.210850
326.000000 587.000000 -0.298483 0.216611
346.000000 587.000000 -0.278130 0.215580
947.000000 587.000000 0.291798 0.216327
1025.000000 587.000000 0.374030 0.221122
1167.000000 587.000000 0.541892 0.234029
221.000000 588.000000 -0.411186 0.224569
271.000000 588.000000 -0.356200 0.220914
910.000000 588.000000 0.254550 0.215505
1109.000000 588.000000 0.469986 0.229086
1189.000000 588.000000 0.570778 0.237660
39.000000 589.000000 -0.640934 0.245056
77.000000 589.000000 -0.588479 0.240198
397.000000 589.000000 -0.227524 0.215269
1145.000000 589.000000 0.514160 0.233765
1163.000000 589.000000 0.536974 0.235732
1053.000000 590.000000 0.405256 0.226283
1073.000000 590.000000 0.427972 0.227929
286.000000 591.000000 -0.340397 0.222951
1063.000000 591.000000 0.416635 0.228121
1113.000000 591.000000 0.475076 0.232620
1146.000000 591.000000 0.515628 0.236006
1164.000000 591.000000 0.538483 0.237998
832.000000 592.000000 0.178704 0.216431
1048.000000 593.000000 0.399889 0.228962
1161.000000 593.000000 0.534863 0.239812
412.000000 594.000000 -0.213086 0.219560
1040.000000 594.000000 0.391055 0.229359
1042.000000 594.000000 0.393277 0.229514
9.000000 595.000000 -0.684870 0.255912
250.000000 595.000000 -0.379477 0.229488
814.000000 595.000000 0.161649 0.218796
1016.000000 595.000000 0.364811 0.228592
1038.000000 595.000000 0.388915 0.230227
1062.000000 595.000000 0.415832 0.232162
1098.000000 595.000000 0.457559 0.235377
1100.000000 595.000000 0.459928 0.235567
1147.000000 595.000000 0.517321 0.240394
1151.000000 595.000000 0.522365 0.240837
191.000000 596.000000 -0.446304 0.235412
832.000000 596.000000 0.178830 0.220306
997.000000 596.000000 0.344460 0.228291
222.000000 597.000000 -0.410790 0.233742
256.000000 597.000000 -0.373062 0.231080
1096.000000 597.000000 0.455384 0.237282
1208.000000 597.000000 0.597458 0.249907
1125.000000 598.000000 0.490348 0.241231
1139.000000 598.000000 0.507635 0.242727
1258.000000 598.000000 0.667907 0.257836
330.000000 599.000000 -0.295042 0.228309
1110.000000 599.000000 0.472259 0.240752
1142.000000 599.000000 0.511491 0.244127
801.000000 600.000000 0.149473 0.223272
1071.000000 600.000000 0.426544 0.238115
1138.000000 600.000000 0.506609 0.244757
1176.000000 600.000000 0.555100 0.249164
1181.000000 600.000000 0.561662 0.249778
239.000000 602.000000 -0.392160 0.237499
635.000000 602.000000 -0.004441 0.223058
855.000000 602.000000 0.201165 0.226938
981.000000 602.000000 0.327912 0.233285
1250.000000 602.000000 0.656942 0.261238
1259.000000 602.000000 0.669925 0.262524
208.000000 603.000000 -0.427249 0.241163
311.000000 603.000000 -0.314898 0.233426
814.000000 603.000000 0.161882 0.226546
1007.000000 603.000000 0.355659 0.236071
1066.000000 603.000000 0.421080 0.240788
1133.000000 603.000000 0.500731 0.247417
5.000000 604.000000 -0.692003 0.266761
809.000000 605.000000 0.157190 0.228341
1140.000000 605.000000 0.509661 0.250340
1214.000000 605.000000 0.606740 0.259587
1252.000000 605.000000 0.660247 0.264928
1157.000000 606.000000 0.531260 0.253393
24.000000 607.000000 -0.664828 0.267437
926.000000 607.000000 0.271529 0.235052
1142.000000 607.000000 0.512392 0.252719
1216.000000 607.000000 0.609770 0.262094
1254.000000 607.000000 0.663418 0.267493
324.000000 608.000000 -0.301732 0.237652
810.000000 608.000000 0.158228 0.231287
1059.000000 608.000000 0.413546 0.245363
1117.000000 608.000000 0.481650 0.251020
1131.000000 608.000000 0.498810 0.252549
1133.000000 608.000000 0.501286 0.252773
1105.000000 609.000000 0.467279 0.250821
971.000000 610.000000 0.317940 0.240703
1031.000000 610.000000 0.382361 0.245061
1091.000000 610.000000 0.450749 0.250459
1133.000000 610.000000 0.501512 0.254921
1255.000000 610.000000 0.665301 0.271060
20.000000 611.000000 -0.671184 0.272583
1088.000000 611.000000 0.447319 0.251215
1127.000000 611.000000 0.494210 0.255319
1171.000000 611.000000 0.549940 0.260561
162.000000 612.000000 -0.482445 0.255189
590.000000 612.000000 -0.045911 0.232870
1164.000000 612.000000 0.540984 0.260775
1192.000000 612.000000 0.577816 0.264396
342.000000 613.000000 -0.283571 0.241609
347.000000 613.000000 -0.278485 0.241327
898.000000 613.000000 0.243784 0.239593
1020.000000 613.000000 0.370517 0.247267
1092.000000 613.000000 0.452230 0.253725
1155.000000 613.000000 0.529550 0.260754
125.000000 614.000000 -0.528683 0.261599
1085.000000 614.000000 0.444098 0.254080
1124.000000 614.000000 0.490857 0.258200
894.000000 615.000000 0.239910 0.241384
1165.000000 615.000000 0.542654 0.264182
465.000000 616.000000 -0.162870 0.239194
467.000000 616.000000 -0.160965 0.239132
782.000000 616.000000 0.131959 0.238306
18.000000 617.000000 -0.674973 0.279756
246.000000 617.000000 -0.385627 0.252387
345.000000 617.000000 -0.280745 0.245445
1051.000000 617.000000 0.405287 0.254015
1109.000000 617.000000 0.472935 0.259755
1188.000000 618.000000 0.573277 0.270508
949.000000 619.000000 0.295678 0.248389
1100.000000 619.000000 0.462350 0.260920
1103.000000 619.000000 0.465938 0.261241
1138.000000 619.000000 0.508789 0.265213
1197.000000 619.000000 0.585496 0.272859
21.000000 620.000000 -0.671085 0.282748
81.000000 620.000000 -0.587151 0.273955
340.000000 620.000000 -0.286020 0.248750
957.000000 620.000000 0.304008 0.249902
970.000000 620.000000 0.317554 0.250757
1006.000000 620.000000 0.355848 0.253363
1047.000000 621.000000 0.401137 0.257825
1057.000000 621.000000 0.412453 0.258741
1084.000000 621.000000 0.443630 0.261376
1212.000000 621.000000 0.606234 0.277229
328.000000 622.000000 -0.298466 0.251500
860.000000 622.000000 0.206810 0.246794
948.000000 622.000000 0.294834 0.251354
1022.000000 622.000000 0.373435 0.256704
1136.000000 622.000000 0.506648 0.268226
1170.000000 622.000000 0.550059 0.272521
103.000000 623.000000 -0.558279 0.274283
290.000000 623.000000 -0.338347 0.255102
1105.000000 623.000000 0.468774 0.265731
1121.000000 623.000000 0.488202 0.267537
1212.000000 623.000000 0.606524 0.279482
1216.000000 623.000000 0.612047 0.280067
1243.000000 623.000000 0.650018 0.284115
118.000000 624.000000 -0.538904 0.273410
312.000000 624.000000 -0.315212 0.254571
1229.000000 624.000000 0.630331 0.283133
1047.000000 625.000000 0.401500 0.262003
1106.000000 625.000000 0.470199 0.267984
1125.000000 625.000000 0.493354 0.270164
1171.000000 625.000000 0.551765 0.275967
891.000000 626.000000 0.237470 0.252184
1112.000000 626.000000 0.477567 0.269734
99.000000 627.000000 -0.564089 0.279261
628.000000 627.000000 -0.010921 0.247191
1075.000000 627.000000 0.433735 0.266813
1079.000000 627.000000 0.438395 0.267222
1211.000000 628.000000 0.605883 0.284978
1091.000000 629.000000 0.452720 0.270618
1112.000000 629.000000 0.477911 0.272964
1133.000000 629.000000 0.503756 0.275468
1143.000000 629.000000 0.516304 0.276715
13.000000 630.000000 -0.684243 0.295531
125.000000 630.000000 -0.530700 0.279096
363.000000 630.000000 -0.263248 0.257481
977.000000 630.000000 0.325618 0.261442
1079.000000 630.000000 0.438706 0.270409
1141.000000 630.000000 0.513908 0.277556
1206.000000 630.000000 0.599314 0.286497
1026.000000 631.000000 0.378607 0.266386
367.000000 632.000000 -0.259331 0.259269
474.000000 632.000000 -0.154799 0.254622
680.000000 632.000000 0.037143 0.252200
972.000000 632.000000 0.320490 0.263129
1128.000000 632.000000 0.497907 0.278119
1132.000000 632.000000 0.502880 0.278613
1209.000000 632.000000 0.603728 0.289206
780.000000 633.000000 0.130516 0.254891
1115.000000 633.000000 0.482032 0.277637
337.000000 634.000000 -0.289958 0.263087
787.000000 634.000000 0.137166 0.256069
1118.000000 634.000000 0.485821 0.279078
71.000000 635.000000 -0.602923 0.292272
1013.000000 635.000000 0.364670 0.269430
1132.000000 635.000000 0.503255 0.281888
1223.000000 635.000000 0.623599 0.294755
104.000000 636.000000 -0.558751 0.288588
121.000000 636.000000 -0.536627 0.286246
517.000000 636.000000 -0.114223 0.257372
1061.000000 636.000000 0.418478 0.274930
1181.000000 636.000000 0.566473 0.289597
47.000000 637.000000 -0.636595 0.298247
352.000000 637.000000 -0.274803 0.265195
492.000000 637.000000 -0.137847 0.259010
1179.000000 637.000000 0.563963 0.290430
272.000000 638.000000 -0.358878 0.271980
300.000000 638.000000 -0.328842 0.269753
357.000000 638.000000 -0.269782 0.265907
679.000000 638.000000 0.036263 0.258056
1040.000000 638.000000 0.394838 0.274990
1130.000000 638.000000 0.501140 0.284916
1182.000000 638.000000 0.568091 0.291984
58.000000 639.000000 -0.621496 0.298817
1180.000000 639.000000 0.565578 0.292816
97.000000 640.000000 -0.568577 0.294067
1006.000000 640.000000 0.357467 0.274039
1010.000000 640.000000 0.361822 0.274380
1188.000000 640.000000 0.576401 0.295113
54.000000 641.000000 -0.627394 0.301735
116.000000 641.000000 -0.543775 0.292481
397.000000 641.000000 -0.229868 0.266729
834.000000 641.000000 0.182356 0.264597
158.000000 642.000000 -0.490829 0.288039
459.000000 642.000000 -0.169490 0.265037
908.000000 642.000000 0.255315 0.269176
992.000000 642.000000 0.342510 0.274960
1003.000000 642.000000 0.354379 0.275868
1119.000000 642.000000 0.488028 0.287908
1131.000000 642.000000 0.502899 0.289428
1135.000000 642.000000 0.507905 0.289947
56.000000 643.000000 -0.624914 0.303714
1116.000000 643.000000 0.484468 0.288626
102.000000 644.000000 -0.562534 0.297832
128.000000 644.000000 -0.528732 0.294160
224.000000 644.000000 -0.412860 0.282730
458.000000 644.000000 -0.170524 0.267065
1066.000000 644.000000 0.425067 0.283960
1076.000000 644.000000 0.436698 0.285039
1189.000000 644.000000 0.578342 0.299779
274.000000 645.000000 -0.357298 0.279103
369.000000 645.000000 -0.258059 0.272295
407.000000 645.000000 -0.220188 0.270255
492.000000 645.000000 -0.138081 0.266925
338.000000 646.000000 -0.289716 0.275260
507.000000 646.000000 -0.123900 0.267494
1060.000000 646.000000 0.418359 0.285462
345.000000 647.000000 -0.282586 0.275820
24.000000 649.000000 -0.671367 0.315873
187.000000 649.000000 -0.456554 0.292146
237.000000 649.000000 -0.398613 0.286733
942.000000 649.000000 0.290413 0.278451
1088.000000 649.000000 0.451406 0.291782
1136.000000 649.000000 0.510090 0.297802
353.000000 650.000000 -0.274596 0.278370
500.000000 651.000000 -0.130666 0.272652
669.000000 651.000000 0.027074 0.270766
732.000000 651.000000 0.085790 0.271548
769.000000 651.000000 0.120602 0.272391
857.000000 651.000000 0.205164 0.275607
257.000000 652.000000 -0.376563 0.287977
692.000000 652.000000 0.048464 0.271946
849.000000 652.000000 0.197388 0.276247
1087.000000 652.000000 0.450570 0.294915
1097.000000 652.000000 0.462514 0.296109
17.000000 653.000000 -0.682173 0.321732
67.000000 653.000000 -0.611232 0.313445
397.000000 653.000000 -0.230491 0.278846
941.000000 653.000000 0.289656 0.282494
1023.000000 653.000000 0.377292 0.289201
1073.000000 653.000000 0.434191 0.294386
477.000000 654.000000 -0.152662 0.276368
1030.000000 654.000000 0.385179 0.290935
1054.000000 654.000000 0.412319 0.293382
196.000000 655.000000 -0.446577 0.297597
304.000000 655.000000 -0.325921 0.287045
1143.000000 655.000000 0.519774 0.305429
308.000000 656.000000 -0.321762 0.287769
374.000000 656.000000 -0.253670 0.283200
407.000000 656.000000 -0.220740 0.281365
789.000000 656.000000 0.139728 0.277959
1119.000000 656.000000 0.489821 0.303275
423.000000 657.000000 -0.205041 0.281587
1049.000000 657.000000 0.406923 0.296065
1170.000000 657.000000 0.555022 0.311616
1181.000000 657.000000 0.569611 0.313302
283.000000 658.000000 -0.348668 0.291939
354.000000 658.000000 -0.274095 0.286509
1026.000000 658.000000 0.381109 0.294791
1052.000000 658.000000 0.410456 0.297457
1083.000000 658.000000 0.446535 0.300959
1144.000000 658.000000 0.521472 0.308921
273.000000 659.000000 -0.359625 0.293885
1019.000000 659.000000 0.373435 0.295173
1194.000000 659.000000 0.587431 0.317638
17.000000 660.000000 -0.683361 0.329976
209.000000 660.000000 -0.431895 0.301513
865.000000 660.000000 0.213465 0.285100
1046.000000 660.000000 0.403824 0.298964
407.000000 662.000000 -0.221052 0.287462
487.000000 662.000000 -0.143375 0.284048
864.000000 662.000000 0.212580 0.287081
945.000000 662.000000 0.294441 0.292079
1073.000000 662.000000 0.435224 0.304128
1081.000000 662.000000 0.444645 0.305075
1186.000000 662.000000 0.577100 0.319795
30.000000 663.000000 -0.665095 0.331277
279.000000 663.000000 -0.353451 0.297563
485.000000 663.000000 -0.145319 0.285120
637.000000 663.000000 -0.002628 0.282565
1045.000000 663.000000 0.403006 0.302078
1088.000000 663.000000 0.453083 0.307018
1121.000000 663.000000 0.493234 0.311293
1178.000000 663.000000 0.566547 0.319670
1200.000000 663.000000 0.596260 0.323213
25.000000 664.000000 -0.672468 0.333319
364.000000 664.000000 -0.264293 0.292030
766.000000 664.000000 0.118115 0.285285
877.000000 664.000000 0.225552 0.289804
1048.000000 664.000000 0.406532 0.303477
327.000000 665.000000 -0.302486 0.295667
788.000000 665.000000 0.139065 0.286952
970.000000 665.000000 0.320912 0.297144
1087.000000 665.000000 0.452137 0.309084
38.000000 666.000000 -0.654158 0.333425
248.000000 666.000000 -0.387961 0.303745
531.000000 666.000000 -0.101746 0.286815
1007.000000 666.000000 0.360885 0.301459
1077.000000 666.000000 0.440401 0.308958
1164.000000 666.000000 0.548514 0.320906
1201.000000 666.000000 0.598126 0.326843
393.000000 667.000000 -0.235250 0.293341
985.000000 667.000000 0.337096 0.300516
1043.000000 667.000000 0.401161 0.306167
1073.000000 667.000000 0.435814 0.309571
1089.000000 667.000000 0.454775 0.311527
37.000000 668.000000 -0.655933 0.335952
337.000000 668.000000 -0.292300 0.298042
353.000000 668.000000 -0.275794 0.296899
411.000000 668.000000 -0.217410 0.293371
717.000000 668.000000 0.072037 0.288202
983.000000 668.000000 0.335035 0.301396
1004.000000 668.000000 0.357789 0.303300
1078.000000 668.000000 0.441823 0.311265
1095.000000 668.000000 0.462104 0.313388
1256.000000 668.000000 0.676163 0.338673
1273.000000 668.000000 0.700965 0.341660
104.000000 669.000000 -0.563693 0.325871
1044.000000 669.000000 0.402516 0.308432
1089.000000 669.000000 0.455027 0.313726
87.000000 670.000000 -0.586645 0.329770
228.000000 670.000000 -0.411059 0.310193
885.000000 670.000000 0.233864 0.296400
1078.000000 670.000000 0.442068 0.313454
1087.000000 670.000000 0.452762 0.314573
643.000000 671.000000 0.002960 0.290545
1257.000000 671.000000 0.678144 0.342409
1128.000000 672.000000 0.503230 0.322321
1156.000000 672.000000 0.538999 0.326494
1183.000000 672.000000 0.574685 0.330795
30.000000 673.000000 -0.666841 0.343087
279.000000 673.000000 -0.354377 0.308167
884.000000 673.000000 0.233039 0.299427
948.000000 673.000000 0.298395 0.303769
997.000000 673.000000 0.350620 0.307957
1064.000000 673.000000 0.426001 0.315048
145.000000 674.000000 -0.511371 0.325292
304.000000 674.000000 -0.327498 0.306971
410.000000 674.000000 -0.218723 0.299571
886.000000 674.000000 0.235100 0.300575
1131.000000 674.000000 0.507294 0.325004
1158.000000 674.000000 0.541913 0.329082
27.000000 675.000000 -0.671514 0.345991
812.000000 675.000000 0.162463 0.297936
244.000000 676.000000 -0.393516 0.314927
541.000000 677.000000 -0.092564 0.297645
719.000000 677.000000 0.074072 0.297274
1085.000000 677.000000 0.451265 0.322037
131.000000 678.000000 -0.529821 0.331921
235.000000 678.000000 -0.403952 0.318087
433.000000 678.000000 -0.196252 0.302483
837.000000 678.000000 0.186869 0.302082
975.000000 678.000000 0.327340 0.311269
1006.000000 678.000000 0.360947 0.314162
1101.000000 678.000000 0.470691 0.325262
217.000000 679.000000 -0.424802 0.321269
710.000000 679.000000 0.065651 0.299136
1069.000000 679.000000 0.432573 0.322227
1072.000000 679.000000 0.436100 0.322598
1212.000000 679.000000 0.615547 0.343874
745.000000 680.000000 0.098651 0.300853
1151.000000 680.000000 0.533758 0.334835
1203.000000 680.000000 0.603259 0.343470
166.000000 681.000000 -0.486156 0.330145
1069.000000 681.000000 0.432820 0.324428
1071.000000 681.000000 0.435172 0.324677
1089.000000 681.000000 0.456579 0.326992
573.000000 682.000000 -0.062541 0.302092
974.000000 682.000000 0.326625 0.315427
1083.000000 682.000000 0.449524 0.327314
1153.000000 682.000000 0.536667 0.337438
264.000000 683.000000 -0.371868 0.320369
273.000000 683.000000 -0.361923 0.319451
536.000000 683.000000 -0.097427 0.303829
1091.000000 683.000000 0.459252 0.329483
1102.000000 683.000000 0.472596 0.330983
1124.000000 683.000000 0.499814 0.334133
513.000000 684.000000 -0.119281 0.305462
916.000000 684.000000 0.266124 0.312911
931.000000 684.000000 0.281564 0.314008
1068.000000 684.000000 0.432020 0.327611
1175.000000 684.000000 0.565963 0.343336
240.000000 685.000000 -0.399048 0.325145
322.000000 685.000000 -0.309334 0.317077
1093.000000 685.000000 0.461936 0.331984
1163.000000 685.000000 0.550224 0.342501
1180.000000 685.000000 0.572826 0.345341
144.000000 686.000000 -0.514432 0.339035
570.000000 686.000000 -0.065423 0.306187
595.000000 686.000000 -0.041953 0.305856
639.000000 686.000000 -0.000769 0.305629
1030.000000 686.000000 0.388518 0.325317
1053.000000 686.000000 0.414788 0.327974
704.000000 687.000000 0.060139 0.307132
795.000000 687.000000 0.146545 0.309517
995.000000 687.000000 0.349784 0.322739
1066.000000 687.000000 0.430049 0.330674
1068.000000 687.000000 0.432398 0.330926
772.000000 688.000000 0.124534 0.309742
1032.000000 688.000000 0.391002 0.327721
175.000000 689.000000 -0.476225 0.337863
233.000000 689.000000 -0.407508 0.330333
323.000000 689.000000 -0.308617 0.321238
905.000000 689.000000 0.255242 0.317380
995.000000 689.000000 0.349981 0.324892
343.000000 690.000000 -0.287744 0.320663
915.000000 690.000000 0.265528 0.319134
1052.000000 690.000000 0.414115 0.332255
254.000000 691.000000 -0.383893 0.330119
384.000000 691.000000 -0.245778 0.318754
640.000000 691.000000 0.000168 0.310695
922.000000 691.000000 0.272796 0.320701
223.000000 692.000000 -0.419412 0.334845
377.000000 692.000000 -0.252943 0.320273
468.000000 692.000000 -0.162778 0.315264
790.000000 692.000000 0.141921 0.314456
846.000000 692.000000 0.196389 0.316946
879.000000 692.000000 0.229175 0.318822
924.000000 692.000000 0.274934 0.321907
976.000000 692.000000 0.329681 0.326290
994.000000 692.000000 0.349187 0.328027
1097.000000 692.000000 0.467759 0.340387
308.000000 693.000000 -0.324912 0.326830
770.000000 693.000000 0.122783 0.314793
844.000000 693.000000 0.194472 0.317879
909.000000 693.000000 0.259602 0.321860
919.000000 693.000000 0.269856 0.322587
973.000000 693.000000 0.326552 0.327084
1109.000000 693.000000 0.482619 0.343243
1172.000000 693.000000 0.563488 0.353290
196.000000 694.000000 -0.451496 0.340565
377.000000 694.000000 -0.253081 0.322373
689.000000 694.000000 0.046135 0.314042
1070.000000 694.000000 0.435655 0.338957
1063.000000 695.000000 0.427547 0.339163
1111.000000 695.000000 0.485389 0.345806
1226.000000 695.000000 0.638091 0.365360
994.000000 696.000000 0.349590 0.332353
1173.000000 696.000000 0.565340 0.356966
1200.000000 696.000000 0.601973 0.361765
108.000000 697.000000 -0.563014 0.357581
316.000000 697.000000 -0.316737 0.330392
560.000000 697.000000 -0.075044 0.317564
961.000000 697.000000 0.314100 0.330280
1061.000000 697.000000 0.425461 0.341131
1104.000000 697.000000 0.477044 0.347043
573.000000 698.000000 -0.062793 0.318356
906.000000 698.000000 0.256894 0.326918
909.000000 698.000000 0.259961 0.327134
1040.000000 698.000000 0.401273 0.339630
1174.000000 698.000000 0.567025 0.359482
173.000000 699.000000 -0.480128 0.349462
287.000000 699.000000 -0.348191 0.335322
327.000000 699.000000 -0.305253 0.331562
934.000000 699.000000 0.285853 0.330113
944.000000 699.000000 0.296312 0.330940
108.000000 700.000000 -0.563533 0.361091
689.000000 700.000000 0.046208 0.320169
1036.000000 700.000000 0.396940 0.341359
1049.000000 700.000000 0.411876 0.342947
1066.000000 700.000000 0.431725 0.345129
1046.000000 701.000000 0.408535 0.343684
1176.000000 701.000000 0.570234 0.363357
323.000000 702.000000 -0.309749 0.335132
1018.000000 702.000000 0.376812 0.341470
1072.000000 702.000000 0.439089 0.348173
1092.000000 702.000000 0.463105 0.350968
160.000000 703.000000 -0.496879 0.355998
687.000000 703.000000 0.044361 0.323219
692.000000 703.000000 0.049072 0.323281
1085.000000 703.000000 0.454778 0.351100
1192.000000 703.000000 0.592270 0.368600
682.000000 704.000000 0.039663 0.324189
923.000000 704.000000 0.274827 0.334562
1150.000000 704.000000 0.536374 0.362363
1230.000000 704.000000 0.645454 0.376909
61.000000 705.000000 -0.628690 0.375558
65.000000 705.000000 -0.623096 0.374807
158.000000 705.000000 -0.499699 0.358608
270.000000 705.000000 -0.367557 0.343667
980.000000 705.000000 0.335252 0.340710
1010.000000 705.000000 0.368207 0.343868
1017.000000 705.000000 0.376031 0.344656
1043.000000 705.000000 0.405575 0.347756
1066.000000 705.000000 0.432390 0.350734
115.000000 706.000000 -0.555292 0.366908
193.000000 706.000000 -0.456770 0.354502
195.000000 706.000000 -0.454360 0.354218
237.000000 706.000000 -0.404973 0.348636
1071.000000 706.000000 0.438446 0.352537
277.000000 707.000000 -0.360016 0.345096
313.000000 707.000000 -0.320863 0.341446
888.000000 707.000000 0.239217 0.335178
923.000000 707.000000 0.275065 0.337765
1040.000000 707.000000 0.402373 0.349609
1042.000000 707.000000 0.404673 0.349858
1209.000000 707.000000 0.616479 0.376531
662.000000 708.000000 0.020869 0.328135
957.000000 708.000000 0.310845 0.341759
1038.000000 709.000000 0.400326 0.351588
1052.000000 709.000000 0.416506 0.353370
144.000000 710.000000 -0.518253 0.366649
311.000000 710.000000 -0.323294 0.344891
1098.000000 710.000000 0.471608 0.360962
1148.000000 710.000000 0.534793 0.369031
1236.000000 710.000000 0.655146 0.385307
265.000000 711.000000 -0.373811 0.350838
1100.000000 711.000000 0.474216 0.362410
1114.000000 711.000000 0.491578 0.364582
1154.000000 711.000000 0.542805 0.371242
1247.000000 711.000000 0.671104 0.388641
26.000000 712.000000 -0.679787 0.390677
91.000000 712.000000 -0.588567 0.378323
124.000000 712.000000 -0.544491 0.372386
260.000000 712.000000 -0.379539 0.352525
455.000000 712.000000 -0.176365 0.336648
612.000000 712.000000 -0.026202 0.332287
908.000000 712.000000 0.259976 0.341942
1020.000000 712.000000 0.380217 0.352742
1134.000000 712.000000 0.517053 0.368995
682.000000 713.000000 0.039761 0.333461
951.000000 713.000000 0.304931 0.346620
1022.000000 713.000000 0.382594 0.354090
1060.000000 713.000000 0.426400 0.358932
1236.000000 713.000000 0.655726 0.388947
45.000000 714.000000 -0.652988 0.389463
288.000000 714.000000 -0.348657 0.351598
561.000000 714.000000 -0.074435 0.335053
908.000000 714.000000 0.260129 0.344083
1212.000000 714.000000 0.622001 0.385517
577.000000 715.000000 -0.059289 0.335797
825.000000 715.000000 0.176924 0.339884
959.000000 715.000000 0.313633 0.349540
283.000000 716.000000 -0.354373 0.354341
287.000000 716.000000 -0.349970 0.353906
1031.000000 716.000000 0.393185 0.358532
1151.000000 716.000000 0.539751 0.376599
