33.000000 3.000000 -0.670716 -0.394107
43.000000 3.000000 -0.656425 -0.392167
1083.000000 3.000000 0.454337 -0.365371
516.000000 4.000000 -0.117395 -0.336988
524.000000 4.000000 -0.109727 -0.336735
1033.000000 5.000000 0.395294 -0.356302
1139.000000 5.000000 0.523944 -0.371984
475.000000 6.000000 -0.156909 -0.336469
484.000000 6.000000 -0.148172 -0.336085
597.000000 6.000000 -0.040363 -0.333154
1002.000000 6.000000 0.360268 -0.351530
1096.000000 6.000000 0.469710 -0.363881
1237.000000 6.000000 0.657360 -0.389028
330.000000 7.000000 -0.303280 -0.345017
438.000000 7.000000 -0.193119 -0.337243
1091.000000 8.000000 0.463301 -0.360840
1156.000000 8.000000 0.545568 -0.371411
39.000000 9.000000 -0.660971 -0.385650
263.000000 9.000000 -0.376002 -0.349710
271.000000 9.000000 -0.367063 -0.348800
42.000000 10.000000 -0.656498 -0.383862
45.000000 10.000000 -0.652228 -0.383287
260.000000 10.000000 -0.379256 -0.348952
474.000000 10.000000 -0.157705 -0.332331
563.000000 10.000000 -0.072448 -0.329537
598.000000 10.000000 -0.039377 -0.329012
48.000000 11.000000 -0.647776 -0.381503
98.000000 11.000000 -0.578506 -0.372124
263.000000 11.000000 -0.375772 -0.347501
266.000000 11.000000 -0.372414 -0.347159
330.000000 11.000000 -0.302921 -0.340695
378.000000 11.000000 -0.253087 -0.336822
925.000000 11.000000 0.277260 -0.338718
1151.000000 11.000000 0.538492 -0.367018
1186.000000 11.000000 0.585164 -0.373274
57.000000 12.000000 -0.634869 -0.378581
432.000000 12.000000 -0.198776 -0.332316
567.000000 12.000000 -0.068623 -0.327397
963.000000 12.000000 0.317200 -0.340966
1210.000000 12.000000 0.618050 -0.376576
457.000000 13.000000 -0.174137 -0.329978
595.000000 13.000000 -0.042172 -0.325955
941.000000 13.000000 0.293801 -0.337907
93.000000 14.000000 -0.584725 -0.369477
963.000000 14.000000 0.317012 -0.338802
979.000000 14.000000 0.334221 -0.340345
98.000000 15.000000 -0.577783 -0.367390
253.000000 16.000000 -0.386448 -0.343139
1121.000000 16.000000 0.499204 -0.356263
1141.000000 16.000000 0.524670 -0.359497
561.000000 17.000000 -0.074204 -0.322365
97.000000 18.000000 -0.578594 -0.364028
120.000000 18.000000 -0.547975 -0.360009
387.000000 18.000000 -0.243442 -0.328774
595.000000 18.000000 -0.042117 -0.320822
984.000000 18.000000 0.339246 -0.336500
1011.000000 18.000000 0.368939 -0.339333
86.000000 19.000000 -0.593343 -0.364826
284.000000 19.000000 -0.351630 -0.336450
1111.000000 19.000000 0.486241 -0.351280
1146.000000 19.000000 0.530632 -0.356846
1249.000000 19.000000 0.672091 -0.375569
589.000000 20.000000 -0.047741 -0.318844
592.000000 20.000000 -0.044917 -0.318808
1003.000000 20.000000 0.359850 -0.336282
206.000000 21.000000 -0.440205 -0.343461
218.000000 21.000000 -0.426071 -0.341886
1111.000000 21.000000 0.485938 -0.348999
1188.000000 21.000000 0.586062 -0.361791
1227.000000 21.000000 0.640250 -0.368997
784.000000 22.000000 0.136351 -0.319077
919.000000 22.000000 0.270192 -0.326531
1175.000000 22.000000 0.568330 -0.358304
464.000000 23.000000 -0.166853 -0.319264
1075.000000 23.000000 0.441927 -0.341613
1109.000000 23.000000 0.483161 -0.346423
1129.000000 23.000000 0.508203 -0.349482
223.000000 24.000000 -0.419859 -0.337918
962.000000 24.000000 0.315030 -0.327950
992.000000 24.000000 0.347357 -0.330800
1214.000000 24.000000 0.621388 -0.362986
949.000000 25.000000 0.301187 -0.325749
1056.000000 26.000000 0.419196 -0.335811
290.000000 28.000000 -0.344181 -0.326108
1099.000000 28.000000 0.470147 -0.339312
1179.000000 28.000000 0.572651 -0.351977
1023.000000 29.000000 0.381143 -0.328638
1026.000000 29.000000 0.384516 -0.328970
150.000000 32.000000 -0.507098 -0.339042
1049.000000 32.000000 0.410361 -0.328339
511.000000 33.000000 -0.121259 -0.307250
971.000000 33.000000 0.323820 -0.319139
1066.000000 33.000000 0.429998 -0.329320
305.000000 34.000000 -0.327444 -0.318275
1099.000000 34.000000 0.469304 -0.332571
1103.000000 34.000000 0.474187 -0.333130
1158.000000 34.000000 0.543786 -0.341482
80.000000 35.000000 -0.598700 -0.347053
355.000000 35.000000 -0.274911 -0.313146
51.000000 36.000000 -0.638879 -0.351032
509.000000 36.000000 -0.123074 -0.304257
1157.000000 36.000000 0.542155 -0.339018
71.000000 37.000000 -0.610740 -0.346286
987.000000 37.000000 0.340659 -0.316337
1044.000000 37.000000 0.404036 -0.322278
1114.000000 37.000000 0.487304 -0.331321
81.000000 38.000000 -0.596809 -0.343369
1097.000000 38.000000 0.466323 -0.327824
1099.000000 38.000000 0.468752 -0.328097
1185.000000 38.000000 0.579017 -0.341352
1223.000000 38.000000 0.631467 -0.348021
1091.000000 39.000000 0.458935 -0.325903
1106.000000 39.000000 0.477162 -0.327945
1181.000000 39.000000 0.573458 -0.339514
1214.000000 39.000000 0.618668 -0.345233
54.000000 40.000000 -0.633932 -0.345765
404.000000 40.000000 -0.224991 -0.304753
1095.000000 40.000000 0.463630 -0.325325
471.000000 41.000000 -0.159323 -0.300497
79.000000 42.000000 -0.598858 -0.339046
648.000000 42.000000 0.007632 -0.296252
1094.000000 42.000000 0.462154 -0.322968
333.000000 43.000000 -0.297105 -0.306413
1016.000000 43.000000 0.371845 -0.312746
1167.000000 43.000000 0.554154 -0.332591
469.000000 44.000000 -0.161134 -0.297523
991.000000 44.000000 0.344338 -0.309247
112.000000 45.000000 -0.554037 -0.330116
317.000000 45.000000 -0.313740 -0.305591
962.000000 45.000000 0.313223 -0.305650
1219.000000 45.000000 0.624601 -0.339064
80.000000 46.000000 -0.596808 -0.334221
330.000000 46.000000 -0.300004 -0.303501
337.000000 46.000000 -0.292709 -0.302965
990.000000 46.000000 0.343071 -0.307029
1025.000000 46.000000 0.381562 -0.310448
1235.000000 46.000000 0.647036 -0.340716
112.000000 47.000000 -0.553720 -0.327827
1084.000000 47.000000 0.449512 -0.316144
1219.000000 47.000000 0.624250 -0.336718
108.000000 48.000000 -0.558835 -0.327318
987.000000 48.000000 0.339649 -0.304636
1082.000000 48.000000 0.447006 -0.314793
1095.000000 48.000000 0.462572 -0.316452
449.000000 49.000000 -0.180285 -0.293271
1159.000000 49.000000 0.542708 -0.324467
1031.000000 50.000000 0.387871 -0.306774
1191.000000 50.000000 0.585122 -0.328456
464.000000 51.000000 -0.165681 -0.290619
1043.000000 51.000000 0.401330 -0.306976
1244.000000 51.000000 0.659023 -0.336406
1078.000000 52.000000 0.441774 -0.309915
508.000000 53.000000 -0.123520 -0.287102
1259.000000 53.000000 0.680350 -0.336684
85.000000 55.000000 -0.588505 -0.322986
999.000000 55.000000 0.352011 -0.298315
51.000000 56.000000 -0.635368 -0.327506
977.000000 56.000000 0.328232 -0.295338
1010.000000 56.000000 0.363943 -0.298278
1078.000000 57.000000 0.441172 -0.304458
1200.000000 57.000000 0.596230 -0.321864
79.000000 58.000000 -0.596182 -0.320510
768.000000 58.000000 0.119939 -0.282020
1075.000000 58.000000 0.437523 -0.303015
1192.000000 59.000000 0.585007 -0.318261
1226.000000 60.000000 0.631850 -0.322734
958.000000 62.000000 0.307669 -0.287564
1034.000000 63.000000 0.389909 -0.293178
1052.000000 63.000000 0.410302 -0.295040
1247.000000 63.000000 0.661250 -0.322805
326.000000 64.000000 -0.302819 -0.285066
426.000000 64.000000 -0.202030 -0.279114
1166.000000 64.000000 0.549576 -0.308533
506.000000 65.000000 -0.125076 -0.275151
786.000000 65.000000 0.136823 -0.275550
1065.000000 66.000000 0.424943 -0.293227
481.000000 68.000000 -0.148753 -0.272921
487.000000 68.000000 -0.143033 -0.272727
505.000000 68.000000 -0.125940 -0.272192
1055.000000 68.000000 0.413205 -0.290004
1069.000000 68.000000 0.429367 -0.291517
1130.000000 69.000000 0.502783 -0.297861
954.000000 70.000000 0.302896 -0.278994
1122.000000 70.000000 0.492699 -0.295707
71.000000 71.000000 -0.605054 -0.306871
1154.000000 71.000000 0.532967 -0.298934
1203.000000 71.000000 0.598081 -0.306275
770.000000 72.000000 0.121451 -0.268127
1060.000000 73.000000 0.418417 -0.285188
921.000000 74.000000 0.268670 -0.272690
1270.000000 74.000000 0.692815 -0.313780
1058.000000 75.000000 0.415911 -0.282846
944.000000 76.000000 0.292103 -0.272134
1136.000000 76.000000 0.509378 -0.290932
1189.000000 76.000000 0.578306 -0.298430
1193.000000 76.000000 0.583699 -0.299036
1070.000000 77.000000 0.429550 -0.281975
506.000000 78.000000 -0.124724 -0.262252
773.000000 78.000000 0.124127 -0.262268
994.000000 78.000000 0.344619 -0.273790
1217.000000 78.000000 0.616301 -0.300477
1220.000000 79.000000 0.620323 -0.299805
331.000000 81.000000 -0.296436 -0.267247
415.000000 81.000000 -0.212015 -0.262539
982.000000 81.000000 0.331550 -0.269737
1176.000000 81.000000 0.560241 -0.290891
1051.000000 82.000000 0.407216 -0.274713
1061.000000 82.000000 0.418635 -0.275712
1063.000000 82.000000 0.420934 -0.275916
66.000000 83.000000 -0.610072 -0.293956
503.000000 84.000000 -0.127398 -0.256413
987.000000 84.000000 0.336644 -0.267028
1046.000000 84.000000 0.401359 -0.272119
400.000000 86.000000 -0.226529 -0.258244
1169.000000 86.000000 0.550336 -0.284326
355.000000 87.000000 -0.271482 -0.259647
497.000000 88.000000 -0.132959 -0.252639
1054.000000 88.000000 0.410041 -0.268675
130.000000 89.000000 -0.524413 -0.278202
1128.000000 89.000000 0.497739 -0.275686
1168.000000 89.000000 0.548617 -0.280858
358.000000 90.000000 -0.268268 -0.256447
502.000000 90.000000 -0.128186 -0.250543
981.000000 90.000000 0.329812 -0.260408
1054.000000 90.000000 0.409848 -0.266569
1244.000000 90.000000 0.652515 -0.290959
361.000000 91.000000 -0.265179 -0.255269
493.000000 91.000000 -0.136659 -0.249801
985.000000 91.000000 0.333984 -0.259679
1056.000000 91.000000 0.412028 -0.265709
727.000000 93.000000 0.080691 -0.246578
1235.000000 93.000000 0.639234 -0.286123
1190.000000 94.000000 0.577023 -0.278346
1227.000000 94.000000 0.627800 -0.283763
786.000000 95.000000 0.135953 -0.245896
1048.000000 95.000000 0.402585 -0.260761
1183.000000 95.000000 0.567542 -0.276255
1209.000000 95.000000 0.602661 -0.279953
1258.000000 95.000000 0.671910 -0.287389
1152.000000 96.000000 0.527051 -0.271040
1171.000000 96.000000 0.551591 -0.273516
1211.000000 96.000000 0.605264 -0.279118
1215.000000 96.000000 0.610782 -0.279704
165.000000 98.000000 -0.479862 -0.264220
1265.000000 98.000000 0.681633 -0.285013
77.000000 100.000000 -0.592530 -0.273170
340.000000 100.000000 -0.285988 -0.247433
1005.000000 100.000000 0.354728 -0.251959
1029.000000 100.000000 0.380937 -0.253890
1045.000000 100.000000 0.398757 -0.255272
1146.000000 100.000000 0.518930 -0.265925
1148.000000 100.000000 0.521462 -0.266171
1197.000000 100.000000 0.585602 -0.272629
1008.000000 101.000000 0.357894 -0.251164
1026.000000 101.000000 0.377545 -0.252605
1176.000000 101.000000 0.557480 -0.268660
1205.000000 101.000000 0.596322 -0.272637
1158.000000 102.000000 0.533970 -0.265236
669.000000 103.000000 0.026881 -0.236268
490.000000 104.000000 -0.139143 -0.237170
1027.000000 104.000000 0.378399 -0.249591
364.000000 105.000000 -0.261398 -0.241091
475.000000 105.000000 -0.153313 -0.236612
1260.000000 105.000000 0.673279 -0.276189
325.000000 106.000000 -0.301032 -0.242302
923.000000 106.000000 0.268844 -0.240553
1026.000000 106.000000 0.377136 -0.247448
474.000000 107.000000 -0.154203 -0.234691
936.000000 107.000000 0.281973 -0.240275
1042.000000 107.000000 0.394787 -0.247744
1192.000000 107.000000 0.577915 -0.264159
363.000000 108.000000 -0.262246 -0.238157
844.000000 108.000000 0.190883 -0.235013
1162.000000 108.000000 0.538364 -0.259183
1025.000000 109.000000 0.375796 -0.244282
1235.000000 109.000000 0.636847 -0.267932
802.000000 110.000000 0.150678 -0.231700
957.000000 110.000000 0.303348 -0.238505
1099.000000 110.000000 0.460177 -0.249927
1137.000000 110.000000 0.506443 -0.254035
1193.000000 111.000000 0.578721 -0.259864
313.000000 112.000000 -0.313094 -0.237009
1022.000000 112.000000 0.372274 -0.240969
1149.000000 112.000000 0.521283 -0.253270
310.000000 113.000000 -0.316155 -0.236192
736.000000 113.000000 0.088739 -0.227337
969.000000 113.000000 0.315625 -0.236234
1213.000000 114.000000 0.605471 -0.259222
308.000000 115.000000 -0.318116 -0.234306
363.000000 115.000000 -0.261890 -0.231207
922.000000 115.000000 0.267360 -0.231544
1020.000000 115.000000 0.369859 -0.237746
55.000000 116.000000 -0.620512 -0.258331
1250.000000 116.000000 0.657212 -0.262165
494.000000 117.000000 -0.135045 -0.224453
1010.000000 117.000000 0.358857 -0.234966
491.000000 118.000000 -0.137843 -0.223559
1182.000000 118.000000 0.563191 -0.250747
1192.000000 118.000000 0.576471 -0.252013
1027.000000 119.000000 0.377212 -0.234191
1144.000000 119.000000 0.514178 -0.245155
1169.000000 119.000000 0.546066 -0.248062
1195.000000 119.000000 0.580360 -0.251297
55.000000 120.000000 -0.619967 -0.253861
1147.000000 120.000000 0.517837 -0.244418
1190.000000 120.000000 0.573547 -0.249561
363.000000 121.000000 -0.261593 -0.225273
486.000000 121.000000 -0.142477 -0.220785
1192.000000 121.000000 0.576089 -0.248716
1196.000000 121.000000 0.581446 -0.249224
1248.000000 121.000000 0.653633 -0.256220
365.000000 122.000000 -0.259544 -0.224190
1073.000000 122.000000 0.428625 -0.234886
1145.000000 122.000000 0.515099 -0.242049
1158.000000 122.000000 0.531559 -0.243518
1172.000000 122.000000 0.549602 -0.245162
1208.000000 122.000000 0.597557 -0.249670
1240.000000 122.000000 0.642088 -0.253978
1003.000000 123.000000 0.350904 -0.228388
1094.000000 123.000000 0.452984 -0.235760
1104.000000 123.000000 0.464837 -0.236718
1135.000000 123.000000 0.502516 -0.239889
1198.000000 123.000000 0.583880 -0.247278
460.000000 124.000000 -0.167005 -0.218593
999.000000 124.000000 0.346558 -0.227107
474.000000 125.000000 -0.153701 -0.217235
962.000000 125.000000 0.307626 -0.223790
997.000000 126.000000 0.344293 -0.224957
1029.000000 126.000000 0.378879 -0.227202
1166.000000 126.000000 0.541362 -0.240123
1073.000000 127.000000 0.428189 -0.229703
1133.000000 127.000000 0.499618 -0.235419
1164.000000 127.000000 0.538672 -0.238814
104.000000 128.000000 -0.553049 -0.238889
1265.000000 128.000000 0.677223 -0.250668
1071.000000 129.000000 0.425723 -0.227464
1177.000000 129.000000 0.555292 -0.238158
474.000000 130.000000 -0.153570 -0.212416
1263.000000 130.000000 0.674034 -0.248124
304.000000 131.000000 -0.321315 -0.218528
459.000000 131.000000 -0.167754 -0.211861
1130.000000 131.000000 0.495510 -0.230868
1166.000000 131.000000 0.540790 -0.234730
1193.000000 131.000000 0.576186 -0.237891
29.000000 132.000000 -0.654995 -0.243924
1132.000000 132.000000 0.497869 -0.230013
1172.000000 132.000000 0.548432 -0.234333
1180.000000 132.000000 0.558868 -0.235257
393.000000 133.000000 -0.231340 -0.212177
450.000000 133.000000 -0.176261 -0.210195
113.000000 134.000000 -0.540731 -0.231393
305.000000 134.000000 -0.320097 -0.215480
307.000000 134.000000 -0.318015 -0.215365
921.000000 134.000000 0.265421 -0.212744
882.000000 135.000000 0.226767 -0.210096
1111.000000 135.000000 0.472058 -0.224800
1173.000000 135.000000 0.549390 -0.231211
1247.000000 135.000000 0.650294 -0.240334
1066.000000 136.000000 0.419435 -0.219843
441.000000 137.000000 -0.184734 -0.206610
470.000000 137.000000 -0.157168 -0.205792
1053.000000 138.000000 0.404596 -0.216778
1211.000000 138.000000 0.599627 -0.232420
436.000000 139.000000 -0.189458 -0.204837
982.000000 139.000000 0.327636 -0.211007
1183.000000 140.000000 0.561887 -0.226945
1231.000000 140.000000 0.627023 -0.232698
1144.000000 141.000000 0.511833 -0.221699
435.000000 142.000000 -0.190323 -0.201979
1136.000000 142.000000 0.501803 -0.219847
32.000000 143.000000 -0.649284 -0.231232
682.000000 143.000000 0.038605 -0.198097
1125.000000 143.000000 0.488219 -0.217737
1202.000000 143.000000 0.586825 -0.225878
373.000000 144.000000 -0.250601 -0.202282
1127.000000 144.000000 0.490562 -0.216877
1171.000000 144.000000 0.545807 -0.221318
1211.000000 144.000000 0.598903 -0.225847
1231.000000 144.000000 0.626523 -0.228273
994.000000 145.000000 0.339918 -0.205741
1155.000000 145.000000 0.525247 -0.218574
1204.000000 145.000000 0.589289 -0.223933
1179.000000 146.000000 0.555982 -0.220037
435.000000 147.000000 -0.190171 -0.197173
1166.000000 147.000000 0.539052 -0.217581
995.000000 148.000000 0.340798 -0.202814
997.000000 148.000000 0.342916 -0.202932
1148.000000 148.000000 0.516136 -0.214693
986.000000 149.000000 0.331257 -0.201304
1003.000000 149.000000 0.349232 -0.202293
1171.000000 149.000000 0.545276 -0.215969
338.000000 150.000000 -0.285377 -0.197971
1058.000000 150.000000 0.409315 -0.204936
900.000000 151.000000 0.243820 -0.195269
1114.000000 151.000000 0.474204 -0.208390
985.000000 152.000000 0.330041 -0.198276
1080.000000 152.000000 0.434189 -0.204554
961.000000 153.000000 0.305084 -0.196028
1117.000000 154.000000 0.477544 -0.205536
1196.000000 154.000000 0.577540 -0.213277
959.000000 155.000000 0.302931 -0.193966
1092.000000 155.000000 0.447858 -0.202423
961.000000 156.000000 0.304935 -0.193084
442.000000 157.000000 -0.183198 -0.187400
950.000000 157.000000 0.293637 -0.191576
1100.000000 157.000000 0.457071 -0.201010
957.000000 158.000000 0.300736 -0.190930
1191.000000 158.000000 0.570468 -0.208435
954.000000 159.000000 0.297622 -0.189809
444.000000 160.000000 -0.181213 -0.184484
1123.000000 160.000000 0.484262 -0.199825
953.000000 161.000000 0.296508 -0.187809
339.000000 162.000000 -0.283824 -0.186222
933.000000 163.000000 0.276172 -0.184977
1101.000000 163.000000 0.457770 -0.194924
1272.000000 163.000000 0.682924 -0.212166
948.000000 164.000000 0.291283 -0.184656
1197.000000 164.000000 0.577808 -0.202621
342.000000 166.000000 -0.280628 -0.182209
311.000000 167.000000 -0.312146 -0.182621
317.000000 167.000000 -0.305980 -0.182340
333.000000 167.000000 -0.289675 -0.181622
1111.000000 167.000000 0.469287 -0.191603
1197.000000 167.000000 0.577499 -0.199402
967.000000 168.000000 0.310527 -0.181627
933.000000 170.000000 0.275883 -0.178194
943.000000 170.000000 0.285956 -0.178608
323.000000 171.000000 -0.299664 -0.178172
326.000000 172.000000 -0.296564 -0.177069
427.000000 172.000000 -0.197110 -0.173524
424.000000 173.000000 -0.199955 -0.172655
1172.000000 173.000000 0.544199 -0.190591
1175.000000 173.000000 0.548064 -0.190869
918.000000 177.000000 0.260641 -0.170867
1093.000000 177.000000 0.447371 -0.180034
1121.000000 177.000000 0.480465 -0.182104
1154.000000 177.000000 0.520983 -0.184792
1217.000000 177.000000 0.603455 -0.190691
943.000000 178.000000 0.285625 -0.170863
402.000000 179.000000 -0.220972 -0.167579
411.000000 180.000000 -0.212250 -0.166366
1135.000000 181.000000 0.497125 -0.179076
908.000000 182.000000 0.250575 -0.165720
935.000000 183.000000 0.277380 -0.165728
1034.000000 183.000000 0.380650 -0.170313
1169.000000 183.000000 0.539459 -0.179806
1190.000000 184.000000 0.566594 -0.180615
926.000000 185.000000 0.268308 -0.163474
263.000000 186.000000 -0.361566 -0.166360
1199.000000 186.000000 0.578316 -0.179317
259.000000 187.000000 -0.365801 -0.165580
267.000000 187.000000 -0.357246 -0.165176
1181.000000 187.000000 0.554568 -0.176645
383.000000 188.000000 -0.239179 -0.159586
770.000000 189.000000 0.119066 -0.155827
268.000000 191.000000 -0.355985 -0.161204
1131.000000 191.000000 0.491491 -0.168480
1197.000000 191.000000 0.575207 -0.173830
1084.000000 192.000000 0.435983 -0.164280
1195.000000 193.000000 0.572383 -0.171537
1217.000000 193.000000 0.601905 -0.173513
139.000000 194.000000 -0.502617 -0.165997
249.000000 195.000000 -0.376171 -0.158216
268.000000 195.000000 -0.355794 -0.157289
903.000000 195.000000 0.245241 -0.153157
1135.000000 198.000000 0.495851 -0.161591
1157.000000 200.000000 0.522898 -0.161137
786.000000 201.000000 0.133725 -0.144872
892.000000 201.000000 0.234317 -0.147141
1173.000000 201.000000 0.543096 -0.161322
1188.000000 202.000000 0.562425 -0.161469
1181.000000 203.000000 0.553240 -0.159862
1201.000000 204.000000 0.579404 -0.160427
212.000000 208.000000 -0.416243 -0.147284
266.000000 208.000000 -0.357331 -0.144692
919.000000 208.000000 0.260602 -0.141284
886.000000 209.000000 0.228275 -0.139420
1210.000000 210.000000 0.590954 -0.154824
214.000000 212.000000 -0.413797 -0.143217
266.000000 212.000000 -0.357160 -0.140800
1170.000000 212.000000 0.538441 -0.149671
1209.000000 212.000000 0.589448 -0.152629
1108.000000 213.000000 0.462571 -0.144613
1014.000000 214.000000 0.357620 -0.138925
299.000000 215.000000 -0.322500 -0.136601
302.000000 215.000000 -0.319407 -0.136492
1081.000000 215.000000 0.431230 -0.141107
1183.000000 215.000000 0.554919 -0.147496
1110.000000 216.000000 0.464749 -0.141710
229.000000 217.000000 -0.396919 -0.137555
335.000000 217.000000 -0.285798 -0.133470
1055.000000 217.000000 0.401950 -0.137824
1237.000000 217.000000 0.627376 -0.149585
192.000000 218.000000 -0.438372 -0.138397
968.000000 219.000000 0.309489 -0.132361
1061.000000 219.000000 0.408514 -0.136139
1114.000000 219.000000 0.469297 -0.138920
1114.000000 221.000000 0.469184 -0.136907
886.000000 222.000000 0.227956 -0.127185
899.000000 222.000000 0.240584 -0.127497
1103.000000 222.000000 0.456209 -0.135296
1204.000000 222.000000 0.581993 -0.141715
897.000000 223.000000 0.238610 -0.126507
1052.000000 224.000000 0.398314 -0.130805
1064.000000 224.000000 0.411622 -0.131352
1207.000000 224.000000 0.585851 -0.139835
1276.000000 224.000000 0.682574 -0.145266
220.000000 225.000000 -0.406491 -0.130105
1209.000000 225.000000 0.588456 -0.138929
1230.000000 225.000000 0.617028 -0.140496
1157.000000 227.000000 0.521053 -0.133361
1058.000000 228.000000 0.404767 -0.127145
324.000000 230.000000 -0.296482 -0.121431
1201.000000 230.000000 0.577440 -0.133125
1041.000000 231.000000 0.385967 -0.123488
856.000000 232.000000 0.198958 -0.117205
1147.000000 233.000000 0.508303 -0.126646
1187.000000 233.000000 0.558872 -0.129073
1232.000000 233.000000 0.619196 -0.132147
1267.000000 233.000000 0.668743 -0.134765
1121.000000 234.000000 0.476782 -0.124217
1141.000000 234.000000 0.500892 -0.125294
1260.000000 234.000000 0.658576 -0.133150
1268.000000 235.000000 0.670039 -0.132678
226.000000 237.000000 -0.399351 -0.118088
182.000000 238.000000 -0.448877 -0.119004
241.000000 238.000000 -0.382934 -0.116529
249.000000 238.000000 -0.374298 -0.116231
1051.000000 238.000000 0.396623 -0.117059
224.000000 239.000000 -0.401474 -0.116213
1189.000000 239.000000 0.561095 -0.122984
249.000000 240.000000 -0.374225 -0.114292
1265.000000 240.000000 0.665327 -0.127054
1112.000000 241.000000 0.465785 -0.116757
265.000000 244.000000 -0.357019 -0.109878
335.000000 244.000000 -0.285040 -0.107860
1099.000000 244.000000 0.450479 -0.113172
1138.000000 244.000000 0.496708 -0.115022
1254.000000 244.000000 0.649280 -0.121979
1259.000000 246.000000 0.656278 -0.120179
823.000000 247.000000 0.167561 -0.102767
264.000000 248.000000 -0.357949 -0.106060
430.000000 248.000000 -0.192635 -0.102212
338.000000 249.000000 -0.281919 -0.103068
861.000000 250.000000 0.203406 -0.100557
1125.000000 250.000000 0.480767 -0.108365
263.000000 251.000000 -0.358914 -0.103206
338.000000 251.000000 -0.281873 -0.101182
443.000000 252.000000 -0.180301 -0.098320
1253.000000 253.000000 0.647263 -0.112296
339.000000 254.000000 -0.280807 -0.098334
1033.000000 254.000000 0.376468 -0.100871
1075.000000 254.000000 0.422687 -0.102329
1173.000000 254.000000 0.539673 -0.106650
1271.000000 254.000000 0.673053 -0.112379
1250.000000 256.000000 0.642826 -0.108913
262.000000 257.000000 -0.359793 -0.097469
1107.000000 257.000000 0.459224 -0.100613
265.000000 258.000000 -0.356588 -0.096422
1050.000000 258.000000 0.394801 -0.097550
232.000000 259.000000 -0.391985 -0.096460
256.000000 259.000000 -0.366111 -0.095723
1200.000000 259.000000 0.574361 -0.102911
1249.000000 259.000000 0.641232 -0.105662
267.000000 260.000000 -0.354419 -0.094447
269.000000 260.000000 -0.352311 -0.094392
983.000000 260.000000 0.323663 -0.093695
1126.000000 260.000000 0.481523 -0.098406
338.000000 261.000000 -0.281652 -0.091769
1123.000000 261.000000 0.477907 -0.097284
1210.000000 261.000000 0.587532 -0.101366
185.000000 262.000000 -0.444431 -0.095141
227.000000 262.000000 -0.397356 -0.093710
274.000000 263.000000 -0.346977 -0.091386
982.000000 263.000000 0.322560 -0.090819
1073.000000 263.000000 0.420120 -0.093446
979.000000 264.000000 0.319453 -0.089798
1169.000000 264.000000 0.534122 -0.096255
228.000000 265.000000 -0.396167 -0.090769
341.000000 265.000000 -0.278582 -0.087949
1171.000000 265.000000 0.536604 -0.095328
1244.000000 267.000000 0.633748 -0.096899
1140.000000 268.000000 0.498050 -0.090970
285.000000 269.000000 -0.335355 -0.085389
1273.000000 269.000000 0.675056 -0.096363
175.000000 271.000000 -0.455644 -0.086619
1232.000000 272.000000 0.616819 -0.091010
970.000000 273.000000 0.310055 -0.081078
336.000000 275.000000 -0.283373 -0.078660
1074.000000 275.000000 0.420860 -0.081761
1239.000000 275.000000 0.626358 -0.088203
238.000000 276.000000 -0.384972 -0.079856
968.000000 277.000000 0.307941 -0.077261
165.000000 278.000000 -0.467070 -0.080035
789.000000 278.000000 0.135615 -0.073941
955.000000 278.000000 0.294777 -0.076072
449.000000 279.000000 -0.174344 -0.073386
1245.000000 279.000000 0.634542 -0.084276
329.000000 280.000000 -0.290282 -0.074093
1237.000000 280.000000 0.623345 -0.082852
1055.000000 281.000000 0.399610 -0.075407
1108.000000 281.000000 0.459535 -0.076904
1190.000000 281.000000 0.560265 -0.079801
1111.000000 282.000000 0.463006 -0.076010
1235.000000 282.000000 0.620487 -0.080664
1053.000000 283.000000 0.397365 -0.073422
1229.000000 283.000000 0.612186 -0.079355
1068.000000 285.000000 0.413881 -0.071863
307.000000 287.000000 -0.312376 -0.067893
1071.000000 287.000000 0.417175 -0.069996
1218.000000 287.000000 0.597065 -0.074733
1228.000000 288.000000 0.610609 -0.074093
1251.000000 288.000000 0.642580 -0.075044
1075.000000 289.000000 0.421601 -0.068150
1233.000000 289.000000 0.617432 -0.073249
887.000000 290.000000 0.227736 -0.063878
1224.000000 290.000000 0.605074 -0.071851
305.000000 291.000000 -0.314346 -0.064157
232.000000 293.000000 -0.391082 -0.063623
305.000000 293.000000 -0.314313 -0.062272
1071.000000 293.000000 0.417031 -0.064167
1127.000000 293.000000 0.481568 -0.065587
1224.000000 294.000000 0.604923 -0.067691
306.000000 295.000000 -0.313263 -0.060373
1243.000000 295.000000 0.631066 -0.067350
234.000000 296.000000 -0.388847 -0.060695
173.000000 297.000000 -0.457202 -0.061070
1085.000000 297.000000 0.432682 -0.060595
1205.000000 297.000000 0.579332 -0.063926
1207.000000 297.000000 0.581983 -0.063993
1231.000000 297.000000 0.614379 -0.064818
776.000000 298.000000 0.123508 -0.055623
1222.000000 298.000000 0.602067 -0.063465
304.000000 300.000000 -0.315226 -0.055695
1219.000000 300.000000 0.597943 -0.061291
1270.000000 300.000000 0.669271 -0.063063
1007.000000 301.000000 0.347735 -0.055246
1180.000000 301.000000 0.546705 -0.059064
998.000000 302.000000 0.338327 -0.054157
1151.000000 302.000000 0.510357 -0.057261
1264.000000 303.000000 0.660515 -0.059660
1064.000000 304.000000 0.409021 -0.053363
1105.000000 304.000000 0.455446 -0.054188
227.000000 305.000000 -0.396299 -0.052168
289.000000 305.000000 -0.330539 -0.051193
1202.000000 305.000000 0.575125 -0.055615
1244.000000 305.000000 0.632115 -0.056886
301.000000 306.000000 -0.318205 -0.050087
206.000000 307.000000 -0.419450 -0.050612
770.000000 307.000000 0.117956 -0.047413
1237.000000 308.000000 0.622290 -0.053530
1263.000000 308.000000 0.658916 -0.054323
1215.000000 309.000000 0.592290 -0.051863
1261.000000 310.000000 0.655991 -0.052143
1033.000000 311.000000 0.375136 -0.046117
1040.000000 311.000000 0.382668 -0.046221
1038.000000 312.000000 0.380496 -0.045234
1212.000000 313.000000 0.588170 -0.047659
993.000000 315.000000 0.332968 -0.041794
1246.000000 318.000000 0.634547 -0.043307
9.000000 319.000000 -0.668716 -0.042815
177.000000 319.000000 -0.452140 -0.039416
174.000000 320.000000 -0.455589 -0.038483
295.000000 320.000000 -0.324187 -0.036976
1146.000000 322.000000 0.503814 -0.037174
761.000000 324.000000 0.109655 -0.031960
1062.000000 324.000000 0.406505 -0.034024
170.000000 325.000000 -0.460155 -0.033640
1206.000000 325.000000 0.579935 -0.035195
1048.000000 326.000000 0.391145 -0.031942
1209.000000 326.000000 0.583894 -0.034223
977.000000 327.000000 0.316413 -0.030335
989.000000 329.000000 0.328703 -0.028548
748.000000 330.000000 0.097774 -0.026497
146.000000 331.000000 -0.488374 -0.028036
911.000000 331.000000 0.250625 -0.026174
1217.000000 331.000000 0.594500 -0.029213
1238.000000 332.000000 0.623127 -0.028508
175.000000 334.000000 -0.454257 -0.024767
312.000000 334.000000 -0.306755 -0.023696
1043.000000 334.000000 0.385646 -0.024229
1089.000000 335.000000 0.436616 -0.023656
189.000000 336.000000 -0.438203 -0.022686
1035.000000 337.000000 0.377002 -0.021302
1256.000000 337.000000 0.648282 -0.023536
312.000000 339.000000 -0.306728 -0.019014
311.000000 342.000000 -0.307727 -0.016210
1031.000000 343.000000 0.372681 -0.015555
1156.000000 344.000000 0.515814 -0.015336
1230.000000 344.000000 0.611968 -0.015930
163.000000 345.000000 -0.468126 -0.014079
312.000000 345.000000 -0.306703 -0.013398
315.000000 346.000000 -0.303668 -0.012452
1143.000000 346.000000 0.499894 -0.013257
1153.000000 347.000000 0.512100 -0.012319
1186.000000 347.000000 0.553580 -0.012519
1100.000000 348.000000 0.449104 -0.011063
1020.000000 349.000000 0.360956 -0.009803
318.000000 350.000000 -0.300632 -0.008705
1139.000000 350.000000 0.495034 -0.009265
1199.000000 351.000000 0.570425 -0.008522
837.000000 352.000000 0.179897 -0.006669
1024.000000 353.000000 0.365187 -0.006012
1228.000000 353.000000 0.609178 -0.006588
318.000000 354.000000 -0.300625 -0.004967
13.000000 355.000000 -0.662466 -0.004621
316.000000 355.000000 -0.302640 -0.004035
1227.000000 356.000000 0.607806 -0.003479
1259.000000 356.000000 0.652395 -0.003550
1265.000000 356.000000 0.660976 -0.003564
291.000000 357.000000 -0.328099 -0.002182
966.000000 358.000000 0.305110 -0.001232
1178.000000 358.000000 0.543312 -0.001361
307.000000 359.000000 -0.311746 -0.000297
1223.000000 359.000000 0.602368 -0.000371
1025.000000 360.000000 0.366243 0.000644
1221.000000 360.000000 0.599662 0.000662
1020.000000 361.000000 0.360940 0.001593
1128.000000 361.000000 0.481832 0.001640
1023.000000 362.000000 0.364119 0.002545
1200.000000 362.000000 0.571716 0.002702
105.000000 363.000000 -0.538567 0.003679
1129.000000 363.000000 0.483025 0.003616
1220.000000 363.000000 0.598315 0.003756
107.000000 364.000000 -0.536047 0.004683
1024.000000 364.000000 0.365183 0.004447
1195.000000 364.000000 0.565187 0.004732
199.000000 365.000000 -0.426809 0.005491
300.000000 365.000000 -0.318878 0.005333
1228.000000 366.000000 0.609175 0.006878
199.000000 367.000000 -0.426813 0.007428
1223.000000 367.000000 0.602382 0.007894
1173.000000 368.000000 0.536992 0.008716
281.000000 371.000000 -0.338443 0.011020
1066.000000 371.000000 0.410734 0.011251
1263.000000 371.000000 0.658141 0.012284
277.000000 372.000000 -0.342602 0.011976
1209.000000 372.000000 0.583629 0.012967
1222.000000 372.000000 0.601055 0.013053
1159.000000 373.000000 0.519507 0.013667
1190.000000 373.000000 0.558739 0.013864
273.000000 374.000000 -0.346779 0.013881
282.000000 375.000000 -0.337420 0.014790
1119.000000 375.000000 0.471228 0.015406
1243.000000 375.000000 0.629914 0.016331
42.000000 376.000000 -0.621751 0.017310
1069.000000 376.000000 0.414085 0.016088
1173.000000 378.000000 0.537056 0.018791
1211.000000 378.000000 0.586338 0.019142
1000.000000 381.000000 0.340025 0.020472
1235.000000 381.000000 0.618889 0.022503
1268.000000 383.000000 0.665451 0.025033
1075.000000 384.000000 0.420830 0.023862
21.000000 385.000000 -0.651235 0.026984
923.000000 385.000000 0.262345 0.023804
1265.000000 385.000000 0.661163 0.027108
199.000000 386.000000 -0.426926 0.025837
680.000000 386.000000 0.036171 0.024055
981.000000 386.000000 0.320455 0.025067
998.000000 386.000000 0.337979 0.025182
1261.000000 386.000000 0.655448 0.028103
916.000000 387.000000 0.255498 0.025622
995.000000 387.000000 0.334875 0.026104
1202.000000 388.000000 0.574548 0.029281
1265.000000 388.000000 0.661211 0.030283
127.000000 389.000000 -0.511393 0.029584
1197.000000 389.000000 0.568009 0.030228
1258.000000 389.000000 0.651221 0.031219
891.000000 392.000000 0.231268 0.030107
1005.000000 392.000000 0.345315 0.030909
1256.000000 392.000000 0.648433 0.034344
180.000000 393.000000 -0.448583 0.032854
971.000000 394.000000 0.310316 0.032506
1128.000000 394.000000 0.482075 0.034234
1130.000000 394.000000 0.484460 0.034263
1184.000000 394.000000 0.551261 0.035107
1272.000000 394.000000 0.671426 0.036781
232.000000 395.000000 -0.390576 0.034175
1260.000000 395.000000 0.654186 0.037589
233.000000 397.000000 -0.389513 0.036082
1226.000000 397.000000 0.606824 0.038971
1229.000000 397.000000 0.610917 0.039033
201.000000 398.000000 -0.424816 0.037447
1258.000000 398.000000 0.651401 0.040712
235.000000 399.000000 -0.387370 0.037975
1151.000000 399.000000 0.509952 0.039569
1254.000000 402.000000 0.645819 0.044834
1273.000000 403.000000 0.673090 0.046382
84.000000 404.000000 -0.565955 0.045478
1253.000000 405.000000 0.644481 0.047968
1271.000000 406.000000 0.670272 0.049521
1202.000000 407.000000 0.574921 0.048733
61.000000 408.000000 -0.596461 0.050143
967.000000 408.000000 0.306395 0.045602
969.000000 408.000000 0.308423 0.045625
997.000000 408.000000 0.337156 0.045962
1270.000000 409.000000 0.668911 0.052684
62.000000 410.000000 -0.595171 0.052182
1191.000000 410.000000 0.560626 0.051525
505.000000 412.000000 -0.122237 0.047782
968.000000 412.000000 0.307456 0.049369
92.000000 413.000000 -0.555824 0.054452
226.000000 413.000000 -0.397366 0.051554
108.000000 414.000000 -0.535482 0.055048
229.000000 415.000000 -0.394126 0.053427
1185.000000 415.000000 0.553012 0.056458
679.000000 417.000000 0.035301 0.052031
210.000000 418.000000 -0.415099 0.056678
228.000000 418.000000 -0.395271 0.056332
225.000000 419.000000 -0.398569 0.057352
1168.000000 420.000000 0.531541 0.061049
1130.000000 421.000000 0.485001 0.061020
1141.000000 421.000000 0.498244 0.061308
1124.000000 424.000000 0.477932 0.063839
1137.000000 424.000000 0.493488 0.064191
1192.000000 424.000000 0.562330 0.065846
1257.000000 425.000000 0.650810 0.069216
1249.000000 426.000000 0.639526 0.069961
265.000000 428.000000 -0.355787 0.065208
978.000000 428.000000 0.317874 0.064574
1123.000000 429.000000 0.476883 0.068767
1204.000000 429.000000 0.578231 0.071390
1229.000000 430.000000 0.611910 0.073374
65.000000 431.000000 -0.591838 0.073790
1010.000000 431.000000 0.351108 0.068001
1228.000000 432.000000 0.610621 0.075420
977.000000 433.000000 0.316938 0.069276
998.000000 433.000000 0.338597 0.069668
1066.000000 434.000000 0.411645 0.072139
1107.000000 434.000000 0.458235 0.073249
1172.000000 434.000000 0.537033 0.075345
1196.000000 434.000000 0.567899 0.076231
224.000000 435.000000 -0.400014 0.072817
977.000000 436.000000 0.316993 0.072109
656.000000 437.000000 0.014573 0.070100
1128.000000 437.000000 0.483076 0.076863
1205.000000 437.000000 0.579863 0.079673
1255.000000 437.000000 0.648476 0.081843
975.000000 438.000000 0.314986 0.073960
1261.000000 439.000000 0.657125 0.084247
54.000000 440.000000 -0.607048 0.083592
1061.000000 440.000000 0.406261 0.077831
972.000000 441.000000 0.311983 0.076735
1065.000000 441.000000 0.410719 0.078910
1166.000000 442.000000 0.529770 0.083231
1240.000000 442.000000 0.627618 0.086424
1192.000000 443.000000 0.563043 0.085306
1220.000000 443.000000 0.600209 0.086540
1251.000000 443.000000 0.643094 0.088010
1184.000000 444.000000 0.552732 0.085993
26.000000 445.000000 -0.646109 0.090171
315.000000 445.000000 -0.304488 0.080340
1048.000000 445.000000 0.392120 0.082320
214.000000 446.000000 -0.411342 0.083749
1262.000000 446.000000 0.658906 0.091753
1265.000000 447.000000 0.663269 0.092977
910.000000 448.000000 0.250297 0.082184
1177.000000 448.000000 0.543934 0.089780
46.000000 449.000000 -0.618416 0.093385
213.000000 449.000000 -0.412542 0.086697
1130.000000 449.000000 0.485888 0.088891
1239.000000 449.000000 0.626572 0.093745
907.000000 450.000000 0.247402 0.083998
1156.000000 451.000000 0.517657 0.091933
1205.000000 452.000000 0.580534 0.095175
1258.000000 453.000000 0.653559 0.099000
192.000000 454.000000 -0.436310 0.092262
1001.000000 454.000000 0.342196 0.089724
1157.000000 454.000000 0.519026 0.095008
1274.000000 454.000000 0.676692 0.100979
98.000000 455.000000 -0.549664 0.097068
229.000000 455.000000 -0.395089 0.092036
1066.000000 455.000000 0.412251 0.092563
1261.000000 455.000000 0.657963 0.101303
1271.000000 455.000000 0.672388 0.101880
913.000000 457.000000 0.253388 0.090635
1155.000000 457.000000 0.516677 0.097955
1246.000000 457.000000 0.636789 0.102576
1263.000000 457.000000 0.660949 0.103557
573.000000 458.000000 -0.060453 0.089286
903.000000 459.000000 0.243660 0.092320
1113.000000 459.000000 0.466107 0.098191
1265.000000 459.000000 0.663946 0.105817
1001.000000 460.000000 0.342353 0.095453
1109.000000 460.000000 0.461459 0.099026
1244.000000 460.000000 0.634155 0.105639
1259.000000 460.000000 0.655393 0.106527
1100.000000 461.000000 0.451031 0.099663
1267.000000 461.000000 0.666954 0.108084
1114.000000 462.000000 0.467403 0.101214
1173.000000 463.000000 0.539541 0.104904
1209.000000 463.000000 0.586430 0.106799
1243.000000 463.000000 0.632932 0.108759
1151.000000 464.000000 0.512053 0.104852
1153.000000 464.000000 0.514523 0.104947
1176.000000 465.000000 0.543462 0.107102
147.000000 466.000000 -0.489386 0.105951
1231.000000 466.000000 0.616446 0.111209
1090.000000 467.000000 0.439763 0.105195
1107.000000 467.000000 0.459409 0.105893
208.000000 468.000000 -0.418761 0.105415
313.000000 468.000000 -0.307038 0.102130
592.000000 468.000000 -0.043268 0.098329
1034.000000 468.000000 0.377628 0.104134
1174.000000 468.000000 0.541069 0.110069
202.000000 469.000000 -0.425538 0.106624
1271.000000 469.000000 0.673262 0.116947
5.000000 471.000000 -0.677754 0.119221
1114.000000 472.000000 0.467835 0.111175
1127.000000 472.000000 0.483272 0.111776
1146.000000 472.000000 0.506293 0.112701
25.000000 473.000000 -0.649161 0.120024
1105.000000 473.000000 0.457336 0.111768
1175.000000 473.000000 0.542613 0.115247
1144.000000 474.000000 0.503944 0.114622
1215.000000 474.000000 0.595128 0.118633
1217.000000 474.000000 0.597829 0.118758
169.000000 475.000000 -0.463693 0.113948
1141.000000 475.000000 0.500330 0.115481
1119.000000 476.000000 0.473930 0.115404
1242.000000 476.000000 0.632360 0.122494
199.000000 477.000000 -0.429249 0.114614
1213.000000 477.000000 0.592623 0.121648
1223.000000 477.000000 0.606169 0.122292
1246.000000 477.000000 0.638043 0.123830
674.000000 478.000000 0.030905 0.107422
1197.000000 478.000000 0.571401 0.121691
1243.000000 478.000000 0.633897 0.124690
249.000000 479.000000 -0.374209 0.114621
46.000000 480.000000 -0.620249 0.126053
405.000000 480.000000 -0.216612 0.111354
1265.000000 480.000000 0.665341 0.128389
330.000000 481.000000 -0.290199 0.114006
1196.000000 481.000000 0.570273 0.124745
1242.000000 481.000000 0.632704 0.127814
952.000000 482.000000 0.292686 0.115051
1189.000000 482.000000 0.561180 0.125345
999.000000 483.000000 0.340956 0.117430
266.000000 484.000000 -0.356251 0.118850
189.000000 485.000000 -0.440989 0.122964
247.000000 485.000000 -0.376583 0.120514
345.000000 485.000000 -0.275306 0.117394
888.000000 485.000000 0.229615 0.116320
343.000000 486.000000 -0.277323 0.118392
1099.000000 486.000000 0.450967 0.124422
1114.000000 486.000000 0.468510 0.125170
1236.000000 486.000000 0.624689 0.132707
1252.000000 486.000000 0.647171 0.133883
188.000000 487.000000 -0.442230 0.124995
1093.000000 488.000000 0.444132 0.126120
1114.000000 488.000000 0.468613 0.127174
1200.000000 488.000000 0.576003 0.132296
1272.000000 488.000000 0.676095 0.137573
161.000000 489.000000 -0.473807 0.128345
1220.000000 489.000000 0.602902 0.134734
834.000000 490.000000 0.178166 0.119952
1200.000000 490.000000 0.576139 0.134385
158.000000 491.000000 -0.477476 0.130516
858.000000 491.000000 0.200932 0.121316
1092.000000 491.000000 0.443128 0.129054
1141.000000 491.000000 0.501200 0.131684
1233.000000 491.000000 0.620894 0.137802
156.000000 492.000000 -0.479913 0.131632
1135.000000 492.000000 0.493955 0.132352
1224.000000 492.000000 0.608577 0.138195
120.000000 493.000000 -0.523912 0.134751
159.000000 493.000000 -0.476396 0.132474
260.000000 493.000000 -0.362958 0.127777
1079.000000 493.000000 0.428377 0.130405
5.000000 494.000000 -0.679472 0.144150
180.000000 494.000000 -0.451802 0.132358
1140.000000 494.000000 0.500155 0.134672
1238.000000 494.000000 0.628073 0.141379
100.000000 495.000000 -0.549371 0.138097
272.000000 495.000000 -0.350312 0.129255
577.000000 495.000000 -0.056995 0.123105
1088.000000 495.000000 0.438735 0.132832
1223.000000 495.000000 0.607433 0.141297
258.000000 496.000000 -0.365210 0.130767
810.000000 497.000000 0.155755 0.126064
822.000000 497.000000 0.166994 0.126256
1133.000000 497.000000 0.491823 0.137303
1186.000000 497.000000 0.558267 0.140713
1203.000000 497.000000 0.580613 0.141923
987.000000 498.000000 0.328971 0.131437
1154.000000 499.000000 0.517718 0.140637
1196.000000 499.000000 0.571492 0.143509
740.000000 500.000000 0.091089 0.127984
1198.000000 501.000000 0.574277 0.145749
1227.000000 501.000000 0.613383 0.147975
953.000000 502.000000 0.294293 0.134111
1120.000000 503.000000 0.476565 0.142603
1164.000000 503.000000 0.530513 0.145410
1193.000000 503.000000 0.567839 0.147472
1242.000000 503.000000 0.634394 0.151333
1032.000000 504.000000 0.376861 0.139052
1118.000000 504.000000 0.474243 0.143495
1232.000000 504.000000 0.620529 0.151577
1164.000000 505.000000 0.530651 0.147472
1125.000000 507.000000 0.482789 0.146956
1216.000000 507.000000 0.598840 0.153465
108.000000 508.000000 -0.540046 0.151002
1253.000000 508.000000 0.650383 0.157664
870.000000 509.000000 0.212800 0.138427
1163.000000 510.000000 0.529741 0.152564
1215.000000 510.000000 0.597730 0.156565
175.000000 511.000000 -0.458567 0.149670
1160.000000 511.000000 0.526034 0.153382
869.000000 512.000000 0.211911 0.141224
1110.000000 512.000000 0.465254 0.151089
1122.000000 512.000000 0.479508 0.151840
1256.000000 512.000000 0.655025 0.162267
973.000000 514.000000 0.315104 0.146323
1110.000000 514.000000 0.465377 0.153109
1121.000000 514.000000 0.478440 0.153805
1129.000000 514.000000 0.488053 0.154328
1158.000000 514.000000 0.523739 0.156336
168.000000 515.000000 -0.467032 0.154131
1084.000000 515.000000 0.435233 0.152559
1145.000000 515.000000 0.507645 0.156440
1213.000000 515.000000 0.595440 0.161705
51.000000 516.000000 -0.616162 0.163971
1063.000000 516.000000 0.411534 0.152387
1112.000000 516.000000 0.467865 0.155257
170.000000 517.000000 -0.464800 0.156027
1063.000000 518.000000 0.411642 0.154373
1175.000000 518.000000 0.545612 0.161764
67.000000 519.000000 -0.594623 0.165777
881.000000 519.000000 0.223657 0.148127
906.000000 520.000000 0.248051 0.149782
927.000000 520.000000 0.268807 0.150443
1024.000000 520.000000 0.368971 0.154346
1102.000000 520.000000 0.456357 0.158667
1142.000000 520.000000 0.504306 0.161361
94.000000 521.000000 -0.559048 0.165623
223.000000 521.000000 -0.404479 0.156931
1152.000000 521.000000 0.516754 0.163122
1226.000000 521.000000 0.613710 0.169247
880.000000 522.000000 0.222770 0.150937
1172.000000 523.000000 0.542162 0.166743
1190.000000 523.000000 0.565485 0.168220
1202.000000 523.000000 0.581356 0.169246
955.000000 524.000000 0.297092 0.155268
365.000000 526.000000 -0.256687 0.155725
1025.000000 526.000000 0.370344 0.160287
107.000000 527.000000 -0.542779 0.170843
488.000000 527.000000 -0.139119 0.153688
565.000000 527.000000 -0.068148 0.152742
1137.000000 527.000000 0.498686 0.168191
1216.000000 527.000000 0.600570 0.174756
168.000000 529.000000 -0.467950 0.168324
855.000000 529.000000 0.198908 0.156904
153.000000 530.000000 -0.485927 0.170401
1142.000000 530.000000 0.505048 0.171656
1202.000000 530.000000 0.581978 0.176674
1220.000000 530.000000 0.606308 0.178343
1251.000000 530.000000 0.649609 0.181376
1274.000000 530.000000 0.682846 0.183731
304.000000 531.000000 -0.318394 0.162815
855.000000 531.000000 0.198959 0.158793
1074.000000 531.000000 0.424791 0.167986
1109.000000 531.000000 0.465314 0.170276
799.000000 532.000000 0.146066 0.158518
1055.000000 532.000000 0.403508 0.167848
1146.000000 532.000000 0.510143 0.174032
487.000000 533.000000 -0.140154 0.159321
817.000000 533.000000 0.162965 0.159807
1120.000000 533.000000 0.478547 0.173097
1214.000000 533.000000 0.598414 0.180989
302.000000 535.000000 -0.320634 0.166787
372.000000 535.000000 -0.250082 0.164089
1059.000000 535.000000 0.408144 0.171077
1214.000000 535.000000 0.598606 0.183132
1224.000000 535.000000 0.612281 0.184105
1107.000000 536.000000 0.463303 0.175225
1227.000000 536.000000 0.616519 0.185481
112.000000 537.000000 -0.537238 0.180883
558.000000 537.000000 -0.074641 0.162110
963.000000 537.000000 0.305773 0.168149
1105.000000 538.000000 0.461088 0.177120
1199.000000 538.000000 0.578718 0.184907
312.000000 539.000000 -0.310505 0.170235
838.000000 539.000000 0.182953 0.165933
1057.000000 539.000000 0.406153 0.174954
1123.000000 540.000000 0.482674 0.180498
1058.000000 541.000000 0.407393 0.177016
1166.000000 541.000000 0.536011 0.185070
511.000000 542.000000 -0.117996 0.167364
847.000000 542.000000 0.191597 0.168998
477.000000 543.000000 -0.149686 0.168903
1216.000000 543.000000 0.602118 0.191927
613.000000 544.000000 -0.024449 0.168295
1139.000000 545.000000 0.502551 0.186937
107.000000 546.000000 -0.544424 0.190780
1006.000000 547.000000 0.351094 0.179981
1098.000000 547.000000 0.453523 0.185787
1160.000000 547.000000 0.528925 0.190833
1216.000000 547.000000 0.602527 0.196240
1210.000000 548.000000 0.594474 0.196699
395.000000 549.000000 -0.228034 0.176721
1163.000000 549.000000 0.532910 0.193204
518.000000 550.000000 -0.111634 0.174771
1121.000000 550.000000 0.481052 0.190638
1241.000000 550.000000 0.637546 0.202182
1244.000000 550.000000 0.641786 0.202515
512.000000 551.000000 -0.117210 0.175805
1102.000000 551.000000 0.458517 0.190174
801.000000 552.000000 0.148330 0.177386
925.000000 552.000000 0.267976 0.181104
1025.000000 552.000000 0.371761 0.185998
1118.000000 552.000000 0.477607 0.192459
89.000000 553.000000 -0.568488 0.199927
1245.000000 553.000000 0.643540 0.205922
538.000000 554.000000 -0.093211 0.178251
953.000000 554.000000 0.296305 0.184233
982.000000 554.000000 0.326192 0.185623
1009.000000 554.000000 0.354673 0.187063
1031.000000 554.000000 0.378400 0.188349
1069.000000 554.000000 0.420628 0.190822
1169.000000 554.000000 0.541037 0.199037
1218.000000 554.000000 0.606003 0.204025
1220.000000 554.000000 0.608746 0.204242
192.000000 556.000000 -0.441823 0.194092
288.000000 557.000000 -0.336296 0.189008
504.000000 557.000000 -0.124744 0.181598
45.000000 558.000000 -0.628701 0.210027
87.000000 558.000000 -0.571633 0.205478
219.000000 558.000000 -0.411212 0.194192
1026.000000 558.000000 0.373205 0.192036
1048.000000 558.000000 0.397348 0.193434
1247.000000 558.000000 0.646956 0.211660
1098.000000 559.000000 0.454438 0.198064
1193.000000 559.000000 0.572836 0.206761
71.000000 560.000000 -0.593216 0.209322
134.000000 560.000000 -0.511622 0.203024
284.000000 560.000000 -0.340669 0.192186
662.000000 560.000000 0.020233 0.183262
856.000000 560.000000 0.200719 0.186387
1046.000000 560.000000 0.395263 0.195313
1175.000000 560.000000 0.549354 0.205988
1114.000000 561.000000 0.473556 0.201425
1206.000000 561.000000 0.590443 0.210304
947.000000 562.000000 0.290565 0.191762
131.000000 563.000000 -0.515634 0.206451
919.000000 563.000000 0.262435 0.191514
1206.000000 563.000000 0.590662 0.212469
289.000000 564.000000 -0.335624 0.195866
467.000000 565.000000 -0.159567 0.189953
897.000000 565.000000 0.240735 0.192581
1117.000000 565.000000 0.477494 0.205826
1123.000000 565.000000 0.484733 0.206350
1225.000000 565.000000 0.616879 0.216795
1148.000000 566.000000 0.515590 0.209695
131.000000 567.000000 -0.516013 0.210661
424.000000 567.000000 -0.200559 0.193044
492.000000 567.000000 -0.136130 0.191299
1153.000000 567.000000 0.521961 0.211233
1190.000000 567.000000 0.569713 0.215041
939.000000 569.000000 0.282778 0.198232
1106.000000 569.000000 0.464699 0.209027
1185.000000 569.000000 0.563335 0.216652
588.000000 570.000000 -0.047426 0.192820
1167.000000 570.000000 0.540060 0.215823
444.000000 571.000000 -0.181533 0.196285
829.000000 571.000000 0.175227 0.196133
939.000000 571.000000 0.282872 0.200189
1021.000000 571.000000 0.368599 0.204726
1094.000000 571.000000 0.450720 0.210084
507.000000 572.000000 -0.122225 0.195756
991.000000 573.000000 0.336663 0.204886
1118.000000 573.000000 0.479406 0.214238
1192.000000 573.000000 0.573024 0.221733
997.000000 574.000000 0.343067 0.206235
1075.000000 574.000000 0.428953 0.211629
230.000000 575.000000 -0.400111 0.210624
1193.000000 575.000000 0.574579 0.224009
1199.000000 575.000000 0.582593 0.224695
54.000000 576.000000 -0.618301 0.228732
1181.000000 576.000000 0.558852 0.223746
1231.000000 576.000000 0.626549 0.229614
437.000000 577.000000 -0.188396 0.202250
471.000000 577.000000 -0.156086 0.201309
1117.000000 577.000000 0.478566 0.218323
504.000000 578.000000 -0.125139 0.201526
1097.000000 578.000000 0.454836 0.217575
1265.000000 578.000000 0.675346 0.236182
29.000000 579.000000 -0.653834 0.235185
1119.000000 579.000000 0.481166 0.220601
1062.000000 580.000000 0.414617 0.216751
1098.000000 580.000000 0.456189 0.219737
564.000000 581.000000 -0.069578 0.203455
847.000000 581.000000 0.192726 0.206278
1013.000000 581.000000 0.360608 0.214247
1055.000000 581.000000 0.406801 0.217233
1191.000000 581.000000 0.572609 0.230285
1194.000000 581.000000 0.576602 0.230635
231.000000 582.000000 -0.399511 0.217666
29.000000 583.000000 -0.654352 0.239658
58.000000 583.000000 -0.613636 0.235953
323.000000 583.000000 -0.301346 0.212813
336.000000 583.000000 -0.288065 0.212138
953.000000 583.000000 0.297725 0.212688
1038.000000 583.000000 0.388015 0.218000
1180.000000 583.000000 0.558328 0.231185
1099.000000 584.000000 0.457725 0.223984
217.000000 585.000000 -0.415467 0.221812
229.000000 585.000000 -0.401970 0.220875
830.000000 585.000000 0.176581 0.209609
905.000000 585.000000 0.249448 0.212346
1188.000000 585.000000 0.569096 0.234279
213.000000 586.000000 -0.420085 0.223160
884.000000 586.000000 0.228788 0.212449
932.000000 587.000000 0.276565 0.215562
1208.000000 587.000000 0.596187 0.238882
1213.000000 588.000000 0.603137 0.240609
572.000000 589.000000 -0.062293 0.210985
594.000000 589.000000 -0.042053 0.210797
932.000000 589.000000 0.276664 0.217533
1187.000000 589.000000 0.568246 0.238510
1217.000000 589.000000 0.608757 0.242221
1152.000000 590.000000 0.523078 0.235588
69.000000 591.000000 -0.599565 0.243393
865.000000 591.000000 0.210450 0.216586
875.000000 591.000000 0.220183 0.216966
950.000000 591.000000 0.295080 0.220449
1213.000000 592.000000 0.603646 0.245025
871.000000 593.000000 0.216361 0.218761
995.000000 593.000000 0.342133 0.225136
213.000000 594.000000 -0.420747 0.231400
1163.000000 594.000000 0.537541 0.241118
1215.000000 594.000000 0.606650 0.247497
590.000000 595.000000 -0.045774 0.216551
960.000000 595.000000 0.305590 0.224987
971.000000 595.000000 0.317003 0.225635
1082.000000 595.000000 0.438802 0.233900
1084.000000 595.000000 0.441128 0.234080
338.000000 596.000000 -0.286706 0.224889
645.000000 596.000000 0.004743 0.217319
1019.000000 596.000000 0.368140 0.229823
1060.000000 596.000000 0.413647 0.233025
1193.000000 596.000000 0.577083 0.246892
884.000000 597.000000 0.229236 0.223193
983.000000 597.000000 0.329697 0.228384
1177.000000 597.000000 0.556044 0.246018
1201.000000 597.000000 0.587959 0.249004
337.000000 598.000000 -0.287833 0.226929
867.000000 599.000000 0.212698 0.224463
1070.000000 599.000000 0.425308 0.236989
949.000000 600.000000 0.294554 0.229343
1099.000000 600.000000 0.459224 0.240719
676.000000 601.000000 0.033243 0.222207
988.000000 601.000000 0.335235 0.232736
413.000000 602.000000 -0.212421 0.227335
1220.000000 602.000000 0.614616 0.257057
63.000000 603.000000 -0.609343 0.257470
1014.000000 603.000000 0.363223 0.236580
1184.000000 603.000000 0.565996 0.253437
369.000000 604.000000 -0.255864 0.231231
588.000000 604.000000 -0.047689 0.225188
1222.000000 604.000000 0.617664 0.259566
976.000000 605.000000 0.322853 0.235984
1099.000000 605.000000 0.459716 0.245983
100.000000 606.000000 -0.560010 0.255962
1008.000000 606.000000 0.356954 0.239196
453.000000 607.000000 -0.174036 0.230790
647.000000 607.000000 0.006592 0.227859
1224.000000 607.000000 0.620863 0.263204
982.000000 608.000000 0.329361 0.239406
200.000000 609.000000 -0.437036 0.248163
916.000000 609.000000 0.261562 0.236519
1016.000000 609.000000 0.365845 0.242856
1224.000000 609.000000 0.621144 0.265450
482.000000 610.000000 -0.146557 0.232847
1238.000000 610.000000 0.640971 0.268577
1021.000000 611.000000 0.371453 0.245292
480.000000 612.000000 -0.148505 0.234848
1153.000000 612.000000 0.526879 0.259424
239.000000 613.000000 -0.393065 0.248838
1019.000000 613.000000 0.369424 0.247188
1087.000000 613.000000 0.446343 0.253224
1120.000000 613.000000 0.485848 0.256684
145.000000 614.000000 -0.503541 0.259231
1140.000000 614.000000 0.510699 0.260039
1230.000000 614.000000 0.630258 0.271942
48.000000 615.000000 -0.631865 0.273033
618.000000 615.000000 -0.020110 0.235596
45.000000 616.000000 -0.636228 0.274602
135.000000 616.000000 -0.516270 0.262565
355.000000 616.000000 -0.270547 0.243884
400.000000 616.000000 -0.225720 0.241653
1077.000000 616.000000 0.434963 0.255400
1079.000000 616.000000 0.437289 0.255596
296.000000 617.000000 -0.331552 0.248554
792.000000 617.000000 0.141424 0.239543
917.000000 617.000000 0.262986 0.244539
1169.000000 617.000000 0.548102 0.266887
1233.000000 617.000000 0.634921 0.275779
968.000000 619.000000 0.315394 0.249609
1076.000000 619.000000 0.434096 0.258461
1169.000000 619.000000 0.548361 0.269085
996.000000 620.000000 0.345089 0.252603
1011.000000 620.000000 0.361264 0.253753
1057.000000 620.000000 0.412360 0.257695
1159.000000 620.000000 0.535549 0.268895
1214.000000 620.000000 0.608846 0.276393
1234.000000 620.000000 0.636779 0.279334
907.000000 621.000000 0.253161 0.248006
1246.000000 621.000000 0.654004 0.282284
287.000000 622.000000 -0.341470 0.254300
1062.000000 622.000000 0.418251 0.260261
1240.000000 622.000000 0.645589 0.282516
44.000000 623.000000 -0.638675 0.282701
188.000000 623.000000 -0.452480 0.264133
1060.000000 623.000000 0.416060 0.261120
1077.000000 623.000000 0.435657 0.262782
843.000000 624.000000 0.190391 0.248087
847.000000 624.000000 0.194262 0.248243
1110.000000 624.000000 0.474917 0.267358
837.000000 625.000000 0.184636 0.248846
978.000000 625.000000 0.326314 0.256402
1013.000000 625.000000 0.363839 0.259067
1074.000000 625.000000 0.432371 0.264595
1097.000000 625.000000 0.459416 0.266995
965.000000 626.000000 0.312730 0.256516
1080.000000 626.000000 0.439460 0.266264
604.000000 627.000000 -0.033091 0.247292
958.000000 627.000000 0.305503 0.257063
355.000000 628.000000 -0.271222 0.255923
462.000000 628.000000 -0.166124 0.251072
819.000000 628.000000 0.167448 0.251160
1080.000000 628.000000 0.439667 0.268387
1077.000000 629.000000 0.436268 0.269139
1177.000000 629.000000 0.560191 0.281221
797.000000 630.000000 0.146535 0.252423
841.000000 630.000000 0.188690 0.253943
1173.000000 630.000000 0.555065 0.281780
457.000000 631.000000 -0.171016 0.254204
1055.000000 631.000000 0.411127 0.269054
1058.000000 631.000000 0.414547 0.269346
345.000000 632.000000 -0.281635 0.260557
578.000000 632.000000 -0.057212 0.252394
835.000000 632.000000 0.182972 0.255693
315.000000 633.000000 -0.312694 0.263537
1269.000000 633.000000 0.689218 0.299740
389.000000 634.000000 -0.237446 0.260105
485.000000 634.000000 -0.144399 0.256256
932.000000 634.000000 0.279170 0.262501
1162.000000 634.000000 0.541265 0.284713
553.000000 635.000000 -0.080504 0.255674
779.000000 635.000000 0.129625 0.256832
783.000000 635.000000 0.133407 0.256942
806.000000 635.000000 0.155258 0.257635
839.000000 635.000000 0.186953 0.258825
1052.000000 635.000000 0.408103 0.272981
1054.000000 635.000000 0.410378 0.273176
1170.000000 635.000000 0.551824 0.286925
1173.000000 635.000000 0.555760 0.287344
1183.000000 635.000000 0.568989 0.288765
56.000000 636.000000 -0.623818 0.295698
87.000000 636.000000 -0.581356 0.291028
461.000000 636.000000 -0.167356 0.259010
528.000000 636.000000 -0.103894 0.257126
1148.000000 636.000000 0.523550 0.285047
1161.000000 636.000000 0.540243 0.286794
1175.000000 637.000000 0.558675 0.289859
519.000000 638.000000 -0.112389 0.259293
985.000000 638.000000 0.334706 0.270266
1049.000000 639.000000 0.405089 0.276912
1101.000000 639.000000 0.465777 0.282482
1166.000000 639.000000 0.547155 0.290821
706.000000 640.000000 0.061349 0.260293
1061.000000 640.000000 0.418885 0.279176
1087.000000 640.000000 0.449194 0.281962
1084.000000 641.000000 0.445762 0.282702
1043.000000 642.000000 0.398598 0.279497
1140.000000 642.000000 0.514199 0.290604
1149.000000 642.000000 0.525629 0.291809
1087.000000 643.000000 0.449531 0.285189
1251.000000 643.000000 0.664672 0.308461
729.000000 644.000000 0.082854 0.264578
790.000000 644.000000 0.140307 0.266042
1047.000000 644.000000 0.403316 0.282007
455.000000 645.000000 -0.173448 0.268174
1083.000000 645.000000 0.445030 0.286891
1187.000000 645.000000 0.575807 0.300608
1000.000000 646.000000 0.351467 0.279784
1167.000000 646.000000 0.549457 0.298785
1253.000000 646.000000 0.668055 0.312286
327.000000 647.000000 -0.301168 0.277043
710.000000 647.000000 0.065168 0.267233
1083.000000 647.000000 0.445257 0.289047
320.000000 648.000000 -0.308536 0.278573
718.000000 648.000000 0.072646 0.268339
1081.000000 648.000000 0.443012 0.289898
292.000000 649.000000 -0.338224 0.281768
322.000000 649.000000 -0.306520 0.279459
327.000000 649.000000 -0.301310 0.279100
1131.000000 649.000000 0.503814 0.297135
180.000000 650.000000 -0.465050 0.294064
189.000000 650.000000 -0.454290 0.292996
1033.000000 650.000000 0.388143 0.286987
65.000000 651.000000 -0.613676 0.311467
328.000000 651.000000 -0.300413 0.281089
1041.000000 651.000000 0.397231 0.288838
1135.000000 651.000000 0.509101 0.299882
1149.000000 651.000000 0.526871 0.301811
1200.000000 651.000000 0.594325 0.309435
147.000000 652.000000 -0.505777 0.300452
178.000000 652.000000 -0.467700 0.296485
1037.000000 652.000000 0.392825 0.289502
1139.000000 652.000000 0.514283 0.301535
1153.000000 653.000000 0.532291 0.304612
402.000000 654.000000 -0.225584 0.279596
1032.000000 654.000000 0.387415 0.291131
1048.000000 654.000000 0.405470 0.292751
1050.000000 654.000000 0.407748 0.292960
1137.000000 654.000000 0.512030 0.303483
1139.000000 654.000000 0.514559 0.303758
658.000000 655.000000 0.016877 0.274665
1160.000000 655.000000 0.541638 0.307869
1246.000000 655.000000 0.659478 0.321630
316.000000 656.000000 -0.313326 0.287147
746.000000 656.000000 0.099034 0.276799
1152.000000 656.000000 0.531435 0.307828
1162.000000 656.000000 0.544389 0.309289
487.000000 657.000000 -0.143211 0.279036
758.000000 657.000000 0.110366 0.278078
782.000000 657.000000 0.133098 0.278742
1138.000000 657.000000 0.513710 0.306960
1158.000000 657.000000 0.539334 0.309825
1195.000000 657.000000 0.588469 0.315506
67.000000 658.000000 -0.612045 0.319206
637.000000 658.000000 -0.002626 0.277600
942.000000 658.000000 0.291042 0.287721
985.000000 658.000000 0.336323 0.291058
1031.000000 658.000000 0.386692 0.295285
1142.000000 658.000000 0.518925 0.308638
276.000000 659.000000 -0.356354 0.293613
341.000000 659.000000 -0.287513 0.288423
823.000000 659.000000 0.172445 0.282188
990.000000 659.000000 0.341781 0.292533
1133.000000 659.000000 0.507680 0.308492
1156.000000 659.000000 0.537037 0.311782
1168.000000 659.000000 0.552693 0.313577
1197.000000 659.000000 0.591511 0.318121
254.000000 660.000000 -0.380659 0.296741
653.000000 660.000000 0.012248 0.279603
941.000000 660.000000 0.290149 0.289718
986.000000 660.000000 0.337566 0.293239
1250.000000 660.000000 0.666091 0.328181
277.000000 661.000000 -0.355446 0.295632
412.000000 661.000000 -0.216058 0.286185
1030.000000 661.000000 0.385873 0.298381
1092.000000 661.000000 0.457618 0.305323
1145.000000 661.000000 0.523178 0.312425
279.000000 662.000000 -0.353361 0.296507
653.000000 662.000000 0.012253 0.281590
1059.000000 662.000000 0.418938 0.302529
497.000000 663.000000 -0.133874 0.284732
659.000000 663.000000 0.017839 0.282606
868.000000 663.000000 0.216580 0.288305
1025.000000 663.000000 0.380489 0.300014
1146.000000 663.000000 0.524747 0.314816
952.000000 664.000000 0.301884 0.294679
1138.000000 664.000000 0.514700 0.314782
658.000000 665.000000 0.016917 0.284592
930.000000 665.000000 0.279154 0.294117
1025.000000 665.000000 0.380689 0.302148
1034.000000 665.000000 0.390771 0.303067
1113.000000 665.000000 0.483621 0.312432
1135.000000 665.000000 0.511045 0.315474
840.000000 666.000000 0.189242 0.289990
953.000000 666.000000 0.303083 0.296840
248.000000 667.000000 -0.388064 0.304817
617.000000 667.000000 -0.021255 0.286601
965.000000 667.000000 0.315781 0.298832
977.000000 667.000000 0.328527 0.299827
312.000000 668.000000 -0.318493 0.299984
1011.000000 668.000000 0.365471 0.303968
1015.000000 668.000000 0.369884 0.304357
1042.000000 668.000000 0.400133 0.307137
1044.000000 668.000000 0.402407 0.307353
247.000000 669.000000 -0.389394 0.307066
972.000000 670.000000 0.323451 0.302560
975.000000 670.000000 0.326647 0.302814
1022.000000 670.000000 0.377850 0.307193
1096.000000 670.000000 0.463568 0.315724
1190.000000 670.000000 0.583799 0.329641
1041.000000 671.000000 0.399322 0.310264
1043.000000 671.000000 0.401596 0.310483
1125.000000 671.000000 0.499329 0.320772
383.000000 672.000000 -0.245577 0.299077
519.000000 672.000000 -0.113242 0.293145
748.000000 672.000000 0.101292 0.292853
973.000000 672.000000 0.324686 0.304752
1098.000000 672.000000 0.466247 0.318197
1127.000000 672.000000 0.501976 0.322178
381.000000 673.000000 -0.247653 0.300233
924.000000 673.000000 0.273549 0.301998
1049.000000 673.000000 0.408671 0.313315
1150.000000 673.000000 0.531381 0.326709
58.000000 674.000000 -0.627275 0.339344
882.000000 674.000000 0.231098 0.300340
958.000000 674.000000 0.308963 0.305611
1086.000000 674.000000 0.452075 0.318852
1126.000000 674.000000 0.501009 0.324280
1148.000000 674.000000 0.528956 0.327539
381.000000 675.000000 -0.247778 0.302300
743.000000 675.000000 0.096641 0.295756
869.000000 675.000000 0.218212 0.300634
925.000000 675.000000 0.274717 0.304151
1016.000000 675.000000 0.371689 0.311945
1091.000000 675.000000 0.458195 0.320602
1199.000000 675.000000 0.596900 0.336946
1275.000000 675.000000 0.705134 0.350377
593.000000 676.000000 -0.043723 0.295792
946.000000 676.000000 0.296540 0.306758
959.000000 676.000000 0.310180 0.307796
1011.000000 676.000000 0.366257 0.312515
1098.000000 677.000000 0.466911 0.323744
1212.000000 677.000000 0.615196 0.341528
681.000000 678.000000 0.038464 0.297759
866.000000 678.000000 0.215401 0.303555
1138.000000 678.000000 0.516757 0.330560
1140.000000 678.000000 0.519307 0.330863
1160.000000 678.000000 0.545156 0.333970
538.000000 679.000000 -0.095442 0.299732
562.000000 679.000000 -0.072827 0.299244
736.000000 679.000000 0.090124 0.299633
963.000000 679.000000 0.314657 0.311294
1039.000000 679.000000 0.397931 0.318708
436.000000 680.000000 -0.193409 0.304387
786.000000 680.000000 0.137656 0.302053
875.000000 680.000000 0.224460 0.306123
1141.000000 680.000000 0.520889 0.333286
1145.000000 680.000000 0.526018 0.333901
1213.000000 680.000000 0.617116 0.345225
809.000000 681.000000 0.159807 0.303928
856.000000 681.000000 0.205672 0.306106
997.000000 681.000000 0.351382 0.316496
1008.000000 681.000000 0.363449 0.317581
819.000000 682.000000 0.169528 0.305366
888.000000 682.000000 0.237591 0.308971
1079.000000 682.000000 0.444760 0.326796
634.000000 683.000000 -0.005442 0.302602
712.000000 683.000000 0.067596 0.303209
727.000000 683.000000 0.081719 0.303487
907.000000 683.000000 0.256868 0.311242
935.000000 683.000000 0.285632 0.313260
975.000000 683.000000 0.327785 0.316580
1019.000000 683.000000 0.375853 0.320872
454.000000 684.000000 -0.176023 0.307650
752.000000 684.000000 0.105383 0.305086
754.000000 685.000000 0.107308 0.306156
1084.000000 685.000000 0.451113 0.330778
1145.000000 685.000000 0.526797 0.339609
1242.000000 685.000000 0.659030 0.356374
452.000000 686.000000 -0.178061 0.309794
454.000000 686.000000 -0.176113 0.309704
561.000000 686.000000 -0.073894 0.306342
766.000000 686.000000 0.118749 0.307516
808.000000 686.000000 0.159043 0.309002
977.000000 686.000000 0.330201 0.319960
1080.000000 686.000000 0.446470 0.331363
869.000000 687.000000 0.218887 0.313023
955.000000 687.000000 0.306875 0.319092
1010.000000 687.000000 0.366272 0.324254
1030.000000 687.000000 0.388629 0.326406
1078.000000 687.000000 0.444220 0.332213
45.000000 688.000000 -0.648107 0.358210
749.000000 688.000000 0.102642 0.309075
946.000000 688.000000 0.297496 0.319406
411.000000 689.000000 -0.218569 0.315003
516.000000 689.000000 -0.116572 0.310467
973.000000 689.000000 0.326185 0.322800
976.000000 689.000000 0.329403 0.323075
1031.000000 689.000000 0.389983 0.328700
1164.000000 689.000000 0.552203 0.347289
804.000000 690.000000 0.155340 0.312943
946.000000 690.000000 0.297660 0.321526
392.000000 691.000000 -0.237705 0.318236
519.000000 691.000000 -0.113773 0.312422
1082.000000 691.000000 0.449521 0.337200
390.000000 692.000000 -0.239784 0.319410
583.000000 692.000000 -0.053289 0.312087
765.000000 692.000000 0.117977 0.313612
1100.000000 692.000000 0.471418 0.340812
449.000000 693.000000 -0.181314 0.317150
734.000000 693.000000 0.088549 0.313806
940.000000 693.000000 0.291626 0.324219
1025.000000 693.000000 0.383663 0.332395
1029.000000 693.000000 0.388175 0.332846
743.000000 694.000000 0.097103 0.315045
998.000000 694.000000 0.353768 0.330594
1071.000000 694.000000 0.436837 0.339088
1073.000000 694.000000 0.439205 0.339351
1100.000000 695.000000 0.471847 0.344198
450.000000 696.000000 -0.180480 0.320208
535.000000 696.000000 -0.098697 0.317101
722.000000 696.000000 0.077263 0.316613
725.000000 696.000000 0.080099 0.316674
907.000000 696.000000 0.257772 0.324878
939.000000 696.000000 0.290826 0.327326
751.000000 697.000000 0.104784 0.318329
771.000000 698.000000 0.123901 0.319960
799.000000 698.000000 0.150830 0.320983
963.000000 698.000000 0.316320 0.331533
53.000000 699.000000 -0.638813 0.369868
956.000000 699.000000 0.308970 0.331978
1003.000000 699.000000 0.359792 0.336545
1008.000000 699.000000 0.365326 0.337080
1011.000000 699.000000 0.368659 0.337405
1020.000000 699.000000 0.378717 0.338402
999.000000 700.000000 0.355488 0.337213
568.000000 701.000000 -0.067562 0.321513
929.000000 701.000000 0.280811 0.331841
574.000000 702.000000 -0.061914 0.322437
353.000000 703.000000 -0.278388 0.333676
691.000000 703.000000 0.048129 0.323268
731.000000 703.000000 0.085936 0.323986
984.000000 703.000000 0.339393 0.338937
1242.000000 703.000000 0.662390 0.377985
318.000000 704.000000 -0.315244 0.337738
602.000000 704.000000 -0.035555 0.324133
794.000000 704.000000 0.146238 0.326994
899.000000 704.000000 0.250181 0.332765
998.000000 704.000000 0.354809 0.341470
1019.000000 704.000000 0.378161 0.343783
936.000000 705.000000 0.288434 0.336687
318.000000 706.000000 -0.315428 0.339896
996.000000 706.000000 0.352820 0.343444
998.000000 706.000000 0.355022 0.343657
1017.000000 706.000000 0.376145 0.345758
1080.000000 706.000000 0.449189 0.353787
1187.000000 706.000000 0.586000 0.371245
618.000000 707.000000 -0.020521 0.327097
631.000000 708.000000 -0.008295 0.328078
820.000000 708.000000 0.171681 0.332297
843.000000 708.000000 0.194284 0.333474
853.000000 708.000000 0.204189 0.334034
996.000000 708.000000 0.353033 0.345634
570.000000 710.000000 -0.065830 0.330741
647.000000 711.000000 0.006762 0.331168
962.000000 711.000000 0.316460 0.345477
880.000000 712.000000 0.231467 0.339940
1013.000000 712.000000 0.372350 0.351925
399.000000 713.000000 -0.232086 0.340956
580.000000 713.000000 -0.056419 0.333677
603.000000 713.000000 -0.034696 0.333394
899.000000 713.000000 0.250830 0.342338
1027.000000 713.000000 0.388260 0.354692
842.000000 714.000000 0.193625 0.339732
963.000000 714.000000 0.317817 0.348835
415.000000 715.000000 -0.216136 0.342045
908.000000 715.000000 0.260206 0.345155
1069.000000 715.000000 0.437319 0.362438
840.000000 716.000000 0.191758 0.341733
1025.000000 716.000000 0.386354 0.357793
