110.000000 3.000000 -0.563860 -0.379433
573.000000 3.000000 -0.063102 -0.336602
651.000000 3.000000 0.010544 -0.336047
744.000000 3.000000 0.098650 -0.337474
418.000000 4.000000 -0.213165 -0.341575
480.000000 4.000000 -0.152136 -0.338347
1115.000000 4.000000 0.493580 -0.369163
1121.000000 4.000000 0.501132 -0.370138
427.000000 5.000000 -0.204135 -0.339976
475.000000 5.000000 -0.156953 -0.337517
498.000000 5.000000 -0.134675 -0.336577
569.000000 5.000000 -0.066857 -0.334599
575.000000 5.000000 -0.061174 -0.334493
1127.000000 5.000000 0.508572 -0.369964
111.000000 6.000000 -0.561984 -0.375694
544.000000 6.000000 -0.090580 -0.334101
654.000000 6.000000 0.013362 -0.332952
993.000000 6.000000 0.350329 -0.350542
1133.000000 6.000000 0.516062 -0.369799
241.000000 7.000000 -0.401202 -0.354583
576.000000 7.000000 -0.060194 -0.332406
1154.000000 7.000000 0.543116 -0.372236
8.000000 8.000000 -0.705866 -0.392774
246.000000 8.000000 -0.395355 -0.352847
114.000000 9.000000 -0.557461 -0.371613
121.000000 9.000000 -0.548217 -0.370379
469.000000 9.000000 -0.162614 -0.333598
678.000000 9.000000 0.035961 -0.330019
1132.000000 9.000000 0.514283 -0.366138
1242.000000 9.000000 0.663938 -0.386351
498.000000 10.000000 -0.134489 -0.331366
585.000000 10.000000 -0.051642 -0.329170
890.000000 10.000000 0.241415 -0.337153
251.000000 11.000000 -0.389302 -0.348905
1016.000000 11.000000 0.375317 -0.347596
1119.000000 11.000000 0.497481 -0.361707
9.000000 12.000000 -0.703664 -0.387703
106.000000 12.000000 -0.567578 -0.369498
653.000000 12.000000 0.012398 -0.326761
933.000000 12.000000 0.285508 -0.338304
12.000000 13.000000 -0.699118 -0.385922
288.000000 13.000000 -0.347872 -0.342574
1080.000000 13.000000 0.449279 -0.353558
16.000000 14.000000 -0.693127 -0.383954
653.000000 14.000000 0.012391 -0.324706
736.000000 14.000000 0.090741 -0.325863
1223.000000 14.000000 0.635919 -0.376648
267.000000 15.000000 -0.370848 -0.342644
311.000000 15.000000 -0.322771 -0.338119
625.000000 15.000000 -0.013927 -0.323680
639.000000 15.000000 -0.000770 -0.323655
642.000000 15.000000 0.002050 -0.323656
20.000000 16.000000 -0.686958 -0.380772
858.000000 16.000000 0.208895 -0.328781
1142.000000 16.000000 0.525960 -0.359663
118.000000 17.000000 -0.550777 -0.361520
511.000000 17.000000 -0.121763 -0.323662
595.000000 17.000000 -0.042128 -0.321847
660.000000 17.000000 0.018958 -0.321658
746.000000 17.000000 0.100174 -0.323028
1262.000000 17.000000 0.691300 -0.380456
1264.000000 17.000000 0.694209 -0.380833
19.000000 18.000000 -0.688030 -0.378534
242.000000 18.000000 -0.398706 -0.342231
643.000000 18.000000 0.002987 -0.320583
1057.000000 18.000000 0.421377 -0.344831
1236.000000 18.000000 0.653621 -0.374307
119.000000 19.000000 -0.549119 -0.359012
332.000000 19.000000 -0.300113 -0.331924
551.000000 19.000000 -0.083629 -0.320518
24.000000 20.000000 -0.680425 -0.375175
646.000000 20.000000 0.005800 -0.318541
989.000000 20.000000 0.344487 -0.334832
1140.000000 20.000000 0.522725 -0.354699
1155.000000 20.000000 0.542185 -0.357193
484.000000 21.000000 -0.147568 -0.320498
489.000000 21.000000 -0.142747 -0.320306
644.000000 21.000000 0.003922 -0.317517
652.000000 21.000000 0.011429 -0.317534
845.000000 21.000000 0.195744 -0.322831
1011.000000 21.000000 0.368610 -0.336051
655.000000 22.000000 0.014240 -0.316523
27.000000 23.000000 -0.675536 -0.370992
119.000000 23.000000 -0.548440 -0.354354
122.000000 23.000000 -0.544508 -0.353850
484.000000 23.000000 -0.147490 -0.318435
651.000000 23.000000 0.010485 -0.315490
1157.000000 23.000000 0.544298 -0.354042
124.000000 24.000000 -0.541728 -0.352357
784.000000 24.000000 0.136279 -0.317017
117.000000 25.000000 -0.550732 -0.352366
286.000000 25.000000 -0.348833 -0.329741
555.000000 25.000000 -0.079717 -0.314291
648.000000 25.000000 0.007667 -0.313445
902.000000 25.000000 0.252567 -0.322132
1010.000000 25.000000 0.367067 -0.331582
1156.000000 25.000000 0.542653 -0.351553
268.000000 26.000000 -0.368538 -0.330515
503.000000 26.000000 -0.129125 -0.314664
663.000000 26.000000 0.021725 -0.312486
674.000000 26.000000 0.032043 -0.312563
1003.000000 26.000000 0.359219 -0.329758
1256.000000 26.000000 0.680896 -0.368433
657.000000 27.000000 0.016096 -0.311439
1008.000000 27.000000 0.364638 -0.329196
1155.000000 27.000000 0.541013 -0.349070
128.000000 28.000000 -0.535867 -0.347076
243.000000 28.000000 -0.396389 -0.331104
485.000000 28.000000 -0.146335 -0.313252
505.000000 28.000000 -0.127146 -0.312548
647.000000 28.000000 0.006724 -0.310393
649.000000 28.000000 0.008597 -0.310397
574.000000 29.000000 -0.061731 -0.309874
704.000000 29.000000 0.060191 -0.309868
1205.000000 29.000000 0.607950 -0.355411
992.000000 31.000000 0.346662 -0.323248
1057.000000 31.000000 0.419739 -0.330409
1135.000000 31.000000 0.514575 -0.341262
1216.000000 31.000000 0.622902 -0.355039
1270.000000 31.000000 0.700360 -0.364991
484.000000 32.000000 -0.147147 -0.309188
1086.000000 32.000000 0.453859 -0.333031
7.000000 33.000000 -0.702713 -0.362618
495.000000 33.000000 -0.136550 -0.307770
576.000000 33.000000 -0.059790 -0.305783
614.000000 33.000000 -0.024160 -0.305391
653.000000 33.000000 0.012328 -0.305340
1136.000000 33.000000 0.515538 -0.339134
1216.000000 33.000000 0.622539 -0.352671
129.000000 34.000000 -0.533608 -0.340017
715.000000 34.000000 0.070460 -0.304974
920.000000 35.000000 0.270260 -0.312906
997.000000 35.000000 0.351725 -0.319439
1077.000000 35.000000 0.442722 -0.328508
1215.000000 35.000000 0.620779 -0.350126
26.000000 36.000000 -0.674582 -0.355567
578.000000 36.000000 -0.057868 -0.302717
637.000000 36.000000 -0.002638 -0.302286
685.000000 36.000000 0.042262 -0.302527
1089.000000 36.000000 0.456928 -0.328974
263.000000 37.000000 -0.372931 -0.319125
609.000000 37.000000 -0.028813 -0.301381
613.000000 37.000000 -0.025072 -0.301355
664.000000 37.000000 0.022599 -0.301347
130.000000 39.000000 -0.531530 -0.334140
269.000000 39.000000 -0.366083 -0.316356
609.000000 39.000000 -0.028799 -0.299365
745.000000 40.000000 0.098637 -0.299530
1239.000000 40.000000 0.653823 -0.348540
538.000000 41.000000 -0.095428 -0.298410
562.000000 41.000000 -0.072817 -0.297922
1103.000000 41.000000 0.473216 -0.325295
131.000000 42.000000 -0.529778 -0.330567
1042.000000 42.000000 0.401184 -0.316607
133.000000 43.000000 -0.527054 -0.329124
537.000000 43.000000 -0.096326 -0.296414
560.000000 43.000000 -0.074661 -0.295942
1097.000000 43.000000 0.465649 -0.322257
252.000000 44.000000 -0.384470 -0.312726
650.000000 44.000000 0.009494 -0.294248
266.000000 45.000000 -0.368794 -0.310219
613.000000 46.000000 -0.025018 -0.292305
924.000000 46.000000 0.273582 -0.301704
10.000000 47.000000 -0.695830 -0.345296
109.000000 47.000000 -0.557673 -0.328303
119.000000 47.000000 -0.544551 -0.326729
619.000000 47.000000 -0.019416 -0.291272
645.000000 47.000000 0.004825 -0.291231
655.000000 47.000000 0.014149 -0.291255
1066.000000 47.000000 0.428284 -0.313936
1102.000000 47.000000 0.471185 -0.318482
257.000000 48.000000 -0.378473 -0.307911
622.000000 48.000000 -0.016614 -0.290259
642.000000 48.000000 0.002028 -0.290228
1108.000000 48.000000 0.478377 -0.318178
1215.000000 48.000000 0.618483 -0.334851
110.000000 49.000000 -0.556037 -0.325857
104.000000 50.000000 -0.563815 -0.325665
641.000000 50.000000 0.001095 -0.288227
121.000000 51.000000 -0.541330 -0.321872
105.000000 52.000000 -0.562171 -0.323218
637.000000 52.000000 -0.002630 -0.286231
725.000000 52.000000 0.079533 -0.287027
723.000000 53.000000 0.077637 -0.285990
18.000000 54.000000 -0.682955 -0.335569
638.000000 54.000000 -0.001699 -0.284236
651.000000 54.000000 0.010401 -0.284251
747.000000 54.000000 0.100191 -0.285488
1105.000000 54.000000 0.473912 -0.311127
1195.000000 54.000000 0.589897 -0.324501
116.000000 55.000000 -0.547234 -0.318097
1107.000000 55.000000 0.476220 -0.310285
283.000000 56.000000 -0.349156 -0.296919
422.000000 56.000000 -0.206334 -0.287409
539.000000 56.000000 -0.094151 -0.283316
765.000000 56.000000 0.117152 -0.283940
1237.000000 56.000000 0.648131 -0.329295
1027.000000 57.000000 0.382674 -0.298871
1029.000000 57.000000 0.384909 -0.299072
1099.000000 57.000000 0.466243 -0.307045
1101.000000 57.000000 0.468663 -0.307301
1121.000000 57.000000 0.493187 -0.309941
283.000000 58.000000 -0.348978 -0.294810
1044.000000 58.000000 0.401715 -0.299553
1103.000000 58.000000 0.470960 -0.306457
1234.000000 58.000000 0.643514 -0.326434
32.000000 59.000000 -0.661877 -0.327247
1249.000000 59.000000 0.664819 -0.327848
170.000000 60.000000 -0.478359 -0.304908
645.000000 60.000000 0.004809 -0.278274
652.000000 60.000000 0.011316 -0.278288
4.000000 61.000000 -0.702177 -0.329688
27.000000 61.000000 -0.668725 -0.325753
1213.000000 61.000000 0.613494 -0.319393
1232.000000 61.000000 0.640162 -0.322586
1269.000000 61.000000 0.693553 -0.328945
23.000000 62.000000 -0.674329 -0.325261
279.000000 62.000000 -0.352960 -0.290954
419.000000 62.000000 -0.208988 -0.281469
466.000000 62.000000 -0.163332 -0.279453
739.000000 62.000000 0.092484 -0.277324
741.000000 63.000000 0.094342 -0.276371
1237.000000 63.000000 0.646930 -0.321101
105.000000 65.000000 -0.560164 -0.308439
232.000000 65.000000 -0.404835 -0.292288
167.000000 66.000000 -0.481254 -0.298697
520.000000 66.000000 -0.111817 -0.273788
625.000000 66.000000 -0.013763 -0.272350
431.000000 67.000000 -0.197009 -0.275862
676.000000 67.000000 0.033587 -0.271479
687.000000 67.000000 0.043815 -0.271573
1098.000000 67.000000 0.463790 -0.295973
1146.000000 67.000000 0.523272 -0.302270
13.000000 68.000000 -0.687831 -0.319897
645.000000 68.000000 0.004800 -0.270358
729.000000 68.000000 0.082988 -0.271171
856.000000 68.000000 0.204205 -0.275249
255.000000 69.000000 -0.378640 -0.285771
1249.000000 69.000000 0.663112 -0.316120
1255.000000 69.000000 0.671783 -0.317131
382.000000 70.000000 -0.245253 -0.275301
654.000000 70.000000 0.013145 -0.268404
1254.000000 71.000000 0.669998 -0.314621
182.000000 72.000000 -0.462364 -0.290306
405.000000 72.000000 -0.222282 -0.272056
708.000000 72.000000 0.063309 -0.266882
1248.000000 72.000000 0.661170 -0.312450
1271.000000 72.000000 0.694617 -0.316299
97.000000 73.000000 -0.569570 -0.300600
630.000000 73.000000 -0.009109 -0.265436
676.000000 73.000000 0.033542 -0.265562
640.000000 74.000000 0.000160 -0.264445
658.000000 74.000000 0.016841 -0.264479
1112.000000 74.000000 0.479899 -0.290058
24.000000 75.000000 -0.670703 -0.309868
1270.000000 75.000000 0.692649 -0.312605
20.000000 76.000000 -0.676326 -0.309360
105.000000 76.000000 -0.558538 -0.296049
230.000000 76.000000 -0.405987 -0.280787
619.000000 76.000000 -0.019294 -0.262520
102.000000 77.000000 -0.562350 -0.295361
610.000000 77.000000 -0.027630 -0.261581
1103.000000 77.000000 0.468610 -0.285702
1253.000000 77.000000 0.667554 -0.307452
175.000000 78.000000 -0.470068 -0.284630
607.000000 78.000000 -0.030405 -0.260618
640.000000 78.000000 0.000159 -0.260518
80.000000 79.000000 -0.591521 -0.296368
316.000000 79.000000 -0.312177 -0.270333
625.000000 79.000000 -0.013727 -0.259557
955.000000 79.000000 0.303300 -0.269817
1257.000000 80.000000 0.672855 -0.304614
106.000000 81.000000 -0.556507 -0.290308
118.000000 81.000000 -0.540866 -0.288633
165.000000 81.000000 -0.481838 -0.282569
595.000000 81.000000 -0.041508 -0.257765
625.000000 81.000000 -0.013721 -0.257598
689.000000 81.000000 0.045539 -0.257815
698.000000 81.000000 0.053894 -0.257909
1230.000000 81.000000 0.634040 -0.299095
1252.000000 81.000000 0.665455 -0.302637
212.000000 82.000000 -0.425975 -0.276243
1135.000000 82.000000 0.507342 -0.284206
403.000000 83.000000 -0.223715 -0.261101
738.000000 83.000000 0.091128 -0.256551
1138.000000 83.000000 0.510980 -0.283495
1183.000000 83.000000 0.569240 -0.289659
20.000000 84.000000 -0.675026 -0.300047
163.000000 84.000000 -0.483919 -0.279553
217.000000 84.000000 -0.420017 -0.273610
650.000000 84.000000 0.009406 -0.254657
681.000000 84.000000 0.038096 -0.254810
1251.000000 84.000000 0.663526 -0.298996
99.000000 85.000000 -0.565169 -0.286831
739.000000 85.000000 0.092025 -0.254608
742.000000 85.000000 0.094831 -0.254666
53.000000 86.000000 -0.627679 -0.292534
712.000000 86.000000 0.066841 -0.253189
205.000000 87.000000 -0.433565 -0.271652
606.000000 87.000000 -0.031275 -0.251820
16.000000 88.000000 -0.680193 -0.296042
134.000000 88.000000 -0.519469 -0.278785
166.000000 88.000000 -0.479791 -0.274870
232.000000 88.000000 -0.402563 -0.267932
22.000000 89.000000 -0.671336 -0.293935
254.000000 89.000000 -0.377939 -0.264901
1102.000000 89.000000 0.466015 -0.272633
232.000000 90.000000 -0.402376 -0.265833
308.000000 90.000000 -0.319782 -0.259638
310.000000 90.000000 -0.317683 -0.259497
481.000000 90.000000 -0.148061 -0.251128
725.000000 90.000000 0.078877 -0.249473
734.000000 90.000000 0.087265 -0.249624
69.000000 91.000000 -0.604742 -0.284437
74.000000 91.000000 -0.597901 -0.283702
80.000000 91.000000 -0.589747 -0.282829
371.000000 91.000000 -0.255117 -0.254717
635.000000 91.000000 -0.004460 -0.247824
668.000000 91.000000 0.026020 -0.247898
1098.000000 91.000000 0.461001 -0.270042
1232.000000 91.000000 0.635298 -0.287947
71.000000 92.000000 -0.601853 -0.283014
170.000000 92.000000 -0.474483 -0.270100
193.000000 92.000000 -0.447068 -0.267588
247.000000 92.000000 -0.385421 -0.262387
599.000000 92.000000 -0.037717 -0.246997
708.000000 92.000000 0.063046 -0.247281
203.000000 93.000000 -0.435274 -0.265493
249.000000 93.000000 -0.383117 -0.261172
290.000000 93.000000 -0.338605 -0.257873
610.000000 93.000000 -0.027543 -0.245955
664.000000 93.000000 0.022315 -0.245934
675.000000 93.000000 0.032479 -0.245994
908.000000 93.000000 0.254450 -0.252746
584.000000 94.000000 -0.051580 -0.245182
726.000000 94.000000 0.079745 -0.245588
57.000000 95.000000 -0.620732 -0.281689
604.000000 95.000000 -0.033075 -0.244048
671.000000 95.000000 0.028770 -0.244027
1165.000000 95.000000 0.543908 -0.273822
168.000000 96.000000 -0.476451 -0.266029
480.000000 96.000000 -0.148832 -0.245267
906.000000 96.000000 0.252287 -0.249636
1220.000000 96.000000 0.617718 -0.280443
4.000000 97.000000 -0.696315 -0.287483
591.000000 97.000000 -0.045075 -0.242204
970.000000 97.000000 0.317722 -0.252483
999.000000 97.000000 0.348495 -0.254578
1102.000000 97.000000 0.465128 -0.264062
1205.000000 97.000000 0.596893 -0.277123
163.000000 98.000000 -0.482292 -0.264444
165.000000 98.000000 -0.479862 -0.264220
1067.000000 98.000000 0.423944 -0.259406
1211.000000 98.000000 0.604973 -0.276865
106.000000 99.000000 -0.554044 -0.270330
212.000000 99.000000 -0.424283 -0.258277
401.000000 99.000000 -0.224936 -0.245251
581.000000 99.000000 -0.054307 -0.240358
716.000000 99.000000 0.070379 -0.240580
1181.000000 99.000000 0.564343 -0.271541
685.000000 100.000000 0.041669 -0.239275
727.000000 100.000000 0.080581 -0.239770
968.000000 100.000000 0.315426 -0.249301
1096.000000 100.000000 0.457647 -0.260221
1129.000000 100.000000 0.497664 -0.263888
5.000000 101.000000 -0.694233 -0.282697
215.000000 101.000000 -0.420653 -0.255893
256.000000 101.000000 -0.374731 -0.252298
688.000000 101.000000 0.044432 -0.238332
694.000000 101.000000 0.049978 -0.238386
1079.000000 101.000000 0.437541 -0.257422
1181.000000 101.000000 0.564074 -0.269326
598.000000 102.000000 -0.038569 -0.237305
5.000000 103.000000 -0.693929 -0.280385
261.000000 103.000000 -0.369099 -0.249836
484.000000 103.000000 -0.144841 -0.238307
673.000000 103.000000 0.030570 -0.236290
1046.000000 103.000000 0.399614 -0.252239
105.000000 104.000000 -0.554698 -0.264955
695.000000 104.000000 0.050874 -0.235494
268.000000 105.000000 -0.361332 -0.247237
306.000000 105.000000 -0.320854 -0.244523
584.000000 105.000000 -0.051473 -0.234522
618.000000 105.000000 -0.020108 -0.234299
3.000000 106.000000 -0.696413 -0.277223
6.000000 106.000000 -0.692010 -0.276773
105.000000 106.000000 -0.554441 -0.262757
187.000000 106.000000 -0.452691 -0.253361
213.000000 106.000000 -0.422476 -0.250847
604.000000 106.000000 -0.033007 -0.233402
672.000000 106.000000 0.029631 -0.233388
1204.000000 106.000000 0.594259 -0.266907
155.000000 107.000000 -0.491052 -0.255687
1057.000000 107.000000 0.411678 -0.249055
1264.000000 107.000000 0.678800 -0.274495
107.000000 108.000000 -0.551576 -0.260309
602.000000 108.000000 -0.034838 -0.231486
655.000000 108.000000 0.013962 -0.231390
1074.000000 108.000000 0.431060 -0.249578
216.000000 109.000000 -0.418773 -0.247441
220.000000 109.000000 -0.414220 -0.247082
238.000000 109.000000 -0.393971 -0.245526
591.000000 109.000000 -0.044975 -0.230602
642.000000 109.000000 0.001995 -0.230407
676.000000 109.000000 0.033300 -0.230520
1269.000000 109.000000 0.685809 -0.272946
610.000000 110.000000 -0.027456 -0.229515
946.000000 110.000000 0.292021 -0.237848
42.000000 111.000000 -0.639427 -0.265774
105.000000 111.000000 -0.553806 -0.257276
688.000000 111.000000 0.044349 -0.228680
1025.000000 111.000000 0.375638 -0.242228
1095.000000 111.000000 0.455330 -0.248467
1255.000000 111.000000 0.665141 -0.268579
120.000000 112.000000 -0.534299 -0.254342
207.000000 112.000000 -0.428811 -0.245133
274.000000 112.000000 -0.354333 -0.239640
626.000000 112.000000 -0.012723 -0.227535
669.000000 112.000000 0.026836 -0.227594
73.000000 113.000000 -0.596176 -0.259231
217.000000 113.000000 -0.417276 -0.243190
263.000000 113.000000 -0.366149 -0.239432
618.000000 113.000000 -0.020080 -0.226597
703.000000 113.000000 0.058175 -0.226896
1075.000000 113.000000 0.431747 -0.244440
125.000000 114.000000 -0.527686 -0.251581
455.000000 114.000000 -0.172074 -0.228450
662.000000 114.000000 0.020385 -0.225642
722.000000 114.000000 0.075736 -0.226164
946.000000 114.000000 0.291790 -0.233846
1194.000000 114.000000 0.579667 -0.256681
1197.000000 114.000000 0.583700 -0.257075
117.000000 115.000000 -0.537784 -0.251446
158.000000 115.000000 -0.486518 -0.246820
273.000000 115.000000 -0.355193 -0.236660
674.000000 115.000000 0.031422 -0.224738
516.000000 116.000000 -0.114443 -0.224928
1230.000000 116.000000 0.628810 -0.259332
109.000000 117.000000 -0.547863 -0.250235
271.000000 117.000000 -0.357202 -0.234770
598.000000 117.000000 -0.038465 -0.222859
958.000000 117.000000 0.303960 -0.231547
1098.000000 117.000000 0.458289 -0.242442
601.000000 118.000000 -0.035697 -0.221881
709.000000 118.000000 0.063662 -0.222157
1193.000000 118.000000 0.577809 -0.252141
150.000000 119.000000 -0.495882 -0.243412
203.000000 119.000000 -0.432784 -0.238201
205.000000 119.000000 -0.430479 -0.238021
610.000000 119.000000 -0.027413 -0.220874
629.000000 119.000000 -0.009952 -0.220814
215.000000 120.000000 -0.418941 -0.236105
689.000000 120.000000 0.045198 -0.220047
1072.000000 120.000000 0.427652 -0.236874
176.000000 121.000000 -0.464234 -0.238641
410.000000 121.000000 -0.215202 -0.223215
712.000000 121.000000 0.066398 -0.219314
1175.000000 121.000000 0.553633 -0.246611
153.000000 122.000000 -0.491886 -0.239905
217.000000 122.000000 -0.416497 -0.233866
463.000000 122.000000 -0.164212 -0.220441
719.000000 122.000000 0.072854 -0.218441
1220.000000 122.000000 0.614048 -0.251255
598.000000 123.000000 -0.038425 -0.217114
660.000000 123.000000 0.018515 -0.217014
194.000000 124.000000 -0.442765 -0.233808
204.000000 124.000000 -0.431187 -0.232916
214.000000 124.000000 -0.419738 -0.232054
533.000000 124.000000 -0.098454 -0.216914
656.000000 124.000000 0.014839 -0.216047
1174.000000 124.000000 0.551967 -0.243229
340.000000 126.000000 -0.284537 -0.221491
636.000000 126.000000 -0.003517 -0.214117
697.000000 126.000000 0.052514 -0.214375
725.000000 126.000000 0.078350 -0.214689
1049.000000 126.000000 0.401049 -0.228742
1069.000000 126.000000 0.423688 -0.230394
1235.000000 126.000000 0.634470 -0.248807
151.000000 127.000000 -0.493818 -0.234809
163.000000 127.000000 -0.479225 -0.233601
215.000000 127.000000 -0.418348 -0.228874
1011.000000 127.000000 0.359228 -0.224895
1186.000000 127.000000 0.567368 -0.241407
73.000000 128.000000 -0.594226 -0.242649
75.000000 128.000000 -0.591518 -0.242398
160.000000 128.000000 -0.482754 -0.232844
200.000000 128.000000 -0.435450 -0.229119
546.000000 128.000000 -0.086333 -0.212880
756.000000 128.000000 0.107078 -0.213265
1140.000000 128.000000 0.508194 -0.235093
1242.000000 128.000000 0.644108 -0.247512
152.000000 129.000000 -0.492390 -0.232589
233.000000 129.000000 -0.397930 -0.225375
383.000000 129.000000 -0.241345 -0.216497
667.000000 129.000000 0.024919 -0.211315
683.000000 129.000000 0.039613 -0.211403
718.000000 129.000000 0.071844 -0.211732
759.000000 129.000000 0.109854 -0.212362
829.000000 129.000000 0.175790 -0.214074
1091.000000 129.000000 0.448903 -0.229219
1184.000000 129.000000 0.564484 -0.238988
1206.000000 129.000000 0.593937 -0.241689
375.000000 130.000000 -0.249218 -0.215865
699.000000 130.000000 0.054319 -0.210576
95.000000 131.000000 -0.564476 -0.236690
182.000000 131.000000 -0.456185 -0.227605
378.000000 131.000000 -0.246201 -0.214755
163.000000 133.000000 -0.478641 -0.227290
210.000000 133.000000 -0.423546 -0.223108
219.000000 133.000000 -0.413326 -0.222379
638.000000 133.000000 -0.001681 -0.207450
1086.000000 133.000000 0.442705 -0.224617
204.000000 134.000000 -0.430331 -0.222575
698.000000 134.000000 0.053363 -0.206757
1233.000000 134.000000 0.630595 -0.239615
160.000000 135.000000 -0.482071 -0.225478
195.000000 135.000000 -0.440633 -0.222303
581.000000 135.000000 -0.053966 -0.205802
706.000000 135.000000 0.060715 -0.205881
759.000000 135.000000 0.109743 -0.206623
43.000000 136.000000 -0.634622 -0.237619
211.000000 136.000000 -0.422161 -0.219942
590.000000 136.000000 -0.045687 -0.204779
696.000000 136.000000 0.051507 -0.204838
192.000000 137.000000 -0.443946 -0.220492
207.000000 137.000000 -0.426645 -0.219239
219.000000 137.000000 -0.413011 -0.218281
411.000000 137.000000 -0.213630 -0.207608
715.000000 137.000000 0.068983 -0.204074
52.000000 138.000000 -0.621790 -0.234258
1178.000000 138.000000 0.555562 -0.228539
159.000000 139.000000 -0.482899 -0.221377
176.000000 139.000000 -0.462552 -0.219817
207.000000 139.000000 -0.426483 -0.217184
217.000000 139.000000 -0.415114 -0.216391
1116.000000 139.000000 0.477693 -0.221082
102.000000 140.000000 -0.554287 -0.226160
212.000000 140.000000 -0.420704 -0.215760
220.000000 140.000000 -0.411650 -0.215138
226.000000 140.000000 -0.404911 -0.214682
577.000000 140.000000 -0.057599 -0.201088
585.000000 140.000000 -0.050249 -0.201020
671.000000 140.000000 0.028539 -0.200880
1269.000000 140.000000 0.681435 -0.237626
24.000000 141.000000 -0.660977 -0.234490
174.000000 141.000000 -0.464746 -0.217915
1081.000000 141.000000 0.436225 -0.215926
1144.000000 141.000000 0.511833 -0.221699
1276.000000 141.000000 0.691574 -0.237422
590.000000 142.000000 -0.045644 -0.199087
638.000000 142.000000 -0.001679 -0.198914
1213.000000 142.000000 0.601873 -0.228276
132.000000 143.000000 -0.515707 -0.219791
161.000000 143.000000 -0.480113 -0.217005
192.000000 143.000000 -0.443440 -0.214296
587.000000 143.000000 -0.048390 -0.198162
1263.000000 143.000000 0.672294 -0.233457
198.000000 144.000000 -0.436413 -0.212775
1175.000000 144.000000 0.550990 -0.221750
194.000000 145.000000 -0.440955 -0.212072
1275.000000 145.000000 0.689577 -0.232766
176.000000 146.000000 -0.461938 -0.212550
646.000000 146.000000 0.005638 -0.195134
1075.000000 146.000000 0.428916 -0.210306
1117.000000 146.000000 0.478254 -0.213861
620.000000 148.000000 -0.018138 -0.193268
577.000000 149.000000 -0.057519 -0.192566
588.000000 149.000000 -0.047429 -0.192480
672.000000 149.000000 0.029414 -0.192373
1110.000000 149.000000 0.469594 -0.210117
1246.000000 149.000000 0.647075 -0.224592
941.000000 150.000000 0.284823 -0.198001
50.000000 151.000000 -0.622984 -0.220175
101.000000 151.000000 -0.554400 -0.214462
588.000000 151.000000 -0.047415 -0.190592
1081.000000 151.000000 0.435420 -0.205656
1106.000000 151.000000 0.464661 -0.207700
1274.000000 151.000000 0.687336 -0.225871
211.000000 152.000000 -0.420921 -0.203583
586.000000 152.000000 -0.049241 -0.189663
590.000000 152.000000 -0.045576 -0.189635
1128.000000 152.000000 0.491041 -0.208596
1276.000000 152.000000 0.690150 -0.224998
50.000000 153.000000 -0.622749 -0.217978
77.000000 153.000000 -0.585877 -0.214900
676.000000 153.000000 0.033055 -0.188620
1167.000000 153.000000 0.539717 -0.211293
1173.000000 153.000000 0.547444 -0.211907
360.000000 154.000000 -0.263100 -0.193101
452.000000 154.000000 -0.173770 -0.189994
98.000000 155.000000 -0.557887 -0.210497
419.000000 155.000000 -0.205290 -0.189989
1096.000000 155.000000 0.452535 -0.202744
162.000000 157.000000 -0.477672 -0.202351
879.000000 157.000000 0.223035 -0.188710
94.000000 159.000000 -0.562701 -0.206633
232.000000 159.000000 -0.396882 -0.195021
649.000000 159.000000 0.008364 -0.182892
1073.000000 159.000000 0.425641 -0.196887
444.000000 160.000000 -0.181213 -0.184484
575.000000 160.000000 -0.059261 -0.182215
1113.000000 160.000000 0.472240 -0.198982
1155.000000 160.000000 0.523772 -0.202707
1255.000000 160.000000 0.658613 -0.213476
63.000000 161.000000 -0.603938 -0.207773
70.000000 161.000000 -0.594430 -0.207011
75.000000 161.000000 -0.587692 -0.206475
240.000000 161.000000 -0.387925 -0.192491
1265.000000 161.000000 0.672950 -0.213559
66.000000 162.000000 -0.599743 -0.206362
199.000000 162.000000 -0.433874 -0.194292
410.000000 162.000000 -0.213754 -0.183564
605.000000 162.000000 -0.031799 -0.180145
1113.000000 162.000000 0.472075 -0.196916
69.000000 163.000000 -0.595567 -0.204957
693.000000 163.000000 0.048550 -0.179317
1122.000000 163.000000 0.482799 -0.196630
1124.000000 164.000000 0.485132 -0.195762
1159.000000 165.000000 0.528355 -0.197817
45.000000 166.000000 -0.628229 -0.204313
201.000000 166.000000 -0.431294 -0.190083
576.000000 166.000000 -0.058295 -0.176573
696.000000 166.000000 0.051274 -0.176524
1188.000000 166.000000 0.565686 -0.199561
204.000000 167.000000 -0.427798 -0.188857
221.000000 167.000000 -0.408600 -0.187700
431.000000 167.000000 -0.193421 -0.178170
466.000000 167.000000 -0.160217 -0.177295
616.000000 167.000000 -0.021738 -0.175419
1120.000000 167.000000 0.480057 -0.192327
1137.000000 167.000000 0.500733 -0.193753
1233.000000 167.000000 0.626622 -0.203239
438.000000 168.000000 -0.186713 -0.177030
695.000000 168.000000 0.050345 -0.174642
1079.000000 168.000000 0.431852 -0.188180
1145.000000 168.000000 0.510531 -0.193406
1199.000000 168.000000 0.580064 -0.198535
118.000000 169.000000 -0.530828 -0.193708
120.000000 169.000000 -0.528299 -0.193526
1142.000000 169.000000 0.506725 -0.192102
1269.000000 169.000000 0.677832 -0.205122
234.000000 170.000000 -0.393964 -0.183857
82.000000 171.000000 -0.577314 -0.195017
336.000000 171.000000 -0.286469 -0.177612
721.000000 172.000000 0.074129 -0.171117
1149.000000 172.000000 0.515160 -0.189580
1269.000000 172.000000 0.677487 -0.201787
84.000000 173.000000 -0.574465 -0.192684
105.000000 174.000000 -0.546962 -0.189632
578.000000 174.000000 -0.056404 -0.169067
357.000000 175.000000 -0.265258 -0.172916
695.000000 177.000000 0.050284 -0.166227
727.000000 178.000000 0.079574 -0.165564
1195.000000 178.000000 0.573755 -0.187453
1222.000000 178.000000 0.610205 -0.190121
82.000000 179.000000 -0.576537 -0.186481
93.000000 179.000000 -0.562059 -0.185452
340.000000 179.000000 -0.282112 -0.169714
381.000000 179.000000 -0.241423 -0.168236
1067.000000 179.000000 0.417467 -0.176268
1138.000000 179.000000 0.500961 -0.181383
574.000000 180.000000 -0.060016 -0.163495
1223.000000 180.000000 0.611377 -0.188062
1066.000000 181.000000 0.416213 -0.174198
58.000000 182.000000 -0.608581 -0.185596
96.000000 182.000000 -0.557876 -0.182007
168.000000 182.000000 -0.468552 -0.176172
339.000000 182.000000 -0.283001 -0.166859
51.000000 183.000000 -0.618107 -0.185212
1178.000000 183.000000 0.551032 -0.180593
1223.000000 183.000000 0.611077 -0.184826
233.000000 184.000000 -0.394230 -0.169957
599.000000 184.000000 -0.037174 -0.159618
1132.000000 184.000000 0.493232 -0.175749
18.000000 186.000000 -0.664353 -0.185311
36.000000 186.000000 -0.638726 -0.183467
20.000000 187.000000 -0.661375 -0.184007
572.000000 187.000000 -0.061792 -0.156989
1059.000000 187.000000 0.407995 -0.167768
1275.000000 187.000000 0.684615 -0.185815
277.000000 188.000000 -0.346592 -0.163709
594.000000 188.000000 -0.041712 -0.155922
493.000000 190.000000 -0.134505 -0.155132
732.000000 190.000000 0.084039 -0.154424
1137.000000 190.000000 0.498878 -0.169953
186.000000 191.000000 -0.446857 -0.165809
239.000000 191.000000 -0.387257 -0.162683
258.000000 192.000000 -0.366622 -0.160714
490.000000 192.000000 -0.137264 -0.153311
911.000000 192.000000 0.253201 -0.156265
237.000000 193.000000 -0.389338 -0.160812
404.000000 193.000000 -0.218641 -0.154233
106.000000 194.000000 -0.543948 -0.168551
730.000000 194.000000 0.082165 -0.150684
1136.000000 194.000000 0.497359 -0.165766
207.000000 195.000000 -0.422594 -0.160502
491.000000 195.000000 -0.136284 -0.150492
559.000000 195.000000 -0.073613 -0.149659
221.000000 196.000000 -0.406839 -0.158709
540.000000 196.000000 -0.091013 -0.148911
167.000000 198.000000 -0.468632 -0.159965
444.000000 198.000000 -0.180304 -0.148559
452.000000 198.000000 -0.172747 -0.148393
491.000000 198.000000 -0.136237 -0.147692
1092.000000 198.000000 0.444823 -0.158742
1152.000000 198.000000 0.516798 -0.162830
1134.000000 199.000000 0.494563 -0.160496
1259.000000 199.000000 0.660156 -0.171007
235.000000 200.000000 -0.391163 -0.154001
239.000000 200.000000 -0.386787 -0.153797
266.000000 200.000000 -0.357689 -0.152495
528.000000 200.000000 -0.101997 -0.145327
179.000000 201.000000 -0.454355 -0.156168
241.000000 201.000000 -0.384555 -0.152712
201.000000 202.000000 -0.428987 -0.153858
493.000000 202.000000 -0.134316 -0.143933
1040.000000 202.000000 0.386192 -0.151862
1197.000000 202.000000 0.574262 -0.162205
1219.000000 202.000000 0.603822 -0.164080
1253.000000 202.000000 0.651275 -0.167169
7.000000 203.000000 -0.678583 -0.167756
215.000000 203.000000 -0.413150 -0.152085
436.000000 203.000000 -0.187779 -0.144038
5.000000 204.000000 -0.681402 -0.166849
173.000000 204.000000 -0.461184 -0.153514
275.000000 204.000000 -0.347975 -0.148195
349.000000 204.000000 -0.272211 -0.145415
1024.000000 204.000000 0.368757 -0.149124
91.000000 205.000000 -0.562445 -0.158246
534.000000 205.000000 -0.096427 -0.140622
1137.000000 205.000000 0.497803 -0.154565
1062.000000 206.000000 0.410283 -0.149041
1219.000000 206.000000 0.603477 -0.159818
716.000000 207.000000 0.069247 -0.138515
1129.000000 207.000000 0.487959 -0.151989
14.000000 208.000000 -0.667969 -0.161637
1253.000000 208.000000 0.650722 -0.160659
448.000000 209.000000 -0.176303 -0.138177
19.000000 210.000000 -0.660595 -0.159008
48.000000 210.000000 -0.619760 -0.156478
990.000000 211.000000 0.332482 -0.140860
1121.000000 211.000000 0.478096 -0.147417
1199.000000 211.000000 0.576185 -0.152891
187.000000 212.000000 -0.444439 -0.144656
324.000000 212.000000 -0.297051 -0.138600
1126.000000 212.000000 0.484024 -0.146715
1195.000000 212.000000 0.570822 -0.151530
1251.000000 212.000000 0.647519 -0.156152
7.000000 213.000000 -0.677660 -0.156814
23.000000 213.000000 -0.654607 -0.155402
180.000000 213.000000 -0.452481 -0.144048
183.000000 213.000000 -0.449002 -0.143879
1076.000000 213.000000 0.425658 -0.142832
1215.000000 213.000000 0.597461 -0.152052
1242.000000 213.000000 0.634712 -0.154295
166.000000 214.000000 -0.468817 -0.143853
459.000000 214.000000 -0.165860 -0.133311
514.000000 214.000000 -0.114726 -0.132510
1119.000000 214.000000 0.475526 -0.144259
1126.000000 214.000000 0.483900 -0.144686
683.000000 215.000000 0.039154 -0.130946
1124.000000 215.000000 0.481439 -0.143550
1182.000000 215.000000 0.553625 -0.147423
155.000000 216.000000 -0.481773 -0.142488
457.000000 216.000000 -0.167703 -0.131483
507.000000 216.000000 -0.121160 -0.130743
720.000000 216.000000 0.072831 -0.130236
1133.000000 216.000000 0.492222 -0.143090
1140.000000 216.000000 0.500743 -0.143531
22.000000 217.000000 -0.655691 -0.151160
221.000000 217.000000 -0.405755 -0.137933
270.000000 217.000000 -0.352714 -0.135780
313.000000 217.000000 -0.308063 -0.134187
326.000000 217.000000 -0.294863 -0.133756
987.000000 217.000000 0.329133 -0.134956
1263.000000 217.000000 0.664271 -0.151780
178.000000 218.000000 -0.454526 -0.139150
366.000000 218.000000 -0.254972 -0.131619
683.000000 218.000000 0.039142 -0.128185
1122.000000 219.000000 0.478806 -0.139384
1251.000000 219.000000 0.646920 -0.148597
233.000000 220.000000 -0.392392 -0.134428
250.000000 220.000000 -0.373932 -0.133688
367.000000 220.000000 -0.253936 -0.129703
456.000000 220.000000 -0.168574 -0.127778
217.000000 221.000000 -0.410009 -0.134181
229.000000 221.000000 -0.396735 -0.133627
255.000000 221.000000 -0.368520 -0.132505
273.000000 221.000000 -0.349389 -0.131788
35.000000 222.000000 -0.636873 -0.144706
1071.000000 222.000000 0.419560 -0.133658
22.000000 223.000000 -0.655192 -0.144679
33.000000 223.000000 -0.639603 -0.143793
50.000000 223.000000 -0.615951 -0.142461
224.000000 224.000000 -0.402109 -0.130908
227.000000 224.000000 -0.398801 -0.130773
313.000000 224.000000 -0.307831 -0.127491
1243.000000 224.000000 0.635211 -0.142575
139.000000 225.000000 -0.500559 -0.134320
601.000000 225.000000 -0.035196 -0.121733
1212.000000 225.000000 0.592487 -0.139148
1119.000000 226.000000 0.474833 -0.132155
24.000000 227.000000 -0.652021 -0.140209
1252.000000 227.000000 0.647692 -0.140066
521.000000 228.000000 -0.108131 -0.119506
1075.000000 228.000000 0.423781 -0.127918
404.000000 229.000000 -0.217780 -0.120369
22.000000 230.000000 -0.654637 -0.137136
196.000000 230.000000 -0.433210 -0.126282
415.000000 230.000000 -0.207219 -0.119212
709.000000 230.000000 0.062715 -0.117287
1117.000000 230.000000 0.472242 -0.128025
29.000000 231.000000 -0.644622 -0.135527
161.000000 231.000000 -0.473783 -0.127031
671.000000 231.000000 0.028215 -0.116212
707.000000 231.000000 0.060890 -0.116358
1038.000000 231.000000 0.382706 -0.123367
1246.000000 231.000000 0.638891 -0.135313
253.000000 232.000000 -0.370228 -0.121900
16.000000 233.000000 -0.662995 -0.134364
1081.000000 233.000000 0.430341 -0.123254
1117.000000 233.000000 0.472085 -0.125013
1245.000000 234.000000 0.637258 -0.132030
1247.000000 234.000000 0.640077 -0.132178
144.000000 235.000000 -0.493922 -0.123908
1122.000000 235.000000 0.477921 -0.123265
1237.000000 235.000000 0.625989 -0.130383
126.000000 236.000000 -0.515893 -0.123886
558.000000 236.000000 -0.074221 -0.111853
658.000000 236.000000 0.016432 -0.111609
690.000000 236.000000 0.045424 -0.111695
1115.000000 236.000000 0.469566 -0.121904
1217.000000 236.000000 0.598461 -0.127927
1234.000000 236.000000 0.621751 -0.129106
1239.000000 236.000000 0.628705 -0.129462
88.000000 237.000000 -0.564092 -0.125121
140.000000 237.000000 -0.498664 -0.122102
1193.000000 237.000000 0.566442 -0.125307
1088.000000 238.000000 0.438091 -0.118626
1154.000000 238.000000 0.516672 -0.121955
1223.000000 238.000000 0.606482 -0.126229
544.000000 239.000000 -0.086970 -0.109198
1017.000000 239.000000 0.359850 -0.114822
1109.000000 239.000000 0.462358 -0.118610
1253.000000 239.000000 0.648209 -0.127262
12.000000 240.000000 -0.668234 -0.127110
147.000000 240.000000 -0.490039 -0.118708
396.000000 240.000000 -0.225256 -0.110252
1021.000000 240.000000 0.364075 -0.113996
1068.000000 240.000000 0.415386 -0.115790
1086.000000 240.000000 0.435717 -0.116559
5.000000 241.000000 -0.678304 -0.126537
709.000000 241.000000 0.062655 -0.107206
1107.000000 241.000000 0.459922 -0.116521
1213.000000 241.000000 0.592731 -0.122414
94.000000 242.000000 -0.556005 -0.119585
304.000000 242.000000 -0.316478 -0.110592
1178.000000 242.000000 0.546710 -0.119230
1235.000000 242.000000 0.622723 -0.122812
1226.000000 243.000000 0.610250 -0.121157
1251.000000 243.000000 0.645089 -0.122841
157.000000 244.000000 -0.477877 -0.114197
295.000000 244.000000 -0.325672 -0.108946
1206.000000 244.000000 0.583171 -0.118837
1066.000000 245.000000 0.412951 -0.110805
155.000000 246.000000 -0.480162 -0.112288
201.000000 246.000000 -0.426844 -0.110274
1205.000000 246.000000 0.581717 -0.116691
1207.000000 246.000000 0.584381 -0.116812
1254.000000 246.000000 0.649143 -0.119839
6.000000 247.000000 -0.676426 -0.119979
1086.000000 247.000000 0.435418 -0.109646
1148.000000 247.000000 0.508778 -0.112496
1195.000000 247.000000 0.568454 -0.115059
80.000000 248.000000 -0.573903 -0.114199
699.000000 248.000000 0.053541 -0.100761
949.000000 248.000000 0.289392 -0.104219
1271.000000 248.000000 0.673453 -0.118848
658.000000 250.000000 0.016412 -0.098824
1183.000000 250.000000 0.552684 -0.111283
1222.000000 250.000000 0.604346 -0.113541
1132.000000 251.000000 0.489113 -0.107686
1239.000000 251.000000 0.627697 -0.113538
195.000000 252.000000 -0.433397 -0.104610
695.000000 252.000000 0.049897 -0.097094
1118.000000 252.000000 0.472358 -0.106052
1263.000000 252.000000 0.661618 -0.114009
81.000000 253.000000 -0.572305 -0.108961
1205.000000 253.000000 0.581307 -0.109408
1219.000000 254.000000 0.600034 -0.109169
344.000000 255.000000 -0.275808 -0.097282
375.000000 255.000000 -0.245314 -0.096651
75.000000 256.000000 -0.580050 -0.106182
204.000000 256.000000 -0.423081 -0.100342
208.000000 256.000000 -0.418596 -0.100197
218.000000 256.000000 -0.407468 -0.099844
389.000000 256.000000 -0.231712 -0.095462
1244.000000 257.000000 0.634318 -0.107487
95.000000 258.000000 -0.553839 -0.103066
161.000000 258.000000 -0.472515 -0.100037
75.000000 259.000000 -0.579888 -0.103071
269.000000 259.000000 -0.352339 -0.095350
1053.000000 259.000000 0.398058 -0.096677
38.000000 260.000000 -0.630068 -0.104070
293.000000 260.000000 -0.327298 -0.093755
1105.000000 260.000000 0.456775 -0.097560
40.000000 261.000000 -0.627230 -0.102900
1107.000000 261.000000 0.459065 -0.096647
28.000000 262.000000 -0.643971 -0.102525
36.000000 262.000000 -0.632743 -0.102070
75.000000 262.000000 -0.579732 -0.099963
166.000000 262.000000 -0.466470 -0.095859
176.000000 262.000000 -0.454809 -0.095475
1080.000000 263.000000 0.428000 -0.093686
1204.000000 263.000000 0.579441 -0.098977
37.000000 264.000000 -0.631236 -0.099900
92.000000 264.000000 -0.557411 -0.097056
1082.000000 264.000000 0.430228 -0.092775
1128.000000 264.000000 0.483749 -0.094492
1243.000000 264.000000 0.632512 -0.100017
77.000000 265.000000 -0.576939 -0.096758
169.000000 265.000000 -0.462843 -0.092768
1108.000000 265.000000 0.460080 -0.092722
85.000000 267.000000 -0.566352 -0.094307
392.000000 267.000000 -0.228635 -0.085183
618.000000 267.000000 -0.019721 -0.083357
651.000000 267.000000 0.010072 -0.083348
22.000000 268.000000 -0.652134 -0.096483
652.000000 269.000000 0.010973 -0.081533
52.000000 270.000000 -0.610230 -0.092803
1111.000000 270.000000 0.463404 -0.087880
1181.000000 270.000000 0.549120 -0.090676
1197.000000 270.000000 0.569871 -0.091403
1242.000000 270.000000 0.630791 -0.093624
85.000000 271.000000 -0.566166 -0.090193
1069.000000 271.000000 0.415388 -0.085510
1231.000000 271.000000 0.615492 -0.092009
1237.000000 271.000000 0.623780 -0.092313
24.000000 272.000000 -0.649081 -0.092124
695.000000 272.000000 0.049829 -0.078890
1195.000000 272.000000 0.567160 -0.089252
1199.000000 272.000000 0.572405 -0.089434
73.000000 273.000000 -0.581845 -0.088678
92.000000 273.000000 -0.556999 -0.087830
96.000000 273.000000 -0.551852 -0.087657
298.000000 273.000000 -0.321848 -0.081297
1103.000000 273.000000 0.453981 -0.084637
1230.000000 273.000000 0.614019 -0.089863
51.000000 274.000000 -0.611399 -0.088669
84.000000 274.000000 -0.567336 -0.087154
1192.000000 274.000000 0.563157 -0.087063
1221.000000 274.000000 0.601689 -0.088385
99.000000 277.000000 -0.547843 -0.083449
25.000000 278.000000 -0.647364 -0.085709
1160.000000 278.000000 0.522252 -0.081684
1206.000000 279.000000 0.581341 -0.082520
1216.000000 279.000000 0.594706 -0.082954
999.000000 280.000000 0.339769 -0.075053
1019.000000 280.000000 0.360791 -0.075494
1102.000000 280.000000 0.452598 -0.077706
705.000000 281.000000 0.058857 -0.070750
1069.000000 281.000000 0.415100 -0.075776
390.000000 282.000000 -0.230348 -0.071300
551.000000 282.000000 -0.080344 -0.069927
1018.000000 283.000000 0.359664 -0.072603
1180.000000 283.000000 0.547305 -0.077370
1253.000000 283.000000 0.645628 -0.080420
1105.000000 284.000000 0.455955 -0.073856
272.000000 285.000000 -0.348558 -0.070449
1110.000000 285.000000 0.461747 -0.073017
1245.000000 285.000000 0.634269 -0.077951
198.000000 286.000000 -0.428893 -0.071208
54.000000 287.000000 -0.606739 -0.074973
353.000000 287.000000 -0.266327 -0.067163
56.000000 288.000000 -0.603984 -0.073852
363.000000 288.000000 -0.256492 -0.066091
439.000000 288.000000 -0.183645 -0.065221
515.000000 288.000000 -0.113165 -0.064652
551.000000 288.000000 -0.080319 -0.064479
1085.000000 288.000000 0.432901 -0.069379
1091.000000 288.000000 0.439728 -0.069537
1194.000000 288.000000 0.565199 -0.072783
1239.000000 288.000000 0.625772 -0.074541
437.000000 289.000000 -0.185518 -0.064322
1245.000000 289.000000 0.634099 -0.073738
93.000000 290.000000 -0.555046 -0.070419
1098.000000 290.000000 0.447698 -0.067761
6.000000 291.000000 -0.673988 -0.072736
194.000000 291.000000 -0.433286 -0.066431
327.000000 291.000000 -0.292107 -0.063808
1094.000000 291.000000 0.443080 -0.066677
1144.000000 291.000000 0.502105 -0.068073
52.000000 292.000000 -0.609265 -0.069845
188.000000 292.000000 -0.440078 -0.065604
198.000000 292.000000 -0.428742 -0.065358
393.000000 292.000000 -0.227338 -0.062011
399.000000 292.000000 -0.221577 -0.061945
59.000000 293.000000 -0.599738 -0.068546
545.000000 293.000000 -0.085755 -0.059966
1038.000000 293.000000 0.380830 -0.063450
1246.000000 293.000000 0.635340 -0.069568
56.000000 294.000000 -0.603757 -0.067617
199.000000 294.000000 -0.427568 -0.063387
678.000000 294.000000 0.034411 -0.058908
1086.000000 294.000000 0.433886 -0.063545
1088.000000 294.000000 0.436158 -0.063593
1142.000000 294.000000 0.499584 -0.065016
354.000000 295.000000 -0.265234 -0.059695
1093.000000 295.000000 0.441836 -0.062736
395.000000 296.000000 -0.225373 -0.058294
1142.000000 296.000000 0.499527 -0.063019
1091.000000 297.000000 0.439504 -0.060732
1191.000000 298.000000 0.560956 -0.062450
39.000000 299.000000 -0.626880 -0.063006
58.000000 299.000000 -0.600878 -0.062360
169.000000 299.000000 -0.461803 -0.059199
295.000000 299.000000 -0.324450 -0.056771
1235.000000 299.000000 0.619815 -0.062870
208.000000 300.000000 -0.417355 -0.057360
1091.000000 301.000000 0.439414 -0.056823
39.000000 302.000000 -0.626778 -0.059865
209.000000 302.000000 -0.416201 -0.055401
298.000000 302.000000 -0.321329 -0.053897
547.000000 302.000000 -0.083904 -0.051800
1140.000000 302.000000 0.496944 -0.056981
1271.000000 302.000000 0.670647 -0.060968
300.000000 303.000000 -0.319268 -0.052926
1273.000000 303.000000 0.673514 -0.059972
142.000000 304.000000 -0.493660 -0.054896
225.000000 304.000000 -0.398504 -0.053167
1181.000000 304.000000 0.547898 -0.056046
40.000000 306.000000 -0.625265 -0.055649
329.000000 306.000000 -0.289902 -0.049740
970.000000 306.000000 0.309504 -0.049991
632.000000 307.000000 -0.007067 -0.047132
692.000000 307.000000 0.047032 -0.047177
697.000000 307.000000 0.051551 -0.047186
1005.000000 307.000000 0.345550 -0.049521
524.000000 308.000000 -0.104838 -0.046443
650.000000 308.000000 0.009149 -0.046230
1103.000000 308.000000 0.453048 -0.050222
56.000000 309.000000 -0.603276 -0.052057
697.000000 309.000000 0.051548 -0.045378
1101.000000 309.000000 0.450719 -0.049202
1174.000000 309.000000 0.538861 -0.050798
1209.000000 309.000000 0.584277 -0.051699
1215.000000 309.000000 0.592290 -0.051863
41.000000 310.000000 -0.623764 -0.051439
386.000000 310.000000 -0.233903 -0.045451
1003.000000 310.000000 0.343420 -0.046649
1207.000000 310.000000 0.581595 -0.050618
323.000000 311.000000 -0.295860 -0.045131
404.000000 311.000000 -0.216617 -0.044385
528.000000 311.000000 -0.101176 -0.043708
1230.000000 311.000000 0.612567 -0.050203
1203.000000 313.000000 0.576230 -0.047436
1268.000000 313.000000 0.665958 -0.049167
59.000000 314.000000 -0.599093 -0.046803
119.000000 314.000000 -0.521540 -0.045423
145.000000 314.000000 -0.489840 -0.044898
388.000000 314.000000 -0.231943 -0.041743
1236.000000 314.000000 0.620740 -0.047238
328.000000 315.000000 -0.290806 -0.041339
1189.000000 315.000000 0.557908 -0.045063
1226.000000 315.000000 0.606999 -0.045942
159.000000 316.000000 -0.473165 -0.042661
226.000000 316.000000 -0.397217 -0.041601
1079.000000 316.000000 0.425548 -0.041995
24.000000 317.000000 -0.647343 -0.044554
1236.000000 317.000000 0.620664 -0.044109
205.000000 318.000000 -0.420388 -0.039970
1075.000000 318.000000 0.421031 -0.039995
1262.000000 318.000000 0.657201 -0.043704
444.000000 319.000000 -0.178725 -0.036795
1136.000000 319.000000 0.491755 -0.039988
1045.000000 321.000000 0.387943 -0.036704
445.000000 322.000000 -0.177773 -0.034048
679.000000 322.000000 0.035278 -0.033617
700.000000 322.000000 0.054238 -0.033642
142.000000 323.000000 -0.493285 -0.036021
168.000000 323.000000 -0.462510 -0.035630
447.000000 323.000000 -0.175896 -0.033126
1034.000000 323.000000 0.376054 -0.034662
1078.000000 324.000000 0.424313 -0.034219
1268.000000 324.000000 0.665680 -0.037488
144.000000 325.000000 -0.490851 -0.034007
1131.000000 325.000000 0.485662 -0.033960
1249.000000 325.000000 0.638600 -0.036031
394.000000 326.000000 -0.226094 -0.030643
1182.000000 327.000000 0.548676 -0.032742
1268.000000 327.000000 0.665618 -0.034305
354.000000 328.000000 -0.264921 -0.029030
125.000000 329.000000 -0.513870 -0.030298
351.000000 329.000000 -0.267866 -0.028121
1253.000000 329.000000 0.644161 -0.031906
77.000000 330.000000 -0.574830 -0.029991
131.000000 330.000000 -0.506508 -0.029219
165.000000 330.000000 -0.465918 -0.028795
1001.000000 331.000000 0.341115 -0.026754
1177.000000 331.000000 0.542242 -0.028620
215.000000 332.000000 -0.409115 -0.026326
344.000000 332.000000 -0.274757 -0.025375
1220.000000 333.000000 0.598509 -0.027195
1247.000000 333.000000 0.635647 -0.027605
1043.000000 334.000000 0.385646 -0.024229
431.000000 335.000000 -0.190874 -0.022223
1192.000000 335.000000 0.561441 -0.024764
1213.000000 335.000000 0.589083 -0.025036
222.000000 336.000000 -0.401377 -0.022416
1028.000000 336.000000 0.369519 -0.022207
1221.000000 337.000000 0.599805 -0.023078
82.000000 338.000000 -0.568182 -0.021757
1156.000000 338.000000 0.515865 -0.021335
662.000000 339.000000 0.019947 -0.018283
1087.000000 339.000000 0.434314 -0.019751
997.000000 340.000000 0.336901 -0.018227
234.000000 342.000000 -0.388261 -0.016581
983.000000 342.000000 0.322457 -0.016277
1079.000000 342.000000 0.425266 -0.016785
19.000000 343.000000 -0.653974 -0.017250
425.000000 344.000000 -0.196510 -0.014006
1262.000000 344.000000 0.656749 -0.016226
1276.000000 344.000000 0.676959 -0.016361
660.000000 345.000000 0.018144 -0.012879
1166.000000 345.000000 0.528231 -0.014404
594.000000 346.000000 -0.041294 -0.011985
494.000000 347.000000 -0.132232 -0.011159
1072.000000 347.000000 0.417407 -0.011910
24.000000 349.000000 -0.646836 -0.010894
668.000000 350.000000 0.025349 -0.008377
857.000000 350.000000 0.198739 -0.008521
1248.000000 350.000000 0.636867 -0.009809
24.000000 351.000000 -0.646824 -0.008792
116.000000 351.000000 -0.524800 -0.008364
160.000000 351.000000 -0.471618 -0.008197
1260.000000 351.000000 0.653840 -0.008824
1243.000000 353.000000 0.629861 -0.006647
1259.000000 353.000000 0.652405 -0.006711
1054.000000 354.000000 0.397512 -0.005114
1221.000000 354.000000 0.599671 -0.005530
1049.000000 355.000000 0.392056 -0.004146
1173.000000 355.000000 0.536982 -0.004379
25.000000 358.000000 -0.645390 -0.001436
241.000000 358.000000 -0.380658 -0.001265
1040.000000 358.000000 0.382303 -0.001266
1052.000000 358.000000 0.395322 -0.001272
146.000000 359.000000 -0.488200 -0.000336
1049.000000 360.000000 0.392052 0.000646
1126.000000 360.000000 0.479455 0.000653
1203.000000 360.000000 0.575656 0.000660
232.000000 361.000000 -0.390380 0.001603
260.000000 362.000000 -0.360407 0.002542
1160.000000 362.000000 0.520707 0.002659
1241.000000 363.000000 0.627067 0.003793
826.000000 364.000000 0.169602 0.004277
854.000000 364.000000 0.195896 0.004293
156.000000 365.000000 -0.476321 0.005576
1181.000000 365.000000 0.547140 0.005714
1217.000000 367.000000 0.594288 0.007870
1274.000000 367.000000 0.673987 0.008106
892.000000 368.000000 0.232148 0.008002
244.000000 369.000000 -0.377449 0.009229
1045.000000 369.000000 0.387722 0.009260
1052.000000 369.000000 0.395335 0.009280
1199.000000 369.000000 0.570426 0.009842
1256.000000 369.000000 0.648151 0.010133
1272.000000 369.000000 0.671095 0.010221
1041.000000 370.000000 0.383398 0.010204
159.000000 371.000000 -0.472804 0.011472
1255.000000 371.000000 0.646745 0.012231
1222.000000 373.000000 0.601061 0.014086
1044.000000 374.000000 0.386657 0.014042
3.000000 375.000000 -0.676959 0.016618
1231.000000 376.000000 0.613340 0.017265
1068.000000 377.000000 0.412980 0.017048
1026.000000 378.000000 0.367355 0.017771
1028.000000 379.000000 0.369491 0.018734
1231.000000 379.000000 0.613370 0.020379
1026.000000 380.000000 0.367366 0.019674
1102.000000 380.000000 0.451459 0.020191
1269.000000 380.000000 0.666854 0.021866
1028.000000 381.000000 0.369503 0.020638
1066.000000 381.000000 0.410789 0.020893
1133.000000 382.000000 0.487905 0.022422
1213.000000 382.000000 0.589049 0.023274
171.000000 383.000000 -0.458864 0.023170
1161.000000 383.000000 0.522072 0.023700
1038.000000 384.000000 0.380238 0.023569
1044.000000 384.000000 0.386717 0.023614
1213.000000 384.000000 0.589074 0.025331
104.000000 385.000000 -0.539980 0.025860
1085.000000 385.000000 0.432087 0.024919
1153.000000 385.000000 0.512206 0.025613
453.000000 386.000000 -0.170247 0.024329
1110.000000 386.000000 0.460783 0.026137
439.000000 388.000000 -0.183362 0.026203
77.000000 389.000000 -0.574820 0.030289
108.000000 389.000000 -0.534987 0.029840
1037.000000 389.000000 0.379203 0.028339
1270.000000 390.000000 0.668452 0.032492
109.000000 391.000000 -0.533759 0.031839
1235.000000 391.000000 0.619038 0.032910
1261.000000 392.000000 0.655553 0.034440
110.000000 393.000000 -0.532534 0.033837
78.000000 394.000000 -0.573590 0.035385
135.000000 394.000000 -0.501704 0.034456
152.000000 394.000000 -0.481293 0.034209
1208.000000 394.000000 0.582573 0.035528
110.000000 395.000000 -0.532566 0.035850
1039.000000 395.000000 0.381416 0.034095
1171.000000 395.000000 0.534750 0.035899
146.000000 396.000000 -0.488476 0.036276
149.000000 396.000000 -0.484893 0.036230
398.000000 396.000000 -0.222273 0.033731
1193.000000 396.000000 0.562915 0.037299
1195.000000 396.000000 0.565517 0.037336
1232.000000 396.000000 0.615006 0.038056
155.000000 397.000000 -0.477780 0.037127
515.000000 397.000000 -0.113018 0.034134
1117.000000 397.000000 0.469109 0.037033
1123.000000 397.000000 0.476184 0.037124
1200.000000 397.000000 0.572073 0.038452
1203.000000 397.000000 0.576018 0.038510
146.000000 398.000000 -0.488508 0.038257
55.000000 399.000000 -0.604341 0.040979
224.000000 399.000000 -0.399345 0.038112
511.000000 399.000000 -0.116686 0.035960
1206.000000 399.000000 0.580019 0.040620
1213.000000 400.000000 0.589351 0.041796
144.000000 401.000000 -0.490955 0.041265
1224.000000 401.000000 0.604192 0.043073
1092.000000 402.000000 0.440247 0.041550
1251.000000 402.000000 0.641580 0.044759
455.000000 403.000000 -0.168451 0.039830
547.000000 403.000000 -0.083862 0.039480
1189.000000 404.000000 0.557895 0.045365
1028.000000 405.000000 0.369738 0.043516
1187.000000 405.000000 0.555336 0.046337
95.000000 406.000000 -0.551799 0.047264
197.000000 406.000000 -0.429433 0.045272
366.000000 406.000000 -0.253278 0.043195
1156.000000 406.000000 0.516243 0.046670
1205.000000 406.000000 0.578854 0.047781
52.000000 407.000000 -0.608605 0.049342
374.000000 407.000000 -0.245498 0.044052
453.000000 408.000000 -0.170346 0.044407
1027.000000 408.000000 0.368713 0.046366
1010.000000 409.000000 0.350741 0.047081
1227.000000 409.000000 0.608475 0.051447
8.000000 410.000000 -0.670413 0.053741
1154.000000 411.000000 0.513886 0.051636
1182.000000 411.000000 0.549057 0.052314
399.000000 412.000000 -0.221429 0.048457
213.000000 413.000000 -0.411674 0.051782
245.000000 414.000000 -0.376806 0.052196
1134.000000 414.000000 0.489623 0.054166
367.000000 415.000000 -0.252387 0.051529
1152.000000 416.000000 0.511545 0.056596
134.000000 417.000000 -0.503379 0.057399
956.000000 418.000000 0.295414 0.054844
1006.000000 418.000000 0.346680 0.055567
1025.000000 418.000000 0.366738 0.055880
106.000000 419.000000 -0.538139 0.060156
1207.000000 419.000000 0.581865 0.061198
1218.000000 419.000000 0.596572 0.061548
917.000000 420.000000 0.256751 0.056230
209.000000 421.000000 -0.416273 0.059606
102.000000 422.000000 -0.543293 0.063311
1011.000000 422.000000 0.351992 0.059452
1211.000000 422.000000 0.587284 0.064419
1221.000000 422.000000 0.600723 0.064756
109.000000 424.000000 -0.534504 0.065124
121.000000 424.000000 -0.519526 0.064765
1211.000000 424.000000 0.587352 0.066483
1162.000000 425.000000 0.524178 0.065917
412.000000 426.000000 -0.209142 0.061235
198.000000 427.000000 -0.428730 0.065684
1021.000000 427.000000 0.362650 0.064402
1099.000000 427.000000 0.448784 0.066147
118.000000 428.000000 -0.523370 0.068882
124.000000 428.000000 -0.515938 0.068695
412.000000 429.000000 -0.209173 0.063999
1019.000000 429.000000 0.360568 0.066272
1026.000000 430.000000 0.368030 0.067370
122.000000 431.000000 -0.518504 0.071774
412.000000 431.000000 -0.209194 0.065842
213.000000 432.000000 -0.412077 0.070181
1002.000000 432.000000 0.342747 0.068796
860.000000 433.000000 0.201964 0.067616
1035.000000 435.000000 0.377782 0.072360
1109.000000 435.000000 0.460594 0.074294
1164.000000 435.000000 0.527004 0.076074
1202.000000 435.000000 0.575817 0.077492
1205.000000 435.000000 0.579782 0.077610
1236.000000 435.000000 0.621751 0.078891
12.000000 436.000000 -0.665641 0.081276
103.000000 436.000000 -0.542492 0.077488
1148.000000 439.000000 0.507334 0.079538
1181.000000 439.000000 0.548677 0.080766
1201.000000 439.000000 0.574660 0.081571
1034.000000 440.000000 0.376824 0.077140
354.000000 441.000000 -0.265473 0.075889
357.000000 441.000000 -0.262521 0.075841
397.000000 441.000000 -0.223660 0.075260
1237.000000 441.000000 0.623404 0.085232
966.000000 442.000000 0.305902 0.077562
604.000000 443.000000 -0.032352 0.075563
1186.000000 443.000000 0.555268 0.085054
1090.000000 444.000000 0.438946 0.082571
40.000000 446.000000 -0.626556 0.090531
1254.000000 446.000000 0.647492 0.091341
1015.000000 448.000000 0.356760 0.084343
983.000000 449.000000 0.323415 0.084537
1192.000000 449.000000 0.563307 0.091468
1124.000000 451.000000 0.478800 0.090659
1261.000000 451.000000 0.657739 0.097033
68.000000 452.000000 -0.588748 0.095420
109.000000 452.000000 -0.535545 0.093509
1274.000000 452.000000 0.676578 0.098828
109.000000 454.000000 -0.535634 0.095543
134.000000 454.000000 -0.504612 0.094462
1003.000000 454.000000 0.344288 0.089775
1056.000000 454.000000 0.401150 0.091272
1217.000000 454.000000 0.596689 0.097853
1260.000000 454.000000 0.656474 0.100179
1142.000000 457.000000 0.500707 0.097388
295.000000 458.000000 -0.325200 0.093090
1197.000000 458.000000 0.570278 0.100980
1216.000000 458.000000 0.595550 0.101971
595.000000 459.000000 -0.040525 0.090121
1054.000000 459.000000 0.399109 0.096066
1143.000000 459.000000 0.502013 0.099443
429.000000 460.000000 -0.193414 0.092395
1012.000000 460.000000 0.353910 0.095757
1208.000000 460.000000 0.584933 0.103625
1238.000000 460.000000 0.625780 0.105292
404.000000 461.000000 -0.217238 0.093696
408.000000 461.000000 -0.213408 0.093632
513.000000 461.000000 -0.115203 0.092389
1091.000000 461.000000 0.440674 0.099319
411.000000 462.000000 -0.210557 0.094513
1189.000000 462.000000 0.560039 0.104693
1092.000000 463.000000 0.441896 0.101328
1158.000000 464.000000 0.520727 0.105186
112.000000 465.000000 -0.532375 0.106601
1229.000000 467.000000 0.613755 0.112142
1270.000000 467.000000 0.671678 0.114725
1274.000000 468.000000 0.677562 0.116067
124.000000 469.000000 -0.517594 0.110069
1092.000000 469.000000 0.442135 0.107251
1269.000000 469.000000 0.670360 0.116814
53.000000 470.000000 -0.609994 0.115050
1164.000000 470.000000 0.528531 0.111589
1176.000000 470.000000 0.543725 0.112225
1181.000000 471.000000 0.550185 0.113524
205.000000 472.000000 -0.422280 0.109453
826.000000 472.000000 0.170368 0.103156
1043.000000 472.000000 0.387518 0.108319
1211.000000 472.000000 0.589627 0.116296
1270.000000 472.000000 0.672012 0.120115
112.000000 473.000000 -0.532789 0.114762
129.000000 473.000000 -0.511620 0.113872
1137.000000 473.000000 0.495367 0.113263
93.000000 474.000000 -0.557086 0.116841
978.000000 474.000000 0.318911 0.108173
1269.000000 474.000000 0.670700 0.122203
1093.000000 475.000000 0.443536 0.113226
1098.000000 475.000000 0.449299 0.113445
1165.000000 475.000000 0.530055 0.116745
1235.000000 475.000000 0.622541 0.120966
122.000000 476.000000 -0.520438 0.117284
602.000000 476.000000 -0.034235 0.105601
112.000000 477.000000 -0.533008 0.118849
983.000000 477.000000 0.324145 0.111180
1081.000000 477.000000 0.429922 0.114687
1113.000000 477.000000 0.466889 0.116119
124.000000 478.000000 -0.518062 0.119211
951.000000 478.000000 0.291571 0.111233
1096.000000 478.000000 0.447123 0.116331
1168.000000 478.000000 0.534005 0.119979
171.000000 479.000000 -0.461538 0.117842
1083.000000 479.000000 0.432278 0.116746
1233.000000 479.000000 0.620038 0.125069
1240.000000 479.000000 0.629768 0.125547
109.000000 480.000000 -0.536967 0.122090
1191.000000 480.000000 0.563663 0.123397
1136.000000 481.000000 0.494562 0.121282
1241.000000 481.000000 0.631304 0.127744
1078.000000 482.000000 0.426740 0.119489
1198.000000 482.000000 0.572968 0.125912
122.000000 483.000000 -0.520824 0.124414
126.000000 483.000000 -0.515860 0.124188
171.000000 483.000000 -0.461730 0.121832
1191.000000 483.000000 0.563850 0.126507
1236.000000 483.000000 0.624474 0.129519
129.000000 484.000000 -0.512210 0.125036
122.000000 485.000000 -0.520939 0.126454
132.000000 485.000000 -0.508573 0.125884
1184.000000 485.000000 0.554880 0.128137
1233.000000 485.000000 0.620456 0.131429
75.000000 486.000000 -0.581403 0.130409
908.000000 486.000000 0.249101 0.117706
1094.000000 486.000000 0.445188 0.124181
1132.000000 486.000000 0.489991 0.126117
1182.000000 486.000000 0.552360 0.129045
1191.000000 486.000000 0.564041 0.129620
107.000000 487.000000 -0.539919 0.129396
602.000000 487.000000 -0.034267 0.115663
994.000000 487.000000 0.335868 0.121106
1162.000000 487.000000 0.526971 0.128844
78.000000 489.000000 -0.577631 0.133340
989.000000 489.000000 0.330734 0.122858
1099.000000 489.000000 0.451114 0.127411
1262.000000 489.000000 0.661695 0.137875
540.000000 490.000000 -0.090700 0.118762
904.000000 490.000000 0.245284 0.121373
1192.000000 490.000000 0.565612 0.133843
989.000000 491.000000 0.330802 0.124778
1261.000000 491.000000 0.660414 0.139956
588.000000 492.000000 -0.046985 0.120297
973.000000 493.000000 0.314360 0.126160
732.000000 494.000000 0.083719 0.122388
1261.000000 494.000000 0.660653 0.143198
973.000000 495.000000 0.314426 0.128074
1161.000000 495.000000 0.526210 0.136983
462.000000 496.000000 -0.162891 0.125237
466.000000 496.000000 -0.159147 0.125174
741.000000 496.000000 0.091969 0.124305
1085.000000 496.000000 0.435353 0.133675
1140.000000 496.000000 0.500274 0.136705
588.000000 497.000000 -0.047007 0.124889
1179.000000 498.000000 0.549285 0.141268
172.000000 499.000000 -0.461389 0.137787
1127.000000 499.000000 0.484705 0.138974
210.000000 500.000000 -0.417902 0.136810
590.000000 500.000000 -0.045203 0.127638
1169.000000 500.000000 0.536639 0.142655
1203.000000 500.000000 0.580834 0.145071
1129.000000 501.000000 0.487231 0.141118
51.000000 502.000000 -0.614989 0.149032
1175.000000 502.000000 0.544428 0.145136
164.000000 503.000000 -0.471032 0.142262
1177.000000 503.000000 0.547063 0.146313
1089.000000 504.000000 0.440352 0.141849
1231.000000 504.000000 0.619144 0.151495
22.000000 505.000000 -0.655878 0.154659
29.000000 505.000000 -0.645926 0.154060
186.000000 506.000000 -0.445507 0.144024
961.000000 507.000000 0.302574 0.139160
1035.000000 507.000000 0.380246 0.142122
1176.000000 507.000000 0.546066 0.150393
569.000000 508.000000 -0.064357 0.135123
575.000000 508.000000 -0.058890 0.135085
589.000000 508.000000 -0.046149 0.135009
1129.000000 508.000000 0.487665 0.148223
587.000000 509.000000 -0.047973 0.135941
1051.000000 509.000000 0.397846 0.144847
1058.000000 509.000000 0.405595 0.145195
1186.000000 509.000000 0.559139 0.153219
46.000000 510.000000 -0.622548 0.157982
1154.000000 510.000000 0.518454 0.151929
568.000000 511.000000 -0.065289 0.137899
1088.000000 511.000000 0.439591 0.148787
1184.000000 511.000000 0.556691 0.155155
34.000000 512.000000 -0.639477 0.161173
1174.000000 512.000000 0.543871 0.155441
24.000000 513.000000 -0.653732 0.163150
1050.000000 514.000000 0.396992 0.149728
1079.000000 514.000000 0.429471 0.151276
1086.000000 514.000000 0.437467 0.151673
1158.000000 514.000000 0.523739 0.156336
27.000000 515.000000 -0.649644 0.165045
37.000000 515.000000 -0.635529 0.164140
52.000000 515.000000 -0.614699 0.162814
925.000000 515.000000 0.266658 0.145611
1131.000000 515.000000 0.490539 0.155480
30.000000 516.000000 -0.645482 0.165854
560.000000 516.000000 -0.072630 0.142582
750.000000 516.000000 0.100428 0.142884
1116.000000 516.000000 0.472608 0.155512
1159.000000 516.000000 0.525140 0.158475
1173.000000 516.000000 0.542893 0.159526
1208.000000 516.000000 0.588787 0.162343
1272.000000 516.000000 0.678527 0.168121
889.000000 517.000000 0.231361 0.146451
968.000000 517.000000 0.310086 0.149022
108.000000 518.000000 -0.540789 0.161382
1131.000000 518.000000 0.490742 0.158542
556.000000 519.000000 -0.076311 0.145393
466.000000 520.000000 -0.159554 0.147529
888.000000 520.000000 0.230471 0.149263
1077.000000 520.000000 0.427539 0.157153
1164.000000 520.000000 0.531745 0.162994
478.000000 521.000000 -0.148343 0.148250
1169.000000 521.000000 0.538172 0.164421
1210.000000 521.000000 0.591907 0.167821
1163.000000 522.000000 0.530634 0.164993
1090.000000 523.000000 0.442604 0.160940
1160.000000 523.000000 0.526926 0.165799
799.000000 525.000000 0.145941 0.151964
1124.000000 525.000000 0.482777 0.165206
20.000000 526.000000 -0.660684 0.177682
24.000000 527.000000 -0.655058 0.178378
961.000000 527.000000 0.303317 0.158393
1121.000000 527.000000 0.479316 0.167038
17.000000 528.000000 -0.665195 0.180169
558.000000 528.000000 -0.074559 0.153730
1087.000000 528.000000 0.439460 0.165783
1110.000000 528.000000 0.466290 0.167294
1196.000000 529.000000 0.573911 0.175074
26.000000 530.000000 -0.652505 0.181452
967.000000 530.000000 0.309578 0.161535
1168.000000 530.000000 0.537622 0.173725
427.000000 531.000000 -0.196683 0.158704
920.000000 532.000000 0.262256 0.161679
944.000000 532.000000 0.286264 0.162551
1114.000000 532.000000 0.471312 0.171645
1163.000000 532.000000 0.531434 0.175400
54.000000 533.000000 -0.613604 0.181940
1084.000000 533.000000 0.436331 0.170627
879.000000 534.000000 0.222137 0.162285
567.000000 535.000000 -0.066384 0.160167
1164.000000 535.000000 0.532952 0.178616
12.000000 536.000000 -0.673244 0.189478
425.000000 537.000000 -0.198746 0.164428
1050.000000 538.000000 0.398311 0.173534
849.000000 539.000000 0.193429 0.166207
250.000000 541.000000 -0.375965 0.175267
1119.000000 541.000000 0.477944 0.181220
1209.000000 541.000000 0.592418 0.189078
945.000000 543.000000 0.287710 0.173208
1027.000000 543.000000 0.373410 0.177176
1035.000000 543.000000 0.382110 0.177633
1061.000000 543.000000 0.410877 0.179209
1163.000000 543.000000 0.532372 0.186903
1165.000000 543.000000 0.534915 0.187080
1172.000000 543.000000 0.543866 0.187707
1024.000000 544.000000 0.370220 0.177999
1058.000000 544.000000 0.407581 0.180022
498.000000 545.000000 -0.130117 0.170394
904.000000 545.000000 0.246896 0.173581
1150.000000 545.000000 0.516183 0.187865
1204.000000 545.000000 0.586082 0.192871
1276.000000 545.000000 0.687406 0.200583
497.000000 547.000000 -0.131082 0.172294
1069.000000 547.000000 0.420151 0.183753
1126.000000 547.000000 0.486847 0.187944
11.000000 548.000000 -0.676009 0.202859
50.000000 548.000000 -0.620649 0.198569
1111.000000 548.000000 0.468931 0.187790
1151.000000 548.000000 0.517692 0.191084
1276.000000 549.000000 0.687863 0.205041
1160.000000 550.000000 0.529196 0.193982
1116.000000 551.000000 0.475130 0.191267
1161.000000 555.000000 0.530925 0.199336
1029.000000 557.000000 0.376405 0.191221
1153.000000 557.000000 0.521010 0.200696
860.000000 558.000000 0.204506 0.184595
1140.000000 558.000000 0.504905 0.200560
1150.000000 559.000000 0.517433 0.202519
1195.000000 559.000000 0.575491 0.206971
1045.000000 560.000000 0.394155 0.195247
1160.000000 560.000000 0.530131 0.204516
18.000000 561.000000 -0.667388 0.216486
1151.000000 561.000000 0.518872 0.204715
935.000000 562.000000 0.278425 0.191222
1153.000000 562.000000 0.521479 0.205957
913.000000 563.000000 0.256467 0.191270
927.000000 563.000000 0.270430 0.191849
1120.000000 563.000000 0.480933 0.204009
1159.000000 563.000000 0.529152 0.207590
1161.000000 563.000000 0.531691 0.207785
42.000000 564.000000 -0.633591 0.216959
923.000000 564.000000 0.266470 0.192651
45.000000 565.000000 -0.629507 0.217707
1172.000000 566.000000 0.546085 0.212074
517.000000 567.000000 -0.112834 0.190832
1099.000000 567.000000 0.456258 0.206373
1137.000000 567.000000 0.502023 0.209708
912.000000 568.000000 0.255677 0.196079
914.000000 568.000000 0.257664 0.196161
1174.000000 568.000000 0.548877 0.214415
546.000000 569.000000 -0.086027 0.192294
908.000000 569.000000 0.251750 0.196886
919.000000 569.000000 0.262687 0.197343
1027.000000 569.000000 0.374986 0.203108
1085.000000 569.000000 0.440078 0.207296
1102.000000 572.000000 0.460216 0.211791
1167.000000 572.000000 0.540267 0.217955
475.000000 573.000000 -0.152218 0.197389
921.000000 573.000000 0.264857 0.201326
1139.000000 574.000000 0.505161 0.217256
1154.000000 575.000000 0.524021 0.219807
697.000000 576.000000 0.052364 0.198544
1260.000000 576.000000 0.667828 0.233285
1059.000000 577.000000 0.410998 0.213456
1107.000000 577.000000 0.466586 0.217416
1269.000000 577.000000 0.681050 0.235578
1043.000000 578.000000 0.393185 0.213288
1136.000000 579.000000 0.501940 0.222235
450.000000 580.000000 -0.176074 0.204750
902.000000 580.000000 0.246263 0.207337
922.000000 580.000000 0.266172 0.208212
1206.000000 580.000000 0.592617 0.230965
1276.000000 580.000000 0.691713 0.239892
854.000000 581.000000 0.199460 0.206507
1130.000000 581.000000 0.494752 0.223755
1138.000000 581.000000 0.504613 0.224547
1212.000000 581.000000 0.600900 0.232786
1043.000000 582.000000 0.393477 0.217350
1047.000000 582.000000 0.397926 0.217647
172.000000 583.000000 -0.467523 0.223592
1139.000000 583.000000 0.506055 0.226765
1205.000000 583.000000 0.591624 0.234127
1274.000000 583.000000 0.689173 0.243026
1076.000000 584.000000 0.430914 0.221989
1221.000000 584.000000 0.613642 0.237204
1224.000000 584.000000 0.617798 0.237583
1213.000000 585.000000 0.602761 0.237305
919.000000 586.000000 0.263444 0.213955
1044.000000 586.000000 0.394887 0.221497
198.000000 587.000000 -0.437369 0.225442
1087.000000 587.000000 0.443909 0.226033
1031.000000 588.000000 0.380670 0.222568
1066.000000 588.000000 0.419799 0.225280
1204.000000 588.000000 0.590882 0.239485
1130.000000 589.000000 0.495551 0.232203
918.000000 590.000000 0.262630 0.217838
996.000000 590.000000 0.343001 0.222184
1264.000000 590.000000 0.675500 0.249601
1272.000000 590.000000 0.687191 0.250703
1143.000000 591.000000 0.511871 0.235685
1046.000000 592.000000 0.397576 0.227780
1145.000000 592.000000 0.514482 0.236967
1152.000000 592.000000 0.523297 0.237730
760.000000 593.000000 0.110835 0.215591
1078.000000 593.000000 0.433991 0.231467
1092.000000 594.000000 0.450392 0.233769
1142.000000 594.000000 0.510944 0.238779
1053.000000 596.000000 0.405740 0.232446
1133.000000 596.000000 0.499976 0.239947
828.000000 598.000000 0.175070 0.222120
1079.000000 598.000000 0.435593 0.236752
1092.000000 599.000000 0.450859 0.238998
907.000000 600.000000 0.252117 0.227166
1166.000000 600.000000 0.542105 0.247959
1152.000000 601.000000 0.524310 0.247404
1262.000000 601.000000 0.674136 0.261815
979.000000 602.000000 0.325809 0.233156
839.000000 603.000000 0.185772 0.227343
877.000000 603.000000 0.222622 0.228784
1236.000000 603.000000 0.637143 0.260389
1000.000000 604.000000 0.348213 0.236589
1155.000000 604.000000 0.528471 0.250991
11.000000 606.000000 -0.683521 0.268182
408.000000 606.000000 -0.217455 0.231456
1045.000000 606.000000 0.397591 0.242089
402.000000 607.000000 -0.223366 0.232689
1071.000000 607.000000 0.427176 0.245403
1145.000000 607.000000 0.516160 0.253065
1236.000000 607.000000 0.637708 0.264898
9.000000 608.000000 -0.686732 0.270765
408.000000 608.000000 -0.217538 0.233421
504.000000 608.000000 -0.125782 0.230353
823.000000 608.000000 0.170611 0.231687
1056.000000 608.000000 0.410143 0.245099
1224.000000 608.000000 0.621004 0.264327
985.000000 609.000000 0.332598 0.240621
988.000000 609.000000 0.335775 0.240826
1172.000000 609.000000 0.550991 0.258498
776.000000 613.000000 0.126238 0.235240
1147.000000 613.000000 0.519388 0.259787
1064.000000 614.000000 0.419789 0.252068
904.000000 615.000000 0.249856 0.241874
1130.000000 615.000000 0.498366 0.259956
1050.000000 617.000000 0.404158 0.253925
1059.000000 617.000000 0.414358 0.254742
1265.000000 617.000000 0.680869 0.280583
826.000000 618.000000 0.173811 0.241565
397.000000 619.000000 -0.228807 0.244760
957.000000 619.000000 0.303944 0.248891
987.000000 619.000000 0.335416 0.250923
1150.000000 619.000000 0.523920 0.266673
856.000000 620.000000 0.202835 0.244653
1207.000000 620.000000 0.599229 0.275387
960.000000 621.000000 0.307187 0.251108
1068.000000 621.000000 0.425042 0.259786
705.000000 622.000000 0.060199 0.242712
1137.000000 622.000000 0.507898 0.268346
1150.000000 622.000000 0.524293 0.269946
1263.000000 622.000000 0.678720 0.286041
840.000000 624.000000 0.187493 0.247972
866.000000 624.000000 0.212753 0.249031
1046.000000 625.000000 0.400374 0.261912
1049.000000 625.000000 0.403757 0.262187
1073.000000 626.000000 0.431312 0.265552
1117.000000 626.000000 0.483654 0.270308
1028.000000 627.000000 0.380470 0.262397
843.000000 628.000000 0.190547 0.252041
1260.000000 628.000000 0.675290 0.292506
441.000000 629.000000 -0.186336 0.252814
1097.000000 630.000000 0.459963 0.272344
1104.000000 630.000000 0.468352 0.273127
1275.000000 631.000000 0.697710 0.298367
1225.000000 632.000000 0.625935 0.291638
625.000000 633.000000 -0.013707 0.253040
838.000000 633.000000 0.185907 0.256800
1047.000000 634.000000 0.402342 0.271445
1260.000000 634.000000 0.676244 0.299460
360.000000 637.000000 -0.266682 0.264717
1010.000000 637.000000 0.361566 0.271256
1024.000000 637.000000 0.376927 0.272472
1259.000000 637.000000 0.675274 0.302785
1257.000000 638.000000 0.672533 0.303624
1266.000000 638.000000 0.685636 0.305086
1139.000000 639.000000 0.512543 0.287169
369.000000 641.000000 -0.257827 0.268241
489.000000 641.000000 -0.140810 0.263051
1176.000000 641.000000 0.560569 0.294480
612.000000 642.000000 -0.025774 0.261895
1088.000000 642.000000 0.450603 0.284226
1092.000000 642.000000 0.455355 0.284681
639.000000 643.000000 -0.000767 0.262805
887.000000 643.000000 0.234365 0.269033
1097.000000 643.000000 0.461442 0.286340
1160.000000 643.000000 0.539917 0.294437
1064.000000 644.000000 0.422756 0.283748
1123.000000 644.000000 0.493213 0.290598
1183.000000 644.000000 0.570305 0.298881
913.000000 645.000000 0.260534 0.272511
1000.000000 645.000000 0.351382 0.278741
1143.000000 645.000000 0.518397 0.294319
1180.000000 646.000000 0.566606 0.300690
987.000000 647.000000 0.337556 0.279747
1036.000000 647.000000 0.391212 0.284103
1090.000000 647.000000 0.453551 0.289851
1097.000000 647.000000 0.461914 0.290673
131.000000 648.000000 -0.525450 0.298190
960.000000 648.000000 0.309056 0.278698
999.000000 648.000000 0.350554 0.281787
1115.000000 648.000000 0.483867 0.293966
1038.000000 649.000000 0.393653 0.286417
1044.000000 649.000000 0.400420 0.287014
498.000000 650.000000 -0.132534 0.271715
940.000000 650.000000 0.288417 0.279341
946.000000 650.000000 0.294620 0.279755
1090.000000 650.000000 0.453902 0.293100
938.000000 651.000000 0.286424 0.280231
962.000000 651.000000 0.311375 0.281945
998.000000 651.000000 0.349729 0.284837
1246.000000 651.000000 0.658803 0.316955
979.000000 652.000000 0.329420 0.284301
405.000000 654.000000 -0.222614 0.279441
1043.000000 654.000000 0.399795 0.292235
1088.000000 654.000000 0.451994 0.297205
1097.000000 654.000000 0.462757 0.298289
888.000000 655.000000 0.236008 0.281238
983.000000 655.000000 0.333932 0.287754
1094.000000 655.000000 0.459278 0.299014
1131.000000 655.000000 0.504619 0.303773
1254.000000 655.000000 0.671014 0.322989
1088.000000 657.000000 0.452353 0.300468
1218.000000 657.000000 0.620147 0.319254
1254.000000 657.000000 0.671355 0.325339
499.000000 660.000000 -0.131880 0.281664
789.000000 660.000000 0.139856 0.281963
992.000000 661.000000 0.344112 0.294809
996.000000 661.000000 0.348438 0.295162
202.000000 662.000000 -0.440325 0.304495
402.000000 662.000000 -0.226008 0.287728
1086.000000 662.000000 0.450578 0.305680
369.000000 663.000000 -0.259154 0.290681
503.000000 663.000000 -0.128168 0.284551
937.000000 663.000000 0.286227 0.292538
261.000000 664.000000 -0.373284 0.300313
430.000000 664.000000 -0.198517 0.288348
366.000000 665.000000 -0.262325 0.292931
974.000000 665.000000 0.325161 0.297474
989.000000 665.000000 0.341227 0.298758
1138.000000 665.000000 0.514843 0.315903
1077.000000 666.000000 0.440401 0.308958
876.000000 668.000000 0.224778 0.293839
1257.000000 668.000000 0.677613 0.338849
428.000000 669.000000 -0.200716 0.293529
922.000000 669.000000 0.271222 0.297707
1074.000000 671.000000 0.437471 0.314061
1083.000000 671.000000 0.448120 0.315170
1018.000000 672.000000 0.373605 0.308931
1128.000000 672.000000 0.503230 0.322321
448.000000 674.000000 -0.181414 0.297693
981.000000 674.000000 0.333416 0.307560
987.000000 674.000000 0.339874 0.308098
1275.000000 674.000000 0.704957 0.349180
664.000000 675.000000 0.022557 0.294618
960.000000 675.000000 0.311153 0.306825
1018.000000 675.000000 0.373909 0.312148
948.000000 676.000000 0.298629 0.306914
665.000000 677.000000 0.023503 0.296632
981.000000 677.000000 0.333683 0.310741
1081.000000 677.000000 0.446498 0.321525
1173.000000 677.000000 0.562139 0.334918
1163.000000 678.000000 0.549089 0.334449
1144.000000 679.000000 0.524579 0.332609
1153.000000 680.000000 0.536350 0.335150
391.000000 681.000000 -0.238086 0.307892
902.000000 681.000000 0.251657 0.308825
910.000000 681.000000 0.259787 0.309360
1036.000000 681.000000 0.394749 0.320546
1141.000000 681.000000 0.521043 0.334424
1170.000000 681.000000 0.558813 0.339036
121.000000 682.000000 -0.543402 0.338057
781.000000 682.000000 0.132939 0.303919
1025.000000 682.000000 0.382456 0.320429
1082.000000 682.000000 0.448331 0.327184
1211.000000 682.000000 0.614686 0.347222
389.000000 683.000000 -0.240220 0.310091
622.000000 683.000000 -0.016659 0.302633
930.000000 683.000000 0.280454 0.312882
932.000000 683.000000 0.282523 0.313032
1124.000000 683.000000 0.499814 0.334133
121.000000 684.000000 -0.543722 0.340354
951.000000 684.000000 0.302415 0.315582
1072.000000 684.000000 0.436728 0.328115
898.000000 685.000000 0.247868 0.312728
921.000000 685.000000 0.271325 0.314317
1054.000000 685.000000 0.415824 0.326996
1056.000000 685.000000 0.418140 0.327236
1074.000000 686.000000 0.439346 0.330584
478.000000 687.000000 -0.152908 0.309722
872.000000 687.000000 0.221876 0.313197
951.000000 687.000000 0.302663 0.318757
1029.000000 688.000000 0.387612 0.327385
1208.000000 688.000000 0.611589 0.353755
1003.000000 689.000000 0.358752 0.325696
999.000000 690.000000 0.354459 0.326370
1122.000000 690.000000 0.498351 0.341770
473.000000 691.000000 -0.157896 0.314027
497.000000 691.000000 -0.134791 0.313122
807.000000 691.000000 0.158281 0.314094
960.000000 691.000000 0.312507 0.323776
1045.000000 691.000000 0.406168 0.332514
1050.000000 691.000000 0.411925 0.333114
1053.000000 691.000000 0.415394 0.333479
1079.000000 691.000000 0.445938 0.336799
470.000000 693.000000 -0.160882 0.316209
1205.000000 693.000000 0.608333 0.359122
1242.000000 693.000000 0.660508 0.365945
1070.000000 694.000000 0.435655 0.338957
1084.000000 694.000000 0.452323 0.340828
1217.000000 694.000000 0.625233 0.362502
471.000000 695.000000 -0.159997 0.318230
704.000000 695.000000 0.060262 0.315269
946.000000 695.000000 0.298076 0.326841
1057.000000 695.000000 0.420536 0.338401
1128.000000 695.000000 0.506671 0.348392
1147.000000 695.000000 0.530981 0.351423
1221.000000 695.000000 0.631037 0.364432
899.000000 696.000000 0.249622 0.324318
1030.000000 696.000000 0.389650 0.336250
1116.000000 696.000000 0.491755 0.347693
851.000000 697.000000 0.201591 0.322408
865.000000 697.000000 0.215485 0.323201
1189.000000 697.000000 0.587092 0.360962
469.000000 698.000000 -0.162064 0.321415
409.000000 699.000000 -0.221153 0.325551
866.000000 699.000000 0.216600 0.325352
1030.000000 699.000000 0.389998 0.339548
479.000000 700.000000 -0.152460 0.323065
857.000000 700.000000 0.207703 0.325874
1059.000000 701.000000 0.423636 0.345332
1121.000000 701.000000 0.498781 0.354177
1162.000000 701.000000 0.551597 0.360911
1134.000000 702.000000 0.515408 0.357394
1202.000000 702.000000 0.605832 0.369252
980.000000 703.000000 0.335054 0.338539
1077.000000 703.000000 0.445179 0.349982
1089.000000 703.000000 0.459610 0.351670
958.000000 704.000000 0.311543 0.337533
960.000000 704.000000 0.313671 0.337716
1120.000000 704.000000 0.497994 0.357466
1162.000000 704.000000 0.552117 0.364422
1204.000000 704.000000 0.608971 0.372006
978.000000 705.000000 0.333086 0.340512
839.000000 706.000000 0.190229 0.331162
893.000000 706.000000 0.244218 0.334463
1073.000000 706.000000 0.440824 0.352812
1261.000000 706.000000 0.690383 0.385231
1068.000000 707.000000 0.435026 0.353254
1208.000000 707.000000 0.615087 0.376342
880.000000 708.000000 0.231201 0.335700
936.000000 708.000000 0.288687 0.339905
1218.000000 708.000000 0.629262 0.379439
1260.000000 708.000000 0.689312 0.387476
750.000000 709.000000 0.104168 0.330670
978.000000 709.000000 0.333485 0.344863
988.000000 709.000000 0.344365 0.345885
1007.000000 709.000000 0.365313 0.347933
1067.000000 709.000000 0.434115 0.355372
1256.000000 709.000000 0.683707 0.387932
1108.000000 710.000000 0.483946 0.362491
1161.000000 710.000000 0.551846 0.371294
838.000000 711.000000 0.189509 0.336355
774.000000 712.000000 0.127259 0.334555
929.000000 712.000000 0.281710 0.343617
945.000000 712.000000 0.298493 0.344996
1161.000000 712.000000 0.552200 0.373651
1258.000000 712.000000 0.687176 0.391972
719.000000 713.000000 0.074770 0.334049
952.000000 713.000000 0.305992 0.346712
702.000000 714.000000 0.058678 0.334770
887.000000 714.000000 0.238686 0.342546
1083.000000 714.000000 0.453948 0.363307
757.000000 715.000000 0.111041 0.337113
924.000000 715.000000 0.276752 0.346431
947.000000 715.000000 0.300876 0.348424
971.000000 715.000000 0.326517 0.350710
1080.000000 715.000000 0.450477 0.364010
899.000000 716.000000 0.251052 0.345546
1276.000000 716.000000 0.714096 0.400280
