100.000000 3.000000 -0.577275 -0.381269
107.000000 3.000000 -0.567869 -0.379980
110.000000 3.000000 -0.563860 -0.379433
543.000000 3.000000 -0.091608 -0.337245
955.000000 3.000000 0.309510 -0.349984
1083.000000 3.000000 0.454337 -0.365371
42.000000 4.000000 -0.657656 -0.391145
46.000000 4.000000 -0.651964 -0.390369
53.000000 4.000000 -0.642045 -0.389012
554.000000 4.000000 -0.081114 -0.335942
67.000000 5.000000 -0.622193 -0.385103
205.000000 5.000000 -0.443600 -0.361649
889.000000 5.000000 0.240750 -0.342405
123.000000 6.000000 -0.546116 -0.373558
589.000000 6.000000 -0.047918 -0.333250
1235.000000 6.000000 0.654503 -0.388638
126.000000 7.000000 -0.542009 -0.371856
749.000000 7.000000 0.103312 -0.333455
5.000000 8.000000 -0.710228 -0.393335
161.000000 8.000000 -0.496995 -0.364845
203.000000 8.000000 -0.445565 -0.358525
1052.000000 8.000000 0.416847 -0.355376
200.000000 9.000000 -0.449014 -0.357816
205.000000 9.000000 -0.443036 -0.357111
583.000000 9.000000 -0.053545 -0.330231
587.000000 9.000000 -0.049767 -0.330175
606.000000 9.000000 -0.031845 -0.329967
947.000000 9.000000 0.300472 -0.342742
1206.000000 9.000000 0.613049 -0.379416
77.000000 10.000000 -0.607363 -0.377198
197.000000 10.000000 -0.452473 -0.357108
520.000000 10.000000 -0.113371 -0.330620
547.000000 10.000000 -0.087629 -0.329883
610.000000 10.000000 -0.028068 -0.328904
110.000000 11.000000 -0.562420 -0.369965
114.000000 11.000000 -0.557107 -0.369256
544.000000 11.000000 -0.090457 -0.328921
77.000000 12.000000 -0.606988 -0.374807
81.000000 12.000000 -0.601478 -0.374062
702.000000 12.000000 0.058572 -0.327236
1208.000000 12.000000 0.615262 -0.376197
1252.000000 12.000000 0.677758 -0.384631
105.000000 13.000000 -0.568737 -0.368497
225.000000 13.000000 -0.418933 -0.349914
1043.000000 13.000000 0.405774 -0.348625
1064.000000 14.000000 0.430114 -0.350229
99.000000 15.000000 -0.576435 -0.367210
201.000000 15.000000 -0.446974 -0.350886
873.000000 15.000000 0.223935 -0.330739
1216.000000 15.000000 0.625875 -0.374115
1265.000000 15.000000 0.696042 -0.383455
1134.000000 16.000000 0.515687 -0.358346
50.000000 17.000000 -0.643801 -0.373893
249.000000 17.000000 -0.390859 -0.342504
795.000000 17.000000 0.147143 -0.324661
873.000000 17.000000 0.223810 -0.328635
1029.000000 17.000000 0.389282 -0.342485
1194.000000 17.000000 0.594984 -0.367618
43.000000 18.000000 -0.653551 -0.374011
218.000000 18.000000 -0.426459 -0.345233
225.000000 18.000000 -0.418291 -0.344333
1053.000000 18.000000 0.416716 -0.344318
1209.000000 18.000000 0.615526 -0.369208
86.000000 19.000000 -0.593343 -0.364826
122.000000 19.000000 -0.545182 -0.358502
1018.000000 19.000000 0.376649 -0.339017
1177.000000 19.000000 0.571544 -0.362181
1245.000000 19.000000 0.666330 -0.374810
40.000000 20.000000 -0.657451 -0.372169
224.000000 20.000000 -0.419200 -0.342234
83.000000 21.000000 -0.597082 -0.363002
206.000000 21.000000 -0.440205 -0.343461
991.000000 22.000000 0.346467 -0.332865
19.000000 23.000000 -0.687096 -0.372482
80.000000 23.000000 -0.600834 -0.361179
153.000000 23.000000 -0.504695 -0.348851
166.000000 23.000000 -0.488436 -0.346870
194.000000 23.000000 -0.454253 -0.342846
37.000000 24.000000 -0.660989 -0.367922
87.000000 24.000000 -0.591079 -0.358741
228.000000 24.000000 -0.414062 -0.337297
1039.000000 24.000000 0.399839 -0.335949
41.000000 26.000000 -0.654903 -0.364778
112.000000 26.000000 -0.557160 -0.352047
545.000000 26.000000 -0.089154 -0.313485
1054.000000 26.000000 0.416872 -0.335562
1169.000000 26.000000 0.559630 -0.352588
216.000000 27.000000 -0.427645 -0.335472
21.000000 28.000000 -0.683274 -0.366081
56.000000 28.000000 -0.633287 -0.359622
171.000000 28.000000 -0.481518 -0.340464
239.000000 28.000000 -0.400945 -0.331568
550.000000 28.000000 -0.084380 -0.311334
1080.000000 28.000000 0.447214 -0.336692
1103.000000 28.000000 0.475040 -0.339883
115.000000 29.000000 -0.552695 -0.348060
199.000000 29.000000 -0.447460 -0.335453
364.000000 29.000000 -0.266104 -0.318795
54.000000 30.000000 -0.635736 -0.357609
123.000000 30.000000 -0.542045 -0.345583
682.000000 30.000000 0.039512 -0.308572
1140.000000 30.000000 0.521118 -0.343190
1210.000000 30.000000 0.614709 -0.355133
157.000000 31.000000 -0.498455 -0.339125
242.000000 31.000000 -0.397181 -0.327934
589.000000 31.000000 -0.047608 -0.307638
680.000000 31.000000 0.037626 -0.307538
1270.000000 31.000000 0.700360 -0.364991
38.000000 32.000000 -0.658079 -0.358155
239.000000 32.000000 -0.400481 -0.327185
82.000000 33.000000 -0.596312 -0.349047
988.000000 33.000000 0.342121 -0.320713
1179.000000 33.000000 0.571790 -0.346145
1261.000000 33.000000 0.686861 -0.360929
993.000000 34.000000 0.347459 -0.320122
1036.000000 34.000000 0.395261 -0.324639
1195.000000 34.000000 0.593299 -0.347748
43.000000 35.000000 -0.650401 -0.353668
49.000000 35.000000 -0.641887 -0.352580
691.000000 35.000000 0.047898 -0.303606
1192.000000 35.000000 0.589029 -0.346054
171.000000 36.000000 -0.480375 -0.331452
1032.000000 36.000000 0.390506 -0.322013
49.000000 37.000000 -0.641526 -0.350208
1233.000000 37.000000 0.645807 -0.351015
1253.000000 37.000000 0.674517 -0.354665
171.000000 38.000000 -0.480094 -0.329209
237.000000 38.000000 -0.402075 -0.320864
297.000000 38.000000 -0.335667 -0.314737
600.000000 38.000000 -0.037226 -0.300444
886.000000 38.000000 0.235549 -0.307513
1058.000000 38.000000 0.420049 -0.322831
1272.000000 38.000000 0.702014 -0.356922
203.000000 39.000000 -0.441416 -0.323840
208.000000 39.000000 -0.435522 -0.323213
213.000000 39.000000 -0.429660 -0.322597
63.000000 40.000000 -0.621323 -0.344171
93.000000 40.000000 -0.580171 -0.338993
98.000000 40.000000 -0.573449 -0.338155
249.000000 40.000000 -0.388264 -0.317365
118.000000 41.000000 -0.546801 -0.333743
280.000000 41.000000 -0.353812 -0.313129
291.000000 41.000000 -0.341863 -0.312092
734.000000 41.000000 0.088224 -0.298267
1227.000000 41.000000 0.636574 -0.345194
1247.000000 41.000000 0.665126 -0.348799
220.000000 42.000000 -0.421150 -0.318467
603.000000 42.000000 -0.034386 -0.296390
990.000000 42.000000 0.343440 -0.311283
1135.000000 42.000000 0.512898 -0.328755
166.000000 43.000000 -0.485546 -0.324309
190.000000 43.000000 -0.456378 -0.321083
218.000000 43.000000 -0.423352 -0.317610
573.000000 43.000000 -0.062457 -0.295730
1256.000000 44.000000 0.677594 -0.346850
112.000000 45.000000 -0.554037 -0.330116
217.000000 45.000000 -0.424277 -0.315544
52.000000 46.000000 -0.635689 -0.339051
159.000000 46.000000 -0.493788 -0.321932
1057.000000 46.000000 0.417945 -0.313968
110.000000 47.000000 -0.556354 -0.328144
198.000000 47.000000 -0.446333 -0.315656
685.000000 47.000000 0.042149 -0.291458
883.000000 47.000000 0.232007 -0.298039
483.000000 48.000000 -0.147524 -0.292943
571.000000 48.000000 -0.064257 -0.290738
192.000000 49.000000 -0.453219 -0.314208
327.000000 49.000000 -0.302908 -0.300594
1058.000000 49.000000 0.418755 -0.310819
1252.000000 49.000000 0.670906 -0.340190
116.000000 50.000000 -0.548003 -0.323778
156.000000 50.000000 -0.496958 -0.317879
196.000000 50.000000 -0.448334 -0.312610
322.000000 50.000000 -0.308071 -0.299940
1051.000000 50.000000 0.410578 -0.308939
1196.000000 50.000000 0.591924 -0.329288
1203.000000 50.000000 0.601515 -0.330466
1268.000000 50.000000 0.694010 -0.341839
192.000000 51.000000 -0.452969 -0.312010
202.000000 52.000000 -0.440992 -0.309687
477.000000 52.000000 -0.153135 -0.289116
933.000000 52.000000 0.282417 -0.296105
1056.000000 52.000000 0.416103 -0.307336
153.000000 53.000000 -0.500280 -0.314948
200.000000 53.000000 -0.443230 -0.308836
213.000000 53.000000 -0.427992 -0.307298
315.000000 53.000000 -0.315201 -0.297357
187.000000 54.000000 -0.458569 -0.309341
1125.000000 54.000000 0.498579 -0.313830
1197.000000 54.000000 0.592624 -0.324831
170.000000 55.000000 -0.479011 -0.310424
1226.000000 55.000000 0.632704 -0.328567
194.000000 56.000000 -0.449972 -0.306286
230.000000 56.000000 -0.408065 -0.302150
239.000000 56.000000 -0.397841 -0.301191
518.000000 56.000000 -0.113961 -0.283817
585.000000 56.000000 -0.051059 -0.282557
991.000000 56.000000 0.343253 -0.296541
1055.000000 56.000000 0.414504 -0.302898
1122.000000 56.000000 0.494566 -0.311189
77.000000 57.000000 -0.599080 -0.321990
155.000000 57.000000 -0.497236 -0.310217
1209.000000 57.000000 0.608616 -0.323357
1236.000000 57.000000 0.646533 -0.327950
206.000000 58.000000 -0.435583 -0.302680
1242.000000 58.000000 0.654931 -0.327813
194.000000 59.000000 -0.449609 -0.303011
226.000000 59.000000 -0.412313 -0.299355
235.000000 59.000000 -0.402056 -0.298395
394.000000 59.000000 -0.233881 -0.285822
203.000000 60.000000 -0.438868 -0.300858
237.000000 60.000000 -0.399685 -0.297115
1006.000000 61.000000 0.359095 -0.292616
1080.000000 61.000000 0.443058 -0.300343
213.000000 62.000000 -0.426968 -0.297554
557.000000 62.000000 -0.077142 -0.276989
25.000000 63.000000 -0.671268 -0.323744
208.000000 63.000000 -0.432672 -0.297036
236.000000 63.000000 -0.400507 -0.294011
1119.000000 63.000000 0.489906 -0.303029
1231.000000 63.000000 0.638406 -0.320086
210.000000 64.000000 -0.430230 -0.295732
601.000000 64.000000 -0.036075 -0.274457
603.000000 64.000000 -0.034214 -0.274442
980.000000 64.000000 0.330769 -0.287216
185.000000 65.000000 -0.459609 -0.297558
331.000000 65.000000 -0.297544 -0.283670
1053.000000 65.000000 0.411233 -0.293003
1069.000000 65.000000 0.429701 -0.294748
1170.000000 65.000000 0.554680 -0.308003
1271.000000 65.000000 0.695800 -0.324555
601.000000 66.000000 -0.036059 -0.272478
1096.000000 66.000000 0.461508 -0.296819
199.000000 67.000000 -0.442760 -0.293739
266.000000 67.000000 -0.366696 -0.286861
270.000000 67.000000 -0.362316 -0.286499
978.000000 67.000000 0.328395 -0.283928
988.000000 67.000000 0.339080 -0.284746
1117.000000 67.000000 0.486916 -0.298359
268.000000 68.000000 -0.364414 -0.285628
603.000000 68.000000 -0.034185 -0.270487
1088.000000 68.000000 0.451710 -0.293687
1113.000000 68.000000 0.481875 -0.296748
1156.000000 68.000000 0.535975 -0.302572
55.000000 69.000000 -0.627578 -0.311742
199.000000 69.000000 -0.442532 -0.291578
701.000000 69.000000 0.056826 -0.269752
1233.000000 69.000000 0.640236 -0.313444
916.000000 70.000000 0.263841 -0.276458
1098.000000 70.000000 0.463426 -0.292706
59.000000 71.000000 -0.621665 -0.308787
208.000000 71.000000 -0.431781 -0.288421
430.000000 71.000000 -0.197806 -0.271885
604.000000 71.000000 -0.033235 -0.267520
199.000000 72.000000 -0.442193 -0.288344
222.000000 72.000000 -0.415513 -0.285855
249.000000 72.000000 -0.385022 -0.283171
915.000000 72.000000 0.262705 -0.274359
1086.000000 72.000000 0.448871 -0.289124
1088.000000 72.000000 0.451243 -0.289355
1096.000000 72.000000 0.460786 -0.290294
1118.000000 72.000000 0.487506 -0.292998
1217.000000 72.000000 0.617258 -0.307361
613.000000 73.000000 -0.024870 -0.265496
625.000000 73.000000 -0.013743 -0.265448
1199.000000 73.000000 0.592303 -0.303366
1231.000000 73.000000 0.636744 -0.308480
628.000000 74.000000 -0.010960 -0.264457
1218.000000 74.000000 0.618329 -0.305223
1244.000000 74.000000 0.655092 -0.309458
27.000000 75.000000 -0.666376 -0.309375
179.000000 75.000000 -0.465608 -0.287408
491.000000 75.000000 -0.139013 -0.265643
604.000000 75.000000 -0.033207 -0.263583
608.000000 75.000000 -0.029497 -0.263557
51.000000 76.000000 -0.632058 -0.304317
172.000000 76.000000 -0.473933 -0.287158
434.000000 76.000000 -0.193697 -0.266702
49.000000 77.000000 -0.634711 -0.303486
221.000000 77.000000 -0.416142 -0.280634
610.000000 77.000000 -0.027630 -0.261581
1201.000000 77.000000 0.594411 -0.299124
34.000000 78.000000 -0.655839 -0.304748
141.000000 78.000000 -0.511936 -0.288864
604.000000 78.000000 -0.033186 -0.260637
31.000000 79.000000 -0.659974 -0.304075
139.000000 79.000000 -0.514322 -0.288025
436.000000 79.000000 -0.191629 -0.263622
549.000000 79.000000 -0.084328 -0.260324
1052.000000 79.000000 0.408650 -0.277987
50.000000 80.000000 -0.632826 -0.299876
211.000000 80.000000 -0.427338 -0.278475
594.000000 80.000000 -0.042444 -0.258754
1088.000000 80.000000 0.450331 -0.280731
137.000000 81.000000 -0.516584 -0.286085
1200.000000 82.000000 0.592286 -0.293299
123.000000 83.000000 -0.534148 -0.285736
145.000000 83.000000 -0.506278 -0.282860
598.000000 83.000000 -0.038711 -0.255783
1071.000000 83.000000 0.430076 -0.275681
41.000000 84.000000 -0.644906 -0.296701
189.000000 84.000000 -0.452651 -0.276563
363.000000 84.000000 -0.263559 -0.262211
600.000000 84.000000 -0.036850 -0.254790
1223.000000 84.000000 0.623731 -0.294553
140.000000 85.000000 -0.512288 -0.281306
366.000000 85.000000 -0.260476 -0.261030
571.000000 85.000000 -0.063742 -0.254106
1247.000000 85.000000 0.657609 -0.297198
133.000000 86.000000 -0.520993 -0.281108
177.000000 86.000000 -0.466734 -0.275759
237.000000 86.000000 -0.397124 -0.269564
687.000000 86.000000 0.043638 -0.252906
692.000000 86.000000 0.048273 -0.252953
51.000000 87.000000 -0.630327 -0.291700
77.000000 87.000000 -0.594402 -0.287771
135.000000 87.000000 -0.518333 -0.279753
227.000000 87.000000 -0.408314 -0.269458
529.000000 87.000000 -0.102881 -0.252855
602.000000 87.000000 -0.034977 -0.251847
605.000000 87.000000 -0.032201 -0.251827
607.000000 87.000000 -0.030350 -0.251814
1051.000000 87.000000 0.406730 -0.269439
1125.000000 87.000000 0.494270 -0.277495
147.000000 88.000000 -0.503159 -0.277150
176.000000 88.000000 -0.467708 -0.273721
419.000000 88.000000 -0.207790 -0.255377
686.000000 88.000000 0.042694 -0.250946
1119.000000 88.000000 0.486762 -0.275685
1183.000000 88.000000 0.568523 -0.284060
62.000000 89.000000 -0.614690 -0.287745
189.000000 89.000000 -0.452105 -0.271213
895.000000 89.000000 0.241671 -0.256070
1220.000000 89.000000 0.618771 -0.288388
466.000000 90.000000 -0.162348 -0.251601
1052.000000 90.000000 0.407577 -0.266378
200.000000 91.000000 -0.438973 -0.267920
524.000000 91.000000 -0.107481 -0.249044
1135.000000 91.000000 0.506209 -0.274369
155.000000 92.000000 -0.492774 -0.271838
236.000000 92.000000 -0.397693 -0.263370
443.000000 92.000000 -0.184347 -0.250440
470.000000 92.000000 -0.158466 -0.249502
1199.000000 92.000000 0.589448 -0.281873
138.000000 93.000000 -0.513795 -0.272814
153.000000 93.000000 -0.495120 -0.270993
464.000000 93.000000 -0.164159 -0.248712
529.000000 93.000000 -0.102758 -0.246986
635.000000 93.000000 -0.004458 -0.245880
701.000000 93.000000 0.056542 -0.246224
1119.000000 93.000000 0.486171 -0.270277
1121.000000 93.000000 0.488624 -0.270511
1232.000000 93.000000 0.634991 -0.285663
43.000000 94.000000 -0.640523 -0.284931
178.000000 94.000000 -0.464643 -0.267064
52.000000 95.000000 -0.627710 -0.282434
135.000000 95.000000 -0.517324 -0.271005
684.000000 95.000000 0.040785 -0.244116
1235.000000 95.000000 0.638928 -0.283838
56.000000 96.000000 -0.621976 -0.280704
59.000000 96.000000 -0.617805 -0.280260
214.000000 96.000000 -0.422275 -0.261238
236.000000 96.000000 -0.397332 -0.259193
361.000000 96.000000 -0.264900 -0.250248
447.000000 96.000000 -0.180348 -0.246346
553.000000 96.000000 -0.080319 -0.243633
82.000000 97.000000 -0.586188 -0.275821
135.000000 97.000000 -0.517077 -0.268826
187.000000 97.000000 -0.453618 -0.262900
1001.000000 97.000000 0.350647 -0.254731
1051.000000 97.000000 0.405789 -0.258945
1199.000000 97.000000 0.588731 -0.276265
129.000000 98.000000 -0.524542 -0.268479
1116.000000 98.000000 0.481932 -0.264546
1119.000000 98.000000 0.485593 -0.264888
26.000000 99.000000 -0.664016 -0.281797
53.000000 99.000000 -0.625717 -0.277749
121.000000 99.000000 -0.534623 -0.268391
125.000000 99.000000 -0.529507 -0.267887
165.000000 99.000000 -0.479750 -0.263147
612.000000 99.000000 -0.025666 -0.240125
985.000000 99.000000 0.333399 -0.251496
1199.000000 99.000000 0.588448 -0.274027
1242.000000 99.000000 0.648269 -0.280335
62.000000 100.000000 -0.613066 -0.275307
218.000000 100.000000 -0.417319 -0.256660
419.000000 100.000000 -0.207282 -0.243483
1139.000000 100.000000 0.510117 -0.265074
64.000000 101.000000 -0.610162 -0.273893
67.000000 101.000000 -0.606036 -0.273464
985.000000 101.000000 0.333257 -0.249457
1050.000000 101.000000 0.404296 -0.254677
1061.000000 101.000000 0.416782 -0.255687
134.000000 102.000000 -0.517727 -0.263512
219.000000 102.000000 -0.415993 -0.254474
365.000000 102.000000 -0.260551 -0.244030
879.000000 102.000000 0.225211 -0.242351
421.000000 103.000000 -0.205214 -0.240442
597.000000 103.000000 -0.039484 -0.236346
616.000000 103.000000 -0.021959 -0.236238
618.000000 103.000000 -0.020116 -0.236230
1123.000000 103.000000 0.489924 -0.259968
28.000000 104.000000 -0.660388 -0.275772
880.000000 104.000000 0.226104 -0.240416
1117.000000 104.000000 0.482477 -0.258223
1245.000000 104.000000 0.651803 -0.275080
364.000000 105.000000 -0.261398 -0.241091
427.000000 105.000000 -0.199313 -0.238237
610.000000 105.000000 -0.027481 -0.234334
212.000000 106.000000 -0.423622 -0.250939
423.000000 106.000000 -0.203152 -0.237409
985.000000 106.000000 0.332905 -0.244371
1206.000000 106.000000 0.596985 -0.267185
1226.000000 106.000000 0.624625 -0.270020
140.000000 107.000000 -0.509609 -0.257390
217.000000 107.000000 -0.417814 -0.249436
364.000000 107.000000 -0.261294 -0.239100
1257.000000 107.000000 0.668627 -0.273446
143.000000 108.000000 -0.505754 -0.255967
190.000000 108.000000 -0.448960 -0.250950
201.000000 108.000000 -0.436119 -0.249881
209.000000 108.000000 -0.426881 -0.249127
1117.000000 108.000000 0.482038 -0.253947
1213.000000 108.000000 0.606300 -0.265925
1255.000000 108.000000 0.665585 -0.272004
170.000000 109.000000 -0.472627 -0.251932
438.000000 109.000000 -0.188541 -0.233903
1205.000000 109.000000 0.595208 -0.263701
1224.000000 109.000000 0.621401 -0.266354
220.000000 110.000000 -0.414131 -0.246042
1006.000000 110.000000 0.355053 -0.241803
203.000000 111.000000 -0.433519 -0.246549
366.000000 111.000000 -0.259084 -0.235023
1127.000000 111.000000 0.493944 -0.251837
1217.000000 111.000000 0.611399 -0.263125
83.000000 112.000000 -0.582799 -0.259009
176.000000 112.000000 -0.465131 -0.248132
709.000000 112.000000 0.063731 -0.227925
714.000000 112.000000 0.068356 -0.227985
1080.000000 112.000000 0.437637 -0.245955
1115.000000 112.000000 0.479180 -0.249469
1125.000000 112.000000 0.491376 -0.250547
1183.000000 112.000000 0.565274 -0.257456
1192.000000 112.000000 0.577250 -0.258627
366.000000 113.000000 -0.258984 -0.233039
571.000000 113.000000 -0.063403 -0.226945
605.000000 113.000000 -0.032044 -0.226656
1205.000000 113.000000 0.594664 -0.259250
161.000000 114.000000 -0.482975 -0.247566
179.000000 114.000000 -0.461358 -0.245717
221.000000 114.000000 -0.412646 -0.241802
441.000000 114.000000 -0.185481 -0.228912
510.000000 114.000000 -0.120099 -0.226985
602.000000 114.000000 -0.034801 -0.225713
1109.000000 114.000000 0.471727 -0.246718
1229.000000 114.000000 0.627687 -0.261439
52.000000 115.000000 -0.624826 -0.259865
358.000000 115.000000 -0.266911 -0.231460
604.000000 115.000000 -0.032954 -0.224741
642.000000 115.000000 0.001992 -0.224640
645.000000 115.000000 0.004750 -0.224642
654.000000 115.000000 0.013024 -0.224657
701.000000 115.000000 0.056307 -0.224952
927.000000 115.000000 0.272404 -0.231805
1115.000000 115.000000 0.478864 -0.246281
1232.000000 115.000000 0.631760 -0.260736
145.000000 116.000000 -0.502375 -0.247157
455.000000 116.000000 -0.172011 -0.226504
535.000000 116.000000 -0.096731 -0.224570
586.000000 116.000000 -0.049527 -0.223911
619.000000 116.000000 -0.019150 -0.223714
684.000000 116.000000 0.040624 -0.223844
706.000000 116.000000 0.060913 -0.224044
1184.000000 116.000000 0.566086 -0.253191
1199.000000 116.000000 0.586133 -0.255127
129.000000 117.000000 -0.522270 -0.247879
220.000000 117.000000 -0.413520 -0.238781
355.000000 117.000000 -0.269828 -0.229631
538.000000 117.000000 -0.093925 -0.223557
657.000000 117.000000 0.015777 -0.222747
1114.000000 117.000000 0.477446 -0.244055
14.000000 118.000000 -0.678568 -0.261843
158.000000 118.000000 -0.486202 -0.243630
170.000000 118.000000 -0.471701 -0.242398
708.000000 118.000000 0.062738 -0.222146
1118.000000 118.000000 0.482189 -0.243410
1240.000000 118.000000 0.642646 -0.258482
543.000000 119.000000 -0.089249 -0.221552
1114.000000 119.000000 0.477240 -0.241936
1116.000000 119.000000 0.479659 -0.242142
125.000000 120.000000 -0.526990 -0.245104
582.000000 120.000000 -0.053179 -0.220110
614.000000 120.000000 -0.023732 -0.219899
170.000000 121.000000 -0.471400 -0.239232
221.000000 121.000000 -0.412048 -0.234561
455.000000 121.000000 -0.171856 -0.221648
820.000000 121.000000 0.167453 -0.221545
1118.000000 121.000000 0.481879 -0.240229
209.000000 122.000000 -0.425620 -0.234553
429.000000 122.000000 -0.196752 -0.221533
511.000000 122.000000 -0.118993 -0.219249
7.000000 123.000000 -0.688070 -0.257135
432.000000 123.000000 -0.193826 -0.220456
684.000000 123.000000 0.040573 -0.217138
1116.000000 123.000000 0.479251 -0.237909
116.000000 124.000000 -0.538011 -0.241823
176.000000 124.000000 -0.463944 -0.235489
211.000000 124.000000 -0.423160 -0.232310
469.000000 124.000000 -0.158462 -0.218336
514.000000 124.000000 -0.116150 -0.217265
1047.000000 124.000000 0.398971 -0.230634
1214.000000 124.000000 0.605507 -0.248240
10.000000 125.000000 -0.683404 -0.254435
471.000000 125.000000 -0.156540 -0.217316
518.000000 125.000000 -0.112398 -0.216226
598.000000 125.000000 -0.038412 -0.215203
604.000000 125.000000 -0.032897 -0.215167
619.000000 125.000000 -0.019121 -0.215102
623.000000 125.000000 -0.015449 -0.215091
701.000000 125.000000 0.056208 -0.215368
1188.000000 125.000000 0.570263 -0.243835
1231.000000 125.000000 0.628979 -0.249386
216.000000 126.000000 -0.417296 -0.229822
382.000000 126.000000 -0.242462 -0.219478
615.000000 126.000000 -0.022790 -0.214162
1203.000000 126.000000 0.590248 -0.244612
1272.000000 126.000000 0.687742 -0.253920
184.000000 127.000000 -0.454196 -0.231595
202.000000 127.000000 -0.433229 -0.229981
1215.000000 127.000000 0.606490 -0.245047
1265.000000 127.000000 0.677362 -0.251803
170.000000 128.000000 -0.470716 -0.231867
229.000000 128.000000 -0.402477 -0.226711
1112.000000 128.000000 0.473929 -0.232241
1201.000000 128.000000 0.587293 -0.242161
141.000000 129.000000 -0.505936 -0.233721
675.000000 129.000000 0.032264 -0.211354
190.000000 130.000000 -0.446889 -0.227925
1233.000000 130.000000 0.631120 -0.244071
11.000000 132.000000 -0.680981 -0.246351
126.000000 132.000000 -0.524391 -0.232117
433.000000 132.000000 -0.192561 -0.211692
978.000000 132.000000 0.323860 -0.217748
1025.000000 132.000000 0.374065 -0.220816
1034.000000 132.000000 0.383933 -0.221466
1207.000000 132.000000 0.594919 -0.238515
658.000000 133.000000 0.016650 -0.207477
692.000000 133.000000 0.047855 -0.207659
1048.000000 133.000000 0.399383 -0.221499
1179.000000 133.000000 0.557442 -0.234058
204.000000 134.000000 -0.430331 -0.222575
602.000000 134.000000 -0.034684 -0.206603
349.000000 136.000000 -0.274929 -0.211176
379.000000 136.000000 -0.244999 -0.209827
454.000000 136.000000 -0.172364 -0.207188
468.000000 136.000000 -0.159085 -0.206804
593.000000 136.000000 -0.042933 -0.204758
858.000000 136.000000 0.203400 -0.208245
932.000000 136.000000 0.276390 -0.211303
991.000000 136.000000 0.337289 -0.214540
1231.000000 136.000000 0.627532 -0.237134
11.000000 137.000000 -0.680308 -0.240695
383.000000 137.000000 -0.241010 -0.208685
613.000000 137.000000 -0.024582 -0.203702
1203.000000 137.000000 0.588887 -0.232544
387.000000 138.000000 -0.237031 -0.207549
699.000000 138.000000 0.054248 -0.202964
1052.000000 138.000000 0.403475 -0.216702
18.000000 139.000000 -0.669884 -0.237515
443.000000 140.000000 -0.182731 -0.203661
449.000000 140.000000 -0.177009 -0.203485
645.000000 140.000000 0.004728 -0.200810
1068.000000 140.000000 0.421392 -0.215900
1106.000000 140.000000 0.465625 -0.219120
1209.000000 140.000000 0.596659 -0.229985
504.000000 141.000000 -0.125146 -0.201190
592.000000 141.000000 -0.043816 -0.200021
652.000000 141.000000 0.011135 -0.199872
1088.000000 141.000000 0.444346 -0.216511
589.000000 142.000000 -0.046562 -0.199094
600.000000 142.000000 -0.036474 -0.199024
1223.000000 142.000000 0.615635 -0.229493
173.000000 144.000000 -0.465667 -0.214885
450.000000 144.000000 -0.175943 -0.199616
589.000000 144.000000 -0.046548 -0.197200
600.000000 144.000000 -0.036463 -0.197130
735.000000 144.000000 0.087349 -0.197674
1197.000000 144.000000 0.579996 -0.224211
164.000000 145.000000 -0.476323 -0.214646
991.000000 145.000000 0.336749 -0.205564
1105.000000 145.000000 0.463992 -0.213832
187.000000 146.000000 -0.449013 -0.211618
459.000000 146.000000 -0.167342 -0.197455
703.000000 147.000000 0.057843 -0.194470
1072.000000 147.000000 0.425405 -0.209047
1106.000000 147.000000 0.465005 -0.211844
1201.000000 147.000000 0.585017 -0.221412
68.000000 149.000000 -0.598479 -0.220259
165.000000 149.000000 -0.474768 -0.210394
701.000000 149.000000 0.055989 -0.192562
1132.000000 149.000000 0.496209 -0.212104
1207.000000 149.000000 0.592884 -0.219926
1249.000000 149.000000 0.651354 -0.224965
45.000000 150.000000 -0.630077 -0.221871
133.000000 150.000000 -0.513769 -0.212297
613.000000 150.000000 -0.024534 -0.191403
739.000000 150.000000 0.090962 -0.192042
743.000000 150.000000 0.094659 -0.192099
1080.000000 150.000000 0.434346 -0.206602
37.000000 151.000000 -0.641204 -0.221732
67.000000 151.000000 -0.599609 -0.218196
187.000000 151.000000 -0.448603 -0.206469
615.000000 151.000000 -0.022701 -0.190453
685.000000 151.000000 0.041305 -0.190556
1237.000000 151.000000 0.634087 -0.221275
1242.000000 151.000000 0.641148 -0.221882
134.000000 152.000000 -0.512332 -0.210095
156.000000 152.000000 -0.485337 -0.208068
164.000000 152.000000 -0.475704 -0.207365
1193.000000 152.000000 0.573765 -0.215106
1208.000000 152.000000 0.593896 -0.216778
159.000000 153.000000 -0.481625 -0.206762
220.000000 153.000000 -0.410686 -0.201910
511.000000 153.000000 -0.118399 -0.189650
583.000000 153.000000 -0.051983 -0.188742
671.000000 153.000000 0.028481 -0.188597
1251.000000 153.000000 0.653721 -0.220765
653.000000 154.000000 0.012025 -0.187600
1086.000000 154.000000 0.440963 -0.202975
1096.000000 154.000000 0.452616 -0.203773
29.000000 155.000000 -0.652075 -0.218269
224.000000 155.000000 -0.406061 -0.199602
228.000000 155.000000 -0.401597 -0.199324
698.000000 156.000000 0.053180 -0.185935
745.000000 156.000000 0.096422 -0.186453
995.000000 156.000000 0.340339 -0.194873
1025.000000 156.000000 0.372459 -0.196655
127.000000 157.000000 -0.520602 -0.205496
31.000000 158.000000 -0.648869 -0.214710
1243.000000 159.000000 0.641606 -0.213162
133.000000 160.000000 -0.512829 -0.201785
584.000000 160.000000 -0.051015 -0.182145
638.000000 161.000000 -0.001676 -0.181009
1242.000000 161.000000 0.639957 -0.210841
1254.000000 161.000000 0.657058 -0.212248
17.000000 162.000000 -0.668461 -0.211931
53.000000 162.000000 -0.617561 -0.207790
1107.000000 162.000000 0.464936 -0.196428
1114.000000 162.000000 0.473270 -0.196998
50.000000 163.000000 -0.621605 -0.207033
89.000000 163.000000 -0.568860 -0.202867
91.000000 163.000000 -0.566229 -0.202663
27.000000 164.000000 -0.653867 -0.208547
54.000000 164.000000 -0.615959 -0.205500
1187.000000 164.000000 0.564572 -0.201596
235.000000 165.000000 -0.393175 -0.188800
1082.000000 165.000000 0.435512 -0.191443
682.000000 166.000000 0.038473 -0.176436
1167.000000 166.000000 0.538441 -0.197513
673.000000 167.000000 0.030249 -0.175456
1111.000000 167.000000 0.469287 -0.191603
1220.000000 167.000000 0.608611 -0.201818
209.000000 168.000000 -0.422046 -0.187499
220.000000 168.000000 -0.409654 -0.186760
715.000000 168.000000 0.068663 -0.174807
1019.000000 168.000000 0.365251 -0.184339
1257.000000 168.000000 0.660555 -0.204848
203.000000 169.000000 -0.428799 -0.186902
601.000000 169.000000 -0.035420 -0.173604
979.000000 169.000000 0.322892 -0.181226
1183.000000 169.000000 0.558834 -0.195871
56.000000 170.000000 -0.612555 -0.198765
86.000000 170.000000 -0.572115 -0.195688
570.000000 170.000000 -0.063758 -0.172873
972.000000 170.000000 0.315589 -0.179909
1040.000000 170.000000 0.387973 -0.183593
1114.000000 170.000000 0.472626 -0.188755
218.000000 171.000000 -0.411698 -0.183873
1120.000000 171.000000 0.479734 -0.188201
1202.000000 171.000000 0.583771 -0.195622
703.000000 172.000000 0.057635 -0.170957
225.000000 174.000000 -0.403686 -0.180415
610.000000 174.000000 -0.027188 -0.168893
670.000000 174.000000 0.027484 -0.168899
1203.000000 174.000000 0.584810 -0.192507
1197.000000 175.000000 0.576700 -0.190845
1201.000000 175.000000 0.582033 -0.191237
1259.000000 175.000000 0.662646 -0.197341
70.000000 176.000000 -0.592874 -0.190854
1184.000000 176.000000 0.559471 -0.188536
1248.000000 176.000000 0.646783 -0.195035
681.000000 177.000000 0.037504 -0.166146
175.000000 178.000000 -0.460580 -0.179746
596.000000 178.000000 -0.039938 -0.165221
684.000000 178.000000 0.040236 -0.165229
177.000000 179.000000 -0.458160 -0.178583
207.000000 179.000000 -0.423580 -0.176542
577.000000 179.000000 -0.057281 -0.164405
64.000000 180.000000 -0.600598 -0.187154
198.000000 180.000000 -0.433764 -0.176123
617.000000 180.000000 -0.020791 -0.163277
920.000000 180.000000 0.262518 -0.168057
55.000000 181.000000 -0.612796 -0.186972
662.000000 181.000000 0.020173 -0.162347
1197.000000 181.000000 0.576123 -0.184449
1234.000000 181.000000 0.626523 -0.188101
144.000000 182.000000 -0.497412 -0.177977
197.000000 182.000000 -0.434777 -0.174172
578.000000 182.000000 -0.056346 -0.161601
865.000000 182.000000 0.208720 -0.164399
254.000000 183.000000 -0.371392 -0.169785
144.000000 184.000000 -0.497256 -0.175915
149.000000 184.000000 -0.491175 -0.175532
1155.000000 184.000000 0.521649 -0.177580
1272.000000 184.000000 0.680541 -0.188816
598.000000 185.000000 -0.038081 -0.158692
1112.000000 185.000000 0.469118 -0.173241
1166.000000 185.000000 0.535462 -0.177455
1219.000000 185.000000 0.605394 -0.182280
64.000000 186.000000 -0.600016 -0.180718
1154.000000 186.000000 0.520232 -0.175418
1213.000000 186.000000 0.597125 -0.180629
1269.000000 186.000000 0.675949 -0.186286
1118.000000 187.000000 0.476121 -0.171630
1125.000000 189.000000 0.484379 -0.170091
21.000000 191.000000 -0.659533 -0.179526
1147.000000 191.000000 0.511117 -0.169682
220.000000 192.000000 -0.408178 -0.162743
1190.000000 192.000000 0.565883 -0.172158
174.000000 193.000000 -0.460715 -0.164571
375.000000 193.000000 -0.246859 -0.155072
588.000000 193.000000 -0.047153 -0.151312
1188.000000 193.000000 0.563175 -0.170932
170.000000 194.000000 -0.465354 -0.163823
226.000000 194.000000 -0.401399 -0.160418
1069.000000 195.000000 0.418747 -0.160370
274.000000 196.000000 -0.349387 -0.156033
399.000000 196.000000 -0.223391 -0.151529
15.000000 197.000000 -0.667567 -0.173556
94.000000 197.000000 -0.559184 -0.166392
1046.000000 197.000000 0.393027 -0.157106
1099.000000 198.000000 0.452951 -0.159179
1106.000000 198.000000 0.461145 -0.159626
1156.000000 198.000000 0.521795 -0.163130
1253.000000 198.000000 0.651655 -0.171518
1011.000000 199.000000 0.355090 -0.153410
1108.000000 199.000000 0.463434 -0.158743
1233.000000 199.000000 0.623376 -0.168552
19.000000 200.000000 -0.661520 -0.169892
62.000000 200.000000 -0.601449 -0.165943
241.000000 200.000000 -0.384605 -0.153696
643.000000 200.000000 0.002869 -0.144693
56.000000 201.000000 -0.609540 -0.165405
66.000000 201.000000 -0.595947 -0.164531
388.000000 201.000000 -0.233925 -0.147098
641.000000 201.000000 0.001053 -0.143768
107.000000 202.000000 -0.542037 -0.160132
212.000000 202.000000 -0.416566 -0.153242
617.000000 202.000000 -0.020739 -0.142869
985.000000 202.000000 0.327641 -0.149364
22.000000 203.000000 -0.656938 -0.166342
51.000000 203.000000 -0.616227 -0.163707
721.000000 203.000000 0.073846 -0.142255
1109.000000 203.000000 0.464357 -0.154761
114.000000 204.000000 -0.532993 -0.157526
117.000000 204.000000 -0.529208 -0.157304
724.000000 204.000000 0.076581 -0.141354
1102.000000 204.000000 0.456079 -0.153316
1240.000000 204.000000 0.632696 -0.163806
212.000000 205.000000 -0.416403 -0.150261
582.000000 205.000000 -0.052552 -0.140235
620.000000 205.000000 -0.018008 -0.140092
1202.000000 205.000000 0.580653 -0.159453
1243.000000 205.000000 0.636822 -0.162999
467.000000 206.000000 -0.158498 -0.140629
56.000000 207.000000 -0.609019 -0.159002
559.000000 207.000000 -0.073515 -0.138542
1108.000000 207.000000 0.462931 -0.150659
1154.000000 207.000000 0.518636 -0.153693
40.000000 208.000000 -0.631045 -0.159311
694.000000 208.000000 0.049188 -0.137451
1065.000000 208.000000 0.413533 -0.147217
1068.000000 208.000000 0.416898 -0.147375
1270.000000 208.000000 0.675222 -0.162215
218.000000 209.000000 -0.409486 -0.145981
1034.000000 209.000000 0.379322 -0.144693
1090.000000 209.000000 0.441864 -0.147587
1109.000000 209.000000 0.463986 -0.148702
1112.000000 209.000000 0.467525 -0.148885
1250.000000 210.000000 0.646274 -0.158226
44.000000 211.000000 -0.625215 -0.155748
246.000000 211.000000 -0.378647 -0.142655
288.000000 211.000000 -0.334058 -0.140874
647.000000 211.000000 0.006493 -0.134544
696.000000 211.000000 0.050992 -0.134693
1157.000000 212.000000 0.522034 -0.148755
1198.000000 212.000000 0.574783 -0.151762
366.000000 213.000000 -0.255110 -0.136351
1035.000000 213.000000 0.380222 -0.140820
1068.000000 213.000000 0.416637 -0.142416
1122.000000 213.000000 0.479167 -0.145453
53.000000 215.000000 -0.612463 -0.150731
58.000000 215.000000 -0.605630 -0.150328
586.000000 215.000000 -0.048859 -0.130988
1110.000000 215.000000 0.464807 -0.142716
365.000000 216.000000 -0.256011 -0.133539
583.000000 216.000000 -0.051582 -0.130083
25.000000 217.000000 -0.651415 -0.150906
1183.000000 217.000000 0.554774 -0.145414
250.000000 218.000000 -0.374018 -0.135638
252.000000 218.000000 -0.371865 -0.135552
509.000000 218.000000 -0.119290 -0.128868
735.000000 218.000000 0.086523 -0.128513
929.000000 218.000000 0.270219 -0.132086
1034.000000 218.000000 0.378914 -0.135884
563.000000 219.000000 -0.069776 -0.127440
1054.000000 219.000000 0.400750 -0.135808
1245.000000 219.000000 0.638429 -0.148100
64.000000 220.000000 -0.597103 -0.144567
402.000000 220.000000 -0.219899 -0.128843
696.000000 220.000000 0.050945 -0.126404
55.000000 221.000000 -0.609251 -0.144199
739.000000 221.000000 0.090158 -0.125782
542.000000 222.000000 -0.088933 -0.124838
642.000000 222.000000 0.001956 -0.124425
1267.000000 222.000000 0.669629 -0.146690
69.000000 223.000000 -0.590153 -0.141031
73.000000 223.000000 -0.584807 -0.140738
600.000000 223.000000 -0.036110 -0.123573
620.000000 223.000000 -0.017976 -0.123522
27.000000 224.000000 -0.647998 -0.143199
81.000000 224.000000 -0.574132 -0.139117
238.000000 224.000000 -0.386757 -0.130294
590.000000 224.000000 -0.045184 -0.122693
1259.000000 224.000000 0.657928 -0.143861
85.000000 225.000000 -0.568805 -0.137793
736.000000 225.000000 0.087379 -0.122071
1109.000000 225.000000 0.463071 -0.132614
97.000000 226.000000 -0.553140 -0.135937
1227.000000 226.000000 0.612820 -0.139206
265.000000 227.000000 -0.357620 -0.126288
517.000000 227.000000 -0.111819 -0.120468
563.000000 227.000000 -0.069723 -0.120081
606.000000 227.000000 -0.030656 -0.119883
1101.000000 227.000000 0.453616 -0.130191
25.000000 228.000000 -0.650521 -0.139055
93.000000 228.000000 -0.558176 -0.134130
278.000000 228.000000 -0.343873 -0.124844
584.000000 228.000000 -0.050615 -0.119047
1032.000000 228.000000 0.376331 -0.126047
22.000000 229.000000 -0.654714 -0.138213
51.000000 229.000000 -0.614126 -0.136019
575.000000 229.000000 -0.058789 -0.118174
1099.000000 229.000000 0.451191 -0.128093
1199.000000 229.000000 0.574862 -0.134032
25.000000 230.000000 -0.650366 -0.136905
53.000000 230.000000 -0.611312 -0.134814
1206.000000 230.000000 0.584088 -0.133469
735.000000 231.000000 0.086416 -0.116545
1099.000000 231.000000 0.451091 -0.126100
1200.000000 231.000000 0.576048 -0.132012
1230.000000 231.000000 0.616579 -0.134124
15.000000 232.000000 -0.664509 -0.135519
266.000000 233.000000 -0.356339 -0.120451
80.000000 234.000000 -0.574768 -0.128751
450.000000 234.000000 -0.173983 -0.114875
96.000000 235.000000 -0.553849 -0.126691
1070.000000 235.000000 0.417839 -0.120790
1103.000000 236.000000 0.455493 -0.121313
1245.000000 236.000000 0.637112 -0.129894
1251.000000 236.000000 0.645588 -0.130331
100.000000 237.000000 -0.548584 -0.124382
92.000000 238.000000 -0.558833 -0.123838
1146.000000 239.000000 0.506740 -0.120498
1196.000000 239.000000 0.570251 -0.123419
1230.000000 240.000000 0.615946 -0.124592
93.000000 241.000000 -0.557357 -0.120677
823.000000 243.000000 0.167616 -0.106462
1212.000000 243.000000 0.591259 -0.120256
1077.000000 244.000000 0.425333 -0.112230
1208.000000 245.000000 0.585776 -0.117917
636.000000 246.000000 -0.003474 -0.102460
730.000000 246.000000 0.081743 -0.102755
1029.000000 246.000000 0.372430 -0.108473
611.000000 247.000000 -0.026081 -0.101576
1117.000000 247.000000 0.471400 -0.110999
1235.000000 247.000000 0.622393 -0.117518
635.000000 248.000000 -0.004377 -0.100636
1169.000000 248.000000 0.534917 -0.112574
1242.000000 248.000000 0.632078 -0.116911
734.000000 249.000000 0.085372 -0.100037
1220.000000 249.000000 0.601689 -0.114468
302.000000 250.000000 -0.318304 -0.103031
1095.000000 250.000000 0.445603 -0.107056
1104.000000 250.000000 0.456020 -0.107435
1239.000000 250.000000 0.627760 -0.114597
1268.000000 250.000000 0.668966 -0.116489
608.000000 251.000000 -0.028786 -0.097934
1246.000000 251.000000 0.637498 -0.113981
1111.000000 252.000000 0.464112 -0.105747
409.000000 253.000000 -0.212539 -0.097911
998.000000 253.000000 0.339399 -0.100771
1100.000000 253.000000 0.451252 -0.104293
1157.000000 253.000000 0.519609 -0.106864
53.000000 254.000000 -0.609736 -0.109518
1094.000000 254.000000 0.444290 -0.103061
115.000000 255.000000 -0.528589 -0.105133
587.000000 255.000000 -0.047785 -0.094346
603.000000 255.000000 -0.033301 -0.094300
1062.000000 255.000000 0.408129 -0.100879
1159.000000 255.000000 0.522002 -0.104931
1268.000000 255.000000 0.668639 -0.111109
284.000000 258.000000 -0.336671 -0.095895
579.000000 258.000000 -0.055025 -0.091642
1197.000000 258.000000 0.570467 -0.103787
1071.000000 259.000000 0.418017 -0.097288
157.000000 260.000000 -0.477167 -0.098208
687.000000 261.000000 0.042620 -0.088867
1093.000000 261.000000 0.442873 -0.096117
1238.000000 261.000000 0.625707 -0.102905
1245.000000 261.000000 0.635485 -0.103306
59.000000 262.000000 -0.601134 -0.100803
578.000000 262.000000 -0.055917 -0.088002
1026.000000 263.000000 0.368682 -0.091981
1232.000000 263.000000 0.617290 -0.100463
238.000000 264.000000 -0.385307 -0.091436
933.000000 264.000000 0.273067 -0.088800
1192.000000 264.000000 0.563621 -0.097344
231.000000 265.000000 -0.392889 -0.090678
1235.000000 265.000000 0.621324 -0.098522
93.000000 266.000000 -0.556026 -0.094957
1199.000000 266.000000 0.572689 -0.095625
110.000000 267.000000 -0.534311 -0.093163
240.000000 267.000000 -0.383054 -0.088480
725.000000 267.000000 0.077069 -0.083558
175.000000 268.000000 -0.455749 -0.089582
224.000000 268.000000 -0.400463 -0.087982
252.000000 268.000000 -0.370126 -0.087183
412.000000 268.000000 -0.209446 -0.083962
1201.000000 268.000000 0.575226 -0.093656
242.000000 269.000000 -0.380837 -0.086495
415.000000 269.000000 -0.206573 -0.082996
591.000000 269.000000 -0.044121 -0.081594
1192.000000 269.000000 0.563382 -0.092201
6.000000 270.000000 -0.675005 -0.095221
16.000000 270.000000 -0.660588 -0.094677
206.000000 270.000000 -0.420364 -0.086586
211.000000 270.000000 -0.414781 -0.086432
1259.000000 270.000000 0.654811 -0.094525
1267.000000 270.000000 0.666304 -0.094959
90.000000 271.000000 -0.559672 -0.089968
245.000000 271.000000 -0.377550 -0.084486
683.000000 271.000000 0.038974 -0.079765
1038.000000 271.000000 0.381356 -0.084613
1185.000000 271.000000 0.554220 -0.089831
1238.000000 271.000000 0.625168 -0.092364
378.000000 272.000000 -0.242102 -0.080754
1089.000000 272.000000 0.437917 -0.085161
1190.000000 272.000000 0.560645 -0.089028
1254.000000 273.000000 0.647532 -0.091071
170.000000 274.000000 -0.461356 -0.083826
1246.000000 274.000000 0.636188 -0.089604
575.000000 275.000000 -0.058589 -0.076192
732.000000 275.000000 0.083399 -0.076311
1087.000000 275.000000 0.435543 -0.082155
254.000000 276.000000 -0.367785 -0.079452
730.000000 276.000000 0.081574 -0.075392
158.000000 277.000000 -0.475347 -0.081259
1231.000000 277.000000 0.615201 -0.085721
267.000000 278.000000 -0.353962 -0.077231
345.000000 278.000000 -0.274373 -0.075693
729.000000 278.000000 0.080655 -0.073569
92.000000 279.000000 -0.556748 -0.081690
159.000000 280.000000 -0.474066 -0.078249
1087.000000 280.000000 0.435393 -0.077257
1166.000000 280.000000 0.529678 -0.079888
268.000000 281.000000 -0.352842 -0.074345
509.000000 282.000000 -0.118704 -0.070152
1194.000000 282.000000 0.565428 -0.078936
160.000000 283.000000 -0.472791 -0.075244
205.000000 283.000000 -0.421107 -0.073946
278.000000 283.000000 -0.342326 -0.072229
1230.000000 283.000000 0.613558 -0.079398
265.000000 284.000000 -0.355938 -0.071548
509.000000 284.000000 -0.118691 -0.068330
1019.000000 284.000000 0.360702 -0.071669
1189.000000 284.000000 0.558851 -0.076691
91.000000 285.000000 -0.557805 -0.075596
455.000000 285.000000 -0.168672 -0.067826
1226.000000 285.000000 0.607999 -0.077140
1251.000000 285.000000 0.642710 -0.078214
1266.000000 285.000000 0.664110 -0.078887
159.000000 286.000000 -0.473879 -0.072303
212.000000 286.000000 -0.413224 -0.070849
273.000000 286.000000 -0.347490 -0.069477
521.000000 286.000000 -0.107682 -0.066438
724.000000 286.000000 0.076075 -0.066281
1018.000000 286.000000 0.359599 -0.069737
215.000000 287.000000 -0.409872 -0.069805
1093.000000 287.000000 0.442040 -0.070570
1222.000000 287.000000 0.602476 -0.074893
1257.000000 287.000000 0.651130 -0.076360
159.000000 288.000000 -0.473820 -0.070322
168.000000 288.000000 -0.463256 -0.070064
1191.000000 289.000000 0.561259 -0.071650
1201.000000 289.000000 0.574333 -0.072015
1080.000000 290.000000 0.427198 -0.067300
92.000000 291.000000 -0.556299 -0.069434
170.000000 291.000000 -0.460841 -0.067051
200.000000 291.000000 -0.426514 -0.066284
1083.000000 291.000000 0.430560 -0.066400
1087.000000 291.000000 0.435095 -0.066499
1209.000000 291.000000 0.584851 -0.070249
1231.000000 291.000000 0.614602 -0.071080
118.000000 292.000000 -0.523357 -0.067567
197.000000 292.000000 -0.429870 -0.065383
294.000000 292.000000 -0.325591 -0.063398
1160.000000 292.000000 0.521767 -0.067563
1192.000000 292.000000 0.562452 -0.068616
214.000000 293.000000 -0.410839 -0.064015
223.000000 293.000000 -0.400914 -0.063816
624.000000 294.000000 -0.014283 -0.058882
1160.000000 294.000000 0.521705 -0.065548
1199.000000 294.000000 0.571526 -0.066807
208.000000 295.000000 -0.417462 -0.062210
446.000000 295.000000 -0.177010 -0.058740
1098.000000 295.000000 0.447570 -0.062857
1159.000000 296.000000 0.520402 -0.063505
1239.000000 296.000000 0.625460 -0.066152
98.000000 297.000000 -0.548407 -0.063130
162.000000 297.000000 -0.470043 -0.061342
549.000000 297.000000 -0.082103 -0.056324
1085.000000 297.000000 0.432682 -0.060595
166.000000 298.000000 -0.465329 -0.060257
372.000000 298.000000 -0.247584 -0.056692
1239.000000 298.000000 0.625387 -0.064057
692.000000 299.000000 0.047047 -0.054410
104.000000 300.000000 -0.540686 -0.059908
119.000000 300.000000 -0.521879 -0.059486
205.000000 300.000000 -0.420704 -0.057422
511.000000 300.000000 -0.116768 -0.053761
1253.000000 300.000000 0.644940 -0.062451
92.000000 301.000000 -0.555981 -0.059241
190.000000 301.000000 -0.437593 -0.056764
369.000000 301.000000 -0.250473 -0.053943
1255.000000 301.000000 0.647738 -0.061465
239.000000 302.000000 -0.383323 -0.054839
508.000000 302.000000 -0.119509 -0.051958
1238.000000 302.000000 0.623863 -0.059835
1252.000000 302.000000 0.643456 -0.060306
724.000000 303.000000 0.076017 -0.050870
726.000000 303.000000 0.077832 -0.050876
1095.000000 303.000000 0.443944 -0.054954
1224.000000 304.000000 0.604586 -0.057302
1266.000000 304.000000 0.663356 -0.058666
190.000000 305.000000 -0.437510 -0.052862
983.000000 305.000000 0.322791 -0.051104
1084.000000 305.000000 0.431380 -0.052777
1096.000000 305.000000 0.445048 -0.053018
1211.000000 306.000000 0.587025 -0.054845
1251.000000 306.000000 0.641912 -0.056058
1271.000000 306.000000 0.670510 -0.056706
222.000000 307.000000 -0.401739 -0.050329
1096.000000 307.000000 0.445008 -0.051062
16.000000 308.000000 -0.658972 -0.054287
215.000000 308.000000 -0.409434 -0.049484
1019.000000 308.000000 0.360264 -0.048774
222.000000 309.000000 -0.401705 -0.048401
726.000000 309.000000 0.077815 -0.045444
1211.000000 309.000000 0.586941 -0.051754
735.000000 310.000000 0.085990 -0.044565
1083.000000 310.000000 0.430156 -0.047892
658.000000 311.000000 0.016356 -0.043526
737.000000 311.000000 0.087806 -0.043665
994.000000 311.000000 0.334052 -0.045585
1089.000000 311.000000 0.436939 -0.047025
1233.000000 312.000000 0.616658 -0.049243
75.000000 313.000000 -0.577799 -0.047437
79.000000 313.000000 -0.572544 -0.047340
82.000000 313.000000 -0.568622 -0.047268
528.000000 313.000000 -0.101169 -0.041896
557.000000 313.000000 -0.074793 -0.041814
656.000000 313.000000 0.014553 -0.041720
740.000000 313.000000 0.090530 -0.041863
106.000000 314.000000 -0.537803 -0.045702
108.000000 314.000000 -0.535282 -0.045658
7.000000 315.000000 -0.671709 -0.047119
356.000000 315.000000 -0.263053 -0.041080
395.000000 315.000000 -0.225204 -0.040768
657.000000 315.000000 0.015453 -0.039916
1082.000000 315.000000 0.428943 -0.043013
1088.000000 315.000000 0.435734 -0.043110
210.000000 317.000000 -0.414832 -0.040865
228.000000 317.000000 -0.395020 -0.040612
1087.000000 317.000000 0.434567 -0.041146
1224.000000 317.000000 0.604231 -0.043820
71.000000 318.000000 -0.582967 -0.042400
109.000000 318.000000 -0.533942 -0.041604
240.000000 318.000000 -0.382000 -0.039495
532.000000 318.000000 -0.097507 -0.037355
559.000000 318.000000 -0.072968 -0.037289
68.000000 319.000000 -0.586927 -0.041438
470.000000 319.000000 -0.154480 -0.036670
1069.000000 319.000000 0.414323 -0.038941
76.000000 320.000000 -0.576325 -0.040242
230.000000 320.000000 -0.392802 -0.037704
239.000000 320.000000 -0.383053 -0.037593
506.000000 320.000000 -0.121270 -0.035622
1041.000000 320.000000 0.383626 -0.037613
22.000000 321.000000 -0.650078 -0.040388
73.000000 321.000000 -0.580258 -0.039279
353.000000 321.000000 -0.265953 -0.035534
466.000000 321.000000 -0.158185 -0.034866
577.000000 321.000000 -0.056667 -0.034547
19.000000 322.000000 -0.654317 -0.039401
71.000000 322.000000 -0.582883 -0.038293
75.000000 322.000000 -0.577600 -0.038214
469.000000 322.000000 -0.155395 -0.033942
475.000000 322.000000 -0.149832 -0.033918
1069.000000 322.000000 0.414283 -0.036041
1202.000000 322.000000 0.574714 -0.038193
128.000000 323.000000 -0.510279 -0.036246
158.000000 323.000000 -0.474229 -0.035777
200.000000 323.000000 -0.425919 -0.035193
736.000000 323.000000 0.086865 -0.032804
1131.000000 323.000000 0.485692 -0.035940
1264.000000 323.000000 0.659948 -0.038460
108.000000 324.000000 -0.535089 -0.035577
219.000000 324.000000 -0.404789 -0.033992
462.000000 324.000000 -0.161892 -0.032149
1149.000000 324.000000 0.507445 -0.035228
71.000000 325.000000 -0.582825 -0.035214
131.000000 325.000000 -0.506580 -0.034203
163.000000 325.000000 -0.468323 -0.033735
193.000000 325.000000 -0.433784 -0.033340
68.000000 326.000000 -0.586788 -0.034242
110.000000 326.000000 -0.532543 -0.033530
230.000000 326.000000 -0.392733 -0.031946
362.000000 326.000000 -0.257091 -0.030834
481.000000 326.000000 -0.144266 -0.030257
1252.000000 326.000000 0.642806 -0.035041
102.000000 327.000000 -0.542618 -0.032648
1080.000000 327.000000 0.426524 -0.031334
1152.000000 327.000000 0.511076 -0.032279
1163.000000 327.000000 0.524686 -0.032444
1240.000000 327.000000 0.625986 -0.033760
56.000000 328.000000 -0.602845 -0.032393
59.000000 328.000000 -0.598797 -0.032341
113.000000 328.000000 -0.528757 -0.031472
206.000000 328.000000 -0.419145 -0.030279
299.000000 328.000000 -0.320019 -0.029414
484.000000 328.000000 -0.141488 -0.028430
472.000000 329.000000 -0.152586 -0.027559
1235.000000 329.000000 0.619033 -0.031583
428.000000 330.000000 -0.193722 -0.026809
116.000000 331.000000 -0.524974 -0.028417
118.000000 331.000000 -0.522489 -0.028391
175.000000 331.000000 -0.454289 -0.027701
207.000000 331.000000 -0.417999 -0.027368
220.000000 331.000000 -0.403616 -0.027242
1071.000000 331.000000 0.416406 -0.027364
1078.000000 331.000000 0.424233 -0.027434
1153.000000 331.000000 0.512250 -0.028297
1163.000000 331.000000 0.524628 -0.028429
1247.000000 331.000000 0.635680 -0.029701
566.000000 332.000000 -0.066603 -0.024632
909.000000 332.000000 0.248672 -0.025238
1091.000000 332.000000 0.438920 -0.026595
1217.000000 332.000000 0.594485 -0.028182
213.000000 333.000000 -0.411317 -0.025380
190.000000 334.000000 -0.437085 -0.024622
362.000000 334.000000 -0.257046 -0.023425
726.000000 334.000000 0.077763 -0.022844
175.000000 335.000000 -0.454248 -0.023788
208.000000 335.000000 -0.416849 -0.023493
719.000000 335.000000 0.071415 -0.021932
1164.000000 335.000000 0.525825 -0.024426
1199.000000 335.000000 0.570564 -0.024853
17.000000 336.000000 -0.656909 -0.024659
505.000000 336.000000 -0.122145 -0.021115
1158.000000 336.000000 0.518358 -0.023356
1230.000000 336.000000 0.612057 -0.024230
485.000000 337.000000 -0.140541 -0.020250
1269.000000 337.000000 0.666891 -0.023716
503.000000 338.000000 -0.123976 -0.019306
1066.000000 338.000000 0.410792 -0.020563
1230.000000 338.000000 0.612031 -0.022155
1131.000000 339.000000 0.485499 -0.020108
1222.000000 339.000000 0.601133 -0.021025
739.000000 340.000000 0.089564 -0.017440
192.000000 341.000000 -0.434761 -0.017803
1231.000000 341.000000 0.613366 -0.019053
1069.000000 342.000000 0.414094 -0.016723
1164.000000 342.000000 0.525756 -0.017401
1242.000000 342.000000 0.628547 -0.018127
177.000000 343.000000 -0.451878 -0.015953
1203.000000 343.000000 0.575730 -0.016721
196.000000 344.000000 -0.430224 -0.014866
290.000000 346.000000 -0.329151 -0.012535
400.000000 346.000000 -0.220268 -0.012227
1063.000000 346.000000 0.407427 -0.012835
1221.000000 346.000000 0.599715 -0.013787
149.000000 347.000000 -0.484653 -0.012188
177.000000 347.000000 -0.451855 -0.012046
943.000000 347.000000 0.282060 -0.011460
243.000000 348.000000 -0.378530 -0.010806
1184.000000 348.000000 0.551006 -0.011494
1255.000000 348.000000 0.646750 -0.011953
291.000000 349.000000 -0.328112 -0.009709
1163.000000 349.000000 0.524463 -0.010372
1222.000000 349.000000 0.601046 -0.010696
1228.000000 349.000000 0.609198 -0.010732
110.000000 350.000000 -0.532297 -0.009393
219.000000 350.000000 -0.404595 -0.008971
375.000000 350.000000 -0.244335 -0.008593
1068.000000 350.000000 0.412946 -0.008999
388.000000 351.000000 -0.231773 -0.007650
1164.000000 351.000000 0.525700 -0.008371
226.000000 352.000000 -0.396920 -0.007030
245.000000 352.000000 -0.376373 -0.006984
261.000000 352.000000 -0.359359 -0.006948
748.000000 354.000000 0.097745 -0.004794
992.000000 354.000000 0.331681 -0.005011
1218.000000 354.000000 0.595628 -0.005520
1222.000000 354.000000 0.601023 -0.005533
1231.000000 354.000000 0.613276 -0.005562
1256.000000 354.000000 0.648136 -0.005647
15.000000 355.000000 -0.659602 -0.004615
87.000000 355.000000 -0.561574 -0.004422
89.000000 355.000000 -0.558990 -0.004417
582.000000 355.000000 -0.052122 -0.003878
9.000000 356.000000 -0.668213 -0.003573
261.000000 356.000000 -0.359352 -0.003152
1163.000000 356.000000 0.524439 -0.003354
1225.000000 356.000000 0.605085 -0.003474
198.000000 357.000000 -0.427929 -0.002258
586.000000 357.000000 -0.048510 -0.002075
1191.000000 357.000000 0.559991 -0.002389
259.000000 358.000000 -0.361464 -0.001256
1202.000000 358.000000 0.574341 -0.001383
1246.000000 358.000000 0.634037 -0.001428
6.000000 359.000000 -0.672541 -0.000396
589.000000 359.000000 -0.045802 -0.000272
1067.000000 359.000000 0.411821 -0.000317
1096.000000 359.000000 0.444487 -0.000324
1221.000000 359.000000 0.599662 -0.000370
1175.000000 360.000000 0.539505 0.000658
232.000000 361.000000 -0.390380 0.001603
1154.000000 361.000000 0.513293 0.001654
1246.000000 361.000000 0.634037 0.001710
1255.000000 361.000000 0.646709 0.001716
364.000000 362.000000 -0.255030 0.002486
1063.000000 362.000000 0.407396 0.002573
1185.000000 362.000000 0.552255 0.002685
1224.000000 362.000000 0.603724 0.002730
595.000000 363.000000 -0.040390 0.003331
1208.000000 363.000000 0.582266 0.003736
1210.000000 363.000000 0.584922 0.003739
268.000000 364.000000 -0.351987 0.004430
389.000000 364.000000 -0.230806 0.004316
1144.000000 364.000000 0.501071 0.004631
1177.000000 364.000000 0.542045 0.004695
1244.000000 364.000000 0.631247 0.004844
1271.000000 364.000000 0.669627 0.004910
403.000000 365.000000 -0.217388 0.005225
269.000000 366.000000 -0.350942 0.006322
1121.000000 366.000000 0.473546 0.006558
355.000000 367.000000 -0.263846 0.007123
358.000000 367.000000 -0.260903 0.007118
1203.000000 367.000000 0.575670 0.007817
1247.000000 367.000000 0.635452 0.007991
122.000000 368.000000 -0.517366 0.008651
412.000000 368.000000 -0.208817 0.007968
1158.000000 368.000000 0.518244 0.008658
361.000000 369.000000 -0.257969 0.008965
1180.000000 369.000000 0.545878 0.009755
242.000000 370.000000 -0.379599 0.010189
352.000000 370.000000 -0.266799 0.009909
488.000000 370.000000 -0.137755 0.009705
68.000000 371.000000 -0.586517 0.011948
273.000000 371.000000 -0.346769 0.011044
349.000000 371.000000 -0.269755 0.010843
1165.000000 371.000000 0.526960 0.011696
121.000000 372.000000 -0.518619 0.012655
258.000000 372.000000 -0.362543 0.012041
996.000000 372.000000 0.335833 0.011959
1162.000000 372.000000 0.523225 0.012683
1230.000000 372.000000 0.611939 0.013107
1235.000000 372.000000 0.618804 0.013141
460.000000 373.000000 -0.163691 0.012468
1081.000000 373.000000 0.427490 0.013248
1246.000000 373.000000 0.634087 0.014264
18.000000 375.000000 -0.655381 0.016481
119.000000 375.000000 -0.521112 0.015669
347.000000 375.000000 -0.271738 0.014561
268.000000 376.000000 -0.352021 0.015795
1171.000000 376.000000 0.534517 0.016761
1256.000000 376.000000 0.648203 0.017499
118.000000 377.000000 -0.522366 0.017680
152.000000 377.000000 -0.481113 0.017424
197.000000 377.000000 -0.429106 0.017127
451.000000 377.000000 -0.172091 0.016128
1248.000000 377.000000 0.636925 0.018470
1101.000000 378.000000 0.450292 0.018229
259.000000 379.000000 -0.361516 0.018685
349.000000 379.000000 -0.269780 0.018267
1151.000000 379.000000 0.509691 0.019603
1211.000000 379.000000 0.586348 0.020169
252.000000 380.000000 -0.368949 0.019676
563.000000 380.000000 -0.069311 0.018673
122.000000 381.000000 -0.517452 0.021648
302.000000 381.000000 -0.316889 0.020344
349.000000 381.000000 -0.269788 0.020123
458.000000 381.000000 -0.165570 0.019758
1154.000000 381.000000 0.513394 0.021627
1226.000000 381.000000 0.606564 0.022396
46.000000 382.000000 -0.616317 0.023505
252.000000 382.000000 -0.368962 0.021580
1070.000000 382.000000 0.415237 0.021888
1246.000000 382.000000 0.634179 0.023683
310.000000 383.000000 -0.308767 0.022177
1153.000000 383.000000 0.512184 0.023615
1164.000000 383.000000 0.525808 0.023732
348.000000 384.000000 -0.270788 0.022913
1051.000000 384.000000 0.394325 0.023667
1195.000000 384.000000 0.565332 0.025102
102.000000 385.000000 -0.542512 0.025884
248.000000 385.000000 -0.373249 0.024466
1146.000000 385.000000 0.503639 0.025534
1152.000000 385.000000 0.510977 0.025601
11.000000 386.000000 -0.665536 0.028194
1119.000000 386.000000 0.471320 0.026231
1200.000000 386.000000 0.571892 0.027208
1248.000000 386.000000 0.637039 0.027902
235.000000 387.000000 -0.387245 0.026481
347.000000 387.000000 -0.271790 0.025704
718.000000 387.000000 0.070512 0.024995
724.000000 389.000000 0.075954 0.026810
1228.000000 389.000000 0.609402 0.030713
1238.000000 389.000000 0.623148 0.030878
237.000000 390.000000 -0.385110 0.029334
726.000000 390.000000 0.077770 0.027716
1174.000000 390.000000 0.538459 0.030903
120.000000 392.000000 -0.520058 0.032681
200.000000 392.000000 -0.425864 0.031642
203.000000 392.000000 -0.422502 0.031609
3.000000 393.000000 -0.677225 0.035774
110.000000 393.000000 -0.532534 0.033837
527.000000 393.000000 -0.102044 0.030480
202.000000 394.000000 -0.423645 0.033557
260.000000 394.000000 -0.360573 0.032929
305.000000 394.000000 -0.313920 0.032526
1238.000000 394.000000 0.623238 0.036093
1245.000000 394.000000 0.632977 0.036231
112.000000 395.000000 -0.530060 0.035817
210.000000 395.000000 -0.414733 0.034429
265.000000 396.000000 -0.355319 0.034779
420.000000 396.000000 -0.201317 0.033609
303.000000 397.000000 -0.315983 0.035360
282.000000 398.000000 -0.337581 0.036502
1216.000000 398.000000 0.593327 0.039798
72.000000 399.000000 -0.581587 0.040621
1006.000000 399.000000 0.346428 0.037548
1053.000000 399.000000 0.396662 0.038096
1194.000000 399.000000 0.564273 0.040376
1206.000000 399.000000 0.580019 0.040620
1213.000000 399.000000 0.589329 0.040766
716.000000 400.000000 0.068722 0.036734
727.000000 400.000000 0.078697 0.036756
1247.000000 400.000000 0.635907 0.042562
215.000000 401.000000 -0.409271 0.040158
267.000000 401.000000 -0.353270 0.039504
294.000000 401.000000 -0.325229 0.039210
1002.000000 401.000000 0.342274 0.039398
1167.000000 403.000000 0.529871 0.043884
141.000000 404.000000 -0.494617 0.044298
220.000000 405.000000 -0.403816 0.043944
1194.000000 405.000000 0.564402 0.046497
121.000000 406.000000 -0.519072 0.046694
265.000000 406.000000 -0.355435 0.044276
489.000000 406.000000 -0.136930 0.042400
645.000000 406.000000 0.004643 0.042073
213.000000 407.000000 -0.411573 0.045982
1061.000000 407.000000 0.405560 0.045914
1136.000000 407.000000 0.491876 0.047255
1166.000000 407.000000 0.528703 0.047891
1264.000000 407.000000 0.660208 0.050384
215.000000 408.000000 -0.409375 0.046916
217.000000 408.000000 -0.407167 0.046884
1054.000000 408.000000 0.397884 0.046768
1202.000000 409.000000 0.574972 0.050783
656.000000 410.000000 0.014555 0.045686
878.000000 411.000000 0.218915 0.047524
928.000000 411.000000 0.267461 0.047984
995.000000 411.000000 0.335121 0.048774
1139.000000 412.000000 0.495602 0.052291
1203.000000 412.000000 0.576369 0.053887
487.000000 413.000000 -0.138809 0.048778
1160.000000 413.000000 0.521359 0.053786
240.000000 414.000000 -0.382184 0.052278
1137.000000 415.000000 0.493257 0.055230
1202.000000 415.000000 0.575135 0.056937
1204.000000 415.000000 0.577773 0.056994
1248.000000 415.000000 0.637729 0.058344
1257.000000 415.000000 0.650452 0.058637
700.000000 416.000000 0.054271 0.051164
1071.000000 416.000000 0.416808 0.054793
1015.000000 417.000000 0.356122 0.054761
1138.000000 417.000000 0.494512 0.057245
1248.000000 417.000000 0.637794 0.060448
129.000000 418.000000 -0.509508 0.058526
1149.000000 418.000000 0.507915 0.058522
1210.000000 418.000000 0.585822 0.060261
202.000000 419.000000 -0.424054 0.057811
344.000000 419.000000 -0.275039 0.055506
1129.000000 419.000000 0.483755 0.059010
1172.000000 419.000000 0.536553 0.060153
1248.000000 419.000000 0.637862 0.062552
66.000000 420.000000 -0.590114 0.062388
71.000000 420.000000 -0.583461 0.062228
303.000000 420.000000 -0.316254 0.056991
452.000000 420.000000 -0.171359 0.055383
344.000000 421.000000 -0.275064 0.057371
378.000000 421.000000 -0.241752 0.056973
448.000000 421.000000 -0.175110 0.056328
1029.000000 421.000000 0.371059 0.058818
1130.000000 421.000000 0.485001 0.061020
348.000000 422.000000 -0.271120 0.058253
1154.000000 422.000000 0.514169 0.062666
1190.000000 422.000000 0.559671 0.063739
1220.000000 423.000000 0.599405 0.065759
945.000000 424.000000 0.284477 0.060313
1131.000000 424.000000 0.486276 0.064027
1169.000000 424.000000 0.532917 0.065120
1171.000000 424.000000 0.535438 0.065182
1246.000000 424.000000 0.635235 0.067741
1052.000000 425.000000 0.396007 0.063110
1234.000000 425.000000 0.618589 0.068343
55.000000 426.000000 -0.605124 0.068979
4.000000 427.000000 -0.676814 0.072014
13.000000 428.000000 -0.663856 0.072712
249.000000 428.000000 -0.372777 0.065524
1217.000000 428.000000 0.595538 0.070835
1247.000000 428.000000 0.636793 0.071990
351.000000 429.000000 -0.268251 0.064738
5.000000 430.000000 -0.675488 0.075180
21.000000 430.000000 -0.652508 0.074504
1226.000000 430.000000 0.607810 0.073256
10.000000 431.000000 -0.668299 0.076033
505.000000 432.000000 -0.122343 0.065975
810.000000 432.000000 0.154998 0.066232
1248.000000 432.000000 0.638362 0.076248
38.000000 433.000000 -0.628739 0.076958
513.000000 433.000000 -0.115007 0.066837
508.000000 434.000000 -0.119600 0.067778
549.000000 434.000000 -0.082148 0.067565
560.000000 434.000000 -0.072155 0.067522
1108.000000 434.000000 0.459399 0.073278
188.000000 435.000000 -0.440276 0.073756
512.000000 435.000000 -0.115936 0.068664
1237.000000 435.000000 0.623135 0.078934
1249.000000 435.000000 0.639899 0.079457
86.000000 436.000000 -0.564334 0.078130
259.000000 436.000000 -0.362295 0.072967
1191.000000 436.000000 0.561460 0.078089
1199.000000 436.000000 0.571908 0.078402
1241.000000 436.000000 0.628736 0.080158
539.000000 437.000000 -0.091266 0.070336
1066.000000 437.000000 0.411722 0.075052
1205.000000 437.000000 0.579863 0.079673
1228.000000 437.000000 0.610830 0.080639
1239.000000 437.000000 0.625998 0.081121
41.000000 438.000000 -0.624795 0.082078
259.000000 438.000000 -0.362340 0.074880
388.000000 438.000000 -0.232285 0.072600
942.000000 438.000000 0.281699 0.073371
1230.000000 438.000000 0.613614 0.081772
44.000000 439.000000 -0.620695 0.082993
1048.000000 439.000000 0.391962 0.076524
216.000000 440.000000 -0.408958 0.077865
991.000000 440.000000 0.331475 0.076172
1037.000000 441.000000 0.380081 0.078176
1092.000000 441.000000 0.441140 0.079689
22.000000 443.000000 -0.651678 0.088248
295.000000 443.000000 -0.324858 0.078857
1167.000000 443.000000 0.531066 0.084283
41.000000 444.000000 -0.625073 0.088380
45.000000 444.000000 -0.619548 0.088189
1224.000000 444.000000 0.605685 0.087767
1256.000000 444.000000 0.650233 0.089319
47.000000 445.000000 -0.616845 0.089141
1129.000000 445.000000 0.484544 0.084864
1201.000000 445.000000 0.574918 0.087755
1227.000000 445.000000 0.609825 0.088954
1247.000000 445.000000 0.637555 0.089928
1051.000000 446.000000 0.395426 0.083370
56.000000 447.000000 -0.604654 0.090801
95.000000 447.000000 -0.553152 0.089021
147.000000 447.000000 -0.488607 0.086939
856.000000 447.000000 0.198331 0.080476
984.000000 447.000000 0.324399 0.082662
46.000000 448.000000 -0.618366 0.092336
59.000000 448.000000 -0.600640 0.091699
1184.000000 448.000000 0.552904 0.090084
1211.000000 448.000000 0.588333 0.091318
39.000000 449.000000 -0.628094 0.093740
221.000000 449.000000 -0.403690 0.086458
394.000000 449.000000 -0.226657 0.082715
1127.000000 449.000000 0.482300 0.088779
1215.000000 449.000000 0.593745 0.092548
96.000000 450.000000 -0.552000 0.092045
1148.000000 450.000000 0.507750 0.090596
1218.000000 450.000000 0.597837 0.093736
39.000000 452.000000 -0.628250 0.096901
69.000000 452.000000 -0.587414 0.095371
1271.000000 452.000000 0.672216 0.098659
460.000000 453.000000 -0.164185 0.085561
1205.000000 453.000000 0.580583 0.096210
22.000000 454.000000 -0.652256 0.099943
41.000000 454.000000 -0.625581 0.098902
52.000000 454.000000 -0.610450 0.098318
1049.000000 454.000000 0.393471 0.091058
221.000000 455.000000 -0.403873 0.092284
1205.000000 455.000000 0.580683 0.098282
1087.000000 456.000000 0.435924 0.094253
1108.000000 456.000000 0.460135 0.095021
1127.000000 456.000000 0.482571 0.095763
1229.000000 456.000000 0.613125 0.100579
266.000000 457.000000 -0.355407 0.092892
1205.000000 457.000000 0.580785 0.100354
230.000000 458.000000 -0.394089 0.094913
281.000000 458.000000 -0.339702 0.093447
1039.000000 458.000000 0.382713 0.094624
134.000000 459.000000 -0.504826 0.099494
475.000000 459.000000 -0.150278 0.090911
523.000000 459.000000 -0.106016 0.090483
1233.000000 460.000000 0.618853 0.105006
988.000000 461.000000 0.328863 0.096062
253.000000 462.000000 -0.369359 0.098069
495.000000 462.000000 -0.131786 0.093463
1180.000000 462.000000 0.548425 0.104233
1053.000000 463.000000 0.398142 0.099920
1224.000000 463.000000 0.606675 0.107644
1164.000000 464.000000 0.528227 0.105478
1180.000000 464.000000 0.548527 0.106283
1203.000000 464.000000 0.578506 0.107507
45.000000 465.000000 -0.620673 0.110269
48.000000 465.000000 -0.616542 0.110091
389.000000 465.000000 -0.231741 0.097670
407.000000 465.000000 -0.214429 0.097361
1059.000000 465.000000 0.404824 0.102074
1233.000000 465.000000 0.619145 0.110275
22.000000 466.000000 -0.652969 0.112740
71.000000 466.000000 -0.585489 0.109808
384.000000 466.000000 -0.236598 0.098694
555.000000 466.000000 -0.076848 0.096668
47.000000 467.000000 -0.618037 0.112257
1240.000000 467.000000 0.628983 0.112814
408.000000 468.000000 -0.213522 0.100131
419.000000 468.000000 -0.203025 0.099951
48.000000 469.000000 -0.616783 0.114304
97.000000 469.000000 -0.551653 0.111472
375.000000 469.000000 -0.245403 0.101668
1101.000000 469.000000 0.452513 0.107624
38.000000 470.000000 -0.630687 0.115985
153.000000 470.000000 -0.482381 0.109687
300.000000 470.000000 -0.320372 0.104374
379.000000 470.000000 -0.241529 0.102524
1240.000000 470.000000 0.629171 0.115993
1264.000000 470.000000 0.663202 0.117557
46.000000 471.000000 -0.619661 0.116538
151.000000 471.000000 -0.484818 0.110782
417.000000 471.000000 -0.204978 0.102767
983.000000 471.000000 0.323971 0.105455
1136.000000 471.000000 0.494058 0.111200
1231.000000 471.000000 0.616753 0.116481
1176.000000 472.000000 0.543834 0.114276
1240.000000 472.000000 0.629300 0.118114
9.000000 473.000000 -0.672088 0.121107
37.000000 473.000000 -0.632275 0.119231
989.000000 473.000000 0.330230 0.107536
1232.000000 473.000000 0.618260 0.118656
1252.000000 473.000000 0.646250 0.119969
168.000000 474.000000 -0.464819 0.112998
4.000000 475.000000 -0.679485 0.123614
123.000000 475.000000 -0.519142 0.116213
132.000000 475.000000 -0.508036 0.115744
1199.000000 475.000000 0.573853 0.118696
1257.000000 476.000000 0.653571 0.123520
499.000000 477.000000 -0.128244 0.107197
530.000000 477.000000 -0.099745 0.106906
33.000000 478.000000 -0.638210 0.124817
133.000000 478.000000 -0.506966 0.118730
908.000000 478.000000 0.248919 0.110193
1147.000000 478.000000 0.507830 0.118828
59.000000 479.000000 -0.602401 0.124131
142.000000 479.000000 -0.496050 0.119272
151.000000 479.000000 -0.485206 0.118814
983.000000 479.000000 0.324205 0.113090
1090.000000 479.000000 0.440268 0.117054
1118.000000 479.000000 0.472890 0.118359
1159.000000 479.000000 0.522753 0.120496
275.000000 480.000000 -0.346627 0.114691
595.000000 480.000000 -0.040589 0.109278
1190.000000 480.000000 0.562358 0.123335
1256.000000 480.000000 0.652425 0.127740
117.000000 481.000000 -0.526952 0.122656
134.000000 481.000000 -0.505900 0.121716
1017.000000 481.000000 0.359869 0.116118
1147.000000 481.000000 0.507992 0.121871
278.000000 482.000000 -0.343547 0.116514
686.000000 482.000000 0.041791 0.111116
1041.000000 483.000000 0.385750 0.118942
1043.000000 483.000000 0.387928 0.119020
1047.000000 483.000000 0.392297 0.119177
1106.000000 483.000000 0.458967 0.121772
282.000000 484.000000 -0.339431 0.118303
1000.000000 484.000000 0.342036 0.118425
1026.000000 484.000000 0.369586 0.119344
1055.000000 484.000000 0.401130 0.120477
1193.000000 484.000000 0.566528 0.127672
1276.000000 484.000000 0.681625 0.133539
51.000000 485.000000 -0.613716 0.130998
158.000000 485.000000 -0.477158 0.124485
981.000000 485.000000 0.322328 0.118764
1028.000000 485.000000 0.371771 0.120388
1187.000000 485.000000 0.558768 0.128327
1250.000000 485.000000 0.644260 0.132663
533.000000 486.000000 -0.097074 0.115143
154.000000 487.000000 -0.482030 0.126705
165.000000 487.000000 -0.468975 0.126131
685.000000 487.000000 0.040903 0.115691
291.000000 488.000000 -0.330201 0.121843
841.000000 488.000000 0.184740 0.118213
1148.000000 488.000000 0.509616 0.129040
97.000000 489.000000 -0.552836 0.132087
527.000000 489.000000 -0.102600 0.117956
1047.000000 489.000000 0.392541 0.125036
87.000000 490.000000 -0.565872 0.133778
108.000000 490.000000 -0.538836 0.132420
114.000000 490.000000 -0.531252 0.132047
1171.000000 490.000000 0.538526 0.132478
1115.000000 491.000000 0.469952 0.130236
204.000000 492.000000 -0.424268 0.129191
311.000000 492.000000 -0.309761 0.125023
521.000000 492.000000 -0.108137 0.120776
1041.000000 492.000000 0.386112 0.127717
1146.000000 492.000000 0.507388 0.132994
1245.000000 492.000000 0.637729 0.139782
114.000000 493.000000 -0.531439 0.135127
1255.000000 493.000000 0.651980 0.141638
45.000000 495.000000 -0.622717 0.142050
1021.000000 495.000000 0.364656 0.129822
1243.000000 495.000000 0.635150 0.142838
1269.000000 495.000000 0.672294 0.144933
694.000000 496.000000 0.049111 0.123986
1097.000000 496.000000 0.449154 0.134290
157.000000 497.000000 -0.479000 0.136615
937.000000 497.000000 0.278062 0.128860
1004.000000 497.000000 0.346702 0.131099
286.000000 498.000000 -0.335747 0.131630
628.000000 498.000000 -0.010729 0.125698
40.000000 499.000000 -0.629977 0.146710
211.000000 499.000000 -0.416733 0.135773
1159.000000 499.000000 0.523960 0.140961
368.000000 500.000000 -0.252969 0.130960
694.000000 500.000000 0.049130 0.127663
1046.000000 500.000000 0.391923 0.135763
1196.000000 500.000000 0.571564 0.144555
55.000000 501.000000 -0.609428 0.147652
667.000000 501.000000 0.024620 0.128484
978.000000 501.000000 0.319772 0.134000
1184.000000 501.000000 0.555953 0.144733
266.000000 502.000000 -0.356934 0.136269
89.000000 503.000000 -0.564169 0.147180
232.000000 503.000000 -0.393648 0.138720
578.000000 504.000000 -0.056135 0.131380
694.000000 504.000000 0.049150 0.131345
1037.000000 504.000000 0.382282 0.139276
1039.000000 504.000000 0.384457 0.139366
1178.000000 504.000000 0.548419 0.147422
124.000000 505.000000 -0.519697 0.146798
541.000000 505.000000 -0.089916 0.132575
1094.000000 505.000000 0.446168 0.143122
1121.000000 505.000000 0.477878 0.144685
291.000000 506.000000 -0.330842 0.139157
299.000000 506.000000 -0.322557 0.138857
1042.000000 506.000000 0.387822 0.141465
4.000000 507.000000 -0.682043 0.158418
475.000000 507.000000 -0.150912 0.135252
1028.000000 507.000000 0.372676 0.141806
1037.000000 507.000000 0.382419 0.142214
1177.000000 507.000000 0.547350 0.150466
1191.000000 507.000000 0.565516 0.151507
49.000000 508.000000 -0.618233 0.155591
434.000000 508.000000 -0.189501 0.136928
1031.000000 508.000000 0.375959 0.142919
119.000000 509.000000 -0.526220 0.151256
541.000000 509.000000 -0.089953 0.136271
692.000000 509.000000 0.047356 0.135943
50.000000 510.000000 -0.617022 0.157642
59.000000 510.000000 -0.604698 0.156889
217.000000 510.000000 -0.410575 0.146350
953.000000 510.000000 0.294559 0.141758
1037.000000 510.000000 0.382558 0.145156
1186.000000 510.000000 0.559215 0.154263
121.000000 511.000000 -0.523854 0.153177
1104.000000 511.000000 0.458144 0.149717
690.000000 512.000000 0.045552 0.138702
870.000000 512.000000 0.212871 0.141248
1157.000000 513.000000 0.522414 0.155232
1173.000000 513.000000 0.542665 0.156406
1026.000000 514.000000 0.370840 0.148562
127.000000 515.000000 -0.516657 0.156872
486.000000 515.000000 -0.140787 0.142523
1019.000000 515.000000 0.363372 0.149217
129.000000 516.000000 -0.514246 0.157758
1096.000000 516.000000 0.449120 0.154267
1249.000000 516.000000 0.645415 0.165964
563.000000 518.000000 -0.069905 0.144410
852.000000 518.000000 0.195782 0.146469
1179.000000 518.000000 0.550762 0.162079
1185.000000 518.000000 0.558540 0.162557
136.000000 519.000000 -0.505822 0.160344
1016.000000 519.000000 0.360350 0.152989
16.000000 520.000000 -0.665850 0.171515
195.000000 520.000000 -0.435972 0.157519
592.000000 520.000000 -0.043477 0.146079
1162.000000 520.000000 0.529217 0.162841
93.000000 521.000000 -0.560349 0.165705
346.000000 521.000000 -0.275387 0.151578
694.000000 521.000000 0.049241 0.147044
197.000000 522.000000 -0.433805 0.159404
323.000000 522.000000 -0.298585 0.153358
867.000000 522.000000 0.210235 0.150597
1015.000000 522.000000 0.359423 0.155876
1111.000000 522.000000 0.467071 0.161270
1236.000000 522.000000 0.627671 0.171243
18.000000 523.000000 -0.663261 0.174600
968.000000 523.000000 0.310320 0.154809
1031.000000 523.000000 0.376678 0.157638
1157.000000 523.000000 0.523155 0.165568
1160.000000 523.000000 0.526926 0.165799
20.000000 524.000000 -0.660487 0.175497
72.000000 524.000000 -0.588339 0.170653
74.000000 524.000000 -0.585662 0.170477
696.000000 524.000000 0.051081 0.149836
209.000000 525.000000 -0.420366 0.161697
692.000000 525.000000 0.047441 0.150740
694.000000 525.000000 0.049264 0.150751
23.000000 526.000000 -0.656388 0.177386
201.000000 526.000000 -0.429485 0.163172
702.000000 526.000000 0.056566 0.151729
1162.000000 526.000000 0.529684 0.169071
76.000000 527.000000 -0.583257 0.173484
127.000000 527.000000 -0.517546 0.169256
133.000000 527.000000 -0.510105 0.168798
323.000000 527.000000 -0.298775 0.158172
1092.000000 527.000000 0.445167 0.165093
1220.000000 527.000000 0.606026 0.175126
1230.000000 527.000000 0.619795 0.176067
865.000000 528.000000 0.208467 0.156213
1206.000000 528.000000 0.587151 0.174909
1215.000000 528.000000 0.599303 0.175733
1252.000000 528.000000 0.650835 0.179294
80.000000 529.000000 -0.578115 0.175250
114.000000 529.000000 -0.534032 0.172360
830.000000 529.000000 0.175142 0.156321
124.000000 530.000000 -0.521524 0.172599
130.000000 530.000000 -0.514049 0.172128
137.000000 530.000000 -0.505402 0.171590
379.000000 530.000000 -0.243049 0.159094
911.000000 530.000000 0.253285 0.159464
1030.000000 530.000000 0.375954 0.164484
1208.000000 530.000000 0.590021 0.177222
126.000000 531.000000 -0.519105 0.173478
183.000000 531.000000 -0.450498 0.169342
909.000000 531.000000 0.251347 0.160353
1205.000000 531.000000 0.586083 0.178011
117.000000 532.000000 -0.530482 0.175242
330.000000 532.000000 -0.291871 0.162720
467.000000 532.000000 -0.158845 0.158755
488.000000 532.000000 -0.139204 0.158367
1194.000000 532.000000 0.571534 0.178073
707.000000 533.000000 0.061182 0.158269
833.000000 533.000000 0.178069 0.160153
1030.000000 533.000000 0.376113 0.167446
243.000000 534.000000 -0.383188 0.168722
835.000000 534.000000 0.179988 0.161142
24.000000 535.000000 -0.655869 0.187122
369.000000 535.000000 -0.253037 0.164189
705.000000 535.000000 0.059369 0.160116
1030.000000 535.000000 0.376220 0.169422
1255.000000 536.000000 0.655943 0.188349
36.000000 537.000000 -0.639052 0.188068
81.000000 537.000000 -0.577516 0.183653
500.000000 537.000000 -0.128123 0.162851
1207.000000 537.000000 0.589333 0.184601
25.000000 538.000000 -0.654754 0.190304
703.000000 538.000000 0.057564 0.162896
1167.000000 538.000000 0.537024 0.182011
81.000000 539.000000 -0.577704 0.185781
509.000000 539.000000 -0.119803 0.164583
690.000000 539.000000 0.045698 0.163743
1029.000000 539.000000 0.375355 0.173325
1181.000000 539.000000 0.555133 0.184303
29.000000 540.000000 -0.649267 0.192073
356.000000 540.000000 -0.266089 0.169438
1221.000000 540.000000 0.608655 0.189198
26.000000 541.000000 -0.653645 0.193487
376.000000 541.000000 -0.246348 0.169694
917.000000 541.000000 0.259598 0.170203
28.000000 542.000000 -0.650902 0.194370
1214.000000 542.000000 0.599293 0.190649
1014.000000 544.000000 0.359467 0.177450
694.000000 545.000000 0.049388 0.169366
801.000000 545.000000 0.148187 0.170778
1114.000000 545.000000 0.472271 0.184943
164.000000 546.000000 -0.473937 0.185982
1024.000000 546.000000 0.370333 0.179981
1274.000000 546.000000 0.684584 0.201470
102.000000 548.000000 -0.551048 0.193356
1073.000000 548.000000 0.424758 0.185032
1158.000000 548.000000 0.526487 0.191703
105.000000 549.000000 -0.547272 0.194132
201.000000 549.000000 -0.430976 0.186334
639.000000 549.000000 -0.000763 0.172923
695.000000 549.000000 0.050329 0.173113
1076.000000 549.000000 0.428244 0.186249
1163.000000 549.000000 0.532910 0.193204
1266.000000 549.000000 0.673246 0.203893
859.000000 550.000000 0.203307 0.176928
1208.000000 550.000000 0.591976 0.198647
1263.000000 550.000000 0.669007 0.204660
1129.000000 551.000000 0.490815 0.192327
1154.000000 551.000000 0.521719 0.194490
137.000000 552.000000 -0.507193 0.194396
146.000000 552.000000 -0.496141 0.193626
207.000000 552.000000 -0.424348 0.188954
698.000000 552.000000 0.053094 0.175944
1078.000000 552.000000 0.430740 0.189428
31.000000 554.000000 -0.647962 0.207222
74.000000 554.000000 -0.588538 0.202530
198.000000 554.000000 -0.434765 0.191617
1141.000000 554.000000 0.505786 0.196472
1220.000000 554.000000 0.608746 0.204242
107.000000 555.000000 -0.545269 0.200290
499.000000 555.000000 -0.129363 0.179799
536.000000 556.000000 -0.095082 0.180159
1129.000000 556.000000 0.491237 0.197514
1207.000000 556.000000 0.591254 0.205009
250.000000 557.000000 -0.376901 0.191178
474.000000 557.000000 -0.152793 0.182193
1195.000000 557.000000 0.575282 0.204823
40.000000 558.000000 -0.635704 0.210595
471.000000 558.000000 -0.155636 0.183208
836.000000 558.000000 0.181534 0.183910
861.000000 558.000000 0.205469 0.184625
946.000000 559.000000 0.289412 0.188790
1084.000000 559.000000 0.438148 0.196987
1206.000000 559.000000 0.590226 0.208142
699.000000 560.000000 0.054070 0.183462
41.000000 561.000000 -0.634645 0.213776
841.000000 561.000000 0.186382 0.186907
988.000000 561.000000 0.332834 0.192829
1025.000000 561.000000 0.372304 0.194970
1083.000000 561.000000 0.437145 0.198952
269.000000 562.000000 -0.356712 0.195020
791.000000 562.000000 0.139168 0.186647
57.000000 564.000000 -0.612747 0.215224
535.000000 564.000000 -0.096115 0.187716
683.000000 564.000000 0.039447 0.187116
686.000000 564.000000 0.042193 0.187134
1068.000000 564.000000 0.420207 0.200891
40.000000 565.000000 -0.636518 0.218296
266.000000 565.000000 -0.360104 0.198185
448.000000 565.000000 -0.177559 0.190436
463.000000 565.000000 -0.163344 0.190050
531.000000 565.000000 -0.099828 0.188719
680.000000 565.000000 0.036708 0.188040
1206.000000 566.000000 0.590995 0.215720
40.000000 567.000000 -0.636756 0.220501
45.000000 567.000000 -0.629743 0.219907
314.000000 567.000000 -0.309770 0.197502
344.000000 567.000000 -0.279204 0.196067
1034.000000 567.000000 0.382503 0.201558
1122.000000 567.000000 0.483700 0.208344
1156.000000 567.000000 0.525746 0.211528
43.000000 568.000000 -0.632662 0.221246
778.000000 568.000000 0.127139 0.192081
959.000000 568.000000 0.303107 0.198216
1207.000000 569.000000 0.592686 0.219090
457.000000 570.000000 -0.169149 0.194973
511.000000 570.000000 -0.118463 0.193782
679.000000 570.000000 0.035820 0.192749
1098.000000 570.000000 0.455331 0.209385
52.000000 571.000000 -0.620471 0.223474
961.000000 571.000000 0.305314 0.201267
1063.000000 571.000000 0.415061 0.207643
1244.000000 571.000000 0.644252 0.225685
50.000000 572.000000 -0.623368 0.224813
860.000000 572.000000 0.204948 0.198027
1166.000000 572.000000 0.538984 0.217851
1263.000000 572.000000 0.671665 0.229183
106.000000 573.000000 -0.548377 0.219551
262.000000 573.000000 -0.364904 0.206430
321.000000 573.000000 -0.302877 0.203050
677.000000 573.000000 0.034004 0.195571
52.000000 574.000000 -0.620831 0.226773
75.000000 574.000000 -0.589387 0.224058
110.000000 574.000000 -0.543327 0.220198
1082.000000 574.000000 0.437009 0.212189
1200.000000 574.000000 0.583820 0.223723
1216.000000 574.000000 0.605532 0.225593
1250.000000 574.000000 0.653180 0.229771
49.000000 575.000000 -0.625123 0.228239
491.000000 575.000000 -0.137234 0.198935
1086.000000 575.000000 0.441724 0.213545
955.000000 576.000000 0.299410 0.205884
113.000000 577.000000 -0.539793 0.223087
119.000000 577.000000 -0.532134 0.222456
205.000000 577.000000 -0.428488 0.214563
296.000000 577.000000 -0.329011 0.208360
669.000000 577.000000 0.026696 0.199316
674.000000 577.000000 0.031277 0.199339
907.000000 577.000000 0.251089 0.204624
1087.000000 577.000000 0.443052 0.215689
1203.000000 577.000000 0.588205 0.227335
185.000000 579.000000 -0.451813 0.218280
1088.000000 579.000000 0.444384 0.217838
1118.000000 579.000000 0.479958 0.220507
1215.000000 579.000000 0.604762 0.230956
120.000000 580.000000 -0.531178 0.225550
672.000000 580.000000 0.029458 0.202172
942.000000 580.000000 0.286348 0.209166
945.000000 580.000000 0.289399 0.209316
1171.000000 580.000000 0.546278 0.226947
1190.000000 580.000000 0.571165 0.229084
246.000000 581.000000 -0.382850 0.215561
964.000000 581.000000 0.308936 0.211300
1147.000000 581.000000 0.515828 0.225462
1073.000000 582.000000 0.427304 0.219681
1118.000000 582.000000 0.480240 0.223650
1177.000000 582.000000 0.554294 0.229766
852.000000 583.000000 0.197600 0.208373
67.000000 584.000000 -0.601418 0.235940
239.000000 584.000000 -0.390778 0.219108
246.000000 584.000000 -0.383063 0.218600
1067.000000 584.000000 0.420612 0.221249
1147.000000 584.000000 0.516140 0.228651
1202.000000 584.000000 0.587690 0.234858
254.000000 585.000000 -0.374382 0.219047
576.000000 585.000000 -0.058570 0.207136
957.000000 585.000000 0.301939 0.214881
974.000000 585.000000 0.319538 0.215835
1130.000000 585.000000 0.495147 0.227974
116.000000 586.000000 -0.536924 0.232400
181.000000 586.000000 -0.457131 0.225901
248.000000 586.000000 -0.381012 0.220485
750.000000 586.000000 0.101405 0.208712
1196.000000 586.000000 0.579868 0.236319
582.000000 587.000000 -0.053069 0.208985
896.000000 587.000000 0.240629 0.213915
1101.000000 587.000000 0.460365 0.227293
1165.000000 587.000000 0.539318 0.233805
1221.000000 587.000000 0.614022 0.240520
1240.000000 587.000000 0.640623 0.242988
234.000000 588.000000 -0.396624 0.223556
246.000000 588.000000 -0.383353 0.222660
953.000000 588.000000 0.297993 0.217637
1195.000000 588.000000 0.578772 0.238382
58.000000 589.000000 -0.614394 0.242583
314.000000 589.000000 -0.310954 0.219260
1081.000000 589.000000 0.437112 0.227582
1095.000000 589.000000 0.453460 0.228829
273.000000 590.000000 -0.354188 0.222796
953.000000 590.000000 0.298102 0.219621
967.000000 590.000000 0.312548 0.220408
59.000000 591.000000 -0.613271 0.244669
554.000000 591.000000 -0.078927 0.213105
933.000000 591.000000 0.277776 0.219557
969.000000 591.000000 0.314684 0.221521
1018.000000 591.000000 0.366696 0.224679
1118.000000 591.000000 0.481113 0.233111
1161.000000 591.000000 0.534636 0.237659
955.000000 592.000000 0.300267 0.221717
1014.000000 592.000000 0.362433 0.225411
1025.000000 592.000000 0.374389 0.226195
1205.000000 592.000000 0.592738 0.244006
810.000000 593.000000 0.157800 0.216752
8.000000 594.000000 -0.686191 0.254913
842.000000 594.000000 0.188349 0.218692
891.000000 594.000000 0.235995 0.220550
1174.000000 594.000000 0.551768 0.242399
1182.000000 594.000000 0.562245 0.243355
210.000000 595.000000 -0.424256 0.232689
1021.000000 595.000000 0.370244 0.228952
1192.000000 595.000000 0.575623 0.245671
321.000000 596.000000 -0.304122 0.225830
608.000000 596.000000 -0.029230 0.217393
845.000000 596.000000 0.191301 0.220735
594.000000 597.000000 -0.042109 0.218433
958.000000 597.000000 0.303641 0.226866
1082.000000 597.000000 0.438983 0.235982
194.000000 598.000000 -0.442988 0.237223
406.000000 599.000000 -0.219125 0.224676
895.000000 599.000000 0.240161 0.225631
903.000000 599.000000 0.248091 0.225994
1040.000000 599.000000 0.391447 0.234480
1121.000000 599.000000 0.485568 0.241875
1249.000000 599.000000 0.655084 0.257701
1251.000000 599.000000 0.657954 0.257982
59.000000 600.000000 -0.614454 0.254665
836.000000 600.000000 0.182791 0.224321
1164.000000 600.000000 0.539526 0.247722
1189.000000 600.000000 0.572251 0.250778
595.000000 601.000000 -0.041217 0.222256
1084.000000 601.000000 0.441679 0.240339
956.000000 603.000000 0.301928 0.232743
9.000000 604.000000 -0.686149 0.266183
986.000000 604.000000 0.333319 0.235631
1083.000000 604.000000 0.440794 0.243383
1180.000000 604.000000 0.560844 0.254030
144.000000 605.000000 -0.503766 0.249676
264.000000 605.000000 -0.364952 0.238639
946.000000 605.000000 0.291764 0.234161
1056.000000 605.000000 0.409882 0.241989
1208.000000 605.000000 0.598516 0.258776
1222.000000 605.000000 0.617802 0.260685
253.000000 606.000000 -0.377025 0.240498
563.000000 606.000000 -0.070797 0.227374
733.000000 606.000000 0.085946 0.227622
101.000000 607.000000 -0.558824 0.256932
147.000000 607.000000 -0.500274 0.251486
170.000000 607.000000 -0.472253 0.249024
950.000000 607.000000 0.295984 0.236393
1088.000000 607.000000 0.446928 0.247007
82.000000 608.000000 -0.584176 0.260484
1208.000000 608.000000 0.598922 0.262113
562.000000 609.000000 -0.071761 0.230277
1104.000000 609.000000 0.466082 0.250717
261.000000 610.000000 -0.368591 0.243977
949.000000 610.000000 0.295133 0.239340
1215.000000 610.000000 0.608806 0.265310
68.000000 611.000000 -0.603572 0.265709
200.000000 611.000000 -0.437227 0.250260
608.000000 611.000000 -0.029306 0.231784
681.000000 611.000000 0.037914 0.231849
1171.000000 611.000000 0.549940 0.260561
1270.000000 611.000000 0.687277 0.274431
608.000000 613.000000 -0.029317 0.233712
680.000000 614.000000 0.037012 0.234735
1149.000000 614.000000 0.522039 0.261112
1163.000000 614.000000 0.539944 0.262836
916.000000 615.000000 0.261874 0.242491
1069.000000 615.000000 0.425619 0.253582
1267.000000 615.000000 0.683487 0.278583
899.000000 617.000000 0.244974 0.243614
171.000000 618.000000 -0.472214 0.260618
1006.000000 618.000000 0.355694 0.251310
1078.000000 618.000000 0.436322 0.257604
215.000000 619.000000 -0.420696 0.257227
213.000000 620.000000 -0.423082 0.258465
231.000000 620.000000 -0.402631 0.256802
1252.000000 620.000000 0.662472 0.282051
899.000000 621.000000 0.245173 0.247596
932.000000 621.000000 0.278391 0.249383
1087.000000 621.000000 0.447153 0.261683
1165.000000 621.000000 0.543424 0.270765
980.000000 622.000000 0.328214 0.253483
1006.000000 622.000000 0.356003 0.255418
989.000000 623.000000 0.337835 0.255154
1120.000000 623.000000 0.486977 0.267421
1164.000000 623.000000 0.542389 0.272834
158.000000 624.000000 -0.488667 0.268508
1137.000000 624.000000 0.508141 0.270519
228.000000 625.000000 -0.406470 0.262299
624.000000 625.000000 -0.014609 0.245257
677.000000 625.000000 0.034318 0.245365
1120.000000 625.000000 0.487208 0.269578
1129.000000 625.000000 0.498299 0.270639
1171.000000 625.000000 0.551765 0.275967
293.000000 626.000000 -0.335376 0.257952
842.000000 626.000000 0.189501 0.250024
989.000000 626.000000 0.338057 0.258227
1005.000000 626.000000 0.355236 0.259457
1169.000000 626.000000 0.549286 0.276805
1089.000000 627.000000 0.450139 0.268270
767.000000 628.000000 0.118135 0.249654
922.000000 628.000000 0.268644 0.255846
1013.000000 628.000000 0.364085 0.262168
1040.000000 628.000000 0.393911 0.264502
827.000000 629.000000 0.175157 0.252428
1077.000000 629.000000 0.436268 0.269139
1206.000000 629.000000 0.599166 0.285368
1060.000000 630.000000 0.416736 0.268487
1075.000000 630.000000 0.434042 0.269994
1190.000000 630.000000 0.577628 0.284167
1195.000000 630.000000 0.584358 0.284887
651.000000 632.000000 0.010323 0.252059
1115.000000 632.000000 0.481914 0.276554
1156.000000 632.000000 0.533254 0.281696
1190.000000 632.000000 0.577915 0.286409
1192.000000 632.000000 0.580604 0.286698
1212.000000 632.000000 0.607859 0.289657
552.000000 633.000000 -0.081403 0.253732
1102.000000 633.000000 0.466288 0.276126
916.000000 634.000000 0.262922 0.261549
935.000000 634.000000 0.282236 0.262687
1114.000000 634.000000 0.480931 0.278601
1170.000000 634.000000 0.551685 0.285812
1213.000000 634.000000 0.609543 0.292079
117.000000 636.000000 -0.541790 0.286788
310.000000 637.000000 -0.318218 0.267987
1042.000000 637.000000 0.396991 0.274127
1094.000000 637.000000 0.457168 0.279523
1269.000000 638.000000 0.690026 0.305574
979.000000 640.000000 0.328479 0.271868
1105.000000 640.000000 0.470716 0.284033
1184.000000 640.000000 0.571049 0.294523
1212.000000 640.000000 0.609083 0.298755
987.000000 641.000000 0.337075 0.273523
1120.000000 641.000000 0.489134 0.286940
1033.000000 644.000000 0.387567 0.280648
1189.000000 644.000000 0.578342 0.299779
1171.000000 645.000000 0.554558 0.298242
1212.000000 645.000000 0.609866 0.304468
219.000000 646.000000 -0.418791 0.285376
1071.000000 647.000000 0.431192 0.287710
1124.000000 647.000000 0.494835 0.294017
1077.000000 648.000000 0.438312 0.289448
1092.000000 648.000000 0.456051 0.291167
1205.000000 648.000000 0.600695 0.306795
1251.000000 648.000000 0.665500 0.314288
1001.000000 649.000000 0.352807 0.283003
1013.000000 649.000000 0.365895 0.284061
1016.000000 649.000000 0.369190 0.284333
1073.000000 649.000000 0.433743 0.290078
1118.000000 649.000000 0.487680 0.295443
228.000000 650.000000 -0.408914 0.288708
940.000000 650.000000 0.288417 0.279341
1120.000000 650.000000 0.490274 0.296797
1163.000000 650.000000 0.544813 0.302691
1218.000000 650.000000 0.618999 0.311169
1222.000000 650.000000 0.624588 0.311820
720.000000 651.000000 0.074562 0.271337
1001.000000 651.000000 0.352980 0.285097
1085.000000 651.000000 0.448081 0.293598
1087.000000 651.000000 0.450452 0.293832
1165.000000 651.000000 0.547569 0.304105
164.000000 652.000000 -0.484718 0.298232
229.000000 652.000000 -0.407982 0.290738
614.000000 652.000000 -0.023971 0.271728
1091.000000 652.000000 0.455331 0.295388
998.000000 653.000000 0.349902 0.286932
1011.000000 653.000000 0.364064 0.288086
295.000000 654.000000 -0.335425 0.286732
1007.000000 654.000000 0.359778 0.288777
1009.000000 654.000000 0.361964 0.288957
1029.000000 654.000000 0.384062 0.290837
1185.000000 654.000000 0.574499 0.310509
612.000000 655.000000 -0.025845 0.274705
652.000000 655.000000 0.011305 0.274646
1085.000000 655.000000 0.448550 0.297935
1090.000000 655.000000 0.454496 0.298531
1123.000000 655.000000 0.494642 0.302699
251.000000 656.000000 -0.383608 0.292785
890.000000 656.000000 0.238060 0.282367
147.000000 657.000000 -0.506452 0.305994
728.000000 657.000000 0.082154 0.277426
1132.000000 657.000000 0.506147 0.306130
1136.000000 657.000000 0.511183 0.306681
1226.000000 657.000000 0.631363 0.320588
129.000000 658.000000 -0.529415 0.309631
338.000000 658.000000 -0.290542 0.287601
1081.000000 658.000000 0.444169 0.300722
155.000000 659.000000 -0.496741 0.307129
254.000000 659.000000 -0.380561 0.295678
1087.000000 659.000000 0.451404 0.302527
158.000000 660.000000 -0.493155 0.307834
1098.000000 660.000000 0.464705 0.304975
1119.000000 660.000000 0.490352 0.307696
1214.000000 660.000000 0.615074 0.322063
139.000000 661.000000 -0.517093 0.311563
889.000000 661.000000 0.237344 0.287410
996.000000 661.000000 0.348438 0.295162
1136.000000 661.000000 0.511742 0.311142
145.000000 662.000000 -0.509655 0.311836
769.000000 662.000000 0.120903 0.283365
810.000000 662.000000 0.160033 0.284705
1165.000000 663.000000 0.549364 0.317653
1171.000000 663.000000 0.557260 0.318577
890.000000 664.000000 0.238518 0.290536
441.000000 665.000000 -0.187826 0.288857
1120.000000 665.000000 0.492267 0.313379
1191.000000 665.000000 0.584333 0.324044
1226.000000 665.000000 0.632720 0.329910
590.000000 666.000000 -0.046421 0.285811
887.000000 666.000000 0.235632 0.292411
1161.000000 666.000000 0.544590 0.320445
1193.000000 666.000000 0.587209 0.325522
1209.000000 666.000000 0.609145 0.328182
776.000000 667.000000 0.127695 0.288586
1163.000000 667.000000 0.547358 0.321888
237.000000 668.000000 -0.400578 0.307048
1034.000000 668.000000 0.391084 0.306286
1173.000000 668.000000 0.560691 0.324592
1259.000000 668.000000 0.680518 0.339201
690.000000 669.000000 0.046784 0.288825
1043.000000 669.000000 0.401378 0.308323
1092.000000 669.000000 0.458623 0.314106
301.000000 670.000000 -0.330358 0.303008
992.000000 670.000000 0.344915 0.304311
1177.000000 670.000000 0.566329 0.327521
255.000000 671.000000 -0.380646 0.308387
1166.000000 671.000000 0.551920 0.326914
253.000000 672.000000 -0.382981 0.309665
304.000000 672.000000 -0.327326 0.304859
585.000000 672.000000 -0.051160 0.291867
649.000000 672.000000 0.008554 0.291555
1105.000000 673.000000 0.474892 0.320238
1161.000000 673.000000 0.545674 0.328411
1165.000000 673.000000 0.550920 0.329041
1033.000000 674.000000 0.390593 0.312639
1119.000000 674.000000 0.492275 0.323284
1143.000000 674.000000 0.522537 0.326781
1206.000000 674.000000 0.606359 0.336980
760.000000 675.000000 0.112729 0.296187
998.000000 675.000000 0.351898 0.310181
1000.000000 675.000000 0.354080 0.310371
1027.000000 675.000000 0.383954 0.313081
1039.000000 675.000000 0.397489 0.314370
1105.000000 675.000000 0.475162 0.322463
1173.000000 675.000000 0.561814 0.332617
1008.000000 676.000000 0.362950 0.312217
1170.000000 676.000000 0.557997 0.333280
1175.000000 676.000000 0.564637 0.334093
1226.000000 677.000000 0.634817 0.343997
901.000000 678.000000 0.250449 0.305642
958.000000 678.000000 0.309290 0.309822
1118.000000 678.000000 0.491599 0.327627
1164.000000 678.000000 0.550403 0.334609
1211.000000 678.000000 0.613981 0.342525
1056.000000 679.000000 0.417424 0.320658
1008.000000 680.000000 0.363348 0.316507
1213.000000 681.000000 0.617293 0.346400
276.000000 682.000000 -0.358528 0.318078
759.000000 682.000000 0.111974 0.303246
1049.000000 682.000000 0.409703 0.323117
1211.000000 682.000000 0.614686 0.347222
1119.000000 683.000000 0.493564 0.333399
1205.000000 683.000000 0.606545 0.347337
960.000000 684.000000 0.311904 0.316333
1206.000000 685.000000 0.608282 0.349864
213.000000 686.000000 -0.430327 0.329458
315.000000 686.000000 -0.316828 0.318736
1059.000000 687.000000 0.421869 0.329804
1084.000000 687.000000 0.451379 0.333004
209.000000 688.000000 -0.435276 0.332174
278.000000 688.000000 -0.356932 0.324334
939.000000 689.000000 0.290261 0.319900
1162.000000 689.000000 0.549568 0.346957
1221.000000 689.000000 0.629933 0.357293
209.000000 690.000000 -0.435531 0.334391
1125.000000 690.000000 0.502118 0.342224
215.000000 691.000000 -0.428613 0.334737
1076.000000 691.000000 0.442369 0.336402
1156.000000 691.000000 0.542031 0.348278
1177.000000 692.000000 0.570001 0.352984
1054.000000 693.000000 0.416799 0.335812
1186.000000 693.000000 0.582307 0.355724
948.000000 694.000000 0.300093 0.325944
1014.000000 694.000000 0.371456 0.332275
1162.000000 695.000000 0.550573 0.353916
971.000000 697.000000 0.324779 0.331195
1042.000000 697.000000 0.403445 0.338766
1163.000000 697.000000 0.552232 0.356414
545.000000 698.000000 -0.089259 0.318907
768.000000 698.000000 0.121031 0.319862
1179.000000 698.000000 0.573735 0.360361
1050.000000 699.000000 0.412909 0.341962
756.000000 700.000000 0.109632 0.321553
812.000000 700.000000 0.163515 0.323601
917.000000 700.000000 0.268322 0.329844
908.000000 701.000000 0.259156 0.330235
1141.000000 701.000000 0.524219 0.357378
1143.000000 702.000000 0.526962 0.358866
558.000000 703.000000 -0.077054 0.323756
908.000000 703.000000 0.259302 0.332355
1026.000000 703.000000 0.385935 0.343490
1080.000000 703.000000 0.448769 0.350398
1142.000000 704.000000 0.526004 0.361022
859.000000 705.000000 0.209980 0.331230
602.000000 706.000000 -0.035573 0.326187
945.000000 706.000000 0.297964 0.338528
1027.000000 706.000000 0.387420 0.346922
1082.000000 706.000000 0.451591 0.354070
1195.000000 706.000000 0.596932 0.372718
1243.000000 706.000000 0.664397 0.381804
780.000000 707.000000 0.132852 0.329572
862.000000 707.000000 0.213088 0.333511
1075.000000 707.000000 0.443346 0.354217
1148.000000 707.000000 0.534280 0.365523
1163.000000 707.000000 0.553964 0.368118
187.000000 708.000000 -0.464324 0.357641
551.000000 708.000000 -0.083797 0.329058
898.000000 709.000000 0.249519 0.338002
1237.000000 709.000000 0.656381 0.384288
1043.000000 710.000000 0.406204 0.353332
160.000000 711.000000 -0.498137 0.365209
168.000000 711.000000 -0.488139 0.363948
375.000000 711.000000 -0.256338 0.340520
646.000000 711.000000 0.005820 0.331166
1019.000000 712.000000 0.379090 0.352624
1134.000000 712.000000 0.517053 0.368995
972.000000 713.000000 0.327397 0.348626
1044.000000 713.000000 0.407742 0.356818
1047.000000 713.000000 0.411216 0.357206
1037.000000 714.000000 0.399804 0.357046
165.000000 715.000000 -0.492511 0.369038
160.000000 716.000000 -0.498941 0.371000
550.000000 716.000000 -0.084931 0.337371
836.000000 716.000000 0.187805 0.341514
863.000000 716.000000 0.214639 0.343087
1214.000000 716.000000 0.625186 0.388317
