133.000000 3.000000 -0.533579 -0.375341
571.000000 3.000000 -0.064998 -0.336638
1122.000000 3.000000 0.502561 -0.371466
1216.000000 3.000000 0.628180 -0.388577
430.000000 4.000000 -0.201212 -0.340859
688.000000 4.000000 0.045457 -0.335303
755.000000 4.000000 0.109139 -0.336754
1045.000000 4.000000 0.409236 -0.358955
21.000000 5.000000 -0.687601 -0.393976
26.000000 5.000000 -0.680390 -0.393017
578.000000 5.000000 -0.058334 -0.334444
742.000000 5.000000 0.096686 -0.335338
752.000000 5.000000 0.106238 -0.335622
61.000000 6.000000 -0.630395 -0.385049
116.000000 6.000000 -0.555345 -0.374798
395.000000 6.000000 -0.236160 -0.340944
746.000000 6.000000 0.100476 -0.334409
1060.000000 6.000000 0.426484 -0.358699
1043.000000 7.000000 0.406535 -0.355329
1046.000000 7.000000 0.410005 -0.355715
1049.000000 7.000000 0.413486 -0.356106
67.000000 8.000000 -0.621619 -0.381490
95.000000 8.000000 -0.583112 -0.376236
558.000000 8.000000 -0.077229 -0.331707
581.000000 8.000000 -0.055450 -0.331293
586.000000 8.000000 -0.050725 -0.331221
1056.000000 8.000000 0.421520 -0.355906
1208.000000 8.000000 0.616023 -0.381000
1212.000000 8.000000 0.621607 -0.381766
175.000000 9.000000 -0.479419 -0.361506
1140.000000 9.000000 0.524554 -0.367478
616.000000 10.000000 -0.022418 -0.328864
1183.000000 10.000000 0.581273 -0.373910
1225.000000 10.000000 0.639514 -0.381854
1228.000000 10.000000 0.643765 -0.382432
484.000000 11.000000 -0.147966 -0.330868
1119.000000 11.000000 0.497481 -0.361707
610.000000 12.000000 -0.028053 -0.326845
570.000000 13.000000 -0.065767 -0.326313
744.000000 13.000000 0.098377 -0.327101
1044.000000 14.000000 0.406801 -0.347636
751.000000 15.000000 0.104992 -0.325228
923.000000 15.000000 0.274866 -0.334282
1242.000000 15.000000 0.662783 -0.379075
137.000000 16.000000 -0.526202 -0.359480
147.000000 16.000000 -0.513401 -0.357848
619.000000 16.000000 -0.019563 -0.322680
648.000000 16.000000 0.007686 -0.322639
1255.000000 16.000000 0.681333 -0.380344
1045.000000 17.000000 0.407579 -0.344423
131.000000 18.000000 -0.533622 -0.358154
137.000000 18.000000 -0.525873 -0.357161
680.000000 18.000000 0.037754 -0.320786
425.000000 19.000000 -0.205318 -0.325374
492.000000 19.000000 -0.139933 -0.322259
598.000000 19.000000 -0.039284 -0.319766
651.000000 19.000000 0.010496 -0.319575
1048.000000 19.000000 0.410794 -0.342575
1199.000000 19.000000 0.601487 -0.366163
1168.000000 20.000000 0.559336 -0.359425
154.000000 21.000000 -0.503746 -0.350986
634.000000 21.000000 -0.005461 -0.317517
728.000000 21.000000 0.082990 -0.318480
1173.000000 21.000000 0.565828 -0.359126
1207.000000 21.000000 0.612186 -0.365261
144.000000 22.000000 -0.516260 -0.351412
1148.000000 22.000000 0.532727 -0.353700
566.000000 23.000000 -0.069369 -0.316124
583.000000 23.000000 -0.053349 -0.315856
1075.000000 23.000000 0.441927 -0.341613
725.000000 24.000000 0.080087 -0.315346
1125.000000 24.000000 0.502991 -0.347713
1213.000000 24.000000 0.619990 -0.362801
151.000000 25.000000 -0.506908 -0.346872
622.000000 25.000000 -0.016705 -0.313471
754.000000 25.000000 0.107567 -0.315032
159.000000 26.000000 -0.496704 -0.344508
636.000000 26.000000 -0.003580 -0.312419
638.000000 26.000000 -0.001706 -0.312418
752.000000 26.000000 0.105637 -0.313953
967.000000 26.000000 0.320179 -0.326259
1120.000000 26.000000 0.496402 -0.344662
63.000000 27.000000 -0.623657 -0.359529
568.000000 27.000000 -0.067413 -0.312007
1122.000000 27.000000 0.498757 -0.343827
1125.000000 27.000000 0.502529 -0.344285
1136.000000 27.000000 0.516476 -0.345997
1138.000000 27.000000 0.519032 -0.346314
1185.000000 27.000000 0.580921 -0.354197
624.000000 28.000000 -0.014819 -0.310413
54.000000 29.000000 -0.635919 -0.358798
564.000000 29.000000 -0.071147 -0.310041
568.000000 29.000000 -0.067379 -0.309971
726.000000 29.000000 0.080928 -0.310265
1054.000000 29.000000 0.416502 -0.332247
117.000000 31.000000 -0.549733 -0.345413
757.000000 31.000000 0.110253 -0.308985
1048.000000 31.000000 0.409329 -0.329319
1070.000000 31.000000 0.434957 -0.332042
616.000000 32.000000 -0.022293 -0.306392
625.000000 32.000000 -0.013869 -0.306353
750.000000 32.000000 0.103576 -0.307775
1043.000000 32.000000 0.403471 -0.327631
79.000000 33.000000 -0.600422 -0.349574
748.000000 33.000000 0.101653 -0.306705
1035.000000 33.000000 0.394239 -0.325617
587.000000 34.000000 -0.049449 -0.304622
616.000000 35.000000 -0.022277 -0.303358
753.000000 35.000000 0.106343 -0.304803
1199.000000 35.000000 0.598606 -0.347279
513.000000 36.000000 -0.119264 -0.304136
891.000000 36.000000 0.240701 -0.309901
1146.000000 36.000000 0.527883 -0.337267
1149.000000 36.000000 0.531756 -0.337740
1157.000000 36.000000 0.542155 -0.339018
42.000000 37.000000 -0.651462 -0.351471
660.000000 37.000000 0.018859 -0.301326
671.000000 37.000000 0.029146 -0.301393
1031.000000 37.000000 0.389266 -0.320816
151.000000 38.000000 -0.504940 -0.332087
147.000000 39.000000 -0.509833 -0.331549
457.000000 39.000000 -0.172952 -0.303117
1126.000000 39.000000 0.501981 -0.330811
1133.000000 39.000000 0.510812 -0.331853
1228.000000 39.000000 0.638349 -0.347738
1245.000000 40.000000 0.662429 -0.349627
182.000000 41.000000 -0.466276 -0.324355
1051.000000 41.000000 0.411604 -0.318722
427.000000 42.000000 -0.202118 -0.301453
665.000000 42.000000 0.023505 -0.296318
1226.000000 42.000000 0.634982 -0.343834
552.000000 43.000000 -0.082185 -0.296093
1187.000000 43.000000 0.580873 -0.335887
35.000000 44.000000 -0.660201 -0.344421
158.000000 44.000000 -0.495314 -0.324314
759.000000 44.000000 0.111792 -0.295848
1031.000000 44.000000 0.388506 -0.313236
1127.000000 44.000000 0.502505 -0.325319
1241.000000 44.000000 0.655965 -0.344154
525.000000 45.000000 -0.107623 -0.294690
1078.000000 45.000000 0.442637 -0.317592
1133.000000 45.000000 0.509919 -0.325069
41.000000 46.000000 -0.651276 -0.340989
158.000000 46.000000 -0.495031 -0.322073
760.000000 46.000000 0.112686 -0.293856
1088.000000 46.000000 0.454417 -0.317756
1249.000000 46.000000 0.667108 -0.343215
615.000000 47.000000 -0.023147 -0.291292
1128.000000 47.000000 0.503327 -0.322090
84.000000 48.000000 -0.591018 -0.331230
939.000000 48.000000 0.288913 -0.300705
158.000000 49.000000 -0.494610 -0.318717
214.000000 49.000000 -0.427295 -0.311533
1072.000000 49.000000 0.435070 -0.312469
90.000000 50.000000 -0.582556 -0.327928
219.000000 50.000000 -0.421376 -0.309865
760.000000 50.000000 0.112578 -0.289828
1013.000000 50.000000 0.367825 -0.304951
560.000000 51.000000 -0.074521 -0.287910
1245.000000 51.000000 0.660460 -0.336582
1265.000000 51.000000 0.689447 -0.340118
52.000000 52.000000 -0.634645 -0.332012
202.000000 52.000000 -0.440992 -0.309687
623.000000 52.000000 -0.015668 -0.286258
757.000000 52.000000 0.109685 -0.287739
759.000000 52.000000 0.111578 -0.287792
1096.000000 53.000000 0.463132 -0.311064
88.000000 54.000000 -0.584605 -0.323649
200.000000 54.000000 -0.443110 -0.307744
424.000000 54.000000 -0.204468 -0.289344
422.000000 55.000000 -0.206383 -0.288425
563.000000 55.000000 -0.071642 -0.283861
1128.000000 55.000000 0.502191 -0.313133
1134.000000 55.000000 0.509736 -0.313979
1266.000000 55.000000 0.690205 -0.335539
89.000000 56.000000 -0.582931 -0.321189
548.000000 56.000000 -0.085691 -0.283131
567.000000 56.000000 -0.067881 -0.282799
1041.000000 56.000000 0.398523 -0.301382
86.000000 57.000000 -0.586826 -0.320525
571.000000 57.000000 -0.064124 -0.281743
665.000000 57.000000 0.023420 -0.281320
1034.000000 57.000000 0.390518 -0.299581
189.000000 58.000000 -0.455681 -0.304710
203.000000 58.000000 -0.439101 -0.303030
453.000000 58.000000 -0.176027 -0.283988
504.000000 58.000000 -0.127172 -0.282202
535.000000 58.000000 -0.097872 -0.281406
670.000000 58.000000 0.028069 -0.280356
867.000000 58.000000 0.215511 -0.285910
970.000000 58.000000 0.320626 -0.292668
193.000000 59.000000 -0.450796 -0.303132
1164.000000 59.000000 0.547709 -0.313883
1190.000000 59.000000 0.582300 -0.317940
1199.000000 59.000000 0.594534 -0.319396
30.000000 60.000000 -0.664578 -0.326415
116.000000 60.000000 -0.546479 -0.312438
130.000000 60.000000 -0.528378 -0.310379
617.000000 60.000000 -0.021219 -0.278322
663.000000 60.000000 0.021544 -0.278330
80.000000 61.000000 -0.594332 -0.316899
82.000000 61.000000 -0.591610 -0.316577
506.000000 61.000000 -0.125188 -0.279143
545.000000 61.000000 -0.088409 -0.278206
610.000000 61.000000 -0.027724 -0.277367
1052.000000 61.000000 0.410516 -0.297186
12.000000 62.000000 -0.690306 -0.327140
73.000000 62.000000 -0.603749 -0.316881
1013.000000 62.000000 0.366676 -0.292206
1154.000000 62.000000 0.534260 -0.309012
1230.000000 62.000000 0.637160 -0.321081
529.000000 63.000000 -0.103407 -0.276558
547.000000 63.000000 -0.086494 -0.276177
605.000000 63.000000 -0.032362 -0.275418
610.000000 63.000000 -0.027712 -0.275385
647.000000 63.000000 0.006663 -0.275303
76.000000 64.000000 -0.599312 -0.314098
1203.000000 64.000000 0.599199 -0.314296
17.000000 65.000000 -0.682516 -0.322752
184.000000 65.000000 -0.460807 -0.297679
186.000000 65.000000 -0.458413 -0.297437
551.000000 65.000000 -0.082708 -0.274116
973.000000 65.000000 0.323245 -0.285610
1032.000000 65.000000 0.387468 -0.290852
1154.000000 65.000000 0.533824 -0.305645
200.000000 66.000000 -0.441699 -0.294705
1195.000000 66.000000 0.587959 -0.310725
973.000000 67.000000 0.323087 -0.283530
1121.000000 67.000000 0.491853 -0.298880
4.000000 68.000000 -0.700993 -0.321409
1078.000000 68.000000 0.439890 -0.292528
1225.000000 68.000000 0.629104 -0.313279
201.000000 69.000000 -0.440182 -0.291352
697.000000 69.000000 0.053101 -0.269704
1048.000000 69.000000 0.405113 -0.288207
1052.000000 69.000000 0.409669 -0.288621
64.000000 70.000000 -0.614876 -0.309133
1122.000000 70.000000 0.492699 -0.295707
1164.000000 70.000000 0.546076 -0.301486
863.000000 71.000000 0.210928 -0.272557
881.000000 71.000000 0.228692 -0.273456
46.000000 72.000000 -0.639752 -0.309743
1123.000000 72.000000 0.493679 -0.293638
1127.000000 72.000000 0.498645 -0.294157
96.000000 73.000000 -0.570902 -0.300749
128.000000 73.000000 -0.529102 -0.296143
1090.000000 73.000000 0.453504 -0.288506
10.000000 74.000000 -0.691209 -0.313349
34.000000 74.000000 -0.656492 -0.309389
39.000000 74.000000 -0.649356 -0.308570
544.000000 74.000000 -0.089094 -0.265341
547.000000 74.000000 -0.086287 -0.265285
600.000000 74.000000 -0.036926 -0.264596
1238.000000 74.000000 0.646517 -0.308470
581.000000 75.000000 -0.054567 -0.263794
1031.000000 75.000000 0.385385 -0.280175
1081.000000 75.000000 0.442627 -0.285323
1192.000000 75.000000 0.582500 -0.300017
1227.000000 75.000000 0.630775 -0.305520
41.000000 76.000000 -0.646186 -0.305928
129.000000 76.000000 -0.527411 -0.292675
147.000000 76.000000 -0.504677 -0.290282
924.000000 76.000000 0.271598 -0.270839
45.000000 77.000000 -0.640356 -0.304127
76.000000 77.000000 -0.597270 -0.299247
565.000000 77.000000 -0.069434 -0.262035
599.000000 77.000000 -0.037831 -0.261655
954.000000 77.000000 0.302399 -0.271797
1167.000000 77.000000 0.548986 -0.294078
130.000000 78.000000 -0.525864 -0.290324
921.000000 78.000000 0.268425 -0.268622
1226.000000 78.000000 0.628886 -0.301906
58.000000 79.000000 -0.621785 -0.299761
136.000000 79.000000 -0.518110 -0.288419
80.000000 80.000000 -0.591370 -0.295235
158.000000 80.000000 -0.490535 -0.284511
1214.000000 80.000000 0.611823 -0.297720
78.000000 81.000000 -0.593937 -0.294404
541.000000 81.000000 -0.091769 -0.258504
515.000000 82.000000 -0.116138 -0.258080
545.000000 82.000000 -0.088011 -0.257448
1195.000000 82.000000 0.585500 -0.292549
59.000000 83.000000 -0.619770 -0.295032
1121.000000 84.000000 0.489703 -0.280269
61.000000 85.000000 -0.616683 -0.292445
124.000000 85.000000 -0.532597 -0.283392
1268.000000 85.000000 0.688078 -0.300576
120.000000 86.000000 -0.537605 -0.282821
129.000000 86.000000 -0.526075 -0.281629
986.000000 86.000000 0.335425 -0.264891
1195.000000 86.000000 0.584907 -0.288038
108.000000 87.000000 -0.553047 -0.283344
202.000000 87.000000 -0.437056 -0.271964
174.000000 88.000000 -0.470113 -0.273948
207.000000 88.000000 -0.431141 -0.270384
677.000000 88.000000 0.034362 -0.250875
63.000000 89.000000 -0.613306 -0.287595
1084.000000 89.000000 0.444628 -0.270661
349.000000 90.000000 -0.277402 -0.256973
1242.000000 90.000000 0.649656 -0.290646
1055.000000 91.000000 0.410890 -0.265613
1214.000000 91.000000 0.610142 -0.285211
101.000000 92.000000 -0.561550 -0.278752
1221.000000 92.000000 0.619710 -0.285130
1233.000000 92.000000 0.636557 -0.286958
29.000000 93.000000 -0.660626 -0.288227
688.000000 93.000000 0.044502 -0.246094
1093.000000 93.000000 0.454830 -0.267358
1226.000000 93.000000 0.626549 -0.284749
1235.000000 93.000000 0.639234 -0.286123
100.000000 94.000000 -0.562595 -0.276668
1115.000000 94.000000 0.481170 -0.268735
96.000000 95.000000 -0.567747 -0.276105
121.000000 96.000000 -0.535006 -0.271678
731.000000 96.000000 0.084367 -0.243722
132.000000 97.000000 -0.520864 -0.269196
142.000000 97.000000 -0.508294 -0.267973
1037.000000 97.000000 0.390072 -0.257688
1184.000000 97.000000 0.568595 -0.274169
1219.000000 97.000000 0.616179 -0.279164
100.000000 98.000000 -0.562053 -0.272234
547.000000 98.000000 -0.085869 -0.241784
1199.000000 98.000000 0.588589 -0.275146
142.000000 99.000000 -0.508054 -0.265805
1077.000000 99.000000 0.435412 -0.259333
1230.000000 99.000000 0.631265 -0.278530
28.000000 100.000000 -0.660989 -0.280348
32.000000 100.000000 -0.655257 -0.279744
34.000000 100.000000 -0.652400 -0.279442
200.000000 100.000000 -0.438061 -0.258395
974.000000 100.000000 0.321715 -0.249707
1011.000000 100.000000 0.361225 -0.252426
1085.000000 100.000000 0.444657 -0.259082
1181.000000 100.000000 0.564208 -0.270433
1256.000000 100.000000 0.668238 -0.281323
94.000000 101.000000 -0.569583 -0.269719
1091.000000 101.000000 0.451618 -0.258637
1116.000000 101.000000 0.481594 -0.261326
30.000000 103.000000 -0.657669 -0.276616
191.000000 103.000000 -0.448285 -0.256128
195.000000 103.000000 -0.443596 -0.255727
597.000000 103.000000 -0.039484 -0.236346
60.000000 105.000000 -0.615115 -0.269967
109.000000 105.000000 -0.549355 -0.263343
121.000000 105.000000 -0.533872 -0.261836
1047.000000 105.000000 0.400562 -0.250249
1124.000000 105.000000 0.490926 -0.257933
39.000000 106.000000 -0.644396 -0.271869
43.000000 106.000000 -0.638736 -0.271286
45.000000 106.000000 -0.635916 -0.270995
188.000000 106.000000 -0.451512 -0.253260
1116.000000 106.000000 0.481041 -0.255974
1225.000000 106.000000 0.623226 -0.269876
36.000000 107.000000 -0.648511 -0.271173
1132.000000 107.000000 0.500570 -0.256692
1197.000000 107.000000 0.584637 -0.264834
54.000000 108.000000 -0.623020 -0.267446
100.000000 108.000000 -0.560736 -0.261203
106.000000 108.000000 -0.552880 -0.260435
103.000000 109.000000 -0.556673 -0.259720
109.000000 109.000000 -0.548849 -0.258962
1221.000000 109.000000 0.617224 -0.265929
161.000000 110.000000 -0.483402 -0.251825
163.000000 110.000000 -0.480974 -0.251610
214.000000 110.000000 -0.420966 -0.246580
1227.000000 110.000000 0.625451 -0.265656
57.000000 111.000000 -0.618427 -0.263654
72.000000 111.000000 -0.597807 -0.261590
101.000000 111.000000 -0.559039 -0.257781
221.000000 111.000000 -0.412908 -0.244915
926.000000 111.000000 0.271606 -0.235731
1118.000000 111.000000 0.482931 -0.250855
1252.000000 111.000000 0.660814 -0.268139
40.000000 112.000000 -0.642112 -0.264930
1206.000000 112.000000 0.596161 -0.260497
93.000000 113.000000 -0.569331 -0.256605
220.000000 113.000000 -0.413867 -0.242926
928.000000 113.000000 0.273521 -0.233847
1118.000000 113.000000 0.482716 -0.248724
1198.000000 113.000000 0.585180 -0.258314
1225.000000 113.000000 0.622232 -0.262001
196.000000 114.000000 -0.441361 -0.244067
583.000000 115.000000 -0.052303 -0.224898
1117.000000 116.000000 0.481184 -0.245428
1206.000000 116.000000 0.595623 -0.256054
1211.000000 116.000000 0.602454 -0.256724
119.000000 117.000000 -0.534983 -0.249041
1154.000000 117.000000 0.527041 -0.248452
1255.000000 117.000000 0.664269 -0.261747
45.000000 118.000000 -0.634214 -0.257467
81.000000 118.000000 -0.584702 -0.252644
1114.000000 118.000000 0.477343 -0.242995
1118.000000 118.000000 0.482189 -0.243410
1175.000000 118.000000 0.553999 -0.249880
1261.000000 118.000000 0.672816 -0.261472
150.000000 119.000000 -0.495882 -0.243412
1215.000000 119.000000 0.607546 -0.253924
79.000000 120.000000 -0.587136 -0.250697
1123.000000 120.000000 0.488070 -0.241809
35.000000 121.000000 -0.647938 -0.255478
1118.000000 121.000000 0.481879 -0.240229
51.000000 122.000000 -0.625265 -0.252168
587.000000 122.000000 -0.048555 -0.218152
1190.000000 122.000000 0.573295 -0.247367
33.000000 123.000000 -0.650508 -0.253502
75.000000 123.000000 -0.592152 -0.247902
239.000000 123.000000 -0.391726 -0.231047
472.000000 123.000000 -0.155648 -0.219220
585.000000 123.000000 -0.050388 -0.217212
1212.000000 123.000000 0.602894 -0.249086
1224.000000 123.000000 0.619466 -0.250677
83.000000 124.000000 -0.581256 -0.245789
196.000000 124.000000 -0.440439 -0.233627
236.000000 124.000000 -0.394980 -0.230258
1096.000000 124.000000 0.455248 -0.234902
1238.000000 124.000000 0.638979 -0.251456
1159.000000 125.000000 0.532493 -0.240399
31.000000 126.000000 -0.652948 -0.250399
112.000000 126.000000 -0.542922 -0.240124
201.000000 126.000000 -0.434470 -0.231105
293.000000 126.000000 -0.333156 -0.224202
727.000000 126.000000 0.080200 -0.214716
1001.000000 126.000000 0.348560 -0.225223
1116.000000 126.000000 0.478950 -0.234742
15.000000 127.000000 -0.675848 -0.251469
1184.000000 127.000000 0.564725 -0.241165
1218.000000 127.000000 0.610623 -0.245437
1227.000000 127.000000 0.623114 -0.246620
53.000000 128.000000 -0.621682 -0.245217
163.000000 128.000000 -0.479127 -0.232548
476.000000 128.000000 -0.151732 -0.214290
1048.000000 128.000000 0.399772 -0.226613
1199.000000 128.000000 0.584597 -0.241911
73.000000 129.000000 -0.594100 -0.241549
289.000000 129.000000 -0.337189 -0.221445
16.000000 130.000000 -0.673985 -0.247934
1129.000000 130.000000 0.494384 -0.231825
1242.000000 130.000000 0.643838 -0.245270
19.000000 131.000000 -0.669505 -0.246396
176.000000 131.000000 -0.463282 -0.228158
248.000000 131.000000 -0.381193 -0.222210
600.000000 131.000000 -0.036537 -0.209469
658.000000 131.000000 0.016655 -0.209379
48.000000 132.000000 -0.628131 -0.241421
56.000000 132.000000 -0.617003 -0.240391
168.000000 132.000000 -0.472728 -0.227862
1094.000000 132.000000 0.452153 -0.226367
34.000000 133.000000 -0.647735 -0.242139
202.000000 133.000000 -0.432715 -0.223775
204.000000 133.000000 -0.430415 -0.223606
245.000000 133.000000 -0.384343 -0.220397
618.000000 133.000000 -0.020013 -0.207484
1080.000000 133.000000 0.435742 -0.224098
1110.000000 133.000000 0.471048 -0.226800
77.000000 134.000000 -0.588080 -0.235572
79.000000 134.000000 -0.585391 -0.235330
602.000000 134.000000 -0.034684 -0.206603
1254.000000 134.000000 0.660466 -0.242388
119.000000 135.000000 -0.532947 -0.229664
218.000000 135.000000 -0.414298 -0.220408
253.000000 135.000000 -0.375437 -0.217798
1077.000000 135.000000 0.432110 -0.221777
47.000000 136.000000 -0.629014 -0.237107
604.000000 136.000000 -0.032839 -0.204692
606.000000 136.000000 -0.031004 -0.204682
996.000000 136.000000 0.342586 -0.214850
1191.000000 136.000000 0.572925 -0.232204
40.000000 137.000000 -0.638718 -0.236892
613.000000 137.000000 -0.024582 -0.203702
1114.000000 137.000000 0.475473 -0.222988
43.000000 138.000000 -0.634366 -0.235396
46.000000 138.000000 -0.630159 -0.235015
89.000000 139.000000 -0.571464 -0.228708
116.000000 140.000000 -0.536237 -0.224638
165.000000 140.000000 -0.475578 -0.219772
213.000000 140.000000 -0.419568 -0.215681
605.000000 140.000000 -0.031901 -0.200892
1116.000000 140.000000 0.477600 -0.220036
1118.000000 140.000000 0.480013 -0.220223
1244.000000 140.000000 0.645366 -0.234355
433.000000 141.000000 -0.192272 -0.203004
862.000000 141.000000 0.207095 -0.203548
988.000000 141.000000 0.333822 -0.209369
112.000000 142.000000 -0.541145 -0.222926
974.000000 142.000000 0.319109 -0.207570
1008.000000 142.000000 0.355007 -0.209597
1014.000000 142.000000 0.361455 -0.209982
1232.000000 142.000000 0.628172 -0.230610
1274.000000 142.000000 0.688500 -0.236026
433.000000 143.000000 -0.192209 -0.201079
1074.000000 143.000000 0.428008 -0.213302
191.000000 144.000000 -0.444519 -0.213348
689.000000 144.000000 0.045018 -0.197197
1082.000000 144.000000 0.437134 -0.212920
1112.000000 144.000000 0.472429 -0.215494
1181.000000 144.000000 0.558816 -0.222407
157.000000 145.000000 -0.484760 -0.215283
180.000000 145.000000 -0.457304 -0.213242
188.000000 145.000000 -0.447929 -0.212566
202.000000 145.000000 -0.431731 -0.211427
1274.000000 145.000000 0.688107 -0.232636
194.000000 146.000000 -0.440874 -0.211043
596.000000 147.000000 -0.040110 -0.194317
1152.000000 147.000000 0.521258 -0.216149
115.000000 148.000000 -0.536676 -0.216209
229.000000 148.000000 -0.400974 -0.206335
1183.000000 148.000000 0.560999 -0.218323
549.000000 149.000000 -0.083278 -0.192863
1224.000000 149.000000 0.616172 -0.221916
225.000000 150.000000 -0.405296 -0.204594
598.000000 150.000000 -0.038261 -0.191472
600.000000 150.000000 -0.036430 -0.191461
170.000000 151.000000 -0.468626 -0.207885
233.000000 151.000000 -0.396317 -0.203019
430.000000 151.000000 -0.194841 -0.193486
237.000000 152.000000 -0.391822 -0.201735
603.000000 152.000000 -0.033674 -0.189560
608.000000 152.000000 -0.029099 -0.189537
1199.000000 152.000000 0.581769 -0.215767
202.000000 153.000000 -0.431108 -0.203241
225.000000 153.000000 -0.405083 -0.201555
624.000000 153.000000 -0.014469 -0.188544
1251.000000 153.000000 0.653721 -0.220765
153.000000 154.000000 -0.488795 -0.206251
236.000000 154.000000 -0.392791 -0.199788
1115.000000 154.000000 0.475142 -0.205363
155.000000 155.000000 -0.486282 -0.205033
436.000000 155.000000 -0.188979 -0.189479
608.000000 155.000000 -0.029087 -0.186711
1246.000000 155.000000 0.646342 -0.217939
1256.000000 155.000000 0.660655 -0.219152
76.000000 156.000000 -0.586889 -0.211765
434.000000 156.000000 -0.190863 -0.188580
1114.000000 156.000000 0.473773 -0.203204
1200.000000 156.000000 0.582669 -0.211554
1202.000000 156.000000 0.585352 -0.211773
1240.000000 156.000000 0.637717 -0.216117
1242.000000 156.000000 0.640545 -0.216354
1253.000000 156.000000 0.656222 -0.217676
169.000000 157.000000 -0.469309 -0.201763
267.000000 157.000000 -0.358881 -0.194822
602.000000 157.000000 -0.034564 -0.184857
167.000000 158.000000 -0.471608 -0.200896
239.000000 158.000000 -0.389218 -0.195565
1114.000000 158.000000 0.473603 -0.201133
1129.000000 158.000000 0.491723 -0.202426
176.000000 159.000000 -0.460855 -0.199128
197.000000 159.000000 -0.436395 -0.197496
210.000000 159.000000 -0.421544 -0.196542
212.000000 159.000000 -0.419278 -0.196399
1223.000000 159.000000 0.613627 -0.210854
1050.000000 160.000000 0.399669 -0.194264
1072.000000 160.000000 0.424429 -0.195798
1204.000000 160.000000 0.587607 -0.207668
198.000000 161.000000 -0.435096 -0.195383
1212.000000 161.000000 0.598326 -0.207455
174.000000 162.000000 -0.462975 -0.196203
206.000000 162.000000 -0.425874 -0.193785
214.000000 162.000000 -0.416806 -0.193220
526.000000 162.000000 -0.104341 -0.180900
71.000000 163.000000 -0.592864 -0.204743
154.000000 163.000000 -0.486803 -0.196811
445.000000 163.000000 -0.180183 -0.181602
1091.000000 163.000000 0.446071 -0.194151
222.000000 164.000000 -0.407681 -0.190654
531.000000 165.000000 -0.099676 -0.178003
614.000000 165.000000 -0.023569 -0.177298
1135.000000 165.000000 0.498449 -0.195662
1256.000000 165.000000 0.659463 -0.208052
207.000000 166.000000 -0.424454 -0.189660
488.000000 166.000000 -0.139597 -0.177778
1105.000000 166.000000 0.462251 -0.192158
1109.000000 166.000000 0.466989 -0.192473
1111.000000 166.000000 0.469367 -0.192632
365.000000 167.000000 -0.257614 -0.180323
1020.000000 167.000000 0.366386 -0.185390
1029.000000 167.000000 0.376131 -0.185920
1186.000000 167.000000 0.562958 -0.198295
1247.000000 167.000000 0.646360 -0.204810
1276.000000 167.000000 0.688319 -0.208170
142.000000 168.000000 -0.501003 -0.192638
469.000000 168.000000 -0.157371 -0.176282
700.000000 168.000000 0.054920 -0.174679
711.000000 168.000000 0.064995 -0.174770
716.000000 168.000000 0.069580 -0.174816
1076.000000 168.000000 0.428420 -0.187968
600.000000 169.000000 -0.036333 -0.173609
1175.000000 169.000000 0.548441 -0.195100
1226.000000 169.000000 0.616668 -0.200294
472.000000 170.000000 -0.154507 -0.174326
32.000000 171.000000 -0.645963 -0.200276
55.000000 171.000000 -0.613825 -0.197787
59.000000 171.000000 -0.608333 -0.197366
445.000000 171.000000 -0.179979 -0.174003
614.000000 171.000000 -0.023551 -0.171683
1096.000000 171.000000 0.451299 -0.186358
1117.000000 171.000000 0.476134 -0.187963
1178.000000 171.000000 0.552134 -0.193268
608.000000 172.000000 -0.029019 -0.170769
1053.000000 172.000000 0.402224 -0.182402
1109.000000 172.000000 0.466522 -0.186313
1260.000000 172.000000 0.664425 -0.200766
657.000000 173.000000 0.015637 -0.169795
212.000000 174.000000 -0.418252 -0.181247
982.000000 174.000000 0.325770 -0.176476
1076.000000 174.000000 0.428006 -0.181897
1125.000000 174.000000 0.485523 -0.185507
620.000000 175.000000 -0.018071 -0.167931
635.000000 175.000000 -0.004407 -0.167910
929.000000 175.000000 0.271677 -0.173206
1190.000000 175.000000 0.567436 -0.190167
142.000000 176.000000 -0.500336 -0.184338
576.000000 176.000000 -0.058218 -0.167213
711.000000 176.000000 0.064925 -0.167282
1047.000000 176.000000 0.395321 -0.178028
1085.000000 176.000000 0.438185 -0.180490
27.000000 177.000000 -0.652415 -0.194237
140.000000 177.000000 -0.502708 -0.183465
238.000000 177.000000 -0.389139 -0.176631
1202.000000 177.000000 0.583174 -0.189197
50.000000 178.000000 -0.619997 -0.190722
52.000000 178.000000 -0.617232 -0.190517
1181.000000 178.000000 0.555375 -0.186140
48.000000 179.000000 -0.622666 -0.189844
138.000000 179.000000 -0.505004 -0.181555
605.000000 179.000000 -0.031727 -0.164248
1206.000000 179.000000 0.588346 -0.187448
1264.000000 179.000000 0.669434 -0.193476
36.000000 180.000000 -0.639342 -0.190000
147.000000 180.000000 -0.493912 -0.179805
608.000000 180.000000 -0.028990 -0.163305
1093.000000 180.000000 0.447161 -0.176989
1252.000000 180.000000 0.652055 -0.191079
51.000000 181.000000 -0.618308 -0.187373
126.000000 181.000000 -0.519722 -0.180462
423.000000 181.000000 -0.200697 -0.165089
575.000000 181.000000 -0.059095 -0.162555
1187.000000 181.000000 0.562931 -0.183517
33.000000 182.000000 -0.643368 -0.188131
141.000000 182.000000 -0.501081 -0.178212
590.000000 182.000000 -0.045391 -0.161525
77.000000 183.000000 -0.582809 -0.182693
135.000000 183.000000 -0.508381 -0.177654
871.000000 183.000000 0.214472 -0.163618
137.000000 184.000000 -0.505836 -0.176460
158.000000 184.000000 -0.480324 -0.174858
192.000000 184.000000 -0.440386 -0.172483
425.000000 184.000000 -0.198705 -0.162196
431.000000 184.000000 -0.192975 -0.162044
42.000000 185.000000 -0.630411 -0.183948
178.000000 185.000000 -0.456567 -0.172414
202.000000 185.000000 -0.428874 -0.170828
438.000000 185.000000 -0.186287 -0.160929
664.000000 185.000000 0.021983 -0.158631
80.000000 186.000000 -0.578538 -0.179223
152.000000 186.000000 -0.487395 -0.173252
539.000000 186.000000 -0.092041 -0.158231
644.000000 186.000000 0.003785 -0.157669
1116.000000 186.000000 0.473805 -0.172508
1276.000000 186.000000 0.686188 -0.187029
197.000000 187.000000 -0.434453 -0.169134
586.000000 187.000000 -0.049011 -0.156896
1118.000000 187.000000 0.476121 -0.171630
1186.000000 187.000000 0.561081 -0.177084
439.000000 188.000000 -0.185266 -0.158075
539.000000 188.000000 -0.092019 -0.156366
594.000000 188.000000 -0.041712 -0.155922
55.000000 189.000000 -0.612013 -0.178357
218.000000 189.000000 -0.410584 -0.165847
515.000000 189.000000 -0.114124 -0.155734
543.000000 189.000000 -0.088333 -0.155391
1092.000000 189.000000 0.445395 -0.167813
1226.000000 189.000000 0.614622 -0.178655
1261.000000 189.000000 0.664034 -0.182150
53.000000 190.000000 -0.614667 -0.177472
157.000000 190.000000 -0.481088 -0.168792
180.000000 190.000000 -0.453894 -0.167211
443.000000 190.000000 -0.181426 -0.156100
549.000000 190.000000 -0.082817 -0.154398
628.000000 190.000000 -0.010763 -0.153960
50.000000 191.000000 -0.618708 -0.176682
140.000000 191.000000 -0.501614 -0.169009
619.000000 191.000000 -0.018945 -0.153048
1271.000000 191.000000 0.678344 -0.180980
76.000000 192.000000 -0.583319 -0.173213
1235.000000 193.000000 0.626726 -0.175208
138.000000 194.000000 -0.503843 -0.166070
145.000000 194.000000 -0.495291 -0.165559
194.000000 194.000000 -0.437451 -0.162285
222.000000 194.000000 -0.405838 -0.160640
739.000000 194.000000 0.090422 -0.150775
1206.000000 194.000000 0.586943 -0.171448
46.000000 195.000000 -0.623869 -0.172753
201.000000 195.000000 -0.429396 -0.160857
55.000000 196.000000 -0.611359 -0.170845
131.000000 196.000000 -0.512323 -0.164529
688.000000 196.000000 0.043788 -0.148517
59.000000 197.000000 -0.605798 -0.169412
62.000000 197.000000 -0.601715 -0.169142
89.000000 197.000000 -0.565708 -0.166806
124.000000 197.000000 -0.520952 -0.164022
129.000000 197.000000 -0.514727 -0.163647
136.000000 197.000000 -0.506080 -0.163131
146.000000 197.000000 -0.493862 -0.162414
370.000000 197.000000 -0.251647 -0.151420
516.000000 197.000000 -0.113092 -0.148264
54.000000 198.000000 -0.612549 -0.168793
601.000000 198.000000 -0.035294 -0.146617
684.000000 198.000000 0.040137 -0.146645
688.000000 198.000000 0.043778 -0.146665
707.000000 198.000000 0.061097 -0.146779
221.000000 199.000000 -0.406674 -0.155730
138.000000 200.000000 -0.503409 -0.159905
216.000000 200.000000 -0.412195 -0.155011
600.000000 200.000000 -0.036195 -0.144771
634.000000 200.000000 -0.005303 -0.144694
65.000000 201.000000 -0.597298 -0.164617
68.000000 201.000000 -0.593251 -0.164359
1096.000000 201.000000 0.449274 -0.155970
55.000000 202.000000 -0.610821 -0.164424
192.000000 202.000000 -0.439263 -0.154379
205.000000 202.000000 -0.424453 -0.153631
977.000000 202.000000 0.319358 -0.149042
1162.000000 202.000000 0.529036 -0.159441
1196.000000 202.000000 0.572940 -0.162123
144.000000 203.000000 -0.495875 -0.156415
194.000000 203.000000 -0.436912 -0.153261
466.000000 203.000000 -0.159488 -0.143447
600.000000 203.000000 -0.036184 -0.141997
650.000000 203.000000 0.009223 -0.141926
1031.000000 203.000000 0.376356 -0.150436
1046.000000 203.000000 0.392715 -0.151179
222.000000 204.000000 -0.405296 -0.150722
224.000000 204.000000 -0.403078 -0.150618
659.000000 204.000000 0.017393 -0.141016
673.000000 204.000000 0.030109 -0.141053
709.000000 204.000000 0.062880 -0.141238
1089.000000 204.000000 0.441001 -0.152537
357.000000 205.000000 -0.264232 -0.144210
428.000000 205.000000 -0.195341 -0.142335
193.000000 206.000000 -0.437885 -0.150317
709.000000 206.000000 0.062866 -0.139389
1128.000000 206.000000 0.486818 -0.152942
1158.000000 206.000000 0.523710 -0.155011
31.000000 207.000000 -0.643778 -0.161184
181.000000 207.000000 -0.451666 -0.150011
201.000000 207.000000 -0.428707 -0.148871
598.000000 207.000000 -0.037986 -0.138311
607.000000 208.000000 -0.029805 -0.137356
135.000000 209.000000 -0.506467 -0.150888
673.000000 209.000000 0.030093 -0.136438
1122.000000 209.000000 0.479416 -0.149507
85.000000 210.000000 -0.569907 -0.153475
188.000000 210.000000 -0.443400 -0.146600
225.000000 210.000000 -0.401667 -0.144640
1027.000000 210.000000 0.371709 -0.143392
606.000000 211.000000 -0.030704 -0.134593
1162.000000 211.000000 0.528381 -0.150135
193.000000 212.000000 -0.437550 -0.144325
384.000000 212.000000 -0.237521 -0.136808
487.000000 212.000000 -0.139742 -0.134722
222.000000 213.000000 -0.404840 -0.141828
473.000000 213.000000 -0.152769 -0.134008
678.000000 213.000000 0.034620 -0.132769
1010.000000 213.000000 0.353415 -0.139730
40.000000 214.000000 -0.630531 -0.152871
150.000000 214.000000 -0.487897 -0.144821
226.000000 214.000000 -0.400366 -0.140648
705.000000 214.000000 0.059169 -0.131979
1111.000000 214.000000 0.466045 -0.143782
1256.000000 214.000000 0.654474 -0.154425
131.000000 215.000000 -0.510994 -0.145013
214.000000 215.000000 -0.413646 -0.140249
381.000000 215.000000 -0.240366 -0.134055
458.000000 215.000000 -0.166781 -0.132397
210.000000 216.000000 -0.418076 -0.139459
1110.000000 216.000000 0.464749 -0.141710
135.000000 217.000000 -0.505943 -0.142711
176.000000 217.000000 -0.456911 -0.140263
511.000000 217.000000 -0.117457 -0.129769
1210.000000 217.000000 0.590399 -0.147429
131.000000 218.000000 -0.510799 -0.141945
455.000000 218.000000 -0.169547 -0.129656
1112.000000 218.000000 0.466992 -0.139812
1116.000000 218.000000 0.471724 -0.140043
222.000000 219.000000 -0.404551 -0.135916
590.000000 219.000000 -0.045205 -0.127288
689.000000 219.000000 0.044588 -0.127290
181.000000 220.000000 -0.450934 -0.136986
225.000000 220.000000 -0.401187 -0.134792
390.000000 220.000000 -0.231493 -0.129122
393.000000 220.000000 -0.228587 -0.129051
862.000000 220.000000 0.204919 -0.128528
589.000000 221.000000 -0.046105 -0.125454
17.000000 222.000000 -0.662432 -0.146170
393.000000 222.000000 -0.228540 -0.127172
1118.000000 222.000000 0.473868 -0.136127
1205.000000 222.000000 0.583326 -0.141789
189.000000 223.000000 -0.441552 -0.133575
457.000000 223.000000 -0.167585 -0.124972
645.000000 223.000000 0.004673 -0.123508
176.000000 224.000000 -0.456530 -0.133254
1117.000000 224.000000 0.472568 -0.134057
1275.000000 225.000000 0.681027 -0.144093
13.000000 227.000000 -0.667783 -0.141083
694.000000 227.000000 0.049094 -0.119962
1114.000000 227.000000 0.468853 -0.130877
691.000000 228.000000 0.046365 -0.119031
711.000000 229.000000 0.064541 -0.118216
1117.000000 229.000000 0.472295 -0.129029
1165.000000 229.000000 0.530966 -0.131807
1217.000000 229.000000 0.598951 -0.135297
14.000000 230.000000 -0.666103 -0.137758
131.000000 230.000000 -0.510065 -0.129706
703.000000 230.000000 0.057258 -0.117254
1130.000000 230.000000 0.487774 -0.128730
58.000000 231.000000 -0.604421 -0.133399
194.000000 231.000000 -0.435440 -0.125386
198.000000 231.000000 -0.430891 -0.125198
695.000000 231.000000 0.049984 -0.116298
1098.000000 231.000000 0.449932 -0.126050
1096.000000 233.000000 0.447520 -0.123962
1230.000000 233.000000 0.616435 -0.132003
1120.000000 234.000000 0.475593 -0.124165
217.000000 235.000000 -0.409384 -0.120416
538.000000 235.000000 -0.092484 -0.112914
1166.000000 235.000000 0.531862 -0.125712
15.000000 236.000000 -0.664206 -0.131203
1091.000000 236.000000 0.441620 -0.120745
27.000000 237.000000 -0.647007 -0.129248
692.000000 237.000000 0.047235 -0.110788
907.000000 237.000000 0.248039 -0.113583
1203.000000 237.000000 0.579625 -0.125948
1209.000000 237.000000 0.587624 -0.126342
619.000000 238.000000 -0.018858 -0.109782
653.000000 238.000000 0.011904 -0.109773
1239.000000 238.000000 0.628563 -0.127335
1245.000000 238.000000 0.636969 -0.127759
578.000000 239.000000 -0.056013 -0.108995
1112.000000 239.000000 0.465881 -0.118755
1200.000000 239.000000 0.575523 -0.123671
1215.000000 239.000000 0.595557 -0.124642
16.000000 240.000000 -0.662476 -0.126821
181.000000 240.000000 -0.449940 -0.117064
1076.000000 240.000000 0.424372 -0.116126
1208.000000 240.000000 0.586091 -0.123139
150.000000 241.000000 -0.486382 -0.117550
171.000000 241.000000 -0.461516 -0.116532
671.000000 241.000000 0.028190 -0.107062
920.000000 241.000000 0.260710 -0.110123
595.000000 243.000000 -0.040577 -0.105270
170.000000 244.000000 -0.462547 -0.113589
626.000000 244.000000 -0.012517 -0.104292
1064.000000 244.000000 0.410762 -0.111706
1119.000000 244.000000 0.473908 -0.114092
1239.000000 244.000000 0.628151 -0.120960
173.000000 245.000000 -0.458998 -0.112457
197.000000 245.000000 -0.431410 -0.111422
199.000000 245.000000 -0.429145 -0.111339
228.000000 245.000000 -0.396845 -0.110204
194.000000 246.000000 -0.434775 -0.110560
232.000000 246.000000 -0.392429 -0.109083
610.000000 246.000000 -0.026987 -0.102490
47.000000 247.000000 -0.618392 -0.117256
236.000000 247.000000 -0.388033 -0.107968
657.000000 247.000000 0.015512 -0.101559
201.000000 248.000000 -0.426764 -0.108307
635.000000 248.000000 -0.004377 -0.100636
1176.000000 248.000000 0.543813 -0.112954
67.000000 249.000000 -0.591102 -0.113923
168.000000 249.000000 -0.464664 -0.108700
665.000000 249.000000 0.022744 -0.099747
1109.000000 249.000000 0.461898 -0.108646
194.000000 250.000000 -0.434612 -0.106618
238.000000 250.000000 -0.385755 -0.104987
142.000000 251.000000 -0.495535 -0.107881
1109.000000 251.000000 0.461811 -0.106656
1205.000000 251.000000 0.581422 -0.111487
1270.000000 251.000000 0.671798 -0.115545
1247.000000 252.000000 0.638842 -0.112981
37.000000 254.000000 -0.631817 -0.110478
3.000000 255.000000 -0.680259 -0.111541
667.000000 255.000000 0.024542 -0.094282
1043.000000 255.000000 0.387260 -0.100230
1211.000000 255.000000 0.589199 -0.107666
1249.000000 255.000000 0.641475 -0.109915
1256.000000 255.000000 0.651404 -0.110350
963.000000 256.000000 0.303325 -0.096995
1113.000000 256.000000 0.466291 -0.101853
135.000000 257.000000 -0.503764 -0.102164
1214.000000 257.000000 0.593113 -0.105749
1256.000000 257.000000 0.651280 -0.108215
216.000000 260.000000 -0.409547 -0.096014
599.000000 260.000000 -0.036907 -0.089757
732.000000 260.000000 0.083480 -0.089976
230.000000 261.000000 -0.394104 -0.094585
643.000000 261.000000 0.002851 -0.088798
1257.000000 261.000000 0.652465 -0.104007
219.000000 262.000000 -0.406160 -0.093967
682.000000 262.000000 0.038092 -0.087944
97.000000 263.000000 -0.551023 -0.097842
213.000000 263.000000 -0.412778 -0.093189
653.000000 263.000000 0.011881 -0.086984
59.000000 264.000000 -0.601028 -0.098715
701.000000 264.000000 0.055291 -0.086184
604.000000 265.000000 -0.032374 -0.085198
703.000000 265.000000 0.057100 -0.085281
1256.000000 265.000000 0.650808 -0.099686
36.000000 267.000000 -0.632467 -0.096786
93.000000 267.000000 -0.555979 -0.093932
1250.000000 267.000000 0.642188 -0.097226
1168.000000 268.000000 0.532682 -0.092142
708.000000 269.000000 0.061619 -0.081662
1171.000000 269.000000 0.536426 -0.091256
655.000000 270.000000 0.013681 -0.080627
1090.000000 270.000000 0.439124 -0.087157
1243.000000 270.000000 0.632189 -0.093676
1262.000000 270.000000 0.659107 -0.094687
35.000000 271.000000 -0.633653 -0.092615
72.000000 271.000000 -0.583264 -0.090793
1116.000000 271.000000 0.469239 -0.087067
217.000000 272.000000 -0.408062 -0.084306
1076.000000 272.000000 0.423197 -0.084749
1256.000000 272.000000 0.650427 -0.092237
70.000000 273.000000 -0.585828 -0.088816
1250.000000 273.000000 0.641870 -0.090865
185.000000 274.000000 -0.444019 -0.083334
187.000000 274.000000 -0.441730 -0.083270
265.000000 274.000000 -0.356165 -0.081099
630.000000 274.000000 -0.008882 -0.076993
1178.000000 274.000000 0.545108 -0.086463
750.000000 275.000000 0.099816 -0.076409
1258.000000 275.000000 0.653122 -0.089150
588.000000 276.000000 -0.046816 -0.075245
113.000000 277.000000 -0.530126 -0.082893
79.000000 278.000000 -0.573709 -0.083255
708.000000 278.000000 0.061586 -0.073483
1238.000000 278.000000 0.624825 -0.085000
593.000000 279.000000 -0.042287 -0.072510
1116.000000 279.000000 0.468966 -0.079136
39.000000 280.000000 -0.627646 -0.082940
1118.000000 280.000000 0.471290 -0.078210
1258.000000 280.000000 0.652875 -0.083835
1203.000000 281.000000 0.577285 -0.080330
597.000000 283.000000 -0.038663 -0.068875
1223.000000 283.000000 0.603999 -0.079097
248.000000 284.000000 -0.374008 -0.071921
285.000000 284.000000 -0.335029 -0.071138
400.000000 284.000000 -0.220711 -0.069324
749.000000 286.000000 0.098842 -0.066393
1041.000000 286.000000 0.384223 -0.070242
55.000000 287.000000 -0.605380 -0.074932
72.000000 287.000000 -0.582580 -0.074264
931.000000 287.000000 0.270690 -0.067244
1068.000000 287.000000 0.413831 -0.069921
583.000000 288.000000 -0.051308 -0.064376
613.000000 288.000000 -0.024209 -0.064321
1276.000000 288.000000 0.678476 -0.076129
287.000000 289.000000 -0.332863 -0.066360
603.000000 289.000000 -0.033233 -0.063429
110.000000 290.000000 -0.533424 -0.069843
297.000000 290.000000 -0.322544 -0.065236
1046.000000 290.000000 0.389559 -0.066504
631.000000 292.000000 -0.007973 -0.060688
586.000000 293.000000 -0.048583 -0.059841
598.000000 293.000000 -0.037741 -0.059817
1180.000000 293.000000 0.546952 -0.067192
1206.000000 293.000000 0.580794 -0.068079
556.000000 294.000000 -0.075755 -0.059019
1208.000000 294.000000 0.583413 -0.067118
576.000000 295.000000 -0.057624 -0.058054
597.000000 295.000000 -0.038641 -0.058009
1236.000000 295.000000 0.621340 -0.067089
1250.000000 295.000000 0.640887 -0.067615
549.000000 296.000000 -0.082107 -0.057231
604.000000 296.000000 -0.032320 -0.057094
379.000000 297.000000 -0.240798 -0.057541
588.000000 297.000000 -0.046767 -0.056216
225.000000 298.000000 -0.398618 -0.058949
301.000000 298.000000 -0.318318 -0.057623
552.000000 298.000000 -0.079374 -0.055407
1215.000000 298.000000 0.592626 -0.063228
1244.000000 298.000000 0.632353 -0.064235
35.000000 300.000000 -0.632407 -0.062097
53.000000 300.000000 -0.607621 -0.061488
117.000000 300.000000 -0.524365 -0.059541
558.000000 300.000000 -0.073921 -0.053576
1099.000000 300.000000 0.448603 -0.057979
1205.000000 300.000000 0.579235 -0.060841
378.000000 301.000000 -0.241724 -0.053848
1244.000000 301.000000 0.632247 -0.061085
745.000000 302.000000 0.095121 -0.051848
1101.000000 302.000000 0.450864 -0.056063
30.000000 303.000000 -0.639300 -0.059114
77.000000 303.000000 -0.575437 -0.057639
126.000000 303.000000 -0.513152 -0.056290
528.000000 303.000000 -0.101206 -0.050962
67.000000 304.000000 -0.588645 -0.056907
231.000000 304.000000 -0.391956 -0.053060
252.000000 304.000000 -0.369344 -0.052703
749.000000 304.000000 0.098762 -0.050049
1104.000000 304.000000 0.454287 -0.054166
1213.000000 305.000000 0.589725 -0.055934
26.000000 306.000000 -0.644832 -0.056086
1176.000000 307.000000 0.541447 -0.052871
1265.000000 307.000000 0.661819 -0.055447
68.000000 308.000000 -0.587198 -0.052757
88.000000 308.000000 -0.560950 -0.052220
118.000000 308.000000 -0.522915 -0.051471
266.000000 308.000000 -0.354457 -0.048677
1252.000000 308.000000 0.643261 -0.053982
69.000000 310.000000 -0.585814 -0.050671
1252.000000 310.000000 0.643201 -0.051876
1266.000000 310.000000 0.663164 -0.052294
50.000000 311.000000 -0.611376 -0.050147
52.000000 311.000000 -0.608650 -0.050093
1238.000000 311.000000 0.623588 -0.050425
1035.000000 312.000000 0.377268 -0.045190
1100.000000 312.000000 0.449510 -0.046246
1102.000000 312.000000 0.451816 -0.046282
76.000000 313.000000 -0.576482 -0.047413
464.000000 313.000000 -0.160083 -0.042168
1095.000000 313.000000 0.443750 -0.045179
1098.000000 313.000000 0.447191 -0.045232
45.000000 314.000000 -0.618143 -0.047159
79.000000 314.000000 -0.572520 -0.046317
1034.000000 314.000000 0.376166 -0.043263
1180.000000 314.000000 0.546371 -0.045876
1250.000000 314.000000 0.640268 -0.047610
1252.000000 314.000000 0.643088 -0.047664
1266.000000 314.000000 0.663048 -0.048049
42.000000 315.000000 -0.622248 -0.046193
624.000000 316.000000 -0.014271 -0.039013
987.000000 316.000000 0.326766 -0.040782
62.000000 317.000000 -0.594987 -0.043632
66.000000 317.000000 -0.589636 -0.043540
252.000000 317.000000 -0.369156 -0.040298
1262.000000 317.000000 0.657227 -0.044762
279.000000 318.000000 -0.340733 -0.039031
484.000000 318.000000 -0.141525 -0.037521
154.000000 319.000000 -0.479021 -0.039787
39.000000 320.000000 -0.626275 -0.041047
703.000000 320.000000 0.056954 -0.035452
1257.000000 320.000000 0.650020 -0.041469
77.000000 321.000000 -0.574990 -0.039198
618.000000 321.000000 -0.019674 -0.034506
603.000000 322.000000 -0.033193 -0.033614
1231.000000 322.000000 0.613670 -0.038788
79.000000 323.000000 -0.572328 -0.037113
87.000000 323.000000 -0.561910 -0.036963
7.000000 324.000000 -0.671487 -0.037549
82.000000 324.000000 -0.568389 -0.036036
711.000000 324.000000 0.064185 -0.031852
14.000000 325.000000 -0.661392 -0.036339
1253.000000 325.000000 0.644239 -0.036113
596.000000 326.000000 -0.039503 -0.030012
1111.000000 326.000000 0.462037 -0.032695
100.000000 327.000000 -0.545158 -0.032680
1244.000000 327.000000 0.631555 -0.033836
8.000000 328.000000 -0.669960 -0.033280
480.000000 329.000000 -0.145181 -0.027533
595.000000 329.000000 -0.040402 -0.027308
1147.000000 329.000000 0.504927 -0.030213
69.000000 330.000000 -0.585392 -0.030116
1268.000000 330.000000 0.665560 -0.031123
9.000000 331.000000 -0.668462 -0.030077
93.000000 331.000000 -0.554042 -0.028735
865.000000 331.000000 0.206378 -0.025953
1057.000000 331.000000 0.400928 -0.027230
1101.000000 331.000000 0.450386 -0.027676
1218.000000 332.000000 0.595829 -0.028197
8.000000 334.000000 -0.669855 -0.026911
196.000000 334.000000 -0.430298 -0.024567
94.000000 335.000000 -0.552706 -0.024666
114.000000 335.000000 -0.527416 -0.024428
942.000000 335.000000 0.281113 -0.022625
1262.000000 335.000000 0.656859 -0.025731
1240.000000 336.000000 0.625840 -0.024366
319.000000 337.000000 -0.299673 -0.020850
1105.000000 337.000000 0.454945 -0.021847
5.000000 338.000000 -0.674135 -0.022706
316.000000 339.000000 -0.302687 -0.018995
828.000000 339.000000 0.171495 -0.018513
963.000000 339.000000 0.302128 -0.018998
1166.000000 339.000000 0.528281 -0.020431
1232.000000 339.000000 0.614760 -0.021141
1234.000000 340.000000 0.617497 -0.020125
108.000000 341.000000 -0.534869 -0.018458
1086.000000 341.000000 0.433167 -0.017800
1104.000000 341.000000 0.453757 -0.017926
1220.000000 341.000000 0.598409 -0.018938
742.000000 342.000000 0.092291 -0.015636
1241.000000 342.000000 0.627156 -0.018117
1106.000000 343.000000 0.456058 -0.015983
125.000000 345.000000 -0.513706 -0.014317
1058.000000 345.000000 0.401926 -0.013773
1147.000000 345.000000 0.504766 -0.014276
1060.000000 346.000000 0.404120 -0.012821
1226.000000 346.000000 0.606493 -0.013825
740.000000 347.000000 0.090466 -0.011116
1015.000000 348.000000 0.355680 -0.010736
1259.000000 348.000000 0.652433 -0.011981
128.000000 349.000000 -0.510003 -0.010310
1175.000000 349.000000 0.539533 -0.010434
580.000000 350.000000 -0.053929 -0.008385
731.000000 350.000000 0.082286 -0.008400
1177.000000 350.000000 0.542064 -0.009435
1219.000000 351.000000 0.596986 -0.008616
1237.000000 351.000000 0.621544 -0.008705
648.000000 352.000000 0.007340 -0.006574
1272.000000 352.000000 0.671089 -0.007827
295.000000 353.000000 -0.323996 -0.005938
1089.000000 353.000000 0.436513 -0.006155
1183.000000 353.000000 0.549702 -0.006427
1221.000000 353.000000 0.599675 -0.006562
1202.000000 354.000000 0.574349 -0.005471
1240.000000 354.000000 0.625686 -0.005592
132.000000 355.000000 -0.505099 -0.004320
177.000000 355.000000 -0.451829 -0.004232
396.000000 355.000000 -0.224084 -0.003962
399.000000 355.000000 -0.221211 -0.003959
585.000000 355.000000 -0.049413 -0.003877
1097.000000 355.000000 0.445637 -0.004225
1246.000000 355.000000 0.634043 -0.004566
174.000000 356.000000 -0.455288 -0.003260
257.000000 356.000000 -0.363582 -0.003157
299.000000 356.000000 -0.319898 -0.003115
1181.000000 356.000000 0.547137 -0.003386
1183.000000 356.000000 0.549694 -0.003390
528.000000 357.000000 -0.101094 -0.002083
1097.000000 357.000000 0.445634 -0.002275
643.000000 358.000000 0.002840 -0.001172
743.000000 358.000000 0.093191 -0.001178
1095.000000 358.000000 0.443343 -0.001298
1228.000000 358.000000 0.609166 -0.001409
703.000000 359.000000 0.056922 -0.000273
730.000000 359.000000 0.081375 -0.000273
265.000000 360.000000 -0.355136 0.000643
267.000000 360.000000 -0.353034 0.000643
270.000000 360.000000 -0.349889 0.000642
743.000000 360.000000 0.093191 0.000630
1209.000000 360.000000 0.583590 0.000661
1250.000000 360.000000 0.639649 0.000664
233.000000 361.000000 -0.389296 0.001603
314.000000 361.000000 -0.304656 0.001575
706.000000 361.000000 0.059634 0.001531
1266.000000 361.000000 0.662409 0.001724
1084.000000 362.000000 0.430843 0.002589
1236.000000 362.000000 0.620142 0.002744
272.000000 363.000000 -0.347798 0.003480
364.000000 363.000000 -0.255031 0.003411
473.000000 363.000000 -0.151610 0.003358
1183.000000 363.000000 0.549693 0.003695
1244.000000 363.000000 0.631245 0.003799
1265.000000 363.000000 0.660975 0.003838
474.000000 365.000000 -0.150685 0.005175
746.000000 365.000000 0.095923 0.005149
755.000000 365.000000 0.104128 0.005152
1274.000000 365.000000 0.673980 0.005981
220.000000 366.000000 -0.403487 0.006415
272.000000 366.000000 -0.347802 0.006317
752.000000 366.000000 0.101391 0.006055
757.000000 366.000000 0.105954 0.006058
1265.000000 366.000000 0.660983 0.007010
286.000000 367.000000 -0.333258 0.007236
452.000000 367.000000 -0.171142 0.007011
760.000000 367.000000 0.108695 0.006964
449.000000 368.000000 -0.173946 0.007926
924.000000 368.000000 0.263271 0.008050
1034.000000 368.000000 0.375861 0.008275
1210.000000 368.000000 0.584937 0.008869
1221.000000 368.000000 0.599680 0.008918
10.000000 369.000000 -0.666793 0.010197
710.000000 369.000000 0.063254 0.008746
1108.000000 369.000000 0.458340 0.009464
1183.000000 369.000000 0.549711 0.009768
5.000000 370.000000 -0.674020 0.011287
14.000000 370.000000 -0.661056 0.011232
285.000000 370.000000 -0.334298 0.010065
287.000000 370.000000 -0.332232 0.010060
1083.000000 370.000000 0.429732 0.010347
108.000000 371.000000 -0.534815 0.011723
187.000000 371.000000 -0.440397 0.011351
1035.000000 371.000000 0.376943 0.011140
1108.000000 371.000000 0.458348 0.011422
18.000000 372.000000 -0.655357 0.013317
20.000000 372.000000 -0.652511 0.013303
679.000000 372.000000 0.035262 0.011438
1143.000000 372.000000 0.499886 0.012578
1267.000000 372.000000 0.663892 0.013370
14.000000 373.000000 -0.661077 0.014403
171.000000 373.000000 -0.458793 0.013377
285.000000 373.000000 -0.334307 0.012893
1089.000000 373.000000 0.436537 0.013286
1106.000000 373.000000 0.456037 0.013371
178.000000 374.000000 -0.450712 0.014318
458.000000 375.000000 -0.165557 0.014292
677.000000 375.000000 0.033460 0.014141
1177.000000 375.000000 0.542097 0.015798
1185.000000 375.000000 0.552312 0.015857
1201.000000 375.000000 0.573087 0.015981
177.000000 376.000000 -0.451875 0.016277
586.000000 376.000000 -0.048514 0.015049
1174.000000 376.000000 0.538303 0.016784
1222.000000 376.000000 0.601086 0.017184
1253.000000 376.000000 0.643956 0.017470
209.000000 377.000000 -0.415683 0.017055
443.000000 377.000000 -0.179577 0.016146
1176.000000 377.000000 0.540844 0.017809
584.000000 378.000000 -0.050321 0.016853
1250.000000 378.000000 0.639746 0.019539
178.000000 379.000000 -0.450744 0.019200
234.000000 379.000000 -0.388270 0.018829
724.000000 379.000000 0.075942 0.017779
1151.000000 379.000000 0.509691 0.019603
231.000000 380.000000 -0.391531 0.019805
1276.000000 380.000000 0.677006 0.021952
1201.000000 381.000000 0.573143 0.022111
1267.000000 381.000000 0.663983 0.022901
578.000000 382.000000 -0.055744 0.020464
756.000000 382.000000 0.105058 0.020533
965.000000 382.000000 0.304157 0.021223
1182.000000 382.000000 0.548532 0.022920
1219.000000 382.000000 0.597098 0.023346
178.000000 383.000000 -0.450776 0.023107
541.000000 383.000000 -0.089276 0.021409
926.000000 383.000000 0.265284 0.021964
490.000000 384.000000 -0.135935 0.022409
612.000000 384.000000 -0.025073 0.022245
109.000000 385.000000 -0.533679 0.025800
179.000000 385.000000 -0.449644 0.025052
183.000000 385.000000 -0.445057 0.025014
187.000000 385.000000 -0.440491 0.024976
1182.000000 385.000000 0.548567 0.025957
1184.000000 385.000000 0.551129 0.025982
243.000000 386.000000 -0.378613 0.025459
1265.000000 386.000000 0.661178 0.028166
230.000000 388.000000 -0.392679 0.027482
232.000000 388.000000 -0.390506 0.027465
239.000000 388.000000 -0.382933 0.027403
599.000000 388.000000 -0.036793 0.025858
1191.000000 388.000000 0.560190 0.029122
1247.000000 388.000000 0.635668 0.029982
179.000000 389.000000 -0.449685 0.028958
1185.000000 389.000000 0.552466 0.030051
1212.000000 389.000000 0.587810 0.030458
749.000000 390.000000 0.098687 0.027759
7.000000 391.000000 -0.671389 0.033568
431.000000 391.000000 -0.190899 0.028978
1268.000000 391.000000 0.665583 0.033516
9.000000 392.000000 -0.668521 0.034591
153.000000 392.000000 -0.480079 0.032220
1160.000000 393.000000 0.520960 0.033712
1164.000000 393.000000 0.525939 0.033773
1172.000000 393.000000 0.535978 0.033899
11.000000 394.000000 -0.665681 0.036673
232.000000 394.000000 -0.390565 0.033216
1103.000000 394.000000 0.452759 0.033893
762.000000 395.000000 0.110569 0.032318
1175.000000 395.000000 0.539804 0.035966
1221.000000 395.000000 0.600001 0.036801
1229.000000 395.000000 0.610876 0.036957
1249.000000 395.000000 0.638605 0.037360
1259.000000 395.000000 0.652760 0.037568
118.000000 397.000000 -0.522617 0.037725
122.000000 397.000000 -0.517665 0.037657
138.000000 397.000000 -0.498116 0.037393
492.000000 397.000000 -0.134130 0.034208
747.000000 397.000000 0.096880 0.034090
1175.000000 397.000000 0.539839 0.037986
28.000000 398.000000 -0.641589 0.040528
758.000000 398.000000 0.106920 0.035025
135.000000 399.000000 -0.501784 0.039433
489.000000 399.000000 -0.136902 0.036036
491.000000 399.000000 -0.135058 0.036029
1260.000000 399.000000 0.654275 0.041814
125.000000 400.000000 -0.514020 0.040607
244.000000 400.000000 -0.377680 0.038822
1170.000000 400.000000 0.533580 0.040921
587.000000 401.000000 -0.047635 0.037597
1083.000000 401.000000 0.430018 0.040440
485.000000 402.000000 -0.140604 0.038779
500.000000 403.000000 -0.126792 0.039628
1016.000000 403.000000 0.356979 0.041458
1260.000000 403.000000 0.654374 0.046042
18.000000 404.000000 -0.655894 0.047094
40.000000 404.000000 -0.624993 0.046527
111.000000 404.000000 -0.531480 0.044893
235.000000 404.000000 -0.387435 0.042768
439.000000 404.000000 -0.183437 0.040831
1135.000000 404.000000 0.490615 0.044256
1143.000000 404.000000 0.500280 0.044409
506.000000 405.000000 -0.121291 0.041421
751.000000 405.000000 0.100550 0.041346
1139.000000 406.000000 0.495474 0.046321
1258.000000 406.000000 0.651603 0.049158
1270.000000 406.000000 0.668824 0.049493
97.000000 407.000000 -0.549263 0.048233
1268.000000 407.000000 0.665963 0.050499
61.000000 408.000000 -0.596461 0.050143
484.000000 408.000000 -0.141554 0.044242
771.000000 408.000000 0.118855 0.044139
1266.000000 408.000000 0.663111 0.051503
492.000000 409.000000 -0.134179 0.045114
1003.000000 409.000000 0.343414 0.046987
231.000000 411.000000 -0.391881 0.049547
261.000000 411.000000 -0.359723 0.049086
384.000000 411.000000 -0.235848 0.047664
608.000000 411.000000 -0.028697 0.046600
37.000000 412.000000 -0.629374 0.054975
129.000000 412.000000 -0.509360 0.052524
764.000000 412.000000 0.112457 0.047742
1231.000000 412.000000 0.614032 0.054681
237.000000 413.000000 -0.385407 0.051369
1188.000000 413.000000 0.556823 0.054504
245.000000 414.000000 -0.376806 0.052196
509.000000 414.000000 -0.118576 0.049581
130.000000 415.000000 -0.508208 0.055500
1195.000000 415.000000 0.565961 0.056737
247.000000 416.000000 -0.374696 0.054076
445.000000 416.000000 -0.177884 0.051773
1188.000000 416.000000 0.556906 0.057560
1217.000000 416.000000 0.595132 0.058412
181.000000 417.000000 -0.447844 0.056304
253.000000 417.000000 -0.368304 0.054931
386.000000 417.000000 -0.233973 0.053190
676.000000 417.000000 0.032594 0.052027
229.000000 418.000000 -0.394180 0.056313
976.000000 418.000000 0.315675 0.055117
1028.000000 418.000000 0.369937 0.055932
1236.000000 418.000000 0.621104 0.061097
7.000000 419.000000 -0.672158 0.063358
28.000000 420.000000 -0.642222 0.063670
93.000000 420.000000 -0.554735 0.061549
186.000000 420.000000 -0.442183 0.059130
1270.000000 420.000000 0.669278 0.064396
8.000000 421.000000 -0.670785 0.065453
25.000000 421.000000 -0.646489 0.064831
30.000000 421.000000 -0.639446 0.064652
132.000000 421.000000 -0.505920 0.061447
196.000000 421.000000 -0.430849 0.059884
228.000000 421.000000 -0.395328 0.059221
605.000000 421.000000 -0.031415 0.055639
1103.000000 421.000000 0.453254 0.060356
95.000000 422.000000 -0.552228 0.063524
147.000000 422.000000 -0.487819 0.062045
154.000000 422.000000 -0.479476 0.061863
159.000000 422.000000 -0.473561 0.061736
193.000000 422.000000 -0.434265 0.060926
1101.000000 422.000000 0.450966 0.061290
1145.000000 422.000000 0.503134 0.062415
92.000000 423.000000 -0.556114 0.064635
230.000000 423.000000 -0.393187 0.061107
243.000000 423.000000 -0.379115 0.060851
607.000000 423.000000 -0.029613 0.057445
1121.000000 423.000000 0.474352 0.062771
1152.000000 423.000000 0.511734 0.063612
1226.000000 423.000000 0.607550 0.065969
44.000000 424.000000 -0.620087 0.067295
1254.000000 424.000000 0.646512 0.068043
183.000000 425.000000 -0.445733 0.064093
1046.000000 425.000000 0.389464 0.062985
91.000000 426.000000 -0.557500 0.067727
237.000000 426.000000 -0.385648 0.063850
240.000000 426.000000 -0.382406 0.063789
135.000000 427.000000 -0.502435 0.067361
187.000000 427.000000 -0.441207 0.065952
312.000000 427.000000 -0.307207 0.063443
1211.000000 427.000000 0.587457 0.069581
82.000000 428.000000 -0.569251 0.070078
91.000000 428.000000 -0.557567 0.069767
145.000000 428.000000 -0.490382 0.068066
185.000000 428.000000 -0.443517 0.066981
215.000000 428.000000 -0.409766 0.066257
232.000000 428.000000 -0.391114 0.065879
424.000000 428.000000 -0.197768 0.062958
1214.000000 428.000000 0.591507 0.070724
1270.000000 428.000000 0.669591 0.072927
79.000000 429.000000 -0.573214 0.071211
140.000000 429.000000 -0.496434 0.069210
1184.000000 429.000000 0.552159 0.070682
1216.000000 429.000000 0.594230 0.071834
81.000000 430.000000 -0.570630 0.072165
92.000000 430.000000 -0.556347 0.071774
620.000000 430.000000 -0.017893 0.063764
739.000000 430.000000 0.089706 0.063974
199.000000 431.000000 -0.427702 0.069557
1086.000000 431.000000 0.434023 0.069729
1196.000000 431.000000 0.567786 0.073153
140.000000 432.000000 -0.496525 0.072204
214.000000 432.000000 -0.410968 0.070157
1213.000000 432.000000 0.590319 0.074826
1215.000000 432.000000 0.593001 0.074904
312.000000 433.000000 -0.307306 0.069089
1079.000000 433.000000 0.426160 0.071500
1084.000000 433.000000 0.431808 0.071631
1165.000000 433.000000 0.528186 0.074088
1174.000000 433.000000 0.539531 0.074402
1271.000000 433.000000 0.671256 0.078310
198.000000 434.000000 -0.428906 0.072508
346.000000 434.000000 -0.273264 0.069477
413.000000 434.000000 -0.208275 0.068597
742.000000 434.000000 0.092459 0.067621
1183.000000 434.000000 0.551052 0.075744
264.000000 435.000000 -0.356984 0.071904
1084.000000 435.000000 0.431861 0.073585
216.000000 436.000000 -0.408853 0.073985
742.000000 436.000000 0.092468 0.069439
1227.000000 436.000000 0.609420 0.079553
1230.000000 436.000000 0.613527 0.079681
1272.000000 436.000000 0.672844 0.081564
220.000000 437.000000 -0.404462 0.074852
1047.000000 437.000000 0.390823 0.074569
1079.000000 437.000000 0.426267 0.075401
1196.000000 437.000000 0.568016 0.079311
203.000000 438.000000 -0.423389 0.076274
266.000000 438.000000 -0.354939 0.074724
1238.000000 438.000000 0.624654 0.082127
743.000000 439.000000 0.093395 0.072172
1273.000000 439.000000 0.674439 0.084824
1237.000000 440.000000 0.623358 0.084182
204.000000 441.000000 -0.422352 0.079169
257.000000 441.000000 -0.364532 0.077796
618.000000 441.000000 -0.019708 0.073729
1093.000000 441.000000 0.442284 0.079719
1230.000000 441.000000 0.613749 0.084910
1265.000000 441.000000 0.662964 0.086571
202.000000 442.000000 -0.424625 0.080202
1025.000000 442.000000 0.367233 0.078842
252.000000 443.000000 -0.369907 0.079833
744.000000 443.000000 0.094329 0.075817
1145.000000 443.000000 0.503809 0.083445
1194.000000 443.000000 0.565650 0.085391
1254.000000 443.000000 0.647342 0.088158
477.000000 444.000000 -0.148276 0.077140
752.000000 444.000000 0.101642 0.076774
1094.000000 444.000000 0.443523 0.082696
1226.000000 444.000000 0.608412 0.087861
1263.000000 444.000000 0.660238 0.089672
20.000000 445.000000 -0.654623 0.090473
1076.000000 445.000000 0.423121 0.083121
1081.000000 445.000000 0.428756 0.083273
1224.000000 445.000000 0.605732 0.088811
1229.000000 445.000000 0.612564 0.089049
390.000000 446.000000 -0.230467 0.079990
1089.000000 446.000000 0.437868 0.084501
1094.000000 446.000000 0.443587 0.084662
1129.000000 446.000000 0.484580 0.085861
1231.000000 446.000000 0.615358 0.090193
21.000000 448.000000 -0.653354 0.093612
314.000000 448.000000 -0.305562 0.083190
624.000000 448.000000 -0.014299 0.080073
1078.000000 448.000000 0.425463 0.086113
33.000000 450.000000 -0.636516 0.095105
438.000000 450.000000 -0.184785 0.083052
113.000000 451.000000 -0.530470 0.092320
383.000000 451.000000 -0.237309 0.084741
527.000000 451.000000 -0.102300 0.083151
615.000000 451.000000 -0.022429 0.082807
620.000000 451.000000 -0.017914 0.082800
903.000000 451.000000 0.243522 0.084864
11.000000 452.000000 -0.667894 0.098421
13.000000 452.000000 -0.665014 0.098310
1254.000000 452.000000 0.647810 0.097715
19.000000 453.000000 -0.656474 0.099045
21.000000 453.000000 -0.653623 0.098934
379.000000 453.000000 -0.241221 0.086667
754.000000 453.000000 0.103529 0.084993
1031.000000 453.000000 0.373941 0.089567
136.000000 454.000000 -0.502174 0.094380
387.000000 454.000000 -0.233487 0.087467
113.000000 455.000000 -0.530646 0.096380
301.000000 455.000000 -0.318965 0.090098
754.000000 455.000000 0.103543 0.086818
1029.000000 455.000000 0.371852 0.091436
19.000000 456.000000 -0.656643 0.102245
375.000000 456.000000 -0.245161 0.089530
431.000000 456.000000 -0.191467 0.088673
14.000000 457.000000 -0.663862 0.103603
478.000000 457.000000 -0.147472 0.089044
747.000000 457.000000 0.097154 0.088597
1250.000000 457.000000 0.642425 0.102804
1141.000000 458.000000 0.499533 0.098351
16.000000 459.000000 -0.661109 0.105625
485.000000 459.000000 -0.141003 0.090809
1088.000000 459.000000 0.437172 0.097238
1199.000000 459.000000 0.572958 0.102115
374.000000 460.000000 -0.246206 0.093279
33.000000 461.000000 -0.637127 0.106750
1165.000000 461.000000 0.529337 0.102474
30.000000 462.000000 -0.641400 0.107989
75.000000 462.000000 -0.579960 0.105433
191.000000 463.000000 -0.437774 0.101147
609.000000 463.000000 -0.027871 0.093729
1175.000000 463.000000 0.542085 0.105005
1259.000000 463.000000 0.655576 0.109733
149.000000 464.000000 -0.486896 0.103857
295.000000 464.000000 -0.325354 0.098797
376.000000 464.000000 -0.244332 0.096976
1066.000000 464.000000 0.412558 0.101345
1076.000000 464.000000 0.423757 0.101708
1271.000000 464.000000 0.672936 0.111559
1157.000000 465.000000 0.519532 0.106152
1231.000000 465.000000 0.616386 0.110155
1260.000000 465.000000 0.657132 0.111935
149.000000 466.000000 -0.486985 0.105861
713.000000 466.000000 0.066227 0.096613
1160.000000 466.000000 0.523319 0.107315
1064.000000 467.000000 0.410440 0.104204
36.000000 468.000000 -0.633352 0.113990
712.000000 468.000000 0.065329 0.098433
146.000000 469.000000 -0.490727 0.109008
172.000000 469.000000 -0.459921 0.107846
461.000000 469.000000 -0.163440 0.100275
687.000000 469.000000 0.042653 0.099243
1101.000000 469.000000 0.452513 0.107624
155.000000 470.000000 -0.479997 0.109595
447.000000 470.000000 -0.176575 0.101384
963.000000 470.000000 0.303490 0.103965
1224.000000 470.000000 0.607090 0.114993
171.000000 471.000000 -0.461175 0.109877
173.000000 471.000000 -0.458842 0.109790
965.000000 471.000000 0.305547 0.104965
1018.000000 471.000000 0.360597 0.106508
81.000000 472.000000 -0.572608 0.115466
147.000000 472.000000 -0.489665 0.111975
279.000000 472.000000 -0.342184 0.106888
971.000000 473.000000 0.311714 0.107026
1019.000000 473.000000 0.361725 0.108468
1156.000000 473.000000 0.518691 0.114226
1267.000000 474.000000 0.667804 0.122064
86.000000 475.000000 -0.566236 0.118281
899.000000 475.000000 0.240076 0.107191
1208.000000 475.000000 0.585797 0.119245
1256.000000 475.000000 0.652075 0.122379
121.000000 476.000000 -0.521682 0.117337
290.000000 476.000000 -0.330858 0.110384
449.000000 476.000000 -0.174781 0.106902
503.000000 476.000000 -0.124543 0.106236
1267.000000 476.000000 0.667944 0.124220
317.000000 477.000000 -0.303215 0.110564
447.000000 479.000000 -0.176706 0.109709
1260.000000 479.000000 0.658075 0.126952
518.000000 480.000000 -0.110777 0.109765
1132.000000 480.000000 0.489674 0.120065
263.000000 481.000000 -0.359326 0.116060
1090.000000 481.000000 0.440358 0.119034
139.000000 483.000000 -0.499904 0.123472
163.000000 483.000000 -0.471132 0.122226
292.000000 483.000000 -0.329003 0.117020
900.000000 483.000000 0.241220 0.114706
1168.000000 483.000000 0.534294 0.125102
1227.000000 483.000000 0.612045 0.128889
128.000000 484.000000 -0.513443 0.125093
230.000000 484.000000 -0.395020 0.120205
898.000000 484.000000 0.239296 0.115600
999.000000 485.000000 0.341023 0.119353
1011.000000 485.000000 0.353648 0.119768
679.000000 486.000000 0.035459 0.114754
1089.000000 486.000000 0.439443 0.123944
125.000000 487.000000 -0.517327 0.128320
236.000000 487.000000 -0.388583 0.122891
238.000000 487.000000 -0.386406 0.122811
324.000000 487.000000 -0.296411 0.119866
516.000000 487.000000 -0.112684 0.116222
585.000000 487.000000 -0.049687 0.115725
1165.000000 487.000000 0.530745 0.129025
334.000000 488.000000 -0.286375 0.120531
657.000000 488.000000 0.015533 0.116535
1078.000000 488.000000 0.427009 0.125412
238.000000 489.000000 -0.386486 0.124761
516.000000 489.000000 -0.112704 0.118063
138.000000 490.000000 -0.501512 0.130620
141.000000 491.000000 -0.497916 0.131462
293.000000 491.000000 -0.328229 0.124654
1187.000000 492.000000 0.559225 0.135587
1142.000000 494.000000 0.502599 0.134791
1217.000000 494.000000 0.599191 0.139792
1224.000000 494.000000 0.608726 0.140313
179.000000 495.000000 -0.453014 0.133408
303.000000 495.000000 -0.318051 0.128153
276.000000 496.000000 -0.346139 0.130071
485.000000 496.000000 -0.141439 0.124897
146.000000 497.000000 -0.492205 0.137253
483.000000 497.000000 -0.143311 0.125851
1068.000000 498.000000 0.416215 0.134821
1156.000000 498.000000 0.520146 0.139741
170.000000 499.000000 -0.463734 0.137897
248.000000 499.000000 -0.376068 0.134097
949.000000 499.000000 0.290161 0.131123
1197.000000 499.000000 0.572810 0.143582
101.000000 500.000000 -0.548428 0.143207
478.000000 500.000000 -0.148007 0.128704
829.000000 500.000000 0.173627 0.129167
1272.000000 500.000000 0.677079 0.150626
151.000000 501.000000 -0.486416 0.141009
484.000000 501.000000 -0.142438 0.129544
589.000000 501.000000 -0.046116 0.128562
816.000000 501.000000 0.161433 0.129875
893.000000 501.000000 0.234832 0.131456
1006.000000 501.000000 0.348964 0.135046
468.000000 502.000000 -0.157371 0.130715
480.000000 502.000000 -0.146174 0.130530
1014.000000 502.000000 0.357477 0.136337
1024.000000 502.000000 0.368157 0.136754
1174.000000 502.000000 0.543148 0.145066
1212.000000 502.000000 0.593037 0.147859
271.000000 503.000000 -0.351679 0.137037
408.000000 503.000000 -0.214211 0.132802
449.000000 503.000000 -0.175222 0.131970
1005.000000 503.000000 0.347989 0.136944
1151.000000 503.000000 0.514251 0.144540
154.000000 504.000000 -0.482997 0.143866
481.000000 504.000000 -0.145273 0.132371
998.000000 504.000000 0.340668 0.137636
1166.000000 504.000000 0.533109 0.146578
17.000000 505.000000 -0.663040 0.155092
374.000000 505.000000 -0.247220 0.135524
535.000000 506.000000 -0.095424 0.133556
962.000000 506.000000 0.303558 0.138237
1047.000000 506.000000 0.393298 0.141700
1139.000000 506.000000 0.499676 0.146826
378.000000 507.000000 -0.243362 0.137306
539.000000 507.000000 -0.091767 0.134441
544.000000 507.000000 -0.087187 0.134395
1176.000000 507.000000 0.546066 0.150393
1270.000000 508.000000 0.674870 0.159179
786.000000 510.000000 0.133601 0.137775
804.000000 510.000000 0.150357 0.138052
1214.000000 510.000000 0.596376 0.156483
113.000000 511.000000 -0.533919 0.153748
1031.000000 511.000000 0.376097 0.145856
1056.000000 511.000000 0.403476 0.147070
445.000000 512.000000 -0.179166 0.140449
988.000000 512.000000 0.330540 0.144977
1059.000000 512.000000 0.406860 0.148212
1187.000000 512.000000 0.560672 0.156432
314.000000 513.000000 -0.307415 0.145038
986.000000 513.000000 0.328501 0.145864
1030.000000 513.000000 0.375109 0.147769
383.000000 514.000000 -0.238672 0.143789
941.000000 514.000000 0.282600 0.145177
1012.000000 514.000000 0.355862 0.147926
1127.000000 515.000000 0.485707 0.155214
1198.000000 515.000000 0.575366 0.160457
1146.000000 516.000000 0.508949 0.157537
1222.000000 516.000000 0.607772 0.163543
1226.000000 517.000000 0.613351 0.164963
419.000000 518.000000 -0.204014 0.146642
582.000000 518.000000 -0.052573 0.144282
879.000000 518.000000 0.221696 0.147130
1012.000000 519.000000 0.356087 0.152804
1127.000000 520.000000 0.486044 0.160310
1196.000000 520.000000 0.573134 0.165563
523.000000 521.000000 -0.106620 0.147591
704.000000 521.000000 0.058357 0.147106
1053.000000 521.000000 0.400674 0.156808
1124.000000 521.000000 0.482501 0.161125
296.000000 522.000000 -0.326290 0.154426
300.000000 522.000000 -0.322148 0.154261
898.000000 522.000000 0.240273 0.151444
1077.000000 522.000000 0.427656 0.159153
1133.000000 522.000000 0.493447 0.162772
35.000000 523.000000 -0.639077 0.172966
305.000000 523.000000 -0.317030 0.155024
706.000000 523.000000 0.060196 0.148973
904.000000 523.000000 0.246179 0.152573
978.000000 523.000000 0.320616 0.155214
1053.000000 523.000000 0.400782 0.158790
1240.000000 523.000000 0.633366 0.172699
93.000000 524.000000 -0.560597 0.168854
1192.000000 524.000000 0.568197 0.169443
1204.000000 524.000000 0.584114 0.170481
292.000000 525.000000 -0.330574 0.157506
1036.000000 525.000000 0.382213 0.159864
1174.000000 525.000000 0.544887 0.168993
1188.000000 525.000000 0.563033 0.170157
1034.000000 526.000000 0.380088 0.160747
1238.000000 526.000000 0.630847 0.175752
1268.000000 526.000000 0.673680 0.178709
86.000000 527.000000 -0.570013 0.172608
220.000000 527.000000 -0.408149 0.163058
945.000000 528.000000 0.287121 0.158740
1260.000000 528.000000 0.662303 0.180097
1269.000000 528.000000 0.675339 0.181011
1136.000000 529.000000 0.497612 0.170173
907.000000 530.000000 0.249345 0.159334
1138.000000 530.000000 0.500134 0.171352
35.000000 531.000000 -0.639854 0.181642
45.000000 531.000000 -0.625855 0.180657
53.000000 531.000000 -0.614787 0.179883
426.000000 531.000000 -0.197638 0.158728
875.000000 531.000000 0.218183 0.159324
1070.000000 531.000000 0.420262 0.167741
1194.000000 531.000000 0.571444 0.177014
1199.000000 531.000000 0.578071 0.177464
237.000000 532.000000 -0.389638 0.167070
249.000000 532.000000 -0.376560 0.166421
544.000000 532.000000 -0.087432 0.157588
1010.000000 532.000000 0.354578 0.165433
1252.000000 532.000000 0.651238 0.183661
51.000000 533.000000 -0.617737 0.182231
443.000000 533.000000 -0.181508 0.160209
1074.000000 533.000000 0.424915 0.169992
1192.000000 533.000000 0.568985 0.178952
1248.000000 533.000000 0.645645 0.184344
1262.000000 533.000000 0.665702 0.185788
3.000000 534.000000 -0.686141 0.188221
36.000000 534.000000 -0.638746 0.184803
40.000000 534.000000 -0.633130 0.184401
180.000000 534.000000 -0.454193 0.172581
411.000000 534.000000 -0.212100 0.161959
508.000000 534.000000 -0.120654 0.159917
589.000000 534.000000 -0.046284 0.159084
1106.000000 534.000000 0.461983 0.173119
1149.000000 534.000000 0.514025 0.176342
528.000000 535.000000 -0.102186 0.160574
1238.000000 535.000000 0.631735 0.185504
384.000000 536.000000 -0.238345 0.164655
1008.000000 536.000000 0.352650 0.169259
1192.000000 536.000000 0.569258 0.182131
1240.000000 536.000000 0.634646 0.186794
391.000000 537.000000 -0.231548 0.165391
1016.000000 537.000000 0.361237 0.170652
720.000000 538.000000 0.073121 0.163038
1073.000000 538.000000 0.424096 0.174952
1153.000000 538.000000 0.519341 0.180824
1237.000000 538.000000 0.630640 0.188661
394.000000 539.000000 -0.228691 0.167204
718.000000 539.000000 0.071298 0.163953
1143.000000 539.000000 0.506990 0.181042
76.000000 540.000000 -0.584458 0.187322
176.000000 540.000000 -0.459294 0.178957
263.000000 540.000000 -0.361905 0.173573
551.000000 540.000000 -0.081090 0.164979
1226.000000 540.000000 0.615540 0.189704
617.000000 541.000000 -0.020796 0.165485
1052.000000 541.000000 0.400709 0.176648
181.000000 542.000000 -0.453583 0.180636
59.000000 543.000000 -0.607740 0.192220
440.000000 543.000000 -0.184595 0.169728
872.000000 543.000000 0.215629 0.170641
1240.000000 543.000000 0.635377 0.194420
874.000000 544.000000 0.217593 0.171653
1007.000000 544.000000 0.351998 0.177077
74.000000 545.000000 -0.587623 0.192865
79.000000 545.000000 -0.580939 0.192372
1050.000000 545.000000 0.398735 0.180524
422.000000 546.000000 -0.201862 0.173048
443.000000 546.000000 -0.181819 0.172495
1125.000000 546.000000 0.485557 0.186832
1176.000000 546.000000 0.549296 0.191239
89.000000 547.000000 -0.567899 0.193532
259.000000 547.000000 -0.366579 0.180708
454.000000 547.000000 -0.171418 0.173177
564.000000 547.000000 -0.069235 0.171397
873.000000 547.000000 0.216716 0.174483
1196.000000 547.000000 0.575598 0.194218
1239.000000 547.000000 0.634399 0.198680
41.000000 548.000000 -0.633189 0.199535
91.000000 548.000000 -0.565369 0.194403
98.000000 548.000000 -0.556231 0.193733
263.000000 548.000000 -0.362338 0.181475
935.000000 548.000000 0.277834 0.177638
1247.000000 548.000000 0.645820 0.200652
536.000000 549.000000 -0.094991 0.173579
725.000000 549.000000 0.077818 0.173375
967.000000 549.000000 0.310412 0.180000
1025.000000 549.000000 0.371586 0.183016
1051.000000 549.000000 0.400096 0.184592
1131.000000 549.000000 0.493085 0.190421
1197.000000 549.000000 0.577126 0.196455
1201.000000 549.000000 0.582463 0.196857
287.000000 550.000000 -0.336981 0.182168
1154.000000 550.000000 0.521629 0.193442
1240.000000 550.000000 0.636136 0.202071
71.000000 551.000000 -0.592264 0.199612
102.000000 551.000000 -0.551332 0.196532
409.000000 551.000000 -0.214522 0.178192
450.000000 551.000000 -0.175301 0.177062
608.000000 551.000000 -0.029033 0.174853
952.000000 551.000000 0.295152 0.181268
1215.000000 551.000000 0.601581 0.200457
51.000000 552.000000 -0.619694 0.202812
729.000000 552.000000 0.081527 0.176233
1197.000000 552.000000 0.577429 0.199667
1003.000000 553.000000 0.348230 0.185742
1241.000000 553.000000 0.637880 0.205471
72.000000 554.000000 -0.591229 0.202739
85.000000 554.000000 -0.573869 0.201399
845.000000 554.000000 0.190008 0.180344
1065.000000 554.000000 0.416103 0.190546
1253.000000 554.000000 0.655059 0.207938
167.000000 555.000000 -0.471071 0.195000
569.000000 555.000000 -0.064723 0.178851
730.000000 555.000000 0.082481 0.179063
929.000000 555.000000 0.272099 0.184169
1155.000000 555.000000 0.523340 0.198779
1260.000000 555.000000 0.665245 0.209858
74.000000 556.000000 -0.588748 0.204684
339.000000 556.000000 -0.283762 0.185577
1242.000000 556.000000 0.639633 0.208880
53.000000 557.000000 -0.617476 0.208038
56.000000 557.000000 -0.613339 0.207706
114.000000 557.000000 -0.536501 0.201735
563.000000 557.000000 -0.070247 0.180787
730.000000 558.000000 0.082517 0.181884
1065.000000 558.000000 0.416380 0.194591
29.000000 559.000000 -0.651382 0.212967
168.000000 559.000000 -0.470205 0.199042
558.000000 559.000000 -0.074860 0.182719
563.000000 559.000000 -0.070267 0.182667
897.000000 559.000000 0.240512 0.186791
1176.000000 559.000000 0.550550 0.205024
1192.000000 560.000000 0.571615 0.207730
285.000000 561.000000 -0.339670 0.193119
293.000000 561.000000 -0.331266 0.192686
299.000000 561.000000 -0.325000 0.192370
1149.000000 561.000000 0.516367 0.204528
1176.000000 561.000000 0.550751 0.207153
1246.000000 561.000000 0.645885 0.214855
108.000000 562.000000 -0.544668 0.207617
1188.000000 562.000000 0.566540 0.209456
1198.000000 562.000000 0.579808 0.210518
1241.000000 562.000000 0.638916 0.215369
76.000000 563.000000 -0.586811 0.212022
479.000000 563.000000 -0.148228 0.187776
556.000000 563.000000 -0.076743 0.186508
733.000000 563.000000 0.085341 0.186633
862.000000 563.000000 0.206588 0.189445
900.000000 563.000000 0.243612 0.190762
903.000000 563.000000 0.246569 0.190877
106.000000 564.000000 -0.547445 0.209945
311.000000 564.000000 -0.312712 0.194705
78.000000 565.000000 -0.584348 0.213965
189.000000 565.000000 -0.445991 0.203525
728.000000 565.000000 0.080758 0.188459
1164.000000 565.000000 0.535712 0.210201
1199.000000 565.000000 0.581471 0.213863
1242.000000 565.000000 0.640687 0.218799
82.000000 566.000000 -0.579115 0.214609
186.000000 566.000000 -0.449564 0.204790
275.000000 566.000000 -0.350546 0.198645
85.000000 567.000000 -0.575234 0.215361
340.000000 568.000000 -0.283287 0.197226
576.000000 568.000000 -0.058417 0.191027
726.000000 568.000000 0.078952 0.191269
930.000000 568.000000 0.273659 0.196847
1030.000000 568.000000 0.378193 0.202300
56.000000 569.000000 -0.614702 0.220807
304.000000 569.000000 -0.320221 0.199994
1084.000000 569.000000 0.438921 0.207216
1112.000000 569.000000 0.471847 0.209544
99.000000 570.000000 -0.557143 0.217081
1242.000000 570.000000 0.641292 0.224330
167.000000 571.000000 -0.472413 0.211547
1021.000000 571.000000 0.368599 0.204726
1064.000000 571.000000 0.416192 0.207718
724.000000 572.000000 0.077157 0.195029
1059.000000 572.000000 0.410623 0.208363
1242.000000 572.000000 0.641538 0.226547
176.000000 573.000000 -0.461890 0.212841
718.000000 573.000000 0.071642 0.195906
824.000000 573.000000 0.170531 0.197911
952.000000 573.000000 0.296188 0.202779
1156.000000 573.000000 0.526346 0.217887
1199.000000 573.000000 0.582364 0.222523
71.000000 574.000000 -0.594788 0.224521
333.000000 574.000000 -0.290669 0.203434
578.000000 574.000000 -0.056633 0.196680
715.000000 574.000000 0.068891 0.196821
399.000000 575.000000 -0.225034 0.201596
1060.000000 575.000000 0.411974 0.211493
1158.000000 575.000000 0.529086 0.220218
170.000000 576.000000 -0.469274 0.216479
347.000000 576.000000 -0.276593 0.204727
610.000000 576.000000 -0.027305 0.198368
1065.000000 576.000000 0.417706 0.212895
1198.000000 576.000000 0.581368 0.225666
1243.000000 576.000000 0.643457 0.231114
38.000000 577.000000 -0.640800 0.231815
59.000000 577.000000 -0.611522 0.229226
730.000000 577.000000 0.082753 0.199844
872.000000 577.000000 0.216739 0.203262
181.000000 578.000000 -0.456423 0.217590
579.000000 578.000000 -0.055749 0.200460
885.000000 578.000000 0.229455 0.204712
931.000000 578.000000 0.275122 0.206670
1158.000000 578.000000 0.529399 0.223413
1191.000000 578.000000 0.572263 0.227031
95.000000 579.000000 -0.563360 0.227201
194.000000 579.000000 -0.441323 0.217518
293.000000 579.000000 -0.332274 0.210523
1250.000000 579.000000 0.653819 0.235353
12.000000 580.000000 -0.678466 0.238514
69.000000 580.000000 -0.598210 0.231311
201.000000 580.000000 -0.433321 0.217969
304.000000 580.000000 -0.320825 0.210883
314.000000 580.000000 -0.310453 0.210329
628.000000 580.000000 -0.010835 0.202103
729.000000 580.000000 0.081869 0.202681
733.000000 580.000000 0.085565 0.202734
885.000000 580.000000 0.229532 0.206653
995.000000 580.000000 0.341310 0.212101
181.000000 581.000000 -0.456685 0.220702
300.000000 581.000000 -0.325056 0.212105
306.000000 581.000000 -0.318801 0.211763
731.000000 581.000000 0.083730 0.203658
130.000000 582.000000 -0.518760 0.226634
1146.000000 582.000000 0.514679 0.226421
1235.000000 582.000000 0.632915 0.236767
16.000000 583.000000 -0.673055 0.241368
46.000000 583.000000 -0.630310 0.237465
239.000000 583.000000 -0.390705 0.218092
931.000000 583.000000 0.275360 0.211577
1202.000000 583.000000 0.587570 0.233764
1239.000000 583.000000 0.638685 0.238394
135.000000 584.000000 -0.512711 0.228243
182.000000 584.000000 -0.455774 0.223730
471.000000 584.000000 -0.156264 0.208020
870.000000 585.000000 0.215086 0.210941
1105.000000 585.000000 0.464931 0.225573
1146.000000 585.000000 0.514991 0.229610
87.000000 586.000000 -0.574736 0.235713
132.000000 586.000000 -0.516669 0.230681
149.000000 586.000000 -0.495600 0.228941
1241.000000 586.000000 0.641908 0.242002
523.000000 587.000000 -0.107604 0.209761
745.000000 587.000000 0.096781 0.209585
87.000000 588.000000 -0.574974 0.237892
371.000000 588.000000 -0.253126 0.215387
1135.000000 588.000000 0.501611 0.231655
1227.000000 588.000000 0.622484 0.242401
15.000000 589.000000 -0.675310 0.248276
151.000000 589.000000 -0.493451 0.231910
1145.000000 589.000000 0.514160 0.233765
248.000000 590.000000 -0.381302 0.224547
743.000000 590.000000 0.094973 0.212420
1160.000000 590.000000 0.533246 0.236472
193.000000 591.000000 -0.443520 0.230026
349.000000 591.000000 -0.275299 0.219375
394.000000 591.000000 -0.230544 0.217341
840.000000 591.000000 0.186331 0.215718
1238.000000 591.000000 0.638325 0.247195
269.000000 593.000000 -0.358689 0.226096
842.000000 593.000000 0.188316 0.217722
1203.000000 593.000000 0.590154 0.244854
82.000000 594.000000 -0.582380 0.245062
897.000000 594.000000 0.241918 0.220810
1123.000000 594.000000 0.487491 0.236783
128.000000 595.000000 -0.522671 0.240731
165.000000 595.000000 -0.477052 0.236845
743.000000 595.000000 0.095055 0.217208
1155.000000 595.000000 0.527435 0.241285
1220.000000 595.000000 0.613677 0.249261
1246.000000 595.000000 0.650235 0.252771
82.000000 596.000000 -0.582630 0.247256
956.000000 596.000000 0.301522 0.225754
1124.000000 596.000000 0.488917 0.239004
1126.000000 596.000000 0.491364 0.239212
256.000000 597.000000 -0.373062 0.231080
538.000000 598.000000 -0.093853 0.220045
1153.000000 598.000000 0.525235 0.244286
6.000000 599.000000 -0.689821 0.260896
10.000000 599.000000 -0.683974 0.260328
531.000000 600.000000 -0.100393 0.222085
732.000000 600.000000 0.084926 0.221833
857.000000 600.000000 0.203027 0.225059
1111.000000 600.000000 0.473562 0.241909
159.000000 601.000000 -0.484922 0.243801
92.000000 602.000000 -0.570057 0.252584
530.000000 602.000000 -0.101359 0.224027
879.000000 602.000000 0.224540 0.227886
988.000000 602.000000 0.335301 0.233745
999.000000 602.000000 0.347004 0.234492
1111.000000 602.000000 0.473766 0.244024
1212.000000 602.000000 0.603587 0.255978
513.000000 603.000000 -0.117240 0.225321
527.000000 603.000000 -0.104171 0.225045
719.000000 603.000000 0.072927 0.224534
734.000000 603.000000 0.086828 0.224748
996.000000 603.000000 0.343870 0.235298
1096.000000 603.000000 0.455963 0.243581
1138.000000 603.000000 0.506941 0.247970
1230.000000 603.000000 0.628695 0.259551
209.000000 604.000000 -0.426191 0.242113
1111.000000 604.000000 0.473971 0.246142
1219.000000 604.000000 0.613504 0.259154
470.000000 605.000000 -0.157785 0.228325
922.000000 605.000000 0.267389 0.232855
1133.000000 605.000000 0.500952 0.249557
127.000000 606.000000 -0.525188 0.252688
213.000000 606.000000 -0.421790 0.243836
344.000000 606.000000 -0.281145 0.234507
505.000000 606.000000 -0.124798 0.228394
772.000000 606.000000 0.122322 0.228362
995.000000 607.000000 0.343081 0.239283
1133.000000 607.000000 0.501174 0.251700
262.000000 608.000000 -0.367350 0.241854
834.000000 608.000000 0.181142 0.232050
972.000000 608.000000 0.318857 0.238750
1151.000000 608.000000 0.523858 0.254847
1200.000000 608.000000 0.588048 0.261033
42.000000 609.000000 -0.639448 0.267115
546.000000 609.000000 -0.086599 0.230506
846.000000 609.000000 0.192725 0.233452
88.000000 610.000000 -0.576405 0.261904
373.000000 610.000000 -0.252166 0.236977
417.000000 610.000000 -0.208846 0.235021
498.000000 610.000000 -0.131467 0.232434
973.000000 610.000000 0.320033 0.240833
977.000000 610.000000 0.324230 0.241096
549.000000 611.000000 -0.083844 0.232391
975.000000 611.000000 0.322196 0.241974
983.000000 611.000000 0.330619 0.242511
1015.000000 611.000000 0.364910 0.244827
1056.000000 611.000000 0.410407 0.248216
899.000000 612.000000 0.244730 0.238650
985.000000 612.000000 0.332803 0.243662
1013.000000 612.000000 0.362814 0.245698
175.000000 613.000000 -0.466883 0.254870
195.000000 613.000000 -0.443244 0.252846
238.000000 613.000000 -0.394180 0.248923
1115.000000 613.000000 0.479760 0.256136
739.000000 614.000000 0.091656 0.235449
818.000000 614.000000 0.166029 0.237384
986.000000 614.000000 0.334001 0.245762
1087.000000 614.000000 0.446443 0.254279
1128.000000 614.000000 0.495780 0.258652
1169.000000 614.000000 0.547717 0.263594
172.000000 615.000000 -0.470690 0.257313
1004.000000 615.000000 0.353308 0.248086
241.000000 616.000000 -0.391093 0.251774
923.000000 616.000000 0.268983 0.243865
1056.000000 616.000000 0.410856 0.253423
1134.000000 616.000000 0.503444 0.261497
404.000000 617.000000 -0.221837 0.242466
603.000000 617.000000 -0.033951 0.237603
881.000000 617.000000 0.227160 0.242761
728.000000 618.000000 0.081489 0.239145
130.000000 619.000000 -0.522945 0.266428
945.000000 619.000000 0.291564 0.248144
993.000000 619.000000 0.341807 0.251358
1008.000000 619.000000 0.357933 0.252491
1060.000000 619.000000 0.415684 0.256927
1120.000000 619.000000 0.486519 0.263117
1123.000000 619.000000 0.490196 0.263459
1127.000000 619.000000 0.495120 0.263919
1203.000000 619.000000 0.593630 0.273699
727.000000 620.000000 0.080590 0.241070
894.000000 620.000000 0.240152 0.246352
932.000000 620.000000 0.278333 0.248378
943.000000 620.000000 0.289572 0.249030
283.000000 621.000000 -0.345671 0.253573
396.000000 621.000000 -0.229885 0.246791
958.000000 621.000000 0.305110 0.250978
1012.000000 621.000000 0.362430 0.254861
1196.000000 621.000000 0.584426 0.274951
51.000000 622.000000 -0.628686 0.280521
54.000000 622.000000 -0.624493 0.280077
172.000000 622.000000 -0.471447 0.264783
942.000000 622.000000 0.288668 0.250984
951.000000 622.000000 0.297928 0.251542
973.000000 622.000000 0.320838 0.252994
995.000000 622.000000 0.344168 0.254576
1079.000000 622.000000 0.437886 0.261927
1170.000000 622.000000 0.550059 0.272521
110.000000 623.000000 -0.549130 0.273353
113.000000 623.000000 -0.545235 0.272960
176.000000 623.000000 -0.466754 0.265415
893.000000 623.000000 0.239307 0.249290
1122.000000 623.000000 0.489429 0.267653
56.000000 624.000000 -0.622001 0.282047
799.000000 624.000000 0.148255 0.246589
1129.000000 624.000000 0.498180 0.269556
1247.000000 624.000000 0.655896 0.285874
949.000000 625.000000 0.296054 0.254450
987.000000 625.000000 0.335853 0.257054
1014.000000 625.000000 0.364929 0.259148
1063.000000 625.000000 0.419685 0.263510
976.000000 626.000000 0.324275 0.257280
157.000000 627.000000 -0.490243 0.271863
511.000000 627.000000 -0.119651 0.248686
577.000000 627.000000 -0.058083 0.247531
1000.000000 627.000000 0.349919 0.260094
1063.000000 627.000000 0.419879 0.265617
62.000000 628.000000 -0.614267 0.285688
721.000000 628.000000 0.075133 0.248763
136.000000 629.000000 -0.516606 0.276591
514.000000 629.000000 -0.116878 0.250573
1009.000000 629.000000 0.359813 0.262875
1053.000000 629.000000 0.408661 0.266758
1247.000000 629.000000 0.656672 0.291619
719.000000 630.000000 0.073302 0.250684
944.000000 630.000000 0.291220 0.259198
514.000000 631.000000 -0.116925 0.252533
572.000000 631.000000 -0.062770 0.251489
898.000000 631.000000 0.244690 0.257543
932.000000 631.000000 0.278986 0.259464
1206.000000 631.000000 0.599462 0.287627
1247.000000 631.000000 0.656986 0.293922
254.000000 632.000000 -0.378068 0.267274
715.000000 632.000000 0.069611 0.252580
890.000000 632.000000 0.236778 0.258133
950.000000 632.000000 0.297539 0.261617
1140.000000 632.000000 0.512902 0.279617
368.000000 633.000000 -0.258380 0.260220
572.000000 633.000000 -0.062795 0.253443
945.000000 633.000000 0.292442 0.262307
1205.000000 634.000000 0.598541 0.290870
1211.000000 634.000000 0.606782 0.291775
1246.000000 634.000000 0.656026 0.297224
120.000000 635.000000 -0.537781 0.285274
712.000000 635.000000 0.066863 0.255472
946.000000 635.000000 0.293604 0.264407
1029.000000 635.000000 0.382283 0.270827
63.000000 636.000000 -0.614091 0.294621
883.000000 636.000000 0.230039 0.261790
937.000000 636.000000 0.284411 0.264843
1184.000000 636.000000 0.570466 0.290030
1225.000000 636.000000 0.626556 0.296210
888.000000 637.000000 0.235047 0.263046
1120.000000 637.000000 0.488640 0.282581
1211.000000 637.000000 0.607240 0.295184
379.000000 638.000000 -0.247622 0.264652
898.000000 638.000000 0.245062 0.264579
957.000000 638.000000 0.305210 0.268211
1232.000000 638.000000 0.636726 0.299606
74.000000 639.000000 -0.599422 0.296355
491.000000 639.000000 -0.138853 0.261014
883.000000 639.000000 0.230190 0.264801
1129.000000 639.000000 0.500022 0.285884
1160.000000 639.000000 0.539360 0.289987
1162.000000 639.000000 0.541952 0.290263
1211.000000 639.000000 0.607548 0.297460
505.000000 640.000000 -0.125631 0.261613
817.000000 640.000000 0.165951 0.262963
1232.000000 640.000000 0.637045 0.301908
66.000000 641.000000 -0.610716 0.299858
502.000000 641.000000 -0.128493 0.262681
994.000000 641.000000 0.344578 0.274084
1087.000000 641.000000 0.449306 0.283037
3.000000 642.000000 -0.700793 0.311135
1142.000000 642.000000 0.516728 0.290869
1161.000000 642.000000 0.541073 0.293463
1196.000000 642.000000 0.587490 0.298573
242.000000 643.000000 -0.392409 0.279898
717.000000 643.000000 0.071635 0.263396
1089.000000 643.000000 0.451903 0.285417
1226.000000 643.000000 0.629067 0.304400
68.000000 644.000000 -0.608424 0.302971
499.000000 644.000000 -0.131414 0.265732
579.000000 644.000000 -0.056423 0.264142
729.000000 644.000000 0.082854 0.264578
839.000000 644.000000 0.187317 0.267793
895.000000 644.000000 0.242390 0.270471
907.000000 644.000000 0.254424 0.271145
1048.000000 644.000000 0.404450 0.282107
1083.000000 644.000000 0.444918 0.285815
1253.000000 644.000000 0.667724 0.309954
142.000000 645.000000 -0.511117 0.293385
1034.000000 645.000000 0.388780 0.281797
1054.000000 645.000000 0.411380 0.283775
1075.000000 645.000000 0.435638 0.286002
1135.000000 645.000000 0.508299 0.293251
178.000000 646.000000 -0.466976 0.289957
499.000000 646.000000 -0.131471 0.267714
532.000000 646.000000 -0.100355 0.266893
891.000000 646.000000 0.238507 0.272275
954.000000 646.000000 0.302648 0.276205
989.000000 646.000000 0.339617 0.278870
1010.000000 646.000000 0.362343 0.280648
847.000000 647.000000 0.195217 0.271135
863.000000 647.000000 0.210860 0.271863
884.000000 647.000000 0.231594 0.272913
943.000000 647.000000 0.291309 0.276467
1007.000000 647.000000 0.359157 0.281431
1157.000000 647.000000 0.536598 0.298476
1226.000000 647.000000 0.629712 0.309009
1247.000000 647.000000 0.659573 0.312457
1253.000000 647.000000 0.668221 0.313454
867.000000 648.000000 0.214839 0.273062
994.000000 648.000000 0.345155 0.281365
1049.000000 648.000000 0.405989 0.286456
1115.000000 648.000000 0.483867 0.293966
734.000000 649.000000 0.087625 0.269607
823.000000 649.000000 0.172053 0.272154
1153.000000 649.000000 0.531723 0.300143
1253.000000 649.000000 0.668555 0.315790
993.000000 650.000000 0.344246 0.283367
995.000000 650.000000 0.346402 0.283536
1081.000000 650.000000 0.443240 0.292056
1102.000000 650.000000 0.468294 0.294538
308.000000 651.000000 -0.321371 0.282575
623.000000 651.000000 -0.015612 0.270704
1231.000000 651.000000 0.637420 0.314455
115.000000 652.000000 -0.546642 0.304925
387.000000 652.000000 -0.240396 0.278375
619.000000 652.000000 -0.019329 0.271705
1144.000000 652.000000 0.520627 0.302226
1155.000000 652.000000 0.534727 0.303779
732.000000 653.000000 0.085827 0.273530
943.000000 653.000000 0.291724 0.282633
1118.000000 653.000000 0.488195 0.299838
678.000000 654.000000 0.035458 0.273793
868.000000 654.000000 0.216120 0.279169
999.000000 654.000000 0.351072 0.288067
1001.000000 654.000000 0.353243 0.288243
730.000000 655.000000 0.083991 0.275477
886.000000 655.000000 0.234014 0.281128
1246.000000 655.000000 0.659478 0.321630
617.000000 656.000000 -0.021204 0.275669
992.000000 656.000000 0.343678 0.289558
1031.000000 656.000000 0.386493 0.293157
1135.000000 656.000000 0.509783 0.305431
592.000000 658.000000 -0.044475 0.277831
1085.000000 658.000000 0.448906 0.301197
874.000000 659.000000 0.222307 0.284549
935.000000 659.000000 0.283883 0.288262
1004.000000 659.000000 0.356955 0.293773
1058.000000 659.000000 0.417453 0.299183
119.000000 660.000000 -0.542615 0.313342
1129.000000 660.000000 0.502797 0.309053
1159.000000 660.000000 0.541077 0.313353
1163.000000 660.000000 0.546291 0.313953
210.000000 661.000000 -0.430843 0.302481
212.000000 661.000000 -0.428515 0.302253
339.000000 661.000000 -0.289720 0.290632
358.000000 661.000000 -0.270208 0.289332
945.000000 661.000000 0.294368 0.291042
102.000000 662.000000 -0.565247 0.318194
639.000000 662.000000 -0.000768 0.281570
717.000000 662.000000 0.071937 0.282210
788.000000 662.000000 0.138967 0.283937
100.000000 663.000000 -0.568062 0.319646
1133.000000 663.000000 0.508239 0.312954
358.000000 664.000000 -0.270406 0.292424
678.000000 664.000000 0.035539 0.283719
1069.000000 664.000000 0.430777 0.305835
83.000000 665.000000 -0.591252 0.324661
885.000000 665.000000 0.233576 0.291272
887.000000 665.000000 0.235574 0.291387
151.000000 666.000000 -0.502686 0.315462
466.000000 666.000000 -0.163658 0.288829
1090.000000 666.000000 0.455846 0.310555
1115.000000 666.000000 0.486218 0.313811
1163.000000 666.000000 0.547204 0.320752
1166.000000 666.000000 0.551138 0.321215
885.000000 667.000000 0.233690 0.293321
1119.000000 667.000000 0.491301 0.315468
1207.000000 667.000000 0.606549 0.329006
1268.000000 667.000000 0.693465 0.339594
902.000000 668.000000 0.250824 0.295367
964.000000 668.000000 0.314805 0.299799
978.000000 668.000000 0.329680 0.300964
1076.000000 668.000000 0.439463 0.311022
1083.000000 668.000000 0.447747 0.311878
1167.000000 668.000000 0.552765 0.323648
160.000000 669.000000 -0.491900 0.317561
358.000000 669.000000 -0.270742 0.297593
773.000000 669.000000 0.124902 0.290509
1175.000000 669.000000 0.563506 0.326054
1250.000000 669.000000 0.667661 0.338800
155.000000 670.000000 -0.498251 0.319372
244.000000 670.000000 -0.392875 0.308455
975.000000 670.000000 0.326647 0.302814
1085.000000 670.000000 0.450376 0.314322
242.000000 671.000000 -0.395238 0.309745
899.000000 671.000000 0.247983 0.298273
1079.000000 671.000000 0.443374 0.314674
1173.000000 671.000000 0.561169 0.328026
1179.000000 671.000000 0.569161 0.328992
1207.000000 671.000000 0.607227 0.333656
34.000000 672.000000 -0.660925 0.341197
89.000000 672.000000 -0.584268 0.331749
298.000000 672.000000 -0.333742 0.305379
652.000000 672.000000 0.011351 0.291562
1186.000000 672.000000 0.578723 0.331289
1237.000000 672.000000 0.649540 0.340049
93.000000 673.000000 -0.579038 0.332244
242.000000 673.000000 -0.395452 0.311902
650.000000 673.000000 0.009488 0.292558
1162.000000 673.000000 0.546983 0.328568
109.000000 674.000000 -0.557871 0.330801
292.000000 674.000000 -0.340371 0.308030
451.000000 674.000000 -0.178498 0.297561
652.000000 674.000000 0.011356 0.293565
1031.000000 674.000000 0.388341 0.312426
1057.000000 674.000000 0.417995 0.315318
1124.000000 674.000000 0.498506 0.323993
1205.000000 674.000000 0.604979 0.336808
619.000000 675.000000 -0.019427 0.294595
810.000000 675.000000 0.160533 0.297856
1122.000000 675.000000 0.496151 0.324830
106.000000 676.000000 -0.562162 0.333578
278.000000 676.000000 -0.355754 0.311460
290.000000 676.000000 -0.342712 0.310335
318.000000 676.000000 -0.312808 0.307901
441.000000 676.000000 -0.188328 0.300053
606.000000 676.000000 -0.031571 0.295677
984.000000 676.000000 0.336820 0.309949
1073.000000 676.000000 0.436906 0.319422
114.000000 677.000000 -0.551765 0.333441
1091.000000 677.000000 0.458456 0.322816
1162.000000 677.000000 0.547617 0.333143
831.000000 678.000000 0.181016 0.301805
909.000000 678.000000 0.258566 0.306169
1043.000000 678.000000 0.402373 0.318069
1053.000000 678.000000 0.413841 0.319214
1249.000000 678.000000 0.667824 0.349303
883.000000 679.000000 0.232393 0.305559
985.000000 679.000000 0.338171 0.313230
1080.000000 679.000000 0.445564 0.323606
1092.000000 680.000000 0.460057 0.326278
1209.000000 680.000000 0.611555 0.344520
37.000000 681.000000 -0.658235 0.351332
159.000000 681.000000 -0.494833 0.331145
724.000000 681.000000 0.078852 0.301404
953.000000 681.000000 0.304272 0.312576
1082.000000 681.000000 0.448202 0.326076
104.000000 682.000000 -0.565802 0.340823
819.000000 682.000000 0.169528 0.305366
107.000000 683.000000 -0.561980 0.341483
110.000000 683.000000 -0.558007 0.340989
254.000000 683.000000 -0.383021 0.321424
1219.000000 683.000000 0.626038 0.349827
706.000000 684.000000 0.061972 0.304123
986.000000 684.000000 0.339716 0.318657
990.000000 684.000000 0.344051 0.319036
1256.000000 684.000000 0.679033 0.357738
14.000000 685.000000 -0.692127 0.360266
723.000000 685.000000 0.077988 0.305434
102.000000 686.000000 -0.569137 0.345791
36.000000 687.000000 -0.660753 0.358660
100.000000 687.000000 -0.571981 0.347292
239.000000 687.000000 -0.400415 0.327443
1127.000000 687.000000 0.504182 0.339115
1130.000000 687.000000 0.507969 0.339570
1249.000000 687.000000 0.669463 0.360049
697.000000 688.000000 0.053575 0.308045
991.000000 688.000000 0.345523 0.323423
714.000000 689.000000 0.069582 0.309326
1088.000000 689.000000 0.456449 0.335775
276.000000 691.000000 -0.359433 0.327777
20.000000 692.000000 -0.684701 0.367588
314.000000 692.000000 -0.318418 0.325218
936.000000 692.000000 0.287374 0.322837
1080.000000 692.000000 0.447265 0.338049
22.000000 694.000000 -0.682177 0.369628
1037.000000 694.000000 0.397371 0.334867
1047.000000 694.000000 0.408829 0.336059
1080.000000 694.000000 0.447534 0.340285
167.000000 696.000000 -0.487095 0.346942
935.000000 696.000000 0.286652 0.327002
1083.000000 696.000000 0.451397 0.342935
191.000000 697.000000 -0.457913 0.344619
1207.000000 697.000000 0.611836 0.364229
103.000000 698.000000 -0.569857 0.359618
784.000000 698.000000 0.136372 0.320409
1101.000000 698.000000 0.473507 0.347739
8.000000 699.000000 -0.703409 0.378254
1095.000000 699.000000 0.466321 0.348002
1151.000000 699.000000 0.536835 0.356715
54.000000 700.000000 -0.637590 0.370878
192.000000 700.000000 -0.457127 0.347860
898.000000 700.000000 0.248882 0.328465
1045.000000 700.000000 0.407259 0.342451
1164.000000 700.000000 0.554068 0.360087
767.000000 701.000000 0.120171 0.322920
1201.000000 701.000000 0.604267 0.367878
43.000000 702.000000 -0.653546 0.375342
52.000000 702.000000 -0.640786 0.373650
423.000000 702.000000 -0.207388 0.327871
1127.000000 702.000000 0.506507 0.356271
982.000000 703.000000 0.337221 0.338738
1054.000000 703.000000 0.418059 0.346919
1163.000000 703.000000 0.553265 0.363424
935.000000 704.000000 0.287306 0.335533
1052.000000 704.000000 0.415861 0.347778
1109.000000 704.000000 0.484264 0.355764
1206.000000 704.000000 0.611744 0.372379
1223.000000 704.000000 0.635543 0.375580
128.000000 705.000000 -0.538064 0.363505
1105.000000 705.000000 0.479467 0.356300
776.000000 706.000000 0.128969 0.328392
1136.000000 706.000000 0.518620 0.362350
114.000000 707.000000 -0.556790 0.368258
1061.000000 707.000000 0.426769 0.352311
1123.000000 707.000000 0.502248 0.361397
260.000000 708.000000 -0.379074 0.348098
277.000000 708.000000 -0.360124 0.346193
340.000000 708.000000 -0.292351 0.340097
1157.000000 708.000000 0.546222 0.368243
980.000000 709.000000 0.335653 0.345064
37.000000 710.000000 -0.663623 0.386146
813.000000 710.000000 0.164940 0.334059
275.000000 711.000000 -0.362668 0.349711
821.000000 711.000000 0.172804 0.335485
921.000000 711.000000 0.273312 0.341888
1169.000000 711.000000 0.562651 0.373900
1209.000000 711.000000 0.617238 0.381331
278.000000 713.000000 -0.359566 0.351582
832.000000 713.000000 0.183703 0.338140
1062.000000 713.000000 0.428755 0.359204
946.000000 714.000000 0.299728 0.347250
206.000000 715.000000 -0.442458 0.362869
655.000000 715.000000 0.014310 0.335326
1088.000000 715.000000 0.460150 0.365187
18.000000 716.000000 -0.692088 0.397082
373.000000 716.000000 -0.258765 0.346018
826.000000 716.000000 0.177957 0.340988
1061.000000 716.000000 0.427987 0.362460
1103.000000 716.000000 0.478686 0.368622
1194.000000 716.000000 0.597434 0.384482
