232.000000 3.000000 -0.412100 -0.360225
450.000000 3.000000 -0.181501 -0.340819
1032.000000 3.000000 0.394401 -0.358415
1105.000000 3.000000 0.481269 -0.368727
1230.000000 3.000000 0.647966 -0.391310
1232.000000 3.000000 0.650812 -0.391701
441.000000 4.000000 -0.190319 -0.340242
1110.000000 7.000000 0.486853 -0.364897
193.000000 9.000000 -0.457440 -0.358822
1248.000000 9.000000 0.672564 -0.387511
448.000000 12.000000 -0.183005 -0.331467
1035.000000 12.000000 0.396715 -0.348746
1087.000000 12.000000 0.457858 -0.355694
513.000000 13.000000 -0.119977 -0.327733
1139.000000 13.000000 0.522594 -0.362650
909.000000 14.000000 0.260512 -0.334271
1107.000000 15.000000 0.481890 -0.355243
971.000000 16.000000 0.325395 -0.337396
1016.000000 16.000000 0.374746 -0.342086
1140.000000 16.000000 0.523382 -0.359332
1162.000000 16.000000 0.552079 -0.363066
121.000000 17.000000 -0.546833 -0.361005
1116.000000 18.000000 0.492623 -0.353188
255.000000 19.000000 -0.383845 -0.339604
1001.000000 19.000000 0.357748 -0.337160
1020.000000 19.000000 0.378893 -0.339243
1162.000000 19.000000 0.551559 -0.359555
1025.000000 20.000000 0.384408 -0.338714
1164.000000 20.000000 0.554030 -0.358732
1220.000000 20.000000 0.630553 -0.368878
1208.000000 21.000000 0.613576 -0.365446
86.000000 22.000000 -0.592801 -0.361279
499.000000 22.000000 -0.133096 -0.318912
698.000000 22.000000 0.054647 -0.316914
969.000000 22.000000 0.322684 -0.330735
1093.000000 22.000000 0.463695 -0.345227
1097.000000 22.000000 0.468564 -0.345800
142.000000 23.000000 -0.518653 -0.350581
158.000000 23.000000 -0.498412 -0.348081
980.000000 23.000000 0.334422 -0.330699
108.000000 24.000000 -0.562807 -0.355060
702.000000 24.000000 0.058385 -0.314930
1035.000000 24.000000 0.395277 -0.335477
134.000000 25.000000 -0.528596 -0.349562
1179.000000 25.000000 0.573175 -0.355488
147.000000 26.000000 -0.511815 -0.346349
164.000000 26.000000 -0.490472 -0.343758
166.000000 26.000000 -0.487989 -0.343461
1034.000000 26.000000 0.393906 -0.333163
1079.000000 26.000000 0.446289 -0.338793
168.000000 27.000000 -0.485366 -0.342033
987.000000 27.000000 0.341616 -0.327066
1234.000000 28.000000 0.648887 -0.361924
384.000000 29.000000 -0.245743 -0.317416
434.000000 29.000000 -0.195896 -0.314490
437.000000 29.000000 -0.192947 -0.314338
1028.000000 29.000000 0.386770 -0.329194
1173.000000 29.000000 0.564443 -0.349777
1216.000000 29.000000 0.623267 -0.357411
378.000000 30.000000 -0.251756 -0.316769
929.000000 30.000000 0.279911 -0.318834
1209.000000 30.000000 0.613318 -0.354952
487.000000 31.000000 -0.144299 -0.310101
744.000000 31.000000 0.097911 -0.308640
866.000000 31.000000 0.215985 -0.313592
1052.000000 31.000000 0.413943 -0.329799
1114.000000 31.000000 0.488175 -0.338091
1157.000000 31.000000 0.542968 -0.344777
1235.000000 31.000000 0.649756 -0.358525
706.000000 32.000000 0.062026 -0.306852
974.000000 32.000000 0.327121 -0.320477
1021.000000 32.000000 0.378573 -0.325155
1023.000000 32.000000 0.380814 -0.325372
1097.000000 32.000000 0.467148 -0.334536
421.000000 33.000000 -0.208507 -0.311038
976.000000 33.000000 0.329175 -0.319591
1251.000000 33.000000 0.672359 -0.359087
490.000000 34.000000 -0.141309 -0.306924
1035.000000 34.000000 0.394126 -0.324526
1227.000000 34.000000 0.637840 -0.353485
72.000000 35.000000 -0.609710 -0.348460
731.000000 35.000000 0.085523 -0.304274
1095.000000 35.000000 0.464307 -0.330901
527.000000 36.000000 -0.105962 -0.303745
1099.000000 36.000000 0.469027 -0.330332
1253.000000 36.000000 0.674700 -0.355861
474.000000 37.000000 -0.156587 -0.304459
492.000000 37.000000 -0.139286 -0.303794
372.000000 38.000000 -0.257312 -0.308817
530.000000 38.000000 -0.103068 -0.301639
474.000000 39.000000 -0.156509 -0.302418
491.000000 39.000000 -0.140174 -0.301793
744.000000 39.000000 0.097715 -0.300518
748.000000 39.000000 0.101500 -0.300616
1162.000000 39.000000 0.548218 -0.336378
1229.000000 39.000000 0.639765 -0.347919
371.000000 40.000000 -0.258195 -0.306802
1069.000000 40.000000 0.432646 -0.321974
1248.000000 40.000000 0.666748 -0.350172
1112.000000 41.000000 0.484262 -0.326544
750.000000 42.000000 0.103318 -0.297632
1192.000000 42.000000 0.587824 -0.337893
1248.000000 42.000000 0.666386 -0.347790
498.000000 43.000000 -0.133346 -0.297497
998.000000 43.000000 0.352043 -0.310970
1200.000000 43.000000 0.598587 -0.338098
116.000000 44.000000 -0.548943 -0.330626
990.000000 44.000000 0.343255 -0.309154
91.000000 45.000000 -0.582032 -0.333536
143.000000 45.000000 -0.514003 -0.325360
992.000000 45.000000 0.345329 -0.308276
1043.000000 45.000000 0.401989 -0.313464
1177.000000 46.000000 0.566940 -0.330765
733.000000 47.000000 0.087154 -0.292201
398.000000 48.000000 -0.230514 -0.296857
533.000000 48.000000 -0.099986 -0.291471
748.000000 48.000000 0.101278 -0.291533
1037.000000 48.000000 0.394848 -0.309564
1179.000000 49.000000 0.569124 -0.327641
1236.000000 50.000000 0.647753 -0.336175
498.000000 51.000000 -0.133090 -0.289415
533.000000 51.000000 -0.099916 -0.288458
1108.000000 51.000000 0.477973 -0.314846
1039.000000 52.000000 0.396683 -0.305469
36.000000 53.000000 -0.657184 -0.333611
534.000000 53.000000 -0.098926 -0.286429
1105.000000 53.000000 0.474043 -0.312233
1107.000000 53.000000 0.476484 -0.312497
1118.000000 53.000000 0.490014 -0.313978
970.000000 54.000000 0.320952 -0.296855
1166.000000 55.000000 0.550943 -0.318726
1239.000000 55.000000 0.651159 -0.330817
178.000000 56.000000 -0.469153 -0.308283
832.000000 56.000000 0.181345 -0.286287
1119.000000 56.000000 0.490843 -0.310780
67.000000 57.000000 -0.612847 -0.323643
73.000000 57.000000 -0.604568 -0.322648
547.000000 57.000000 -0.086610 -0.282153
71.000000 58.000000 -0.607156 -0.321823
868.000000 58.000000 0.216499 -0.285962
38.000000 59.000000 -0.653291 -0.326218
491.000000 59.000000 -0.139508 -0.281597
750.000000 59.000000 0.102902 -0.280559
1275.000000 59.000000 0.702707 -0.332352
380.000000 60.000000 -0.247837 -0.285605
1220.000000 61.000000 0.623254 -0.320560
78.000000 62.000000 -0.596900 -0.316072
127.000000 62.000000 -0.531940 -0.308569
380.000000 62.000000 -0.247719 -0.283561
1234.000000 62.000000 0.642831 -0.321759
914.000000 63.000000 0.262247 -0.283489
1255.000000 63.000000 0.672804 -0.324176
64.000000 64.000000 -0.615849 -0.316044
435.000000 64.000000 -0.193244 -0.278706
748.000000 64.000000 0.100903 -0.275530
1259.000000 64.000000 0.678439 -0.323684
376.000000 65.000000 -0.251564 -0.280735
751.000000 65.000000 0.103704 -0.274605
924.000000 65.000000 0.272297 -0.282078
243.000000 66.000000 -0.392313 -0.290107
1151.000000 66.000000 0.529818 -0.304094
550.000000 67.000000 -0.083608 -0.272151
1157.000000 67.000000 0.537413 -0.303836
1190.000000 67.000000 0.581034 -0.308799
752.000000 68.000000 0.104576 -0.271648
966.000000 68.000000 0.315616 -0.281951
1240.000000 68.000000 0.650366 -0.315775
96.000000 69.000000 -0.571504 -0.305273
170.000000 69.000000 -0.477218 -0.295033
484.000000 69.000000 -0.145859 -0.271826
552.000000 69.000000 -0.081700 -0.270135
1121.000000 69.000000 0.491592 -0.296678
550.000000 70.000000 -0.083553 -0.269182
752.000000 70.000000 0.104530 -0.269664
444.000000 71.000000 -0.184205 -0.271289
532.000000 72.000000 -0.100385 -0.267560
1122.000000 72.000000 0.492441 -0.293510
1159.000000 72.000000 0.539285 -0.298526
524.000000 73.000000 -0.107882 -0.266750
528.000000 73.000000 -0.104121 -0.266659
646.000000 73.000000 0.005721 -0.265433
747.000000 73.000000 0.099764 -0.266584
973.000000 73.000000 0.322620 -0.277310
66.000000 74.000000 -0.611471 -0.304227
190.000000 74.000000 -0.452592 -0.287209
737.000000 74.000000 0.090365 -0.265390
743.000000 74.000000 0.095989 -0.265511
961.000000 74.000000 0.309919 -0.275380
1080.000000 74.000000 0.441563 -0.286287
1129.000000 74.000000 0.500876 -0.292217
1175.000000 74.000000 0.559938 -0.298601
1187.000000 75.000000 0.575770 -0.299260
526.000000 77.000000 -0.105911 -0.262752
740.000000 77.000000 0.093116 -0.262491
1049.000000 77.000000 0.405439 -0.279807
1066.000000 77.000000 0.424914 -0.281550
1070.000000 77.000000 0.429550 -0.281975
1129.000000 77.000000 0.500487 -0.288921
77.000000 78.000000 -0.595754 -0.297958
88.000000 78.000000 -0.580864 -0.296297
1068.000000 78.000000 0.427123 -0.280695
76.000000 80.000000 -0.596812 -0.295840
179.000000 81.000000 -0.464907 -0.280919
196.000000 81.000000 -0.444721 -0.279010
1092.000000 81.000000 0.454967 -0.280106
1194.000000 81.000000 0.584297 -0.293529
1225.000000 81.000000 0.627004 -0.298302
492.000000 82.000000 -0.137859 -0.258688
562.000000 82.000000 -0.072155 -0.257169
1221.000000 82.000000 0.621248 -0.296528
1227.000000 82.000000 0.629656 -0.297471
112.000000 83.000000 -0.548378 -0.287238
1045.000000 83.000000 0.400326 -0.273076
1074.000000 83.000000 0.433563 -0.275996
748.000000 84.000000 0.100468 -0.255768
1027.000000 84.000000 0.380113 -0.270360
1049.000000 84.000000 0.404752 -0.272407
1072.000000 84.000000 0.431132 -0.274721
1192.000000 84.000000 0.581152 -0.289849
746.000000 85.000000 0.098574 -0.254746
491.000000 86.000000 -0.138692 -0.254773
1154.000000 86.000000 0.530910 -0.282290
149.000000 87.000000 -0.500796 -0.277993
1222.000000 87.000000 0.621868 -0.290973
12.000000 88.000000 -0.686018 -0.296677
473.000000 88.000000 -0.155734 -0.253346
1045.000000 88.000000 0.399852 -0.267818
1125.000000 88.000000 0.494148 -0.276408
151.000000 89.000000 -0.498072 -0.275572
1192.000000 89.000000 0.580423 -0.284229
199.000000 90.000000 -0.440244 -0.269086
568.000000 90.000000 -0.066464 -0.249262
613.000000 90.000000 -0.024786 -0.248858
677.000000 91.000000 0.034341 -0.247953
28.000000 92.000000 -0.662217 -0.289533
990.000000 92.000000 0.339235 -0.259027
1053.000000 92.000000 0.408522 -0.264372
84.000000 93.000000 -0.584059 -0.280013
607.000000 93.000000 -0.030315 -0.245972
1143.000000 93.000000 0.516009 -0.273184
1225.000000 93.000000 0.625148 -0.284598
33.000000 94.000000 -0.654741 -0.286462
722.000000 94.000000 0.076024 -0.245527
87.000000 95.000000 -0.579745 -0.277353
546.000000 95.000000 -0.086851 -0.244719
617.000000 95.000000 -0.021069 -0.243981
749.000000 95.000000 0.101180 -0.245025
34.000000 96.000000 -0.653006 -0.284016
465.000000 96.000000 -0.163106 -0.245730
649.000000 96.000000 0.008459 -0.242975
44.000000 97.000000 -0.638656 -0.281360
48.000000 97.000000 -0.633021 -0.280760
555.000000 97.000000 -0.078444 -0.242630
4.000000 98.000000 -0.696161 -0.286323
165.000000 98.000000 -0.479862 -0.264220
632.000000 98.000000 -0.007221 -0.241032
755.000000 98.000000 0.106731 -0.242224
1190.000000 98.000000 0.576464 -0.273885
88.000000 99.000000 -0.577850 -0.272756
550.000000 99.000000 -0.083062 -0.240764
1266.000000 99.000000 0.682939 -0.284013
595.000000 100.000000 -0.041354 -0.239263
746.000000 100.000000 0.098279 -0.240098
1214.000000 100.000000 0.608817 -0.275048
1219.000000 100.000000 0.615739 -0.275774
80.000000 101.000000 -0.588329 -0.271634
693.000000 101.000000 0.049054 -0.238377
945.000000 101.000000 0.291531 -0.246826
1050.000000 101.000000 0.404296 -0.254677
480.000000 102.000000 -0.148658 -0.239396
7.000000 103.000000 -0.690998 -0.280082
80.000000 103.000000 -0.588052 -0.269404
393.000000 103.000000 -0.232633 -0.241651
1123.000000 103.000000 0.489924 -0.259968
101.000000 104.000000 -0.559941 -0.265475
212.000000 104.000000 -0.423809 -0.253032
137.000000 105.000000 -0.513597 -0.259902
218.000000 105.000000 -0.416857 -0.251431
1194.000000 105.000000 0.580869 -0.266648
74.000000 106.000000 -0.595769 -0.266887
1241.000000 106.000000 0.645797 -0.272210
7.000000 107.000000 -0.690395 -0.275471
580.000000 107.000000 -0.055150 -0.232630
663.000000 107.000000 0.021333 -0.232380
1051.000000 107.000000 0.404890 -0.248522
12.000000 108.000000 -0.682941 -0.273576
63.000000 108.000000 -0.610549 -0.266178
469.000000 108.000000 -0.158923 -0.233864
582.000000 108.000000 -0.053292 -0.231646
106.000000 109.000000 -0.552753 -0.259340
120.000000 109.000000 -0.534662 -0.257603
490.000000 109.000000 -0.139012 -0.232305
1194.000000 109.000000 0.580329 -0.262211
10.000000 110.000000 -0.685562 -0.271577
46.000000 110.000000 -0.633933 -0.266332
61.000000 110.000000 -0.613029 -0.264217
95.000000 110.000000 -0.567070 -0.259648
212.000000 110.000000 -0.423254 -0.246762
562.000000 110.000000 -0.071766 -0.229944
1150.000000 110.000000 0.522786 -0.255552
1232.000000 110.000000 0.632471 -0.266370
13.000000 111.000000 -0.681040 -0.269988
92.000000 111.000000 -0.570916 -0.258935
108.000000 111.000000 -0.549898 -0.256901
670.000000 111.000000 0.027761 -0.228561
1249.000000 111.000000 0.656500 -0.267700
59.000000 112.000000 -0.615516 -0.262256
121.000000 112.000000 -0.533020 -0.254222
743.000000 112.000000 0.095264 -0.228419
50.000000 113.000000 -0.627899 -0.262388
1048.000000 113.000000 0.400997 -0.242046
566.000000 114.000000 -0.068014 -0.226041
67.000000 115.000000 -0.604093 -0.257815
1052.000000 115.000000 0.405325 -0.240318
1235.000000 115.000000 0.635989 -0.261159
1049.000000 116.000000 0.401867 -0.239032
1113.000000 116.000000 0.476341 -0.245012
112.000000 117.000000 -0.543981 -0.249874
545.000000 117.000000 -0.087425 -0.223444
1081.000000 117.000000 0.438331 -0.240818
1229.000000 117.000000 0.627268 -0.258070
19.000000 118.000000 -0.671315 -0.261128
1196.000000 118.000000 0.581832 -0.252528
177.000000 119.000000 -0.463240 -0.240647
756.000000 119.000000 0.107246 -0.221909
17.000000 120.000000 -0.673927 -0.259137
58.000000 120.000000 -0.615809 -0.253458
1232.000000 120.000000 0.631064 -0.255120
15.000000 121.000000 -0.676688 -0.258283
22.000000 121.000000 -0.666556 -0.257295
64.000000 121.000000 -0.607406 -0.251546
1024.000000 121.000000 0.373775 -0.231923
1230.000000 121.000000 0.628119 -0.253724
61.000000 122.000000 -0.611400 -0.250832
1235.000000 122.000000 0.635014 -0.253289
1239.000000 122.000000 0.640670 -0.253839
1273.000000 122.000000 0.689778 -0.258628
178.000000 123.000000 -0.461664 -0.236347
615.000000 124.000000 -0.022797 -0.216071
1085.000000 124.000000 0.442343 -0.233882
155.000000 125.000000 -0.489133 -0.236517
956.000000 125.000000 0.301434 -0.223446
1114.000000 125.000000 0.476634 -0.235597
1180.000000 125.000000 0.559699 -0.242861
1251.000000 125.000000 0.657378 -0.252121
54.000000 126.000000 -0.620555 -0.247309
135.000000 126.000000 -0.513727 -0.237556
145.000000 126.000000 -0.501301 -0.236492
643.000000 126.000000 0.002905 -0.214117
160.000000 127.000000 -0.482853 -0.233899
538.000000 127.000000 -0.093763 -0.213958
743.000000 127.000000 0.095012 -0.213998
1224.000000 127.000000 0.618934 -0.246223
1239.000000 127.000000 0.639987 -0.248227
1253.000000 127.000000 0.659978 -0.250139
1255.000000 127.000000 0.662860 -0.250415
144.000000 128.000000 -0.502327 -0.234471
154.000000 128.000000 -0.490048 -0.233445
1094.000000 128.000000 0.452518 -0.230535
128.000000 129.000000 -0.522192 -0.235108
1084.000000 129.000000 0.440729 -0.228591
64.000000 130.000000 -0.606239 -0.241582
150.000000 130.000000 -0.494737 -0.231734
1195.000000 130.000000 0.578981 -0.239227
1197.000000 130.000000 0.581661 -0.239472
995.000000 131.000000 0.341841 -0.219799
106.000000 132.000000 -0.549990 -0.234333
1117.000000 132.000000 0.479568 -0.228521
940.000000 133.000000 0.284640 -0.214656
1207.000000 133.000000 0.594795 -0.237417
1225.000000 133.000000 0.619543 -0.239691
1254.000000 133.000000 0.660600 -0.243513
1011.000000 134.000000 0.358751 -0.217829
1130.000000 134.000000 0.495207 -0.227696
1125.000000 135.000000 0.488989 -0.226145
428.000000 136.000000 -0.197237 -0.207989
579.000000 136.000000 -0.055796 -0.204868
156.000000 137.000000 -0.486726 -0.223761
561.000000 137.000000 -0.072358 -0.204102
1206.000000 138.000000 0.592826 -0.231812
1256.000000 139.000000 0.662685 -0.237035
527.000000 140.000000 -0.103758 -0.201724
1229.000000 140.000000 0.624227 -0.232447
648.000000 141.000000 0.007473 -0.199866
61.000000 142.000000 -0.608866 -0.228742
95.000000 142.000000 -0.563213 -0.224783
567.000000 142.000000 -0.066777 -0.199288
572.000000 142.000000 -0.062177 -0.199237
652.000000 142.000000 0.011133 -0.198925
1119.000000 142.000000 0.481034 -0.218223
1239.000000 142.000000 0.638022 -0.231491
191.000000 143.000000 -0.444602 -0.214379
612.000000 144.000000 -0.025471 -0.197074
38.000000 145.000000 -0.640528 -0.228256
51.000000 145.000000 -0.622315 -0.226656
183.000000 145.000000 -0.453778 -0.212986
1050.000000 145.000000 0.400718 -0.209431
1120.000000 145.000000 0.481966 -0.215178
1208.000000 145.000000 0.594705 -0.224401
146.000000 146.000000 -0.498074 -0.215262
1085.000000 146.000000 0.440444 -0.211108
1108.000000 146.000000 0.467472 -0.213057
1192.000000 146.000000 0.573103 -0.221475
505.000000 147.000000 -0.124096 -0.195456
1112.000000 147.000000 0.472160 -0.212371
1120.000000 147.000000 0.481783 -0.213090
1160.000000 147.000000 0.531386 -0.216960
1272.000000 147.000000 0.684913 -0.230121
147.000000 148.000000 -0.496660 -0.213070
407.000000 148.000000 -0.217123 -0.197116
546.000000 148.000000 -0.086058 -0.193848
417.000000 149.000000 -0.207411 -0.195816
450.000000 149.000000 -0.175804 -0.194826
549.000000 149.000000 -0.083278 -0.192863
1135.000000 149.000000 0.499896 -0.212385
1242.000000 149.000000 0.641393 -0.224098
151.000000 150.000000 -0.491588 -0.210606
153.000000 150.000000 -0.489155 -0.210424
530.000000 150.000000 -0.100819 -0.192180
986.000000 150.000000 0.331201 -0.200312
1116.000000 150.000000 0.476692 -0.209605
1120.000000 150.000000 0.481512 -0.209961
1201.000000 150.000000 0.584676 -0.218157
441.000000 151.000000 -0.184320 -0.193163
454.000000 151.000000 -0.171951 -0.192806
41.000000 152.000000 -0.635446 -0.220146
424.000000 152.000000 -0.200571 -0.192711
1186.000000 152.000000 0.564509 -0.214347
1255.000000 152.000000 0.659585 -0.222370
183.000000 153.000000 -0.453115 -0.204736
1233.000000 153.000000 0.628230 -0.218591
1158.000000 154.000000 0.528142 -0.209332
136.000000 155.000000 -0.509565 -0.206753
1236.000000 155.000000 0.632201 -0.216745
157.000000 156.000000 -0.483776 -0.203819
220.000000 156.000000 -0.410472 -0.198871
50.000000 157.000000 -0.622284 -0.213593
1120.000000 157.000000 0.480897 -0.202681
1218.000000 157.000000 0.606970 -0.212469
220.000000 158.000000 -0.410332 -0.196847
131.000000 159.000000 -0.515412 -0.203018
584.000000 159.000000 -0.051022 -0.183086
163.000000 160.000000 -0.476220 -0.199162
165.000000 160.000000 -0.473828 -0.198995
203.000000 160.000000 -0.429441 -0.196033
581.000000 160.000000 -0.053763 -0.182168
546.000000 161.000000 -0.085894 -0.181573
555.000000 161.000000 -0.077612 -0.181468
1192.000000 161.000000 0.571478 -0.205320
1234.000000 161.000000 0.628697 -0.209919
200.000000 162.000000 -0.432728 -0.194219
1205.000000 162.000000 0.588739 -0.205617
917.000000 163.000000 0.260179 -0.184324
190.000000 164.000000 -0.444103 -0.192920
201.000000 164.000000 -0.431437 -0.192113
734.000000 165.000000 0.086156 -0.177828
1113.000000 165.000000 0.471831 -0.193822
1098.000000 166.000000 0.454014 -0.191617
1119.000000 166.000000 0.478936 -0.193278
1206.000000 166.000000 0.589663 -0.201409
1250.000000 166.000000 0.650749 -0.206254
204.000000 167.000000 -0.427798 -0.188857
1087.000000 167.000000 0.441134 -0.189773
1234.000000 167.000000 0.628020 -0.203350
1240.000000 167.000000 0.636447 -0.204020
1248.000000 167.000000 0.647783 -0.204924
90.000000 169.000000 -0.566943 -0.196360
176.000000 169.000000 -0.460072 -0.188866
546.000000 169.000000 -0.085799 -0.174053
1119.000000 169.000000 0.478692 -0.190183
913.000000 170.000000 0.255941 -0.177417
1209.000000 170.000000 0.593298 -0.197413
54.000000 171.000000 -0.615203 -0.197893
118.000000 171.000000 -0.530647 -0.191607
221.000000 172.000000 -0.408274 -0.182674
1055.000000 172.000000 0.404453 -0.182529
1119.000000 172.000000 0.478453 -0.187091
1121.000000 173.000000 0.480778 -0.186220
1250.000000 173.000000 0.649960 -0.198547
1075.000000 174.000000 0.426866 -0.181830
74.000000 175.000000 -0.587594 -0.191530
83.000000 175.000000 -0.575595 -0.190648
1257.000000 175.000000 0.659766 -0.197120
1204.000000 177.000000 0.585855 -0.189393
75.000000 178.000000 -0.585959 -0.188221
173.000000 178.000000 -0.462935 -0.179892
13.000000 179.000000 -0.672318 -0.193551
85.000000 179.000000 -0.572567 -0.186198
690.000000 179.000000 0.045706 -0.164330
1011.000000 179.000000 0.356073 -0.173025
1171.000000 179.000000 0.542370 -0.184181
1205.000000 179.000000 0.587001 -0.187350
1086.000000 180.000000 0.439063 -0.176510
1232.000000 180.000000 0.623837 -0.188980
1206.000000 181.000000 0.588151 -0.185308
1249.000000 182.000000 0.647565 -0.188571
45.000000 183.000000 -0.626428 -0.185814
103.000000 183.000000 -0.548728 -0.180332
131.000000 183.000000 -0.513332 -0.177975
1216.000000 183.000000 0.601493 -0.184136
553.000000 184.000000 -0.079209 -0.159948
1121.000000 184.000000 0.479934 -0.174919
1202.000000 185.000000 0.582409 -0.180659
1251.000000 185.000000 0.650101 -0.185499
99.000000 186.000000 -0.553630 -0.177526
994.000000 186.000000 0.337740 -0.165317
1019.000000 186.000000 0.364270 -0.166548
68.000000 187.000000 -0.594509 -0.179270
1122.000000 187.000000 0.480915 -0.171921
1221.000000 187.000000 0.607938 -0.180324
5.000000 188.000000 -0.682996 -0.184463
52.000000 188.000000 -0.616236 -0.179721
50.000000 189.000000 -0.618900 -0.178837
139.000000 189.000000 -0.502991 -0.171144
1265.000000 189.000000 0.669821 -0.182563
37.000000 190.000000 -0.636920 -0.179023
41.000000 190.000000 -0.631313 -0.178630
142.000000 191.000000 -0.499168 -0.168860
193.000000 191.000000 -0.438785 -0.165363
1060.000000 191.000000 0.408878 -0.163838
45.000000 192.000000 -0.625543 -0.176082
140.000000 192.000000 -0.501540 -0.167980
144.000000 192.000000 -0.496654 -0.167684
198.000000 192.000000 -0.432997 -0.164047
1233.000000 192.000000 0.624035 -0.176095
50.000000 193.000000 -0.618519 -0.174530
82.000000 194.000000 -0.575174 -0.170566
133.000000 194.000000 -0.509999 -0.166442
203.000000 194.000000 -0.427183 -0.161739
1229.000000 194.000000 0.618291 -0.173559
577.000000 195.000000 -0.057170 -0.149523
1141.000000 195.000000 0.503411 -0.165105
68.000000 196.000000 -0.593687 -0.169673
205.000000 196.000000 -0.424798 -0.159620
212.000000 196.000000 -0.416903 -0.159215
128.000000 197.000000 -0.515969 -0.163721
1087.000000 197.000000 0.439120 -0.159441
1210.000000 197.000000 0.592057 -0.168614
1247.000000 197.000000 0.643218 -0.172029
1258.000000 197.000000 0.658913 -0.173093
3.000000 198.000000 -0.684904 -0.173637
131.000000 198.000000 -0.512175 -0.162468
178.000000 198.000000 -0.455709 -0.159256
218.000000 199.000000 -0.410017 -0.155894
1116.000000 199.000000 0.472906 -0.159267
37.000000 200.000000 -0.635965 -0.168199
65.000000 200.000000 -0.597385 -0.165681
124.000000 200.000000 -0.520727 -0.160921
1112.000000 200.000000 0.468093 -0.157990
1114.000000 200.000000 0.470463 -0.158120
1208.000000 200.000000 0.589102 -0.165252
124.000000 202.000000 -0.520580 -0.158856
133.000000 202.000000 -0.509414 -0.158207
186.000000 202.000000 -0.446172 -0.154736
111.000000 203.000000 -0.536868 -0.158787
886.000000 203.000000 0.228432 -0.145085
1225.000000 203.000000 0.611952 -0.163540
935.000000 204.000000 0.276636 -0.145598
1131.000000 204.000000 0.490577 -0.155180
95.000000 205.000000 -0.557244 -0.157932
1191.000000 205.000000 0.566112 -0.158561
31.000000 207.000000 -0.643778 -0.161184
151.000000 207.000000 -0.487138 -0.151870
206.000000 207.000000 -0.423047 -0.148597
1213.000000 208.000000 0.595164 -0.157188
74.000000 209.000000 -0.584545 -0.155394
1143.000000 209.000000 0.504879 -0.150879
1209.000000 209.000000 0.589690 -0.155800
1233.000000 209.000000 0.622484 -0.157815
1254.000000 209.000000 0.652059 -0.159665
33.000000 210.000000 -0.640690 -0.157770
112.000000 210.000000 -0.535085 -0.151460
147.000000 210.000000 -0.491771 -0.149076
1028.000000 210.000000 0.372787 -0.143437
1141.000000 210.000000 0.502358 -0.149722
1271.000000 210.000000 0.676495 -0.160119
26.000000 211.000000 -0.650510 -0.157304
1233.000000 212.000000 0.622227 -0.154602
111.000000 213.000000 -0.536138 -0.148429
198.000000 213.000000 -0.431790 -0.143058
201.000000 213.000000 -0.428383 -0.142899
100.000000 214.000000 -0.550111 -0.148177
123.000000 214.000000 -0.520983 -0.146570
1255.000000 214.000000 0.653045 -0.154338
4.000000 215.000000 -0.681854 -0.154895
109.000000 215.000000 -0.538536 -0.146501
221.000000 215.000000 -0.405851 -0.139905
1039.000000 215.000000 0.384479 -0.139043
39.000000 216.000000 -0.631760 -0.150810
63.000000 216.000000 -0.598764 -0.148872
107.000000 216.000000 -0.541010 -0.145607
622.000000 216.000000 -0.016174 -0.129952
33.000000 217.000000 -0.640092 -0.150235
36.000000 217.000000 -0.635877 -0.149986
42.000000 217.000000 -0.627495 -0.149492
157.000000 217.000000 -0.479323 -0.141357
1208.000000 217.000000 0.587714 -0.147275
1213.000000 217.000000 0.594440 -0.147662
614.000000 218.000000 -0.023425 -0.128128
1100.000000 218.000000 0.452933 -0.139138
34.000000 219.000000 -0.638520 -0.148004
112.000000 219.000000 -0.534459 -0.142166
126.000000 219.000000 -0.516921 -0.141243
244.000000 219.000000 -0.380456 -0.134920
696.000000 219.000000 0.050951 -0.127324
26.000000 220.000000 -0.649743 -0.147587
48.000000 220.000000 -0.618941 -0.145808
485.000000 220.000000 -0.141485 -0.127329
1082.000000 220.000000 0.432109 -0.136188
102.000000 221.000000 -0.547051 -0.140777
105.000000 221.000000 -0.543216 -0.140573
1127.000000 221.000000 0.484679 -0.137656
1133.000000 221.000000 0.491916 -0.138013
45.000000 222.000000 -0.622930 -0.143913
111.000000 222.000000 -0.535524 -0.139141
115.000000 222.000000 -0.530475 -0.138878
168.000000 222.000000 -0.466003 -0.135690
226.000000 222.000000 -0.399993 -0.132781
614.000000 222.000000 -0.023416 -0.124452
1219.000000 222.000000 0.602185 -0.142837
41.000000 223.000000 -0.628406 -0.143160
200.000000 223.000000 -0.429006 -0.133023
1247.000000 223.000000 0.640926 -0.143966
101.000000 224.000000 -0.548131 -0.137740
1132.000000 224.000000 0.490529 -0.134912
82.000000 225.000000 -0.572745 -0.138002
84.000000 225.000000 -0.570116 -0.137862
106.000000 225.000000 -0.541675 -0.136376
621.000000 225.000000 -0.017067 -0.121685
63.000000 226.000000 -0.598006 -0.138311
78.000000 226.000000 -0.577953 -0.137237
99.000000 226.000000 -0.550565 -0.135804
1169.000000 226.000000 0.536216 -0.135145
1204.000000 226.000000 0.581704 -0.137520
1257.000000 226.000000 0.654901 -0.141540
211.000000 227.000000 -0.416427 -0.128547
1255.000000 227.000000 0.651964 -0.140303
1084.000000 228.000000 0.433991 -0.128347
1171.000000 228.000000 0.538628 -0.133213
1202.000000 228.000000 0.578904 -0.135285
46.000000 229.000000 -0.621013 -0.136388
64.000000 229.000000 -0.596440 -0.135080
177.000000 229.000000 -0.455107 -0.128206
27.000000 230.000000 -0.647529 -0.136752
125.000000 230.000000 -0.517480 -0.130060
181.000000 230.000000 -0.450417 -0.127008
183.000000 230.000000 -0.448106 -0.126909
302.000000 230.000000 -0.318896 -0.122109
1170.000000 230.000000 0.537231 -0.131091
156.000000 231.000000 -0.479726 -0.127297
158.000000 231.000000 -0.477344 -0.127190
1265.000000 231.000000 0.666006 -0.136773
87.000000 232.000000 -0.565717 -0.130373
617.000000 232.000000 -0.020678 -0.115276
1247.000000 232.000000 0.640226 -0.134318
205.000000 233.000000 -0.422889 -0.122904
217.000000 233.000000 -0.409469 -0.122379
609.000000 233.000000 -0.027922 -0.114377
1267.000000 233.000000 0.668743 -0.134765
22.000000 234.000000 -0.654333 -0.132834
86.000000 234.000000 -0.566893 -0.128361
614.000000 234.000000 -0.023391 -0.113450
44.000000 235.000000 -0.623343 -0.130161
176.000000 235.000000 -0.455972 -0.122273
208.000000 235.000000 -0.419430 -0.120802
1262.000000 235.000000 0.661374 -0.132224
243.000000 236.000000 -0.380844 -0.118397
258.000000 236.000000 -0.364733 -0.117840
1164.000000 236.000000 0.529283 -0.124570
114.000000 237.000000 -0.530809 -0.123553
256.000000 237.000000 -0.366832 -0.116945
42.000000 238.000000 -0.625905 -0.127117
72.000000 238.000000 -0.585108 -0.125099
82.000000 238.000000 -0.571879 -0.124460
90.000000 238.000000 -0.561428 -0.123961
252.000000 238.000000 -0.371077 -0.116121
1252.000000 238.000000 0.646861 -0.128262
171.000000 240.000000 -0.461563 -0.117528
252.000000 240.000000 -0.371005 -0.114185
604.000000 240.000000 -0.032433 -0.107985
1256.000000 240.000000 0.652410 -0.126405
127.000000 241.000000 -0.514380 -0.118747
131.000000 241.000000 -0.509451 -0.118532
218.000000 241.000000 -0.408028 -0.114496
723.000000 241.000000 0.075395 -0.107287
1173.000000 241.000000 0.540382 -0.119968
22.000000 242.000000 -0.653753 -0.124247
39.000000 242.000000 -0.629802 -0.123076
184.000000 242.000000 -0.446390 -0.114944
214.000000 242.000000 -0.412432 -0.113676
1056.000000 242.000000 0.401973 -0.113348
42.000000 243.000000 -0.625564 -0.121813
60.000000 243.000000 -0.600898 -0.120636
227.000000 243.000000 -0.398017 -0.112191
45.000000 244.000000 -0.621345 -0.120555
175.000000 244.000000 -0.456714 -0.113362
236.000000 245.000000 -0.388105 -0.109911
625.000000 245.000000 -0.013421 -0.103380
722.000000 247.000000 0.074448 -0.101790
55.000000 248.000000 -0.607372 -0.115700
1111.000000 248.000000 0.464287 -0.109730
187.000000 249.000000 -0.442644 -0.107889
43.000000 250.000000 -0.623726 -0.114339
204.000000 250.000000 -0.423306 -0.106225
611.000000 250.000000 -0.026075 -0.098839
990.000000 250.000000 0.331164 -0.103409
1218.000000 250.000000 0.598917 -0.113298
625.000000 251.000000 -0.013415 -0.097908
1124.000000 251.000000 0.479528 -0.107319
125.000000 252.000000 -0.516286 -0.107688
1039.000000 252.000000 0.383016 -0.103004
1126.000000 252.000000 0.481870 -0.106408
48.000000 253.000000 -0.616644 -0.110867
54.000000 253.000000 -0.608431 -0.110509
200.000000 253.000000 -0.427698 -0.103434
1240.000000 253.000000 0.628967 -0.111482
1248.000000 253.000000 0.640188 -0.111980
1223.000000 254.000000 0.605468 -0.109403
53.000000 255.000000 -0.609677 -0.108468
200.000000 255.000000 -0.427622 -0.101470
238.000000 255.000000 -0.385588 -0.100142
632.000000 255.000000 -0.007086 -0.094259
1175.000000 255.000000 0.542167 -0.105729
189.000000 256.000000 -0.440076 -0.100903
240.000000 256.000000 -0.383388 -0.099109
249.000000 256.000000 -0.373688 -0.098824
686.000000 256.000000 0.041729 -0.093417
1087.000000 256.000000 0.436200 -0.100816
1128.000000 256.000000 0.484084 -0.102492
1219.000000 256.000000 0.599918 -0.107076
1249.000000 256.000000 0.641413 -0.108852
1256.000000 256.000000 0.651342 -0.109282
191.000000 257.000000 -0.437756 -0.099842
199.000000 257.000000 -0.428677 -0.099544
935.000000 257.000000 0.275197 -0.095415
1101.000000 257.000000 0.452248 -0.100373
244.000000 258.000000 -0.379004 -0.097049
248.000000 258.000000 -0.374700 -0.096926
167.000000 259.000000 -0.465416 -0.098798
204.000000 259.000000 -0.422973 -0.097404
236.000000 259.000000 -0.387630 -0.096333
618.000000 259.000000 -0.019731 -0.090631
1264.000000 259.000000 0.662615 -0.106566
330.000000 260.000000 -0.289673 -0.092881
588.000000 260.000000 -0.046863 -0.089788
620.000000 260.000000 -0.017923 -0.089718
911.000000 260.000000 0.251475 -0.092123
124.000000 261.000000 -0.517099 -0.098623
552.000000 261.000000 -0.079536 -0.089033
677.000000 261.000000 0.033572 -0.088841
1128.000000 261.000000 0.483871 -0.097490
1142.000000 261.000000 0.500775 -0.098085
164.000000 262.000000 -0.468819 -0.095937
178.000000 262.000000 -0.452493 -0.095400
1138.000000 262.000000 0.495872 -0.096908
1176.000000 262.000000 0.543095 -0.098621
123.000000 263.000000 -0.518248 -0.096645
125.000000 263.000000 -0.515774 -0.096557
211.000000 263.000000 -0.415004 -0.093255
601.000000 263.000000 -0.035091 -0.087023
728.000000 263.000000 0.079820 -0.087217
1174.000000 263.000000 0.540502 -0.097506
1212.000000 263.000000 0.590104 -0.099391
218.000000 264.000000 -0.407201 -0.092053
1141.000000 264.000000 0.499429 -0.095026
586.000000 265.000000 -0.048658 -0.085245
1132.000000 267.000000 0.488425 -0.091653
174.000000 268.000000 -0.456909 -0.089617
381.000000 268.000000 -0.239254 -0.084428
635.000000 268.000000 -0.004372 -0.082436
208.000000 269.000000 -0.418158 -0.087499
431.000000 269.000000 -0.191395 -0.082788
462.000000 269.000000 -0.162291 -0.082434
1202.000000 269.000000 0.576498 -0.092671
197.000000 270.000000 -0.430490 -0.086872
615.000000 271.000000 -0.022425 -0.079729
1124.000000 271.000000 0.478708 -0.087357
1257.000000 271.000000 0.651904 -0.093353
210.000000 272.000000 -0.415834 -0.084514
234.000000 272.000000 -0.389419 -0.083822
262.000000 272.000000 -0.359385 -0.083086
700.000000 272.000000 0.054357 -0.078906
1120.000000 272.000000 0.473926 -0.086217
1268.000000 272.000000 0.667641 -0.092873
605.000000 273.000000 -0.031454 -0.077929
1260.000000 273.000000 0.656082 -0.091382
164.000000 274.000000 -0.468378 -0.084030
1091.000000 274.000000 0.440136 -0.083261
1125.000000 274.000000 0.479789 -0.084407
374.000000 275.000000 -0.245944 -0.078026
552.000000 275.000000 -0.079466 -0.076285
556.000000 276.000000 -0.075825 -0.075357
237.000000 277.000000 -0.386029 -0.078918
562.000000 277.000000 -0.070372 -0.074424
1056.000000 277.000000 0.400815 -0.079306
229.000000 278.000000 -0.394705 -0.078160
766.000000 278.000000 0.114446 -0.073775
1224.000000 278.000000 0.605579 -0.084353
444.000000 279.000000 -0.179034 -0.073437
614.000000 279.000000 -0.023318 -0.072473
663.000000 279.000000 0.020892 -0.072471
672.000000 279.000000 0.029018 -0.072484
154.000000 280.000000 -0.479989 -0.078413
621.000000 280.000000 -0.016999 -0.071559
753.000000 280.000000 0.102529 -0.071873
1125.000000 280.000000 0.479583 -0.078438
186.000000 281.000000 -0.442660 -0.076431
1123.000000 281.000000 0.477174 -0.077379
526.000000 283.000000 -0.103127 -0.069140
252.000000 284.000000 -0.369731 -0.071831
661.000000 284.000000 0.019082 -0.067938
705.000000 284.000000 0.058847 -0.068029
1079.000000 284.000000 0.426226 -0.073125
1104.000000 284.000000 0.454795 -0.073827
597.000000 285.000000 -0.038659 -0.067063
614.000000 285.000000 -0.023310 -0.067036
1057.000000 285.000000 0.401708 -0.071587
1102.000000 285.000000 0.452450 -0.072784
67.000000 286.000000 -0.589269 -0.075492
70.000000 286.000000 -0.585273 -0.075374
1194.000000 286.000000 0.565273 -0.074833
1275.000000 286.000000 0.677107 -0.078227
153.000000 287.000000 -0.480957 -0.071491
719.000000 287.000000 0.071531 -0.065355
725.000000 287.000000 0.076980 -0.065377
613.000000 288.000000 -0.024209 -0.064321
1256.000000 288.000000 0.649665 -0.075257
59.000000 289.000000 -0.599888 -0.072696
151.000000 289.000000 -0.483279 -0.069565
382.000000 289.000000 -0.237986 -0.064917
1269.000000 289.000000 0.668264 -0.074753
1181.000000 290.000000 0.548332 -0.070278
1263.000000 290.000000 0.659578 -0.073432
1223.000000 291.000000 0.603676 -0.070773
1258.000000 291.000000 0.652386 -0.072162
150.000000 292.000000 -0.484385 -0.066614
621.000000 292.000000 -0.016989 -0.060693
56.000000 293.000000 -0.603794 -0.068656
62.000000 293.000000 -0.595699 -0.068437
475.000000 293.000000 -0.149991 -0.060349
39.000000 294.000000 -0.627061 -0.068245
154.000000 294.000000 -0.479569 -0.064519
158.000000 294.000000 -0.474833 -0.064411
215.000000 294.000000 -0.409709 -0.063024
1257.000000 294.000000 0.650840 -0.068943
491.000000 295.000000 -0.135183 -0.058420
608.000000 295.000000 -0.028712 -0.057993
1263.000000 295.000000 0.659374 -0.068118
51.000000 296.000000 -0.610482 -0.065717
62.000000 296.000000 -0.595593 -0.065331
147.000000 296.000000 -0.487860 -0.062723
212.000000 296.000000 -0.412990 -0.061152
1056.000000 296.000000 0.400359 -0.060934
1185.000000 296.000000 0.553267 -0.064301
1271.000000 296.000000 0.670871 -0.067366
47.000000 297.000000 -0.615918 -0.064816
1141.000000 297.000000 0.498286 -0.061993
150.000000 298.000000 -0.484222 -0.060658
607.000000 298.000000 -0.029610 -0.055281
675.000000 298.000000 0.031697 -0.055286
911.000000 298.000000 0.250902 -0.056744
44.000000 299.000000 -0.619971 -0.062833
139.000000 299.000000 -0.497405 -0.059950
200.000000 299.000000 -0.426331 -0.058499
232.000000 299.000000 -0.390961 -0.057849
449.000000 299.000000 -0.174169 -0.055054
150.000000 300.000000 -0.484172 -0.058674
193.000000 300.000000 -0.434210 -0.057675
236.000000 300.000000 -0.386602 -0.056813
709.000000 300.000000 0.062425 -0.053544
927.000000 300.000000 0.266568 -0.055072
171.000000 301.000000 -0.459429 -0.057185
661.000000 301.000000 0.019067 -0.052559
235.000000 302.000000 -0.387649 -0.054910
1244.000000 302.000000 0.632214 -0.060035
1274.000000 302.000000 0.675003 -0.061074
606.000000 303.000000 -0.030507 -0.050763
1134.000000 303.000000 0.489683 -0.055838
604.000000 304.000000 -0.032310 -0.049862
1238.000000 304.000000 0.623798 -0.057742
1257.000000 304.000000 0.650477 -0.058363
67.000000 305.000000 -0.588616 -0.055876
76.000000 305.000000 -0.576694 -0.055616
236.000000 306.000000 -0.386496 -0.051053
448.000000 306.000000 -0.175055 -0.048656
66.000000 307.000000 -0.589892 -0.053843
653.000000 307.000000 0.011853 -0.047135
1216.000000 307.000000 0.593689 -0.053957
63.000000 308.000000 -0.593876 -0.052896
95.000000 308.000000 -0.551935 -0.052039
236.000000 308.000000 -0.386464 -0.049134
475.000000 308.000000 -0.149898 -0.046667
1084.000000 308.000000 0.431323 -0.049856
1132.000000 308.000000 0.487169 -0.050826
1169.000000 308.000000 0.532575 -0.051685
154.000000 309.000000 -0.479209 -0.049670
161.000000 309.000000 -0.470944 -0.049525
138.000000 310.000000 -0.498352 -0.049017
220.000000 310.000000 -0.403886 -0.047470
709.000000 310.000000 0.062401 -0.044498
1115.000000 310.000000 0.466980 -0.048495
96.000000 311.000000 -0.550580 -0.048968
151.000000 311.000000 -0.482732 -0.047752
239.000000 311.000000 -0.383175 -0.046211
60.000000 312.000000 -0.597797 -0.048845
67.000000 312.000000 -0.588424 -0.048664
76.000000 312.000000 -0.576507 -0.048438
1084.000000 312.000000 0.431251 -0.045963
1199.000000 312.000000 0.570996 -0.048362
151.000000 313.000000 -0.482692 -0.045773
222.000000 314.000000 -0.401627 -0.043584
668.000000 314.000000 0.025367 -0.040825
69.000000 315.000000 -0.585689 -0.045528
78.000000 315.000000 -0.573807 -0.045317
534.000000 315.000000 -0.095693 -0.040066
680.000000 315.000000 0.036187 -0.039935
988.000000 315.000000 0.327807 -0.041736
81.000000 316.000000 -0.569857 -0.044225
159.000000 316.000000 -0.473165 -0.042661
1000.000000 316.000000 0.340219 -0.040930
473.000000 317.000000 -0.151706 -0.038478
1260.000000 318.000000 0.654342 -0.043654
636.000000 319.000000 -0.003462 -0.036304
1196.000000 319.000000 0.566912 -0.041138
1106.000000 320.000000 0.456309 -0.038510
242.000000 321.000000 -0.379810 -0.036600
1239.000000 321.000000 0.624722 -0.040004
181.000000 322.000000 -0.447496 -0.036424
555.000000 323.000000 -0.076585 -0.032778
660.000000 323.000000 0.018152 -0.032702
100.000000 324.000000 -0.545208 -0.035714
230.000000 324.000000 -0.392755 -0.033865
623.000000 324.000000 -0.015169 -0.031798
102.000000 325.000000 -0.542651 -0.034669
167.000000 325.000000 -0.463647 -0.033680
191.000000 325.000000 -0.436049 -0.033365
626.000000 325.000000 -0.012467 -0.030896
165.000000 326.000000 -0.465969 -0.032725
234.000000 326.000000 -0.388390 -0.031904
237.000000 326.000000 -0.385144 -0.031872
1269.000000 326.000000 0.667081 -0.035387
191.000000 327.000000 -0.436025 -0.031420
1120.000000 327.000000 0.472576 -0.031831
1229.000000 327.000000 0.610832 -0.033555
55.000000 329.000000 -0.604181 -0.031376
178.000000 329.000000 -0.450853 -0.029623
194.000000 329.000000 -0.432606 -0.029441
196.000000 329.000000 -0.430348 -0.029419
198.000000 330.000000 -0.428085 -0.028428
191.000000 331.000000 -0.435980 -0.027530
626.000000 331.000000 -0.012465 -0.025488
1118.000000 331.000000 0.470172 -0.027868
164.000000 332.000000 -0.467065 -0.026842
206.000000 332.000000 -0.419104 -0.026410
651.000000 334.000000 0.010043 -0.022785
692.000000 334.000000 0.046998 -0.022806
1243.000000 334.000000 0.630041 -0.026498
192.000000 335.000000 -0.434808 -0.023632
1168.000000 335.000000 0.530830 -0.024473
1192.000000 335.000000 0.561441 -0.024764
1119.000000 336.000000 0.471295 -0.022957
1273.000000 336.000000 0.672695 -0.024835
162.000000 337.000000 -0.469358 -0.021948
1138.000000 337.000000 0.493919 -0.022153
1271.000000 337.000000 0.669782 -0.023744
32.000000 339.000000 -0.635684 -0.021307
28.000000 340.000000 -0.641279 -0.020307
618.000000 340.000000 -0.019667 -0.017382
672.000000 340.000000 0.028956 -0.017386
725.000000 340.000000 0.076849 -0.017424
1111.000000 340.000000 0.461890 -0.018958
727.000000 342.000000 0.078661 -0.015620
726.000000 344.000000 0.077752 -0.013814
736.000000 344.000000 0.086832 -0.013823
7.000000 345.000000 -0.671163 -0.015250
1262.000000 345.000000 0.656739 -0.015170
214.000000 346.000000 -0.410123 -0.012841
1120.000000 346.000000 0.472397 -0.013123
30.000000 347.000000 -0.638405 -0.012951
673.000000 347.000000 0.029854 -0.011080
1117.000000 347.000000 0.468863 -0.012124
6.000000 348.000000 -0.672584 -0.012073
8.000000 348.000000 -0.669694 -0.012059
1138.000000 348.000000 0.493837 -0.011243
1167.000000 348.000000 0.529464 -0.011397
1188.000000 348.000000 0.556149 -0.011517
4.000000 349.000000 -0.675475 -0.011025
1049.000000 349.000000 0.392070 -0.009897
1132.000000 349.000000 0.486628 -0.010224
1117.000000 350.000000 0.468850 -0.009175
212.000000 351.000000 -0.412317 -0.008029
1222.000000 351.000000 0.601035 -0.008631
731.000000 352.000000 0.082285 -0.006594
33.000000 353.000000 -0.634175 -0.006655
253.000000 353.000000 -0.367832 -0.006014
42.000000 354.000000 -0.621687 -0.005579
246.000000 354.000000 -0.375298 -0.005075
251.000000 354.000000 -0.369959 -0.005067
1238.000000 354.000000 0.622914 -0.005585
33.000000 355.000000 -0.634168 -0.004564
103.000000 355.000000 -0.541098 -0.004384
213.000000 355.000000 -0.411201 -0.004171
1053.000000 357.000000 0.396415 -0.002233
244.000000 358.000000 -0.377436 -0.001263
689.000000 359.000000 0.044280 -0.000272
1166.000000 359.000000 0.528180 -0.000347
185.000000 360.000000 -0.442654 0.000650
613.000000 360.000000 -0.024168 0.000629
1254.000000 360.000000 0.645293 0.000665
1266.000000 360.000000 0.662409 0.000666
620.000000 361.000000 -0.017864 0.001529
1079.000000 361.000000 0.425211 0.001617
1120.000000 361.000000 0.472359 0.001636
763.000000 362.000000 0.111435 0.002440
618.000000 363.000000 -0.019665 0.003330
186.000000 364.000000 -0.441516 0.004542
163.000000 365.000000 -0.468088 0.005562
1267.000000 365.000000 0.663855 0.005959
1112.000000 366.000000 0.462987 0.006536
1121.000000 366.000000 0.473546 0.006558
154.000000 367.000000 -0.478691 0.007552
762.000000 367.000000 0.110523 0.006965
1126.000000 367.000000 0.479465 0.007558
1201.000000 367.000000 0.573040 0.007809
1235.000000 367.000000 0.618777 0.007942
7.000000 368.000000 -0.671115 0.009153
64.000000 368.000000 -0.591833 0.008887
72.000000 369.000000 -0.581205 0.009876
199.000000 369.000000 -0.426819 0.009365
236.000000 369.000000 -0.386062 0.009252
635.000000 369.000000 -0.004361 0.008731
55.000000 370.000000 -0.603948 0.010993
622.000000 370.000000 -0.016064 0.009633
1202.000000 370.000000 0.574368 0.010879
1125.000000 371.000000 0.478294 0.011499
1220.000000 371.000000 0.598346 0.012008
41.000000 373.000000 -0.623106 0.014195
597.000000 373.000000 -0.038588 0.012340
769.000000 374.000000 0.116934 0.013308
1241.000000 374.000000 0.627122 0.015270
1260.000000 374.000000 0.653876 0.015428
431.000000 375.000000 -0.190849 0.014344
500.000000 375.000000 -0.126720 0.014226
1007.000000 375.000000 0.347296 0.014834
1125.000000 375.000000 0.478316 0.015443
1196.000000 375.000000 0.566544 0.015942
1202.000000 375.000000 0.574401 0.015989
1258.000000 375.000000 0.651036 0.016464
117.000000 376.000000 -0.523600 0.016685
10.000000 377.000000 -0.666857 0.018672
1004.000000 377.000000 0.344171 0.016712
1223.000000 377.000000 0.602449 0.018227
1204.000000 378.000000 0.577061 0.019074
286.000000 379.000000 -0.333299 0.018544
692.000000 379.000000 0.046993 0.017753
1249.000000 379.000000 0.638350 0.020577
237.000000 380.000000 -0.385032 0.019767
609.000000 380.000000 -0.027775 0.018642
1257.000000 381.000000 0.649679 0.022774
1268.000000 381.000000 0.665424 0.022914
326.000000 382.000000 -0.292643 0.021159
1022.000000 382.000000 0.363129 0.021552
1204.000000 382.000000 0.577103 0.023168
43.000000 383.000000 -0.620451 0.024583
55.000000 383.000000 -0.604067 0.024428
207.000000 383.000000 -0.417950 0.022864
1108.000000 383.000000 0.458428 0.023177
1202.000000 383.000000 0.574481 0.024167
1237.000000 383.000000 0.621675 0.024610
1267.000000 383.000000 0.664010 0.025019
205.000000 384.000000 -0.420188 0.023847
1120.000000 384.000000 0.472478 0.024272
622.000000 386.000000 -0.016067 0.024044
665.000000 386.000000 0.022651 0.024047
769.000000 386.000000 0.116954 0.024180
1205.000000 386.000000 0.578474 0.027276
53.000000 387.000000 -0.606834 0.028593
1264.000000 387.000000 0.659759 0.029208
1193.000000 388.000000 0.562784 0.029150
1242.000000 388.000000 0.628684 0.029900
650.000000 389.000000 0.009143 0.026745
768.000000 389.000000 0.116045 0.026896
1119.000000 389.000000 0.471354 0.029184
1229.000000 389.000000 0.610768 0.030730
269.000000 390.000000 -0.351062 0.029052
1193.000000 390.000000 0.562814 0.031187
1232.000000 390.000000 0.614894 0.031818
176.000000 391.000000 -0.453163 0.030948
251.000000 391.000000 -0.370098 0.030160
309.000000 391.000000 -0.309832 0.029680
550.000000 391.000000 -0.081112 0.028624
766.000000 391.000000 0.114218 0.028704
1205.000000 391.000000 0.578549 0.032399
1250.000000 391.000000 0.639934 0.033180
1275.000000 392.000000 0.675743 0.034714
320.000000 393.000000 -0.298734 0.031471
737.000000 393.000000 0.087767 0.030448
764.000000 393.000000 0.112393 0.030511
918.000000 393.000000 0.257489 0.031191
8.000000 394.000000 -0.670004 0.036735
727.000000 394.000000 0.078685 0.031332
1205.000000 394.000000 0.578601 0.035473
402.000000 395.000000 -0.218439 0.032789
732.000000 395.000000 0.083227 0.032246
1245.000000 395.000000 0.632997 0.037278
95.000000 396.000000 -0.551596 0.037119
1226.000000 396.000000 0.606803 0.037935
8.000000 397.000000 -0.670069 0.039921
721.000000 397.000000 0.073248 0.034032
1241.000000 397.000000 0.627462 0.039287
275.000000 398.000000 -0.344862 0.036573
1108.000000 398.000000 0.458608 0.037882
1240.000000 399.000000 0.626116 0.041355
1253.000000 399.000000 0.644332 0.041651
10.000000 400.000000 -0.667255 0.043060
401.000000 400.000000 -0.219426 0.037393
771.000000 400.000000 0.118826 0.036878
940.000000 401.000000 0.279241 0.038788
1219.000000 401.000000 0.597427 0.042960
247.000000 402.000000 -0.374490 0.040696
626.000000 402.000000 -0.012469 0.038466
1112.000000 402.000000 0.463331 0.041873
1199.000000 402.000000 0.570865 0.043545
1242.000000 402.000000 0.628968 0.044538
136.000000 403.000000 -0.500642 0.043397
439.000000 403.000000 -0.183432 0.039916
928.000000 403.000000 0.267385 0.040546
1194.000000 403.000000 0.564357 0.044456
8.000000 404.000000 -0.670242 0.047360
1223.000000 404.000000 0.602906 0.046157
248.000000 405.000000 -0.373459 0.043548
1269.000000 405.000000 0.667351 0.048402
19.000000 406.000000 -0.654523 0.049181
401.000000 406.000000 -0.219467 0.042915
1107.000000 406.000000 0.457578 0.045715
1130.000000 406.000000 0.484662 0.046144
620.000000 407.000000 -0.017877 0.042980
1015.000000 407.000000 0.355975 0.045248
1174.000000 407.000000 0.538776 0.048070
1206.000000 407.000000 0.580202 0.048832
16.000000 408.000000 -0.658859 0.051381
280.000000 408.000000 -0.339771 0.045980
1108.000000 408.000000 0.458777 0.047697
1152.000000 408.000000 0.511357 0.048587
18.000000 409.000000 -0.656033 0.052381
254.000000 409.000000 -0.367115 0.047282
619.000000 409.000000 -0.018779 0.044786
1112.000000 409.000000 0.463458 0.048756
1207.000000 410.000000 0.581604 0.051940
276.000000 411.000000 -0.343975 0.048874
620.000000 411.000000 -0.017879 0.046590
1140.000000 411.000000 0.496789 0.051318
482.000000 412.000000 -0.143422 0.047894
1059.000000 412.000000 0.403439 0.050705
1212.000000 412.000000 0.588312 0.054136
1264.000000 412.000000 0.660357 0.055686
1272.000000 412.000000 0.671901 0.055940
1162.000000 413.000000 0.523848 0.053835
1165.000000 413.000000 0.527593 0.053910
1210.000000 413.000000 0.585673 0.055110
1239.000000 413.000000 0.625099 0.055964
56.000000 415.000000 -0.603402 0.057528
84.000000 415.000000 -0.566233 0.056710
602.000000 415.000000 -0.034114 0.050220
1058.000000 415.000000 0.402392 0.053582
1173.000000 415.000000 0.537707 0.056134
92.000000 417.000000 -0.555934 0.058524
99.000000 417.000000 -0.546966 0.058326
105.000000 417.000000 -0.539347 0.058160
1245.000000 417.000000 0.633587 0.060348
85.000000 418.000000 -0.565019 0.059747
1011.000000 418.000000 0.351925 0.055648
994.000000 419.000000 0.334200 0.056327
271.000000 420.000000 -0.349339 0.057489
1188.000000 420.000000 0.557022 0.061637
1242.000000 420.000000 0.629500 0.063395
139.000000 421.000000 -0.497417 0.061260
275.000000 422.000000 -0.345187 0.059322
91.000000 423.000000 -0.557403 0.064667
1200.000000 423.000000 0.572751 0.065084
737.000000 425.000000 0.087864 0.059427
72.000000 426.000000 -0.582336 0.068373
927.000000 426.000000 0.266651 0.061937
1048.000000 426.000000 0.391661 0.063989
1244.000000 427.000000 0.632550 0.070820
72.000000 428.000000 -0.582407 0.070433
769.000000 428.000000 0.117117 0.062307
1039.000000 428.000000 0.381941 0.065724
1128.000000 428.000000 0.482802 0.067917
1253.000000 428.000000 0.645252 0.072231
106.000000 429.000000 -0.538447 0.070280
756.000000 429.000000 0.105216 0.063146
1149.000000 429.000000 0.508228 0.069539
990.000000 430.000000 0.330246 0.066673
1241.000000 430.000000 0.628483 0.073853
66.000000 431.000000 -0.590501 0.073752
93.000000 432.000000 -0.555130 0.073779
729.000000 432.000000 0.080614 0.065747
86.000000 433.000000 -0.564220 0.075057
90.000000 433.000000 -0.559036 0.074909
95.000000 433.000000 -0.552596 0.074727
755.000000 434.000000 0.104328 0.067688
773.000000 434.000000 0.120825 0.067794
781.000000 434.000000 0.128184 0.067846
783.000000 434.000000 0.130026 0.067859
101.000000 435.000000 -0.544999 0.076545
732.000000 435.000000 0.083355 0.068484
778.000000 435.000000 0.125429 0.068737
1161.000000 435.000000 0.523258 0.075969
1211.000000 435.000000 0.587763 0.077850
131.000000 436.000000 -0.507598 0.076498
669.000000 436.000000 0.026303 0.069208
1243.000000 436.000000 0.631527 0.080246
107.000000 437.000000 -0.537463 0.078356
723.000000 437.000000 0.075181 0.070262
1109.000000 437.000000 0.460654 0.076267
1214.000000 437.000000 0.591861 0.080045
23.000000 438.000000 -0.650019 0.082895
130.000000 438.000000 -0.508891 0.078540
345.000000 438.000000 -0.274317 0.073231
1007.000000 438.000000 0.348102 0.074608
1221.000000 438.000000 0.601341 0.081380
345.000000 440.000000 -0.274349 0.075101
343.000000 441.000000 -0.276349 0.076070
30.000000 442.000000 -0.640324 0.086799
517.000000 442.000000 -0.111396 0.075010
737.000000 442.000000 0.087941 0.074870
1254.000000 442.000000 0.647293 0.087097
456.000000 444.000000 -0.167828 0.077338
767.000000 445.000000 0.115389 0.077782
1177.000000 445.000000 0.543807 0.086721
33.000000 446.000000 -0.636311 0.090879
64.000000 446.000000 -0.593813 0.089382
566.000000 446.000000 -0.066756 0.078396
1041.000000 446.000000 0.384536 0.083096
1125.000000 446.000000 0.479806 0.085717
119.000000 447.000000 -0.522808 0.088019
605.000000 447.000000 -0.031456 0.079191
1082.000000 447.000000 0.429948 0.085260
1272.000000 447.000000 0.673394 0.093349
32.000000 448.000000 -0.637814 0.093042
928.000000 448.000000 0.267979 0.082492
5.000000 449.000000 -0.676411 0.095535
594.000000 449.000000 -0.041404 0.081031
775.000000 449.000000 0.122769 0.081493
783.000000 449.000000 0.130139 0.081557
1238.000000 449.000000 0.625182 0.093694
506.000000 450.000000 -0.121549 0.082387
704.000000 450.000000 0.057991 0.082000
925.000000 450.000000 0.265053 0.084309
1128.000000 450.000000 0.483532 0.089814
1117.000000 451.000000 0.470508 0.090398
1171.000000 451.000000 0.536443 0.092575
1240.000000 452.000000 0.628120 0.096960
134.000000 453.000000 -0.504571 0.093457
750.000000 453.000000 0.099870 0.084966
1032.000000 453.000000 0.375015 0.089595
1210.000000 453.000000 0.587240 0.096458
1217.000000 453.000000 0.596638 0.096811
1269.000000 453.000000 0.669373 0.099619
1117.000000 454.000000 0.470621 0.093378
13.000000 455.000000 -0.665183 0.101520
964.000000 455.000000 0.304144 0.089792
1128.000000 455.000000 0.483727 0.094805
1208.000000 455.000000 0.584672 0.098433
1223.000000 455.000000 0.604872 0.099210
1256.000000 455.000000 0.650821 0.101018
151.000000 456.000000 -0.484166 0.095771
1210.000000 458.000000 0.587496 0.101653
777.000000 459.000000 0.124693 0.090656
1190.000000 459.000000 0.561185 0.101656
1223.000000 459.000000 0.605087 0.103396
1256.000000 459.000000 0.651052 0.105281
12.000000 460.000000 -0.666917 0.106935
285.000000 460.000000 -0.335594 0.095249
480.000000 460.000000 -0.145647 0.091777
1056.000000 460.000000 0.401343 0.097103
22.000000 461.000000 -0.652661 0.107403
275.000000 461.000000 -0.346052 0.096474
487.000000 461.000000 -0.139171 0.092624
770.000000 461.000000 0.118268 0.092426
25.000000 462.000000 -0.648462 0.108288
28.000000 462.000000 -0.644220 0.108108
299.000000 462.000000 -0.321187 0.096791
343.000000 462.000000 -0.276750 0.095765
602.000000 462.000000 -0.034200 0.092834
1194.000000 462.000000 0.566554 0.104954
276.000000 463.000000 -0.345060 0.098359
791.000000 463.000000 0.137658 0.094454
1005.000000 463.000000 0.346627 0.098434
1008.000000 463.000000 0.349779 0.098519
1074.000000 463.000000 0.421471 0.100655
607.000000 464.000000 -0.029682 0.094644
918.000000 464.000000 0.258428 0.097280
1250.000000 464.000000 0.642840 0.110245
1253.000000 464.000000 0.647089 0.110430
1258.000000 464.000000 0.654209 0.110740
209.000000 465.000000 -0.417532 0.102441
269.000000 465.000000 -0.352470 0.100476
1115.000000 465.000000 0.468706 0.104242
288.000000 466.000000 -0.332642 0.100891
295.000000 466.000000 -0.325407 0.100701
561.000000 466.000000 -0.071389 0.096636
788.000000 466.000000 0.134913 0.097178
1107.000000 467.000000 0.459409 0.105893
274.000000 469.000000 -0.347330 0.104163
487.000000 469.000000 -0.139254 0.099970
1107.000000 469.000000 0.459494 0.107880
1169.000000 469.000000 0.534779 0.110830
252.000000 470.000000 -0.370681 0.105814
258.000000 470.000000 -0.364274 0.105620
786.000000 470.000000 0.133104 0.100831
1112.000000 470.000000 0.465393 0.109092
213.000000 472.000000 -0.413330 0.109142
1056.000000 472.000000 0.401764 0.108791
1116.000000 472.000000 0.470194 0.111266
21.000000 473.000000 -0.654849 0.120292
173.000000 473.000000 -0.458930 0.111778
248.000000 473.000000 -0.375073 0.108847
315.000000 473.000000 -0.305137 0.106821
944.000000 473.000000 0.284417 0.106325
1125.000000 473.000000 0.480928 0.112684
1197.000000 473.000000 0.571100 0.116501
16.000000 474.000000 -0.662068 0.121703
1267.000000 474.000000 0.667804 0.122064
1272.000000 474.000000 0.675057 0.122412
19.000000 475.000000 -0.657840 0.122571
23.000000 475.000000 -0.652137 0.122298
801.000000 475.000000 0.147065 0.105600
934.000000 475.000000 0.274488 0.107970
1055.000000 475.000000 0.400774 0.111681
316.000000 476.000000 -0.304202 0.109641
323.000000 476.000000 -0.297117 0.109454
783.000000 476.000000 0.130395 0.106315
1189.000000 476.000000 0.560816 0.119136
139.000000 477.000000 -0.499588 0.117407
314.000000 477.000000 -0.306261 0.110646
1123.000000 477.000000 0.478734 0.116599
24.000000 478.000000 -0.650922 0.125440
248.000000 478.000000 -0.375248 0.113688
1064.000000 478.000000 0.410862 0.114968
1222.000000 478.000000 0.604871 0.123279
26.000000 479.000000 -0.648154 0.126371
1211.000000 480.000000 0.590129 0.124661
11.000000 481.000000 -0.669763 0.129596
98.000000 481.000000 -0.551053 0.123765
1056.000000 481.000000 0.402112 0.117583
1111.000000 481.000000 0.464728 0.120019
1118.000000 481.000000 0.472988 0.120362
8.000000 482.000000 -0.674178 0.130898
254.000000 482.000000 -0.368954 0.117346
345.000000 482.000000 -0.275229 0.114560
619.000000 482.000000 -0.018858 0.111048
206.000000 483.000000 -0.421611 0.120225
1055.000000 483.000000 0.401089 0.119499
1221.000000 483.000000 0.603844 0.128477
136.000000 484.000000 -0.503617 0.124648
4.000000 485.000000 -0.680218 0.134449
240.000000 485.000000 -0.384154 0.120784
259.000000 485.000000 -0.363723 0.120067
264.000000 485.000000 -0.358406 0.119887
462.000000 485.000000 -0.162723 0.115040
8.000000 486.000000 -0.674479 0.135228
27.000000 486.000000 -0.647243 0.133795
266.000000 486.000000 -0.356322 0.120781
958.000000 486.000000 0.298860 0.119020
64.000000 487.000000 -0.596181 0.132202
523.000000 487.000000 -0.106252 0.116153
29.000000 488.000000 -0.644563 0.135789
38.000000 488.000000 -0.631922 0.135119
45.000000 488.000000 -0.622194 0.134606
999.000000 488.000000 0.341126 0.122238
1067.000000 488.000000 0.414633 0.124915
1205.000000 488.000000 0.582640 0.132635
26.000000 489.000000 -0.648886 0.137088
32.000000 489.000000 -0.640408 0.136634
47.000000 489.000000 -0.619504 0.135522
1186.000000 489.000000 0.557727 0.132408
1254.000000 489.000000 0.650243 0.137256
42.000000 490.000000 -0.626500 0.136953
49.000000 490.000000 -0.616822 0.136437
273.000000 490.000000 -0.349074 0.124390
519.000000 490.000000 -0.109955 0.118954
264.000000 491.000000 -0.358627 0.125687
447.000000 491.000000 -0.176897 0.120838
1185.000000 491.000000 0.556562 0.134416
1228.000000 491.000000 0.613992 0.137431
1261.000000 491.000000 0.660414 0.139956
1191.000000 492.000000 0.564439 0.135856
15.000000 493.000000 -0.664915 0.142257
269.000000 493.000000 -0.353405 0.127434
1061.000000 493.000000 0.408166 0.129566
475.000000 494.000000 -0.150715 0.123185
515.000000 494.000000 -0.113677 0.122682
633.000000 495.000000 -0.006197 0.122941
1122.000000 495.000000 0.478487 0.134645
33.000000 496.000000 -0.639542 0.144055
985.000000 496.000000 0.326827 0.129443
1237.000000 496.000000 0.626834 0.143436
470.000000 498.000000 -0.155439 0.126969
1047.000000 498.000000 0.392930 0.133846
1174.000000 498.000000 0.542873 0.140927
514.000000 499.000000 -0.114652 0.127309
769.000000 499.000000 0.117730 0.127361
1186.000000 499.000000 0.558407 0.142794
1202.000000 499.000000 0.579430 0.143948
9.000000 500.000000 -0.674159 0.150345
415.000000 500.000000 -0.207436 0.129837
525.000000 500.000000 -0.104544 0.128114
1107.000000 500.000000 0.461023 0.138834
212.000000 501.000000 -0.415710 0.137701
408.000000 501.000000 -0.214166 0.130926
515.000000 501.000000 -0.113754 0.129146
1099.000000 501.000000 0.451741 0.139395
773.000000 502.000000 0.121458 0.130184
1167.000000 502.000000 0.534238 0.144583
178.000000 503.000000 -0.454607 0.141465
639.000000 503.000000 -0.000762 0.130288
657.000000 503.000000 0.015556 0.130302
274.000000 504.000000 -0.348553 0.137886
936.000000 504.000000 0.277272 0.135482
1052.000000 504.000000 0.398707 0.139971
643.000000 505.000000 0.002864 0.132129
774.000000 505.000000 0.122419 0.132974
1020.000000 505.000000 0.364000 0.139506
267.000000 506.000000 -0.356037 0.140113
1024.000000 506.000000 0.368329 0.140653
1186.000000 506.000000 0.558914 0.150087
150.000000 507.000000 -0.487987 0.147154
152.000000 507.000000 -0.485581 0.147029
169.000000 507.000000 -0.465367 0.145999
541.000000 507.000000 -0.089934 0.134423
1118.000000 507.000000 0.474424 0.146526
1250.000000 507.000000 0.646029 0.156320
148.000000 508.000000 -0.490462 0.148297
484.000000 508.000000 -0.142541 0.136042
653.000000 508.000000 0.011935 0.134899
775.000000 508.000000 0.123382 0.135768
1200.000000 508.000000 0.577458 0.153249
38.000000 509.000000 -0.633601 0.157595
477.000000 509.000000 -0.149078 0.137080
1133.000000 509.000000 0.492567 0.149497
1176.000000 509.000000 0.546213 0.152471
141.000000 510.000000 -0.499086 0.150787
1042.000000 510.000000 0.388011 0.145394
1117.000000 510.000000 0.473418 0.149499
1163.000000 510.000000 0.529741 0.152564
66.000000 511.000000 -0.595298 0.157374
155.000000 511.000000 -0.482233 0.150900
776.000000 511.000000 0.124347 0.138565
785.000000 512.000000 0.132702 0.139620
1198.000000 512.000000 0.575124 0.157298
1255.000000 512.000000 0.653595 0.162176
6.000000 513.000000 -0.679675 0.164803
143.000000 513.000000 -0.496849 0.153717
556.000000 513.000000 -0.076261 0.139838
1051.000000 513.000000 0.398045 0.148792
1110.000000 513.000000 0.465315 0.152098
1208.000000 513.000000 0.588537 0.159166
1236.000000 513.000000 0.626855 0.161557
1245.000000 513.000000 0.639482 0.162357
257.000000 514.000000 -0.367051 0.148346
292.000000 514.000000 -0.330115 0.146845
418.000000 514.000000 -0.204877 0.142903
528.000000 514.000000 -0.101936 0.141034
1248.000000 514.000000 0.643814 0.163708
285.000000 515.000000 -0.337454 0.148099
918.000000 515.000000 0.259722 0.145393
142.000000 517.000000 -0.498338 0.157874
153.000000 517.000000 -0.485023 0.157129
286.000000 518.000000 -0.336534 0.150967
1242.000000 518.000000 0.635709 0.167483
944.000000 519.000000 0.285787 0.150065
49.000000 520.000000 -0.619277 0.168436
244.000000 520.000000 -0.381367 0.154851
284.000000 520.000000 -0.338712 0.152994
1078.000000 520.000000 0.428676 0.157211
1224.000000 520.000000 0.610869 0.167995
1246.000000 520.000000 0.641537 0.170018
286.000000 521.000000 -0.336662 0.153880
1114.000000 521.000000 0.470559 0.160454
1229.000000 521.000000 0.617851 0.169520
1244.000000 521.000000 0.638806 0.170913
74.000000 522.000000 -0.585488 0.168357
92.000000 522.000000 -0.561734 0.166836
162.000000 522.000000 -0.474593 0.161614
160.000000 523.000000 -0.477043 0.162766
277.000000 523.000000 -0.346199 0.156222
1228.000000 523.000000 0.616652 0.171576
33.000000 524.000000 -0.641991 0.174240
888.000000 524.000000 0.230583 0.153053
1168.000000 524.000000 0.537135 0.167466
163.000000 525.000000 -0.473606 0.164597
248.000000 525.000000 -0.377280 0.159572
1190.000000 525.000000 0.565654 0.170327
1249.000000 525.000000 0.646268 0.175732
213.000000 526.000000 -0.415923 0.162463
261.000000 526.000000 -0.363334 0.159907
345.000000 526.000000 -0.276560 0.156399
471.000000 526.000000 -0.154979 0.153052
657.000000 526.000000 0.015596 0.151536
37.000000 527.000000 -0.636648 0.177106
162.000000 527.000000 -0.474933 0.166701
1259.000000 527.000000 0.660763 0.178901
32.000000 528.000000 -0.643791 0.178679
218.000000 528.000000 -0.410438 0.164168
229.000000 528.000000 -0.398219 0.163546
275.000000 528.000000 -0.348541 0.161195
1031.000000 528.000000 0.376934 0.162564
1170.000000 528.000000 0.540009 0.171801
69.000000 529.000000 -0.592817 0.176242
128.000000 529.000000 -0.516456 0.171249
589.000000 529.000000 -0.046256 0.154437
433.000000 530.000000 -0.190938 0.157614
760.000000 530.000000 0.109814 0.156031
762.000000 530.000000 0.111662 0.156058
1208.000000 530.000000 0.590021 0.177222
1247.000000 530.000000 0.643923 0.180974
125.000000 531.000000 -0.520353 0.173557
163.000000 531.000000 -0.474022 0.170708
188.000000 531.000000 -0.444703 0.169014
646.000000 531.000000 0.005602 0.156159
655.000000 531.000000 0.013787 0.156170
182.000000 532.000000 -0.451728 0.170420
379.000000 532.000000 -0.243111 0.160999
125.000000 533.000000 -0.520513 0.175633
131.000000 533.000000 -0.513044 0.175155
1114.000000 533.000000 0.471383 0.172665
1186.000000 533.000000 0.561111 0.178417
219.000000 534.000000 -0.409673 0.170094
248.000000 534.000000 -0.377751 0.168450
1242.000000 534.000000 0.637258 0.184823
123.000000 535.000000 -0.523179 0.177875
167.000000 535.000000 -0.469554 0.174504
1187.000000 535.000000 0.562598 0.180618
128.000000 536.000000 -0.517013 0.178506
748.000000 536.000000 0.098824 0.161477
1018.000000 536.000000 0.363328 0.169772
1048.000000 536.000000 0.395982 0.171424
1180.000000 536.000000 0.553566 0.181049
61.000000 537.000000 -0.604412 0.185561
169.000000 537.000000 -0.467329 0.176401
934.000000 537.000000 0.276399 0.166985
1021.000000 537.000000 0.366604 0.170915
1173.000000 537.000000 0.544617 0.181484
125.000000 538.000000 -0.520922 0.180832
361.000000 538.000000 -0.261051 0.167338
943.000000 538.000000 0.285488 0.168296
997.000000 538.000000 0.341112 0.170676
40.000000 539.000000 -0.633639 0.189833
174.000000 539.000000 -0.461573 0.178081
1273.000000 539.000000 0.682340 0.193584
76.000000 540.000000 -0.584458 0.187322
233.000000 540.000000 -0.394492 0.175248
647.000000 540.000000 0.006519 0.164528
998.000000 540.000000 0.342264 0.172685
1213.000000 540.000000 0.597735 0.188399
250.000000 541.000000 -0.375965 0.175267
1231.000000 541.000000 0.622573 0.191300
74.000000 542.000000 -0.587328 0.189653
115.000000 542.000000 -0.533859 0.185861
424.000000 542.000000 -0.199835 0.169194
450.000000 542.000000 -0.175085 0.168542
644.000000 542.000000 0.003789 0.166390
1055.000000 542.000000 0.404107 0.177832
1121.000000 542.000000 0.480421 0.182400
111.000000 543.000000 -0.539036 0.187263
255.000000 543.000000 -0.370668 0.176970
473.000000 543.000000 -0.153435 0.168983
921.000000 543.000000 0.263644 0.172271
1049.000000 543.000000 0.397504 0.178464
1179.000000 543.000000 0.552902 0.188346
1273.000000 543.000000 0.682782 0.198022
235.000000 544.000000 -0.392526 0.179116
280.000000 544.000000 -0.344043 0.176629
719.000000 544.000000 0.072261 0.168633
422.000000 545.000000 -0.201834 0.172097
1040.000000 545.000000 0.387702 0.179917
1239.000000 545.000000 0.634183 0.196496
136.000000 546.000000 -0.507916 0.188236
290.000000 546.000000 -0.333634 0.178090
880.000000 546.000000 0.223469 0.173745
237.000000 547.000000 -0.390506 0.181989
417.000000 547.000000 -0.206692 0.174141
468.000000 547.000000 -0.158216 0.172862
513.000000 547.000000 -0.116220 0.172028
1093.000000 547.000000 0.447690 0.185422
1236.000000 547.000000 0.630188 0.198356
1245.000000 547.000000 0.642871 0.199335
1273.000000 547.000000 0.683232 0.202469
590.000000 548.000000 -0.045452 0.172136
1033.000000 548.000000 0.380221 0.182489
765.000000 549.000000 0.114717 0.173900
414.000000 550.000000 -0.209667 0.177087
712.000000 550.000000 0.065899 0.174185
941.000000 550.000000 0.283959 0.179822
1049.000000 551.000000 0.398003 0.186469
32.000000 552.000000 -0.646317 0.204909
412.000000 552.000000 -0.211656 0.179056
1275.000000 552.000000 0.686742 0.208273
1056.000000 553.000000 0.405926 0.188932
1229.000000 553.000000 0.621073 0.204137
318.000000 554.000000 -0.305027 0.184571
368.000000 554.000000 -0.254702 0.182469
412.000000 554.000000 -0.211717 0.180966
330.000000 555.000000 -0.292831 0.184999
1273.000000 555.000000 0.684162 0.211388
59.000000 556.000000 -0.609108 0.206291
1227.000000 556.000000 0.618628 0.207187
1261.000000 556.000000 0.666808 0.211085
695.000000 557.000000 0.050385 0.180613
1034.000000 557.000000 0.381860 0.191531
1172.000000 557.000000 0.545183 0.202504
170.000000 558.000000 -0.467746 0.197848
231.000000 558.000000 -0.397825 0.193385
728.000000 558.000000 0.080676 0.181861
1152.000000 558.000000 0.519847 0.201654
339.000000 559.000000 -0.283893 0.188494
412.000000 559.000000 -0.211872 0.185751
1106.000000 559.000000 0.463868 0.198702
1169.000000 559.000000 0.541520 0.204331
693.000000 560.000000 0.048575 0.183417
1182.000000 560.000000 0.558459 0.206696
205.000000 561.000000 -0.427265 0.198224
413.000000 561.000000 -0.210970 0.187635
619.000000 561.000000 -0.019024 0.184195
931.000000 561.000000 0.274358 0.190076
1049.000000 561.000000 0.398658 0.196520
1276.000000 561.000000 0.689288 0.218467
496.000000 562.000000 -0.132293 0.186476
617.000000 562.000000 -0.020854 0.185140
853.000000 562.000000 0.197897 0.188210
1072.000000 562.000000 0.424609 0.199151
1106.000000 562.000000 0.464112 0.201794
20.000000 563.000000 -0.664746 0.218470
50.000000 563.000000 -0.622309 0.214932
1275.000000 563.000000 0.688064 0.220589
539.000000 564.000000 -0.092421 0.187661
928.000000 564.000000 0.271476 0.192864
977.000000 564.000000 0.321501 0.195203
1073.000000 564.000000 0.425898 0.201260
1110.000000 564.000000 0.469032 0.204192
331.000000 565.000000 -0.292272 0.194711
336.000000 565.000000 -0.287197 0.194479
1142.000000 565.000000 0.508021 0.208076
1189.000000 565.000000 0.568176 0.212782
54.000000 566.000000 -0.617114 0.217755
48.000000 567.000000 -0.625556 0.219553
316.000000 567.000000 -0.307710 0.197401
555.000000 567.000000 -0.077708 0.190294
1053.000000 567.000000 0.403530 0.202856
53.000000 568.000000 -0.618731 0.220063
318.000000 568.000000 -0.305705 0.198283
374.000000 568.000000 -0.249310 0.195771
485.000000 568.000000 -0.142707 0.192397
855.000000 568.000000 0.200003 0.194022
1047.000000 568.000000 0.396915 0.203447
1049.000000 568.000000 0.399139 0.203586
1236.000000 568.000000 0.632583 0.221391
47.000000 569.000000 -0.627187 0.221870
301.000000 569.000000 -0.323342 0.200155
726.000000 569.000000 0.078964 0.192214
1100.000000 569.000000 0.457602 0.208520
1251.000000 569.000000 0.653986 0.224328
19.000000 570.000000 -0.667046 0.226397
51.000000 570.000000 -0.621739 0.222494
1053.000000 570.000000 0.403744 0.205895
1098.000000 570.000000 0.455331 0.209385
317.000000 571.000000 -0.306885 0.201285
916.000000 571.000000 0.259781 0.199162
1047.000000 571.000000 0.397126 0.206481
1049.000000 571.000000 0.399351 0.206622
1106.000000 571.000000 0.464870 0.211099
17.000000 573.000000 -0.670311 0.230004
55.000000 573.000000 -0.616556 0.225313
1106.000000 573.000000 0.465043 0.213173
11.000000 574.000000 -0.679143 0.231890
15.000000 574.000000 -0.673334 0.231379
51.000000 574.000000 -0.622219 0.226894
75.000000 574.000000 -0.589387 0.224058
331.000000 574.000000 -0.292704 0.203532
924.000000 574.000000 0.267905 0.202435
1099.000000 574.000000 0.456846 0.213604
1145.000000 574.000000 0.512620 0.217844
1162.000000 574.000000 0.534075 0.219567
10.000000 576.000000 -0.680856 0.234269
69.000000 576.000000 -0.597734 0.226937
934.000000 576.000000 0.278053 0.204851
1236.000000 576.000000 0.633563 0.230235
327.000000 577.000000 -0.296936 0.206683
358.000000 577.000000 -0.265597 0.205204
51.000000 578.000000 -0.622708 0.231304
67.000000 578.000000 -0.600691 0.229361
183.000000 578.000000 -0.454072 0.217417
210.000000 578.000000 -0.422859 0.215192
1046.000000 578.000000 0.396517 0.213505
215.000000 579.000000 -0.417259 0.215824
274.000000 579.000000 -0.352403 0.211679
299.000000 579.000000 -0.325986 0.210175
414.000000 579.000000 -0.210601 0.204928
301.000000 580.000000 -0.323954 0.211054
628.000000 581.000000 -0.010837 0.203051
1019.000000 581.000000 0.367091 0.214646
1187.000000 581.000000 0.567308 0.229823
1229.000000 581.000000 0.624379 0.234895
1088.000000 582.000000 0.444640 0.220940
1236.000000 582.000000 0.634322 0.236895
182.000000 583.000000 -0.455685 0.222691
327.000000 584.000000 -0.297299 0.213590
895.000000 584.000000 0.239517 0.210945
989.000000 584.000000 0.335210 0.215731
1239.000000 584.000000 0.638815 0.239509
1253.000000 584.000000 0.658777 0.241348
117.000000 585.000000 -0.535536 0.231219
371.000000 585.000000 -0.252993 0.212450
630.000000 585.000000 -0.009011 0.206844
913.000000 585.000000 0.257404 0.212700
1044.000000 585.000000 0.394811 0.220478
1051.000000 585.000000 0.402622 0.221010
1216.000000 585.000000 0.606875 0.237679
361.000000 586.000000 -0.263005 0.213880
522.000000 586.000000 -0.108517 0.208823
740.000000 586.000000 0.092129 0.208551
1024.000000 586.000000 0.372869 0.220039
1237.000000 586.000000 0.636250 0.241478
300.000000 587.000000 -0.325407 0.218082
335.000000 587.000000 -0.289287 0.216137
945.000000 587.000000 0.289758 0.216222
116.000000 588.000000 -0.537145 0.234548
124.000000 588.000000 -0.526960 0.233670
269.000000 588.000000 -0.358348 0.221048
1127.000000 588.000000 0.491771 0.230843
609.000000 589.000000 -0.028279 0.210711
1257.000000 589.000000 0.665213 0.247513
273.000000 590.000000 -0.354188 0.222796
277.000000 590.000000 -0.349908 0.222530
1103.000000 590.000000 0.463018 0.230614
1186.000000 590.000000 0.567043 0.239479
574.000000 591.000000 -0.060470 0.212873
583.000000 591.000000 -0.052183 0.212789
1195.000000 591.000000 0.579138 0.241662
332.000000 592.000000 -0.292611 0.221244
579.000000 592.000000 -0.055874 0.213779
1104.000000 592.000000 0.464397 0.232803
200.000000 593.000000 -0.435577 0.231484
1236.000000 593.000000 0.635768 0.249164
165.000000 594.000000 -0.476953 0.235791
305.000000 594.000000 -0.320602 0.224775
519.000000 594.000000 -0.111458 0.216540
1006.000000 594.000000 0.353952 0.226880
1244.000000 594.000000 0.647246 0.251371
1019.000000 595.000000 0.368067 0.228808
166.000000 596.000000 -0.475947 0.237800
356.000000 596.000000 -0.268497 0.223963
1007.000000 596.000000 0.355164 0.228972
1191.000000 596.000000 0.574414 0.246643
282.000000 597.000000 -0.345040 0.229253
974.000000 597.000000 0.320255 0.227820
161.000000 598.000000 -0.482186 0.240416
912.000000 598.000000 0.257010 0.225432
993.000000 598.000000 0.340338 0.230041
1022.000000 598.000000 0.371554 0.232078
1043.000000 598.000000 0.394705 0.233693
1147.000000 598.000000 0.517654 0.243610
177.000000 599.000000 -0.463086 0.239877
1152.000000 599.000000 0.524081 0.245249
1197.000000 599.000000 0.582824 0.250695
1203.000000 599.000000 0.590922 0.251468
150.000000 600.000000 -0.495817 0.243684
180.000000 600.000000 -0.459623 0.240637
251.000000 600.000000 -0.378757 0.234513
413.000000 600.000000 -0.212343 0.225378
440.000000 600.000000 -0.186257 0.224402
904.000000 600.000000 0.249131 0.227026
1044.000000 600.000000 0.395981 0.235827
1103.000000 600.000000 0.463980 0.241111
175.000000 601.000000 -0.465663 0.242178
863.000000 601.000000 0.208886 0.226263
906.000000 601.000000 0.251168 0.228106
179.000000 602.000000 -0.461004 0.242837
1223.000000 602.000000 0.618780 0.257466
945.000000 603.000000 0.290626 0.232108
1241.000000 603.000000 0.644228 0.261093
245.000000 604.000000 -0.385673 0.239075
184.000000 605.000000 -0.455379 0.245504
254.000000 605.000000 -0.375852 0.239396
1265.000000 605.000000 0.679082 0.266814
182.000000 606.000000 -0.457842 0.246754
209.000000 606.000000 -0.426371 0.244196
309.000000 606.000000 -0.317169 0.236565
761.000000 606.000000 0.112025 0.228126
629.000000 607.000000 -0.009963 0.227863
1099.000000 607.000000 0.459917 0.248093
303.000000 608.000000 -0.323573 0.238965
760.000000 608.000000 0.111131 0.230039
1011.000000 608.000000 0.360344 0.241457
1047.000000 608.000000 0.400000 0.244324
1049.000000 608.000000 0.402246 0.244494
1146.000000 608.000000 0.517536 0.254260
1159.000000 608.000000 0.534060 0.255804
1187.000000 608.000000 0.570616 0.259318
1197.000000 608.000000 0.583999 0.260633
1242.000000 608.000000 0.646365 0.266889
422.000000 609.000000 -0.203950 0.233843
1270.000000 609.000000 0.686980 0.272133
324.000000 610.000000 -0.301853 0.239659
1104.000000 610.000000 0.466186 0.251777
460.000000 611.000000 -0.167479 0.234467
759.000000 611.000000 0.110258 0.232922
886.000000 611.000000 0.231814 0.237053
938.000000 611.000000 0.283929 0.239702
1011.000000 611.000000 0.360569 0.244522
1242.000000 611.000000 0.646800 0.270291
192.000000 612.000000 -0.446656 0.252087
355.000000 612.000000 -0.270330 0.239891
629.000000 612.000000 -0.009971 0.232674
1046.000000 612.000000 0.399220 0.248380
1177.000000 612.000000 0.557917 0.262425
1259.000000 612.000000 0.671387 0.273939
336.000000 613.000000 -0.289699 0.241956
929.000000 613.000000 0.274890 0.241197
944.000000 613.000000 0.290179 0.242053
629.000000 614.000000 -0.009975 0.234602
458.000000 615.000000 -0.169517 0.238440
585.000000 615.000000 -0.050555 0.235811
934.000000 615.000000 0.280082 0.243478
1046.000000 615.000000 0.399481 0.251492
1145.000000 615.000000 0.517103 0.261716
1193.000000 615.000000 0.579561 0.267857
1224.000000 615.000000 0.622000 0.272203
274.000000 616.000000 -0.354963 0.249130
703.000000 616.000000 0.058279 0.236875
891.000000 616.000000 0.236986 0.242234
1187.000000 616.000000 0.571673 0.268156
1214.000000 616.000000 0.608272 0.271895
767.000000 617.000000 0.117880 0.238919
994.000000 617.000000 0.342728 0.249389
1143.000000 617.000000 0.514823 0.263645
1241.000000 617.000000 0.646261 0.276965
276.000000 618.000000 -0.352960 0.251027
1044.000000 618.000000 0.397500 0.254434
336.000000 619.000000 -0.290054 0.247983
770.000000 619.000000 0.120742 0.240935
913.000000 619.000000 0.259071 0.246324
1201.000000 619.000000 0.590912 0.273418
1241.000000 619.000000 0.646560 0.279244
22.000000 620.000000 -0.669640 0.282596
153.000000 620.000000 -0.494344 0.264774
278.000000 620.000000 -0.350960 0.252925
720.000000 620.000000 0.074086 0.240966
978.000000 621.000000 0.326032 0.252324
1103.000000 621.000000 0.466154 0.263375
1161.000000 621.000000 0.538253 0.270248
200.000000 622.000000 -0.438304 0.261843
308.000000 622.000000 -0.319264 0.252810
337.000000 622.000000 -0.289211 0.250944
551.000000 622.000000 -0.082157 0.243020
1036.000000 622.000000 0.388912 0.257893
1196.000000 622.000000 0.584566 0.276068
1166.000000 623.000000 0.544983 0.273096
485.000000 624.000000 -0.144108 0.246427
430.000000 625.000000 -0.196821 0.249287
1112.000000 625.000000 0.477453 0.268658
332.000000 626.000000 -0.294595 0.255293
380.000000 626.000000 -0.245991 0.252555
901.000000 627.000000 0.247475 0.253692
909.000000 627.000000 0.255484 0.254116
1043.000000 627.000000 0.397184 0.263729
1189.000000 627.000000 0.575861 0.280669
268.000000 628.000000 -0.362399 0.261944
607.000000 628.000000 -0.030324 0.248246
650.000000 628.000000 0.009391 0.248162
942.000000 628.000000 0.289038 0.257045
468.000000 629.000000 -0.160424 0.251858
652.000000 629.000000 0.011240 0.249139
1179.000000 629.000000 0.562833 0.281498
1243.000000 629.000000 0.650944 0.290994
460.000000 630.000000 -0.168106 0.253112
774.000000 630.000000 0.124775 0.251787
865.000000 630.000000 0.212039 0.254947
972.000000 630.000000 0.320347 0.261083
927.000000 631.000000 0.273893 0.259163
6.000000 632.000000 -0.694786 0.298962
140.000000 632.000000 -0.511952 0.279368
427.000000 632.000000 -0.200020 0.256349
469.000000 632.000000 -0.159568 0.254784
913.000000 632.000000 0.259782 0.259362
1040.000000 632.000000 0.394277 0.268688
1153.000000 632.000000 0.529406 0.281299
437.000000 633.000000 -0.190359 0.256934
1174.000000 633.000000 0.556795 0.285256
13.000000 634.000000 -0.684877 0.300177
33.000000 634.000000 -0.656001 0.297001
483.000000 634.000000 -0.146299 0.256316
769.000000 634.000000 0.120164 0.255589
1148.000000 634.000000 0.523287 0.282845
1002.000000 635.000000 0.352716 0.268515
33.000000 636.000000 -0.656318 0.299308
612.000000 636.000000 -0.025743 0.256020
770.000000 636.000000 0.121156 0.257582
75.000000 637.000000 -0.597754 0.293937
495.000000 637.000000 -0.135005 0.258925
943.000000 637.000000 0.290642 0.266247
1103.000000 637.000000 0.467951 0.280554
127.000000 638.000000 -0.529199 0.287651
465.000000 638.000000 -0.163594 0.260853
908.000000 638.000000 0.255087 0.265131
1036.000000 638.000000 0.390355 0.274614
1251.000000 638.000000 0.663858 0.302653
462.000000 639.000000 -0.166503 0.261949
918.000000 639.000000 0.265236 0.266721
1176.000000 639.000000 0.560281 0.292239
494.000000 640.000000 -0.136038 0.261916
492.000000 641.000000 -0.137963 0.262963
948.000000 641.000000 0.296071 0.270662
950.000000 641.000000 0.298143 0.270798
1211.000000 641.000000 0.607858 0.299740
1177.000000 643.000000 0.562183 0.296871
37.000000 644.000000 -0.651891 0.307918
94.000000 644.000000 -0.573159 0.299009
159.000000 644.000000 -0.489848 0.290100
452.000000 644.000000 -0.176300 0.267291
600.000000 644.000000 -0.036915 0.263937
774.000000 644.000000 0.125141 0.265583
994.000000 644.000000 0.344823 0.277200
1031.000000 644.000000 0.385335 0.280459
1124.000000 644.000000 0.494451 0.290725
76.000000 645.000000 -0.597609 0.302869
360.000000 645.000000 -0.267161 0.272833
757.000000 645.000000 0.109132 0.266143
1169.000000 645.000000 0.551932 0.297953
309.000000 646.000000 -0.319934 0.277325
1130.000000 646.000000 0.502169 0.293696
78.000000 647.000000 -0.595191 0.304838
109.000000 647.000000 -0.553757 0.300183
296.000000 647.000000 -0.333791 0.279367
773.000000 647.000000 0.124277 0.268528
785.000000 647.000000 0.135648 0.268869
879.000000 647.000000 0.226635 0.272653
620.000000 648.000000 -0.018385 0.267757
775.000000 648.000000 0.126197 0.269575
777.000000 648.000000 0.128090 0.269631
783.000000 648.000000 0.133779 0.269803
952.000000 648.000000 0.300708 0.278120
1063.000000 648.000000 0.422026 0.287917
1165.000000 648.000000 0.547132 0.300738
1246.000000 648.000000 0.658303 0.313456
82.000000 649.000000 -0.590064 0.306496
787.000000 649.000000 0.137608 0.270917
610.000000 650.000000 -0.027674 0.269776
1064.000000 650.000000 0.423396 0.290167
1098.000000 650.000000 0.463474 0.294052
1165.000000 650.000000 0.547423 0.302982
968.000000 651.000000 0.317687 0.282399
1021.000000 651.000000 0.374889 0.286900
610.000000 652.000000 -0.027686 0.271750
788.000000 652.000000 0.138651 0.273935
1052.000000 652.000000 0.409820 0.291031
1100.000000 652.000000 0.466125 0.296474
1249.000000 652.000000 0.663287 0.318627
1253.000000 652.000000 0.669059 0.319301
1273.000000 652.000000 0.698214 0.322679
316.000000 653.000000 -0.313098 0.284036
530.000000 653.000000 -0.102388 0.273871
622.000000 653.000000 -0.016547 0.272682
923.000000 654.000000 0.271246 0.282316
1020.000000 654.000000 0.374065 0.289975
1029.000000 654.000000 0.384062 0.290837
1058.000000 654.000000 0.416909 0.293809
1123.000000 654.000000 0.494509 0.301595
788.000000 655.000000 0.138744 0.276928
1103.000000 655.000000 0.470121 0.300123
115.000000 656.000000 -0.547229 0.309425
121.000000 656.000000 -0.539433 0.308544
859.000000 656.000000 0.207363 0.280750
924.000000 656.000000 0.272397 0.284432
1030.000000 656.000000 0.385375 0.293058
1053.000000 656.000000 0.411387 0.295418
1254.000000 656.000000 0.671184 0.324164
833.000000 657.000000 0.182041 0.280584
1172.000000 657.000000 0.557660 0.311919
1184.000000 657.000000 0.573625 0.313769
115.000000 658.000000 -0.547526 0.311680
134.000000 658.000000 -0.523023 0.308917
1041.000000 658.000000 0.397944 0.296299
1103.000000 658.000000 0.470499 0.303411
623.000000 659.000000 -0.015639 0.278618
991.000000 659.000000 0.342859 0.292619
1059.000000 659.000000 0.418606 0.299294
1173.000000 659.000000 0.559287 0.314340
1056.000000 660.000000 0.415261 0.300041
1106.000000 660.000000 0.474399 0.305991
83.000000 661.000000 -0.590603 0.320060
114.000000 661.000000 -0.549282 0.315220
145.000000 661.000000 -0.509516 0.310721
338.000000 661.000000 -0.290755 0.290703
376.000000 661.000000 -0.251956 0.288195
626.000000 661.000000 -0.012856 0.280595
1007.000000 661.000000 0.360417 0.296160
1240.000000 661.000000 0.651905 0.327634
37.000000 662.000000 -0.654896 0.328900
332.000000 662.000000 -0.297051 0.292174
354.000000 662.000000 -0.274361 0.290628
373.000000 662.000000 -0.255045 0.289404
772.000000 662.000000 0.123748 0.283450
1173.000000 662.000000 0.559750 0.317749
1268.000000 662.000000 0.692594 0.333656
944.000000 663.000000 0.293476 0.293043
1058.000000 663.000000 0.417896 0.303498
1154.000000 663.000000 0.535041 0.315994
1179.000000 664.000000 0.568039 0.320970
128.000000 665.000000 -0.531720 0.317647
211.000000 665.000000 -0.430138 0.306704
1097.000000 665.000000 0.464131 0.310341
1099.000000 665.000000 0.466547 0.310597
1163.000000 665.000000 0.547051 0.319616
1184.000000 665.000000 0.574892 0.322912
1274.000000 665.000000 0.701910 0.338261
155.000000 666.000000 -0.497694 0.314907
320.000000 666.000000 -0.309897 0.297250
673.000000 666.000000 0.030895 0.285673
876.000000 666.000000 0.224668 0.291793
997.000000 666.000000 0.349973 0.300531
1003.000000 666.000000 0.356508 0.301083
1173.000000 666.000000 0.560375 0.322307
117.000000 667.000000 -0.546275 0.321565
211.000000 667.000000 -0.430371 0.308878
444.000000 667.000000 -0.184995 0.290753
944.000000 667.000000 0.293771 0.297201
981.000000 667.000000 0.332804 0.300168
990.000000 667.000000 0.342483 0.300957
1185.000000 667.000000 0.576559 0.325369
358.000000 668.000000 -0.270674 0.296557
1096.000000 668.000000 0.463310 0.313517
106.000000 669.000000 -0.561042 0.325554
174.000000 669.000000 -0.474707 0.315673
780.000000 669.000000 0.131564 0.290723
938.000000 669.000000 0.287694 0.298840
969.000000 669.000000 0.320180 0.301258
984.000000 669.000000 0.336197 0.302538
990.000000 669.000000 0.342662 0.303071
228.000000 670.000000 -0.411059 0.310193
372.000000 670.000000 -0.256560 0.297703
940.000000 670.000000 0.289841 0.300029
1096.000000 670.000000 0.463568 0.315724
1201.000000 670.000000 0.598795 0.331476
153.000000 671.000000 -0.500888 0.320772
232.000000 671.000000 -0.406595 0.310831
376.000000 671.000000 -0.252575 0.298481
393.000000 671.000000 -0.235482 0.297448
783.000000 671.000000 0.134489 0.292836
1018.000000 671.000000 0.373504 0.307860
450.000000 672.000000 -0.179382 0.295569
569.000000 672.000000 -0.066140 0.292087
785.000000 672.000000 0.136431 0.293911
924.000000 672.000000 0.273479 0.300959
1174.000000 672.000000 0.562658 0.329333
150.000000 673.000000 -0.504930 0.323443
176.000000 673.000000 -0.472803 0.319843
782.000000 673.000000 0.133599 0.294824
1096.000000 673.000000 0.463959 0.319041
1198.000000 673.000000 0.595191 0.334452
284.000000 674.000000 -0.349028 0.308763
316.000000 674.000000 -0.314755 0.305959
785.000000 675.000000 0.136530 0.296946
40.000000 676.000000 -0.653059 0.344867
123.000000 676.000000 -0.539853 0.330880
126.000000 676.000000 -0.535964 0.330414
130.000000 676.000000 -0.530802 0.329799
699.000000 676.000000 0.055289 0.295953
991.000000 676.000000 0.344383 0.310590
996.000000 676.000000 0.349814 0.311058
1127.000000 676.000000 0.502553 0.326674
1251.000000 676.000000 0.670350 0.347283
120.000000 677.000000 -0.543914 0.332491
211.000000 677.000000 -0.431561 0.319800
978.000000 677.000000 0.330464 0.310473
124.000000 678.000000 -0.538867 0.333006
351.000000 679.000000 -0.278630 0.308491
992.000000 679.000000 0.345748 0.313880
1147.000000 679.000000 0.528436 0.333071
1207.000000 679.000000 0.608608 0.342997
1251.000000 679.000000 0.670890 0.350855
14.000000 680.000000 -0.691227 0.354273
221.000000 680.000000 -0.420278 0.321887
1037.000000 680.000000 0.395772 0.319571
1217.000000 680.000000 0.622701 0.345933
984.000000 681.000000 0.337277 0.315268
1039.000000 681.000000 0.398155 0.320881
1093.000000 681.000000 0.461397 0.327524
138.000000 682.000000 -0.521461 0.335399
255.000000 682.000000 -0.381794 0.320235
786.000000 682.000000 0.137725 0.304088
1210.000000 682.000000 0.613296 0.347045
214.000000 683.000000 -0.428786 0.326026
309.000000 683.000000 -0.322948 0.316070
577.000000 683.000000 -0.058800 0.303043
1093.000000 683.000000 0.461666 0.329752
239.000000 684.000000 -0.400072 0.324167
285.000000 684.000000 -0.348888 0.319345
778.000000 684.000000 0.130137 0.305856
831.000000 684.000000 0.181291 0.307953
990.000000 684.000000 0.344051 0.319036
1144.000000 684.000000 0.525354 0.338309
140.000000 685.000000 -0.519369 0.338509
774.000000 685.000000 0.126348 0.306745
770.000000 686.000000 0.122562 0.307638
928.000000 686.000000 0.278612 0.315885
89.000000 687.000000 -0.586806 0.349177
350.000000 687.000000 -0.280255 0.316959
459.000000 687.000000 -0.171295 0.310509
560.000000 687.000000 -0.074854 0.307375
595.000000 687.000000 -0.041963 0.306869
931.000000 687.000000 0.281791 0.317165
1047.000000 687.000000 0.407991 0.328357
139.000000 688.000000 -0.521110 0.342088
375.000000 688.000000 -0.254704 0.316217
768.000000 688.000000 0.120716 0.309616
770.000000 688.000000 0.122625 0.309678
1132.000000 688.000000 0.510655 0.341015
1181.000000 688.000000 0.574684 0.349005
104.000000 689.000000 -0.566974 0.348939
588.000000 689.000000 -0.048553 0.308975
946.000000 689.000000 0.297578 0.320465
1040.000000 689.000000 0.400209 0.329730
1135.000000 689.000000 0.514621 0.342619
1161.000000 689.000000 0.548254 0.346791
1220.000000 689.000000 0.628527 0.357110
1252.000000 689.000000 0.674162 0.363000
109.000000 690.000000 -0.560494 0.349258
114.000000 690.000000 -0.553884 0.348421
119.000000 690.000000 -0.547314 0.347593
181.000000 690.000000 -0.469043 0.338143
324.000000 690.000000 -0.307646 0.322216
353.000000 690.000000 -0.277382 0.319894
929.000000 690.000000 0.279950 0.320176
1046.000000 690.000000 0.407198 0.331533
596.000000 691.000000 -0.041067 0.310917
1225.000000 691.000000 0.635938 0.360404
140.000000 692.000000 -0.520459 0.346512
178.000000 692.000000 -0.472982 0.340816
195.000000 692.000000 -0.452422 0.338462
652.000000 692.000000 0.011409 0.311730
1160.000000 692.000000 0.547438 0.350098
1217.000000 692.000000 0.624866 0.360124
1252.000000 692.000000 0.674718 0.366604
57.000000 693.000000 -0.632074 0.361968
926.000000 693.000000 0.277076 0.323115
954.000000 693.000000 0.306331 0.325389
1180.000000 693.000000 0.574204 0.354673
43.000000 694.000000 -0.652052 0.365740
169.000000 694.000000 -0.484325 0.344376
177.000000 694.000000 -0.474490 0.343215
302.000000 694.000000 -0.331443 0.328459
546.000000 694.000000 -0.088220 0.314791
131.000000 695.000000 -0.532511 0.351405
144.000000 695.000000 -0.515830 0.349322
300.000000 695.000000 -0.333692 0.329724
768.000000 695.000000 0.120935 0.316780
1021.000000 695.000000 0.379391 0.334135
1162.000000 695.000000 0.550573 0.353916
61.000000 696.000000 -0.627016 0.364804
196.000000 696.000000 -0.451768 0.342807
552.000000 696.000000 -0.082586 0.316704
926.000000 696.000000 0.277307 0.326291
303.000000 697.000000 -0.330650 0.331593
766.000000 697.000000 0.119087 0.318771
922.000000 697.000000 0.273249 0.327043
1175.000000 697.000000 0.568189 0.358485
133.000000 698.000000 -0.530416 0.354545
301.000000 698.000000 -0.332900 0.332861
410.000000 698.000000 -0.220094 0.324444
454.000000 698.000000 -0.176667 0.322091
989.000000 698.000000 0.344332 0.334015
994.000000 698.000000 0.349793 0.334521
1123.000000 698.000000 0.500830 0.351050
921.000000 699.000000 0.272370 0.329088
925.000000 699.000000 0.276505 0.329397
1131.000000 699.000000 0.511105 0.353454
1137.000000 699.000000 0.518759 0.354416
1261.000000 699.000000 0.689065 0.376733
199.000000 700.000000 -0.448725 0.346889
212.000000 700.000000 -0.433297 0.345141
763.000000 700.000000 0.116314 0.321763
911.000000 700.000000 0.262156 0.329396
968.000000 700.000000 0.321844 0.334144
1008.000000 700.000000 0.365434 0.338172
1096.000000 700.000000 0.467684 0.349279
760.000000 701.000000 0.113479 0.322701
1176.000000 701.000000 0.570234 0.363357
172.000000 702.000000 -0.481807 0.353025
625.000000 702.000000 -0.013918 0.321935
816.000000 702.000000 0.167497 0.325857
60.000000 703.000000 -0.629716 0.373349
255.000000 703.000000 -0.384124 0.343160
265.000000 703.000000 -0.372906 0.342026
761.000000 703.000000 0.114496 0.324794
1254.000000 703.000000 0.679673 0.380263
402.000000 704.000000 -0.228477 0.331238
418.000000 704.000000 -0.212475 0.330258
845.000000 704.000000 0.196042 0.329390
975.000000 704.000000 0.329748 0.339133
994.000000 704.000000 0.350413 0.341049
89.000000 705.000000 -0.590004 0.370368
207.000000 705.000000 -0.439880 0.351420
257.000000 705.000000 -0.382102 0.345134
625.000000 705.000000 -0.013929 0.325011
761.000000 705.000000 0.114558 0.326860
930.000000 705.000000 0.282174 0.336191
456.000000 706.000000 -0.175093 0.330320
763.000000 706.000000 0.116503 0.327957
1027.000000 706.000000 0.387420 0.346922
1141.000000 706.000000 0.525047 0.363179
31.000000 707.000000 -0.671647 0.383652
220.000000 707.000000 -0.424823 0.351926
587.000000 707.000000 -0.049722 0.327385
1104.000000 707.000000 0.478536 0.358436
34.000000 708.000000 -0.667534 0.384294
50.000000 708.000000 -0.644748 0.381247
769.000000 708.000000 0.122317 0.330225
1027.000000 708.000000 0.387658 0.349137
1142.000000 708.000000 0.526672 0.365675
1180.000000 708.000000 0.576876 0.372339
1183.000000 708.000000 0.580934 0.372886
766.000000 709.000000 0.119473 0.331162
261.000000 710.000000 -0.378181 0.350193
588.000000 710.000000 -0.048817 0.330463
729.000000 710.000000 0.084199 0.331162
140.000000 711.000000 -0.523550 0.368480
620.000000 711.000000 -0.018659 0.331207
1023.000000 711.000000 0.383486 0.351988
1140.000000 711.000000 0.524597 0.368837
210.000000 712.000000 -0.437282 0.358908
445.000000 712.000000 -0.186189 0.337158
939.000000 712.000000 0.292175 0.344468
140.000000 713.000000 -0.523886 0.370814
175.000000 713.000000 -0.479775 0.365164
562.000000 713.000000 -0.073466 0.333996
1023.000000 713.000000 0.383725 0.354209
7.000000 714.000000 -0.707644 0.396711
296.000000 714.000000 -0.339913 0.350756
950.000000 714.000000 0.303962 0.347613
999.000000 714.000000 0.356995 0.352555
1112.000000 714.000000 0.489554 0.367730
1119.000000 714.000000 0.498332 0.368852
215.000000 715.000000 -0.431779 0.361613
253.000000 715.000000 -0.387807 0.356694
784.000000 715.000000 0.137009 0.338056
935.000000 715.000000 0.288238 0.347360
