1005.000000 3.000000 0.363940 -0.355185
1105.000000 3.000000 0.481269 -0.368727
1108.000000 3.000000 0.484996 -0.369201
249.000000 4.000000 -0.392427 -0.356940
327.000000 4.000000 -0.306734 -0.348545
812.000000 4.000000 0.164218 -0.338960
1196.000000 4.000000 0.600166 -0.383516
282.000000 5.000000 -0.355317 -0.351990
789.000000 5.000000 0.141821 -0.336913
1080.000000 5.000000 0.450425 -0.362648
1207.000000 6.000000 0.615014 -0.383215
1015.000000 7.000000 0.374658 -0.351905
914.000000 8.000000 0.266114 -0.341056
1191.000000 9.000000 0.592358 -0.376586
1207.000000 9.000000 0.614440 -0.379607
39.000000 10.000000 -0.660779 -0.384437
1251.000000 11.000000 0.676506 -0.385655
183.000000 12.000000 -0.469147 -0.356870
1154.000000 12.000000 0.542244 -0.366365
1213.000000 12.000000 0.622241 -0.377146
326.000000 14.000000 -0.306885 -0.337818
496.000000 14.000000 -0.136267 -0.327286
61.000000 15.000000 -0.628682 -0.374219
1115.000000 15.000000 0.491838 -0.356473
1155.000000 15.000000 0.543037 -0.363026
1175.000000 15.000000 0.569571 -0.366537
59.000000 16.000000 -0.631300 -0.373397
1160.000000 16.000000 0.549439 -0.362719
958.000000 17.000000 0.311408 -0.335106
52.000000 18.000000 -0.640784 -0.372315
917.000000 18.000000 0.268435 -0.330623
1098.000000 18.000000 0.470368 -0.350480
1117.000000 18.000000 0.493873 -0.353343
1253.000000 18.000000 0.678058 -0.377539
174.000000 19.000000 -0.479144 -0.350230
335.000000 20.000000 -0.296875 -0.330600
836.000000 20.000000 0.186937 -0.323404
842.000000 20.000000 0.192839 -0.323714
118.000000 21.000000 -0.550093 -0.356851
902.000000 22.000000 0.252776 -0.325292
1161.000000 22.000000 0.549726 -0.355883
1231.000000 22.000000 0.645739 -0.368550
1258.000000 22.000000 0.684547 -0.373640
1175.000000 23.000000 0.568155 -0.357132
1221.000000 23.000000 0.631399 -0.365479
132.000000 24.000000 -0.531339 -0.351041
278.000000 24.000000 -0.357700 -0.331638
1170.000000 24.000000 0.561304 -0.355093
1172.000000 24.000000 0.563970 -0.355439
35.000000 25.000000 -0.663666 -0.367093
181.000000 25.000000 -0.469699 -0.342415
814.000000 25.000000 0.165214 -0.317182
1174.000000 25.000000 0.566468 -0.354617
1217.000000 25.000000 0.625405 -0.362350
63.000000 26.000000 -0.623839 -0.360717
935.000000 26.000000 0.286451 -0.323534
974.000000 26.000000 0.327674 -0.326902
1054.000000 26.000000 0.416872 -0.335562
1082.000000 26.000000 0.449875 -0.339199
1230.000000 26.000000 0.643569 -0.363572
61.000000 27.000000 -0.626454 -0.359895
130.000000 27.000000 -0.533438 -0.347904
191.000000 27.000000 -0.457310 -0.338769
977.000000 27.000000 0.330805 -0.326109
1072.000000 27.000000 0.437838 -0.336748
1102.000000 27.000000 0.473958 -0.340869
179.000000 28.000000 -0.471712 -0.339317
312.000000 28.000000 -0.320505 -0.324051
827.000000 28.000000 0.177735 -0.314673
276.000000 29.000000 -0.359386 -0.326427
1212.000000 29.000000 0.617677 -0.356680
1272.000000 29.000000 0.703653 -0.367773
346.000000 30.000000 -0.284588 -0.319087
995.000000 30.000000 0.350034 -0.324620
274.000000 31.000000 -0.361383 -0.324470
1033.000000 31.000000 0.392198 -0.327574
1042.000000 31.000000 0.402444 -0.328610
1211.000000 32.000000 0.615739 -0.352950
152.000000 33.000000 -0.504428 -0.337604
347.000000 33.000000 -0.283321 -0.315846
1024.000000 33.000000 0.381827 -0.324394
794.000000 34.000000 0.145524 -0.307129
1225.000000 34.000000 0.635012 -0.353120
1229.000000 34.000000 0.640673 -0.353850
1237.000000 34.000000 0.652058 -0.355315
118.000000 35.000000 -0.547766 -0.340635
125.000000 35.000000 -0.538634 -0.339507
322.000000 35.000000 -0.309293 -0.315735
1058.000000 35.000000 0.420411 -0.326126
1103.000000 35.000000 0.474047 -0.332008
59.000000 36.000000 -0.627625 -0.349595
1029.000000 36.000000 0.387120 -0.321682
1261.000000 36.000000 0.686312 -0.357325
174.000000 37.000000 -0.476557 -0.329911
179.000000 38.000000 -0.470321 -0.328104
805.000000 38.000000 0.155964 -0.303463
1030.000000 38.000000 0.388028 -0.319621
1074.000000 38.000000 0.438786 -0.324804
302.000000 39.000000 -0.330208 -0.313222
906.000000 39.000000 0.255681 -0.307754
1216.000000 39.000000 0.621462 -0.345588
59.000000 40.000000 -0.626913 -0.344877
804.000000 40.000000 0.154922 -0.301384
141.000000 41.000000 -0.517137 -0.330182
305.000000 41.000000 -0.326822 -0.310834
592.000000 41.000000 -0.044684 -0.297500
906.000000 41.000000 0.255548 -0.305674
1214.000000 41.000000 0.618313 -0.342881
421.000000 42.000000 -0.208028 -0.301762
120.000000 43.000000 -0.543873 -0.331138
134.000000 43.000000 -0.525772 -0.328972
144.000000 43.000000 -0.513032 -0.327471
300.000000 43.000000 -0.331995 -0.309154
504.000000 43.000000 -0.127623 -0.297307
1089.000000 43.000000 0.456004 -0.321202
158.000000 44.000000 -0.495314 -0.324314
399.000000 45.000000 -0.229689 -0.299885
804.000000 45.000000 0.154730 -0.296299
972.000000 45.000000 0.323834 -0.306492
1222.000000 45.000000 0.628812 -0.339592
1228.000000 45.000000 0.637276 -0.340653
116.000000 46.000000 -0.548628 -0.328339
191.000000 46.000000 -0.454794 -0.317640
493.000000 46.000000 -0.138023 -0.294624
915.000000 46.000000 0.264373 -0.301083
917.000000 46.000000 0.266415 -0.301219
1178.000000 46.000000 0.568276 -0.330928
1218.000000 46.000000 0.623024 -0.337715
265.000000 47.000000 -0.369700 -0.308178
407.000000 47.000000 -0.221614 -0.297379
809.000000 47.000000 0.159468 -0.294462
1211.000000 47.000000 0.613088 -0.335328
156.000000 48.000000 -0.497239 -0.320116
1276.000000 48.000000 0.706099 -0.345642
210.000000 49.000000 -0.431961 -0.312006
407.000000 49.000000 -0.221505 -0.295328
1202.000000 49.000000 0.600309 -0.331458
139.000000 50.000000 -0.518345 -0.320311
207.000000 50.000000 -0.435354 -0.311272
355.000000 50.000000 -0.273845 -0.297501
428.000000 50.000000 -0.200738 -0.293222
445.000000 51.000000 -0.184086 -0.291415
818.000000 51.000000 0.167994 -0.290764
917.000000 52.000000 0.266010 -0.295003
1233.000000 52.000000 0.643133 -0.333296
138.000000 53.000000 -0.519179 -0.317081
374.000000 53.000000 -0.254312 -0.293153
384.000000 53.000000 -0.244235 -0.292540
864.000000 53.000000 0.212808 -0.290848
1042.000000 53.000000 0.399977 -0.304713
381.000000 54.000000 -0.247191 -0.291694
438.000000 54.000000 -0.190769 -0.288683
1086.000000 54.000000 0.451020 -0.308706
167.000000 55.000000 -0.482684 -0.310821
1208.000000 55.000000 0.607568 -0.325507
1154.000000 56.000000 0.535147 -0.315770
1234.000000 56.000000 0.643859 -0.328776
115.000000 57.000000 -0.548237 -0.315982
168.000000 57.000000 -0.481195 -0.308477
436.000000 58.000000 -0.192538 -0.284721
994.000000 58.000000 0.346318 -0.294699
1028.000000 60.000000 0.383491 -0.295773
1088.000000 60.000000 0.452667 -0.302390
139.000000 61.000000 -0.516766 -0.307978
396.000000 61.000000 -0.231779 -0.283673
1254.000000 61.000000 0.671699 -0.326358
871.000000 62.000000 0.219257 -0.282052
931.000000 62.000000 0.279663 -0.285626
1040.000000 62.000000 0.396767 -0.294854
51.000000 63.000000 -0.634186 -0.319352
119.000000 63.000000 -0.542130 -0.308611
446.000000 63.000000 -0.182598 -0.279239
448.000000 63.000000 -0.180661 -0.279156
918.000000 63.000000 0.266311 -0.283743
1059.000000 63.000000 0.418338 -0.295796
199.000000 64.000000 -0.443106 -0.296986
905.000000 64.000000 0.253083 -0.281914
129.000000 65.000000 -0.528943 -0.304923
131.000000 65.000000 -0.526383 -0.304639
134.000000 65.000000 -0.522556 -0.304217
141.000000 66.000000 -0.513543 -0.302133
336.000000 66.000000 -0.292292 -0.282286
432.000000 66.000000 -0.196079 -0.276824
901.000000 66.000000 0.248937 -0.279636
143.000000 67.000000 -0.510886 -0.300750
249.000000 67.000000 -0.385501 -0.288458
1233.000000 67.000000 0.640569 -0.315767
146.000000 68.000000 -0.506984 -0.299237
1190.000000 68.000000 0.580878 -0.307660
186.000000 69.000000 -0.457935 -0.293088
1047.000000 69.000000 0.403977 -0.288105
1236.000000 69.000000 0.644497 -0.313943
83.000000 70.000000 -0.588831 -0.306132
122.000000 70.000000 -0.537235 -0.300328
132.000000 70.000000 -0.524407 -0.298926
512.000000 70.000000 -0.119266 -0.270017
49.000000 71.000000 -0.635681 -0.310409
141.000000 71.000000 -0.512864 -0.296589
144.000000 71.000000 -0.509091 -0.296187
153.000000 71.000000 -0.497856 -0.295002
897.000000 71.000000 0.244637 -0.274323
1025.000000 71.000000 0.379088 -0.283827
1045.000000 71.000000 0.401506 -0.285774
1203.000000 71.000000 0.598081 -0.306275
902.000000 72.000000 0.249595 -0.273592
1003.000000 72.000000 0.354849 -0.280795
6.000000 73.000000 -0.697227 -0.315186
127.000000 73.000000 -0.530383 -0.296282
244.000000 73.000000 -0.390508 -0.282592
512.000000 73.000000 -0.119189 -0.267042
1193.000000 73.000000 0.584157 -0.302439
834.000000 74.000000 0.182533 -0.268272
252.000000 75.000000 -0.381406 -0.279729
916.000000 75.000000 0.263537 -0.271368
1239.000000 75.000000 0.647778 -0.307475
136.000000 76.000000 -0.518509 -0.291731
189.000000 76.000000 -0.453549 -0.285165
210.000000 76.000000 -0.428918 -0.282848
122.000000 77.000000 -0.536254 -0.292526
128.000000 77.000000 -0.528553 -0.291703
523.000000 77.000000 -0.108730 -0.262820
1176.000000 77.000000 0.560820 -0.295376
250.000000 78.000000 -0.383349 -0.276760
1036.000000 78.000000 0.390687 -0.277486
1180.000000 78.000000 0.565977 -0.294837
1197.000000 78.000000 0.588813 -0.297377
123.000000 79.000000 -0.534691 -0.290167
132.000000 79.000000 -0.523183 -0.288950
761.000000 79.000000 0.112787 -0.260978
916.000000 79.000000 0.263298 -0.267308
1097.000000 79.000000 0.461163 -0.282833
1106.000000 79.000000 0.471997 -0.283890
1241.000000 79.000000 0.649980 -0.303169
1020.000000 80.000000 0.372739 -0.273918
1057.000000 80.000000 0.414254 -0.277429
1059.000000 80.000000 0.416544 -0.277632
23.000000 81.000000 -0.671169 -0.303048
146.000000 81.000000 -0.505283 -0.284924
820.000000 81.000000 0.168773 -0.260766
845.000000 81.000000 0.192907 -0.261736
112.000000 82.000000 -0.548517 -0.288351
254.000000 82.000000 -0.378555 -0.272204
1244.000000 82.000000 0.653787 -0.300184
252.000000 84.000000 -0.380588 -0.270291
442.000000 84.000000 -0.185619 -0.258404
945.000000 84.000000 0.292603 -0.264035
111.000000 85.000000 -0.549405 -0.285153
147.000000 85.000000 -0.503531 -0.280422
313.000000 85.000000 -0.314891 -0.264397
1085.000000 85.000000 0.446235 -0.275039
1162.000000 85.000000 0.541360 -0.284474
834.000000 86.000000 0.182061 -0.256326
1052.000000 86.000000 0.407961 -0.270589
1246.000000 86.000000 0.656013 -0.295883
212.000000 87.000000 -0.425464 -0.270936
1155.000000 87.000000 0.532060 -0.281319
947.000000 88.000000 0.294405 -0.260098
1083.000000 88.000000 0.443559 -0.271620
1241.000000 88.000000 0.648542 -0.292788
1016.000000 89.000000 0.367570 -0.264196
1249.000000 89.000000 0.659848 -0.292898
258.000000 90.000000 -0.373451 -0.263518
947.000000 90.000000 0.294276 -0.258068
1061.000000 90.000000 0.417836 -0.267248
1064.000000 90.000000 0.421278 -0.267544
949.000000 91.000000 0.296275 -0.257182
990.000000 91.000000 0.339311 -0.260054
1264.000000 91.000000 0.681270 -0.292959
256.000000 92.000000 -0.375479 -0.261611
519.000000 92.000000 -0.112147 -0.248175
1019.000000 92.000000 0.370603 -0.261337
1208.000000 92.000000 0.601729 -0.283189
1235.000000 92.000000 0.639387 -0.287266
250.000000 93.000000 -0.382011 -0.261086
1084.000000 93.000000 0.444205 -0.266403
522.000000 94.000000 -0.109291 -0.246155
1208.000000 94.000000 0.601435 -0.280933
1210.000000 94.000000 0.604181 -0.281227
1212.000000 94.000000 0.606935 -0.281521
1234.000000 94.000000 0.637665 -0.284827
260.000000 95.000000 -0.370840 -0.258168
290.000000 95.000000 -0.338456 -0.255824
520.000000 95.000000 -0.111143 -0.245222
153.000000 96.000000 -0.494766 -0.267748
952.000000 96.000000 0.299054 -0.252308
1211.000000 96.000000 0.605264 -0.279118
1251.000000 96.000000 0.661633 -0.285150
1274.000000 96.000000 0.695139 -0.288730
1245.000000 97.000000 0.652862 -0.283080
953.000000 98.000000 0.299960 -0.250349
165.000000 99.000000 -0.479750 -0.263147
329.000000 99.000000 -0.297338 -0.249108
945.000000 99.000000 0.291653 -0.248841
1267.000000 99.000000 0.684401 -0.284167
261.000000 100.000000 -0.369339 -0.252924
1276.000000 100.000000 0.697464 -0.284400
56.000000 101.000000 -0.621242 -0.275049
88.000000 101.000000 -0.577576 -0.270532
90.000000 101.000000 -0.574905 -0.270260
92.000000 101.000000 -0.572241 -0.269988
437.000000 101.000000 -0.189797 -0.241791
1033.000000 101.000000 0.385280 -0.253192
54.000000 103.000000 -0.623737 -0.273081
457.000000 104.000000 -0.170486 -0.238147
1215.000000 104.000000 0.609622 -0.270693
94.000000 105.000000 -0.569049 -0.265293
718.000000 105.000000 0.072152 -0.234794
1059.000000 105.000000 0.414133 -0.251321
1212.000000 105.000000 0.605346 -0.269145
526.000000 106.000000 -0.105302 -0.234398
530.000000 106.000000 -0.101569 -0.234321
1069.000000 107.000000 0.425388 -0.250154
1076.000000 107.000000 0.433470 -0.250817
1232.000000 107.000000 0.632904 -0.269759
1254.000000 109.000000 0.663992 -0.270714
1103.000000 110.000000 0.464947 -0.250337
208.000000 111.000000 -0.427753 -0.246085
914.000000 111.000000 0.259526 -0.235105
1251.000000 111.000000 0.659374 -0.267992
243.000000 112.000000 -0.388167 -0.242020
261.000000 112.000000 -0.368400 -0.240606
428.000000 112.000000 -0.198080 -0.231331
531.000000 112.000000 -0.100525 -0.228499
1254.000000 112.000000 0.663551 -0.267292
1054.000000 113.000000 0.407753 -0.242559
1217.000000 113.000000 0.611121 -0.260888
216.000000 115.000000 -0.418238 -0.241201
1033.000000 115.000000 0.384130 -0.238756
1070.000000 116.000000 0.425712 -0.240855
947.000000 118.000000 0.292586 -0.229911
1223.000000 118.000000 0.618752 -0.256123
215.000000 119.000000 -0.419028 -0.237141
228.000000 119.000000 -0.404326 -0.236040
1011.000000 120.000000 0.359721 -0.231989
1073.000000 120.000000 0.428803 -0.236963
212.000000 121.000000 -0.422276 -0.235329
1140.000000 121.000000 0.508951 -0.242567
170.000000 122.000000 -0.471301 -0.238178
214.000000 122.000000 -0.419909 -0.234121
300.000000 122.000000 -0.326047 -0.227776
1078.000000 122.000000 0.434394 -0.235331
1133.000000 123.000000 0.500041 -0.239675
214.000000 124.000000 -0.419738 -0.232054
946.000000 124.000000 0.291230 -0.223884
1263.000000 124.000000 0.674869 -0.254930
167.000000 126.000000 -0.474507 -0.234261
241.000000 126.000000 -0.389278 -0.227825
1256.000000 126.000000 0.664442 -0.251684
209.000000 127.000000 -0.425190 -0.229379
215.000000 128.000000 -0.418265 -0.227844
1128.000000 128.000000 0.493361 -0.233841
113.000000 129.000000 -0.541292 -0.236773
228.000000 129.000000 -0.403518 -0.225765
243.000000 129.000000 -0.386842 -0.224613
254.000000 129.000000 -0.374771 -0.223806
1119.000000 129.000000 0.482284 -0.231876
74.000000 130.000000 -0.592621 -0.240325
168.000000 130.000000 -0.472919 -0.229960
218.000000 130.000000 -0.414699 -0.225540
251.000000 130.000000 -0.377978 -0.223008
1103.000000 130.000000 0.462977 -0.229282
1032.000000 131.000000 0.381805 -0.222336
924.000000 132.000000 0.268526 -0.214851
1044.000000 132.000000 0.395001 -0.222214
1143.000000 132.000000 0.511513 -0.231151
537.000000 133.000000 -0.094596 -0.208237
1182.000000 133.000000 0.561378 -0.234406
1095.000000 134.000000 0.453149 -0.224375
1219.000000 134.000000 0.611103 -0.237819
1234.000000 134.000000 0.632001 -0.239745
271.000000 135.000000 -0.355967 -0.216578
1093.000000 135.000000 0.450710 -0.223158
1160.000000 135.000000 0.532655 -0.229769
1193.000000 135.000000 0.575706 -0.233529
1273.000000 135.000000 0.687968 -0.243822
254.000000 136.000000 -0.374277 -0.216717
1218.000000 136.000000 0.609472 -0.235486
271.000000 137.000000 -0.355836 -0.214568
278.000000 137.000000 -0.348355 -0.214119
421.000000 137.000000 -0.203951 -0.207258
946.000000 137.000000 0.290542 -0.211016
1159.000000 137.000000 0.531164 -0.227520
1264.000000 137.000000 0.674540 -0.240347
924.000000 138.000000 0.268243 -0.208959
1273.000000 138.000000 0.687563 -0.240421
1275.000000 138.000000 0.690503 -0.240689
1029.000000 139.000000 0.377944 -0.214013
1074.000000 139.000000 0.428330 -0.217409
1239.000000 139.000000 0.638405 -0.234826
1276.000000 140.000000 0.691707 -0.238555
223.000000 142.000000 -0.408124 -0.212870
226.000000 142.000000 -0.404761 -0.212646
263.000000 142.000000 -0.364115 -0.210067
219.000000 143.000000 -0.412549 -0.212152
1039.000000 144.000000 0.388582 -0.209657
170.000000 145.000000 -0.469148 -0.214111
200.000000 145.000000 -0.434029 -0.211587
216.000000 145.000000 -0.415783 -0.210340
1051.000000 145.000000 0.401835 -0.209504
1239.000000 146.000000 0.637520 -0.227052
57.000000 147.000000 -0.613769 -0.223735
247.000000 147.000000 -0.381168 -0.206098
33.000000 149.000000 -0.647114 -0.224436
214.000000 149.000000 -0.417745 -0.206414
247.000000 149.000000 -0.381034 -0.204084
166.000000 150.000000 -0.473484 -0.209268
175.000000 150.000000 -0.462779 -0.208494
231.000000 151.000000 -0.398537 -0.203158
917.000000 151.000000 0.260668 -0.195958
1153.000000 151.000000 0.522120 -0.212014
932.000000 152.000000 0.275645 -0.195635
1208.000000 153.000000 0.593783 -0.215691
232.000000 154.000000 -0.397220 -0.200059
470.000000 154.000000 -0.156748 -0.189545
1037.000000 154.000000 0.385696 -0.199435
1075.000000 154.000000 0.428298 -0.202127
149.000000 155.000000 -0.493574 -0.205566
958.000000 155.000000 0.301906 -0.193917
43.000000 156.000000 -0.632166 -0.215503
235.000000 156.000000 -0.393762 -0.197841
172.000000 157.000000 -0.465747 -0.201514
923.000000 157.000000 0.266403 -0.190381
1033.000000 157.000000 0.381114 -0.196162
1057.000000 157.000000 0.407692 -0.197771
961.000000 158.000000 0.304837 -0.191123
1055.000000 158.000000 0.405383 -0.196621
1074.000000 158.000000 0.426856 -0.197978
156.000000 160.000000 -0.484640 -0.199752
961.000000 160.000000 0.304740 -0.189164
194.000000 161.000000 -0.439702 -0.195681
924.000000 161.000000 0.267237 -0.186542
59.000000 162.000000 -0.609300 -0.207126
1184.000000 162.000000 0.560838 -0.203428
70.000000 163.000000 -0.594215 -0.204850
967.000000 163.000000 0.310766 -0.186517
1188.000000 163.000000 0.565990 -0.202766
1272.000000 163.000000 0.682924 -0.212166
208.000000 164.000000 -0.423458 -0.191615
343.000000 164.000000 -0.279706 -0.184107
59.000000 165.000000 -0.608972 -0.203867
964.000000 165.000000 0.307582 -0.184417
1038.000000 165.000000 0.386086 -0.188467
1148.000000 165.000000 0.514532 -0.196810
1097.000000 166.000000 0.452843 -0.191540
1180.000000 166.000000 0.555216 -0.198767
51.000000 167.000000 -0.619777 -0.202562
1186.000000 169.000000 0.562761 -0.196164
1189.000000 169.000000 0.566703 -0.196460
12.000000 170.000000 -0.674771 -0.203627
39.000000 171.000000 -0.636082 -0.199507
74.000000 171.000000 -0.587995 -0.195819
980.000000 171.000000 0.323834 -0.179316
1067.000000 173.000000 0.417857 -0.182303
1166.000000 173.000000 0.536514 -0.190042
1274.000000 173.000000 0.684687 -0.201245
1049.000000 174.000000 0.397657 -0.180149
1092.000000 174.000000 0.446422 -0.183012
27.000000 176.000000 -0.652523 -0.195334
976.000000 176.000000 0.319445 -0.174238
240.000000 178.000000 -0.386888 -0.175519
1178.000000 178.000000 0.551482 -0.185865
242.000000 179.000000 -0.384643 -0.174410
1151.000000 179.000000 0.517059 -0.182452
235.000000 180.000000 -0.392260 -0.173820
1165.000000 180.000000 0.534618 -0.182603
419.000000 181.000000 -0.204531 -0.165196
1120.000000 182.000000 0.478883 -0.176895
231.000000 183.000000 -0.396493 -0.171067
233.000000 183.000000 -0.394288 -0.170952
424.000000 183.000000 -0.199687 -0.163168
1183.000000 183.000000 0.557523 -0.181039
1261.000000 183.000000 0.664662 -0.188743
72.000000 184.000000 -0.589407 -0.182098
254.000000 184.000000 -0.371338 -0.168798
1149.000000 184.000000 0.514153 -0.177090
261.000000 185.000000 -0.363759 -0.167446
970.000000 185.000000 0.312848 -0.165210
160.000000 186.000000 -0.477784 -0.172665
206.000000 186.000000 -0.424269 -0.169573
253.000000 186.000000 -0.372312 -0.166877
972.000000 189.000000 0.314736 -0.161416
211.000000 191.000000 -0.418318 -0.164263
951.000000 192.000000 0.293165 -0.157672
1072.000000 192.000000 0.422312 -0.163546
142.000000 194.000000 -0.498947 -0.165777
974.000000 194.000000 0.316587 -0.156656
37.000000 195.000000 -0.636435 -0.173605
269.000000 196.000000 -0.354685 -0.156264
272.000000 196.000000 -0.351504 -0.156125
955.000000 196.000000 0.297070 -0.153974
1208.000000 196.000000 0.589452 -0.169500
104.000000 197.000000 -0.546268 -0.165579
293.000000 197.000000 -0.329424 -0.154224
1156.000000 198.000000 0.521795 -0.163130
999.000000 199.000000 0.342402 -0.152870
1002.000000 200.000000 0.345517 -0.152029
283.000000 201.000000 -0.339693 -0.150767
296.000000 201.000000 -0.326143 -0.150224
225.000000 202.000000 -0.402075 -0.152544
278.000000 202.000000 -0.344901 -0.150010
1167.000000 202.000000 0.535366 -0.159819
275.000000 204.000000 -0.347975 -0.148195
1095.000000 205.000000 0.447872 -0.151888
568.000000 206.000000 -0.065306 -0.139399
25.000000 207.000000 -0.652290 -0.161724
283.000000 207.000000 -0.339441 -0.144945
1132.000000 208.000000 0.491522 -0.151168
1140.000000 208.000000 0.501267 -0.151700
63.000000 209.000000 -0.599328 -0.156289
284.000000 209.000000 -0.338313 -0.142967
1270.000000 209.000000 0.675130 -0.161121
195.000000 210.000000 -0.435373 -0.146210
1125.000000 211.000000 0.482886 -0.147667
1274.000000 211.000000 0.680784 -0.159299
269.000000 212.000000 -0.353978 -0.140674
274.000000 212.000000 -0.348693 -0.140467
277.000000 212.000000 -0.345534 -0.140344
1009.000000 212.000000 0.352398 -0.140659
314.000000 214.000000 -0.307146 -0.137027
979.000000 214.000000 0.320963 -0.137549
139.000000 215.000000 -0.501174 -0.144496
291.000000 215.000000 -0.330783 -0.136897
977.000000 215.000000 0.318865 -0.136515
299.000000 216.000000 -0.322463 -0.135639
262.000000 217.000000 -0.361206 -0.136106
1039.000000 217.000000 0.384388 -0.137084
1170.000000 217.000000 0.538089 -0.144497
253.000000 218.000000 -0.370791 -0.135510
975.000000 218.000000 0.316699 -0.133561
1144.000000 218.000000 0.505518 -0.141745
266.000000 219.000000 -0.356871 -0.134001
1141.000000 219.000000 0.501777 -0.140536
1177.000000 219.000000 0.546896 -0.142913
299.000000 220.000000 -0.322321 -0.131795
331.000000 220.000000 -0.289725 -0.130737
1063.000000 220.000000 0.410695 -0.135248
1114.000000 220.000000 0.469240 -0.137913
1176.000000 221.000000 0.545475 -0.140772
234.000000 223.000000 -0.391164 -0.131445
287.000000 223.000000 -0.334648 -0.129337
313.000000 224.000000 -0.307831 -0.127491
1144.000000 224.000000 0.505146 -0.135627
330.000000 225.000000 -0.290580 -0.126009
1001.000000 225.000000 0.343453 -0.127760
1002.000000 227.000000 0.344429 -0.125867
1160.000000 227.000000 0.524805 -0.133547
1037.000000 228.000000 0.381742 -0.126250
1046.000000 228.000000 0.391550 -0.126626
1153.000000 228.000000 0.516013 -0.132094
324.000000 229.000000 -0.296511 -0.122382
1182.000000 229.000000 0.552657 -0.132892
229.000000 230.000000 -0.396342 -0.124809
280.000000 230.000000 -0.341707 -0.122847
585.000000 230.000000 -0.049698 -0.117208
996.000000 230.000000 0.338039 -0.122765
1099.000000 230.000000 0.451140 -0.127096
1101.000000 231.000000 0.453412 -0.126199
538.000000 232.000000 -0.092508 -0.115670
1187.000000 232.000000 0.558937 -0.130110
230.000000 233.000000 -0.395120 -0.121834
253.000000 233.000000 -0.370190 -0.120930
1071.000000 233.000000 0.419049 -0.122803
1091.000000 233.000000 0.441761 -0.123722
1103.000000 233.000000 0.455640 -0.124304
1156.000000 233.000000 0.519445 -0.127167
269.000000 234.000000 -0.353130 -0.119379
223.000000 235.000000 -0.402739 -0.120166
255.000000 235.000000 -0.367974 -0.118917
590.000000 235.000000 -0.045139 -0.112605
210.000000 236.000000 -0.417146 -0.119732
221.000000 236.000000 -0.404908 -0.119269
1181.000000 236.000000 0.550923 -0.125592
206.000000 237.000000 -0.421589 -0.118920
255.000000 237.000000 -0.367901 -0.116981
265.000000 237.000000 -0.357256 -0.116625
291.000000 237.000000 -0.330021 -0.115760
1161.000000 237.000000 0.525458 -0.123372
1174.000000 237.000000 0.541892 -0.124137
210.000000 238.000000 -0.417061 -0.117766
216.000000 238.000000 -0.410370 -0.117516
970.000000 238.000000 0.310931 -0.114275
259.000000 239.000000 -0.363560 -0.114904
1143.000000 239.000000 0.503063 -0.120337
1216.000000 239.000000 0.596907 -0.124708
1137.000000 240.000000 0.495699 -0.119008
341.000000 241.000000 -0.279121 -0.110544
588.000000 241.000000 -0.046930 -0.107123
1009.000000 242.000000 0.351278 -0.111660
1256.000000 242.000000 0.652268 -0.124260
233.000000 243.000000 -0.391448 -0.111966
1164.000000 243.000000 0.528885 -0.117412
921.000000 244.000000 0.261627 -0.107325
200.000000 245.000000 -0.428014 -0.111298
294.000000 245.000000 -0.326675 -0.108021
256.000000 246.000000 -0.366519 -0.108248
216.000000 248.000000 -0.409975 -0.107726
291.000000 248.000000 -0.329689 -0.105244
320.000000 248.000000 -0.300029 -0.104456
252.000000 249.000000 -0.370696 -0.105484
1214.000000 249.000000 0.593578 -0.114104
317.000000 250.000000 -0.303015 -0.102638
310.000000 251.000000 -0.310102 -0.101869
222.000000 252.000000 -0.403189 -0.103602
1192.000000 252.000000 0.564246 -0.109717
591.000000 253.000000 -0.044169 -0.096156
1228.000000 253.000000 0.612364 -0.110751
1219.000000 254.000000 0.600034 -0.109169
1113.000000 255.000000 0.466333 -0.102847
179.000000 256.000000 -0.451568 -0.101293
1160.000000 256.000000 0.523201 -0.103964
1185.000000 257.000000 0.554892 -0.104192
181.000000 258.000000 -0.449181 -0.099238
1235.000000 258.000000 0.621718 -0.105898
266.000000 259.000000 -0.355503 -0.095434
1206.000000 259.000000 0.582306 -0.103230
180.000000 260.000000 -0.450258 -0.097300
1004.000000 260.000000 0.345479 -0.094244
184.000000 261.000000 -0.445615 -0.096163
980.000000 261.000000 0.320553 -0.092670
1025.000000 261.000000 0.367671 -0.093877
1121.000000 261.000000 0.475531 -0.097203
1189.000000 262.000000 0.559818 -0.099254
598.000000 263.000000 -0.037804 -0.087030
1109.000000 263.000000 0.461323 -0.094742
1158.000000 264.000000 0.520338 -0.095759
1182.000000 264.000000 0.550680 -0.096861
276.000000 265.000000 -0.344830 -0.089423
296.000000 265.000000 -0.324085 -0.088929
1014.000000 267.000000 0.355817 -0.087813
1199.000000 267.000000 0.572640 -0.094592
190.000000 268.000000 -0.438503 -0.089063
1011.000000 268.000000 0.352625 -0.086778
1157.000000 268.000000 0.518922 -0.091669
915.000000 274.000000 0.255145 -0.079124
1091.000000 274.000000 0.440136 -0.083261
1245.000000 274.000000 0.634785 -0.089554
190.000000 275.000000 -0.438276 -0.082194
610.000000 275.000000 -0.026935 -0.076106
1128.000000 275.000000 0.483332 -0.083518
985.000000 276.000000 0.325352 -0.078553
1049.000000 276.000000 0.393170 -0.080085
1211.000000 276.000000 0.588133 -0.085844
1129.000000 277.000000 0.484457 -0.081560
993.000000 278.000000 0.333576 -0.076825
1193.000000 278.000000 0.564288 -0.083000
197.000000 279.000000 -0.430215 -0.078069
1129.000000 279.000000 0.484388 -0.079568
494.000000 281.000000 -0.132510 -0.071167
974.000000 281.000000 0.313973 -0.073601
1260.000000 283.000000 0.655590 -0.080741
192.000000 284.000000 -0.435737 -0.073323
1132.000000 285.000000 0.487785 -0.073690
254.000000 286.000000 -0.367554 -0.069872
1147.000000 286.000000 0.505924 -0.073174
245.000000 287.000000 -0.377160 -0.069110
336.000000 287.000000 -0.283172 -0.067417
339.000000 287.000000 -0.280185 -0.067371
1014.000000 287.000000 0.355350 -0.068699
1016.000000 287.000000 0.357462 -0.068740
327.000000 288.000000 -0.292153 -0.066621
1169.000000 288.000000 0.533163 -0.071896
1150.000000 289.000000 0.509504 -0.070263
200.000000 290.000000 -0.426538 -0.067258
1209.000000 290.000000 0.584888 -0.071281
198.000000 291.000000 -0.428766 -0.066333
279.000000 292.000000 -0.341111 -0.063661
375.000000 292.000000 -0.244738 -0.062221
1015.000000 292.000000 0.356306 -0.063951
1096.000000 292.000000 0.445347 -0.065748
1190.000000 293.000000 0.559822 -0.067525
1031.000000 294.000000 0.373284 -0.062350
1039.000000 295.000000 0.381868 -0.061550
1174.000000 298.000000 0.539159 -0.061930
1259.000000 298.000000 0.653538 -0.064783
15.000000 299.000000 -0.660708 -0.063864
1034.000000 301.000000 0.376371 -0.055702
1211.000000 301.000000 0.587176 -0.060000
332.000000 302.000000 -0.286952 -0.053443
1023.000000 302.000000 0.364601 -0.054557
1102.000000 302.000000 0.452018 -0.056085
1248.000000 302.000000 0.637819 -0.060170
381.000000 303.000000 -0.238798 -0.051967
1032.000000 303.000000 0.374190 -0.053753
1170.000000 303.000000 0.533963 -0.056759
1245.000000 303.000000 0.633579 -0.059018
1164.000000 304.000000 0.526409 -0.055591
1086.000000 305.000000 0.433645 -0.052816
1212.000000 305.000000 0.588389 -0.055905
1172.000000 306.000000 0.536407 -0.053780
339.000000 307.000000 -0.279922 -0.048692
1203.000000 308.000000 0.576359 -0.052564
397.000000 310.000000 -0.223324 -0.045360
490.000000 310.000000 -0.136024 -0.044770
209.000000 311.000000 -0.416037 -0.046685
392.000000 311.000000 -0.228117 -0.044479
1022.000000 311.000000 0.363400 -0.045959
400.000000 313.000000 -0.220427 -0.042574
1186.000000 313.000000 0.554085 -0.047029
14.000000 314.000000 -0.661659 -0.047988
208.000000 314.000000 -0.417102 -0.043798
212.000000 314.000000 -0.412657 -0.043735
465.000000 314.000000 -0.159148 -0.041251
1160.000000 314.000000 0.521189 -0.045441
1171.000000 314.000000 0.534954 -0.045677
1175.000000 314.000000 0.540011 -0.045765
1177.000000 314.000000 0.542550 -0.045809
350.000000 315.000000 -0.268957 -0.041133
1157.000000 315.000000 0.517450 -0.044375
1258.000000 315.000000 0.651569 -0.046771
402.000000 316.000000 -0.218492 -0.039798
406.000000 316.000000 -0.214671 -0.039770
952.000000 316.000000 0.291234 -0.040420
1177.000000 316.000000 0.542506 -0.043786
1208.000000 316.000000 0.582772 -0.044476
205.000000 317.000000 -0.420402 -0.040939
282.000000 317.000000 -0.337628 -0.039943
305.000000 317.000000 -0.313998 -0.039696
289.000000 318.000000 -0.330379 -0.038922
1259.000000 318.000000 0.652916 -0.043629
1151.000000 319.000000 0.509981 -0.040256
1184.000000 319.000000 0.551384 -0.040891
291.000000 320.000000 -0.328297 -0.037015
1209.000000 320.000000 0.584012 -0.040387
81.000000 321.000000 -0.569751 -0.039117
279.000000 321.000000 -0.340701 -0.036193
999.000000 321.000000 0.339124 -0.036189
82.000000 323.000000 -0.568407 -0.037056
1158.000000 324.000000 0.518522 -0.035374
1168.000000 324.000000 0.530987 -0.035540
1176.000000 324.000000 0.541082 -0.035677
457.000000 326.000000 -0.166541 -0.030346
537.000000 326.000000 -0.092933 -0.030102
1198.000000 326.000000 0.569391 -0.034028
348.000000 327.000000 -0.270836 -0.029997
346.000000 328.000000 -0.272804 -0.029081
385.000000 328.000000 -0.234743 -0.028850
382.000000 329.000000 -0.237634 -0.027944
1137.000000 329.000000 0.492806 -0.030079
993.000000 330.000000 0.332824 -0.027636
479.000000 331.000000 -0.146099 -0.025718
1217.000000 331.000000 0.594500 -0.029213
51.000000 332.000000 -0.609564 -0.028335
1142.000000 334.000000 0.498785 -0.025174
1159.000000 334.000000 0.519619 -0.025370
237.000000 335.000000 -0.385063 -0.023260
78.000000 336.000000 -0.573434 -0.023845
1028.000000 336.000000 0.369519 -0.022207
1165.000000 336.000000 0.527062 -0.023433
4.000000 339.000000 -0.675572 -0.021656
81.000000 339.000000 -0.569476 -0.020748
1103.000000 339.000000 0.452617 -0.019874
1222.000000 339.000000 0.601133 -0.021025
483.000000 340.000000 -0.142381 -0.017530
1196.000000 340.000000 0.566586 -0.019718
1200.000000 340.000000 0.571816 -0.019758
1122.000000 341.000000 0.474790 -0.018060
1170.000000 341.000000 0.533280 -0.018457
1224.000000 341.000000 0.603821 -0.018979
1156.000000 342.000000 0.515829 -0.017335
1213.000000 343.000000 0.588993 -0.016810
104.000000 344.000000 -0.539887 -0.015470
521.000000 344.000000 -0.107489 -0.013845
1224.000000 344.000000 0.603792 -0.015877
274.000000 345.000000 -0.345737 -0.013538
1047.000000 346.000000 0.389908 -0.012763
1167.000000 346.000000 0.529476 -0.013406
1214.000000 346.000000 0.590305 -0.013734
1222.000000 346.000000 0.601067 -0.013794
390.000000 347.000000 -0.229856 -0.011329
1024.000000 347.000000 0.365204 -0.011717
1175.000000 347.000000 0.539545 -0.012450
1214.000000 348.000000 0.590291 -0.011677
435.000000 349.000000 -0.187075 -0.009416
1127.000000 350.000000 0.480662 -0.009215
297.000000 351.000000 -0.321951 -0.007814
435.000000 351.000000 -0.187073 -0.007589
1031.000000 353.000000 0.372646 -0.006026
1232.000000 353.000000 0.614651 -0.006604
429.000000 355.000000 -0.192719 -0.003939
1129.000000 355.000000 0.483027 -0.004285
1233.000000 355.000000 0.616017 -0.004530
114.000000 356.000000 -0.527276 -0.003356
1148.000000 356.000000 0.505941 -0.003328
112.000000 357.000000 -0.529772 -0.002356
1167.000000 357.000000 0.529433 -0.002356
1179.000000 357.000000 0.544586 -0.002372
1199.000000 357.000000 0.570406 -0.002401
1131.000000 358.000000 0.485409 -0.001323
1196.000000 358.000000 0.566486 -0.001378
344.000000 359.000000 -0.274678 -0.000291
1028.000000 360.000000 0.369436 0.000644
1235.000000 360.000000 0.618762 0.000663
39.000000 361.000000 -0.625822 0.001705
1195.000000 362.000000 0.565183 0.002696
1190.000000 365.000000 0.558702 0.005737
1236.000000 365.000000 0.620149 0.005865
606.000000 366.000000 -0.030474 0.006032
454.000000 367.000000 -0.169275 0.007010
1041.000000 367.000000 0.383390 0.007336
1137.000000 367.000000 0.492614 0.007591
1269.000000 367.000000 0.666746 0.008085
245.000000 368.000000 -0.376374 0.008273
1147.000000 368.000000 0.504733 0.008618
1235.000000 368.000000 0.618781 0.008982
1242.000000 369.000000 0.628479 0.010058
1041.000000 370.000000 0.383398 0.010204
32.000000 373.000000 -0.635608 0.014263
243.000000 373.000000 -0.378535 0.013049
30.000000 374.000000 -0.638415 0.015326
1049.000000 374.000000 0.392084 0.014064
35.000000 375.000000 -0.631440 0.016330
244.000000 375.000000 -0.377471 0.014953
367.000000 375.000000 -0.252125 0.014501
1235.000000 375.000000 0.618827 0.016261
29.000000 376.000000 -0.639835 0.017431
452.000000 378.000000 -0.171159 0.017038
1183.000000 378.000000 0.549772 0.018880
363.000000 379.000000 -0.256041 0.018214
469.000000 379.000000 -0.155338 0.017912
1218.000000 380.000000 0.595729 0.021272
1212.000000 382.000000 0.587714 0.023262
1108.000000 383.000000 0.458428 0.023177
974.000000 384.000000 0.313297 0.023146
1047.000000 384.000000 0.389971 0.023637
1136.000000 385.000000 0.491536 0.025425
1259.000000 386.000000 0.652595 0.028072
302.000000 387.000000 -0.316924 0.025977
976.000000 387.000000 0.315353 0.025974
1094.000000 387.000000 0.442338 0.026951
1272.000000 387.000000 0.671295 0.029340
33.000000 388.000000 -0.634390 0.029947
1056.000000 390.000000 0.399845 0.029475
1201.000000 390.000000 0.573264 0.031311
1230.000000 391.000000 0.612170 0.032822
1156.000000 392.000000 0.515993 0.032650
1050.000000 393.000000 0.393317 0.032297
433.000000 394.000000 -0.189029 0.031714
1204.000000 396.000000 0.577317 0.037505
1229.000000 396.000000 0.610896 0.037995
1268.000000 396.000000 0.665685 0.038820
1225.000000 397.000000 0.605463 0.038950
1235.000000 397.000000 0.619154 0.039159
1263.000000 397.000000 0.658519 0.039768
1238.000000 398.000000 0.623321 0.040266
1241.000000 398.000000 0.627484 0.040332
441.000000 400.000000 -0.181537 0.037162
1224.000000 400.000000 0.604169 0.042037
417.000000 401.000000 -0.204189 0.038213
987.000000 401.000000 0.326740 0.039237
1011.000000 401.000000 0.351691 0.039500
594.000000 402.000000 -0.041316 0.038490
1040.000000 402.000000 0.382578 0.040807
439.000000 403.000000 -0.183432 0.039916
1171.000000 403.000000 0.534899 0.043966
1234.000000 403.000000 0.617913 0.045387
1251.000000 403.000000 0.641605 0.045811
1170.000000 405.000000 0.533682 0.045962
625.000000 406.000000 -0.013372 0.042075
1172.000000 408.000000 0.536270 0.049035
1247.000000 409.000000 0.636142 0.052008
1043.000000 410.000000 0.385936 0.048518
1160.000000 413.000000 0.521359 0.053786
1215.000000 413.000000 0.592356 0.055252
1269.000000 413.000000 0.667590 0.056908
1045.000000 414.000000 0.388170 0.052390
1055.000000 418.000000 0.399152 0.056420
1156.000000 418.000000 0.516529 0.058706
1071.000000 419.000000 0.416868 0.057702
1153.000000 419.000000 0.512854 0.059629
523.000000 420.000000 -0.105787 0.054968
1118.000000 420.000000 0.470737 0.059730
1211.000000 420.000000 0.587218 0.062355
23.000000 422.000000 -0.649355 0.065960
523.000000 422.000000 -0.105796 0.056784
1120.000000 422.000000 0.473145 0.061756
1211.000000 422.000000 0.587284 0.064419
1247.000000 422.000000 0.636564 0.065673
476.000000 423.000000 -0.149041 0.057956
1066.000000 424.000000 0.411410 0.062443
1144.000000 424.000000 0.501972 0.064386
55.000000 425.000000 -0.605088 0.067940
1258.000000 426.000000 0.652274 0.070314
680.000000 427.000000 0.036219 0.061076
1134.000000 428.000000 0.489988 0.068090
998.000000 431.000000 0.338559 0.067769
1187.000000 434.000000 0.556203 0.075892
519.000000 435.000000 -0.109522 0.068623
526.000000 435.000000 -0.103119 0.068584
613.000000 435.000000 -0.024214 0.068298
1066.000000 435.000000 0.411671 0.073110
1074.000000 435.000000 0.420595 0.073317
1198.000000 435.000000 0.570556 0.077335
634.000000 436.000000 -0.005270 0.069188
1212.000000 437.000000 0.589181 0.079961
90.000000 438.000000 -0.559226 0.080022
638.000000 438.000000 -0.001663 0.070999
153.000000 439.000000 -0.481161 0.078760
528.000000 439.000000 -0.101313 0.072212
1214.000000 440.000000 0.591988 0.083155
1222.000000 441.000000 0.602829 0.084547
638.000000 442.000000 -0.001663 0.074624
1165.000000 442.000000 0.528515 0.083192
98.000000 443.000000 -0.549137 0.084809
1185.000000 443.000000 0.553978 0.085012
1135.000000 444.000000 0.491713 0.084082
1156.000000 444.000000 0.517376 0.084866
308.000000 445.000000 -0.311596 0.080480
543.000000 445.000000 -0.087661 0.077592
650.000000 445.000000 0.009164 0.077348
1211.000000 445.000000 0.588193 0.088206
1005.000000 446.000000 0.346185 0.082189
1147.000000 446.000000 0.506367 0.086533
1149.000000 449.000000 0.508938 0.089629
638.000000 450.000000 -0.001664 0.081882
74.000000 451.000000 -0.580724 0.094092
1211.000000 452.000000 0.588527 0.095470
547.000000 453.000000 -0.084060 0.084855
626.000000 453.000000 -0.012498 0.084612
1272.000000 453.000000 0.673725 0.099789
1167.000000 454.000000 0.531528 0.095449
1133.000000 455.000000 0.489726 0.095006
1248.000000 457.000000 0.639603 0.102690
1072.000000 459.000000 0.419085 0.096669
1187.000000 459.000000 0.557294 0.101505
1263.000000 459.000000 0.661068 0.105697
35.000000 460.000000 -0.634268 0.105574
68.000000 460.000000 -0.589159 0.103732
1219.000000 460.000000 0.599712 0.104222
536.000000 461.000000 -0.094140 0.092219
594.000000 461.000000 -0.041436 0.091944
1167.000000 462.000000 0.531902 0.103589
1229.000000 462.000000 0.613460 0.106881
1259.000000 462.000000 0.655514 0.108664
1069.000000 463.000000 0.415869 0.100475
1198.000000 463.000000 0.571853 0.106200
72.000000 464.000000 -0.584047 0.107673
636.000000 466.000000 -0.003472 0.096432
1165.000000 466.000000 0.529583 0.107564
554.000000 467.000000 -0.077764 0.097587
1259.000000 467.000000 0.655828 0.114012
524.000000 473.000000 -0.105210 0.103288
1255.000000 473.000000 0.650513 0.120170
1264.000000 473.000000 0.663405 0.120781
605.000000 474.000000 -0.031514 0.103767
1032.000000 474.000000 0.375676 0.109873
1184.000000 474.000000 0.554219 0.116781
1205.000000 474.000000 0.581738 0.118019
529.000000 476.000000 -0.100653 0.105997
557.000000 476.000000 -0.075086 0.105798
636.000000 476.000000 -0.003474 0.105551
1196.000000 476.000000 0.569965 0.119554
1223.000000 476.000000 0.606104 0.121239
1100.000000 477.000000 0.451704 0.115519
1207.000000 477.000000 0.584586 0.121270
6.000000 478.000000 -0.676789 0.126717
1023.000000 478.000000 0.366159 0.113429
1072.000000 478.000000 0.419807 0.115295
26.000000 479.000000 -0.648154 0.126371
531.000000 479.000000 -0.098846 0.108732
548.000000 479.000000 -0.083309 0.108604
625.000000 479.000000 -0.013425 0.108298
1162.000000 480.000000 0.526564 0.121685
1215.000000 480.000000 0.595511 0.124922
65.000000 481.000000 -0.594431 0.125837
538.000000 481.000000 -0.092457 0.110511
35.000000 482.000000 -0.635684 0.128940
63.000000 482.000000 -0.597191 0.127018
1263.000000 483.000000 0.662678 0.131477
530.000000 484.000000 -0.099804 0.113331
95.000000 485.000000 -0.555162 0.128078
1264.000000 485.000000 0.664269 0.133710
517.000000 486.000000 -0.111754 0.115291
551.000000 486.000000 -0.080621 0.115002
566.000000 486.000000 -0.066952 0.114905
1161.000000 487.000000 0.525717 0.128784
460.000000 488.000000 -0.164640 0.117848
542.000000 488.000000 -0.088855 0.116907
1209.000000 488.000000 0.587983 0.132910
472.000000 489.000000 -0.153440 0.118599
549.000000 489.000000 -0.082468 0.117772
1051.000000 489.000000 0.396932 0.125204
1162.000000 489.000000 0.527092 0.130893
57.000000 490.000000 -0.605873 0.135856
103.000000 490.000000 -0.545203 0.132736
64.000000 491.000000 -0.596462 0.136409
1145.000000 491.000000 0.506100 0.131918
707.000000 492.000000 0.060911 0.120380
64.000000 493.000000 -0.596606 0.138515
1075.000000 493.000000 0.423851 0.130214
70.000000 494.000000 -0.588619 0.139134
603.000000 494.000000 -0.033381 0.122077
96.000000 495.000000 -0.554521 0.138366
1270.000000 495.000000 0.673747 0.145016
708.000000 496.000000 0.061844 0.124061
1082.000000 496.000000 0.431933 0.133525
292.000000 498.000000 -0.329509 0.131414
1051.000000 498.000000 0.397326 0.134026
1218.000000 500.000000 0.601001 0.146209
1068.000000 501.000000 0.416361 0.137785
136.000000 502.000000 -0.504680 0.142947
1090.000000 502.000000 0.441394 0.139907
1222.000000 502.000000 0.606608 0.148641
42.000000 503.000000 -0.627515 0.150826
620.000000 503.000000 -0.017987 0.130305
968.000000 503.000000 0.309577 0.135569
97.000000 504.000000 -0.553858 0.147641
1098.000000 505.000000 0.450802 0.143344
482.000000 506.000000 -0.144372 0.134214
634.000000 506.000000 -0.005296 0.133050
963.000000 506.000000 0.304576 0.138271
1269.000000 506.000000 0.673236 0.156907
1092.000000 507.000000 0.443970 0.145011
549.000000 508.000000 -0.082620 0.135275
564.000000 508.000000 -0.068917 0.135157
672.000000 508.000000 0.029177 0.134941
1033.000000 508.000000 0.378123 0.143010
1145.000000 508.000000 0.507167 0.149264
575.000000 509.000000 -0.058896 0.136007
672.000000 510.000000 0.029184 0.136784
305.000000 511.000000 -0.316562 0.143447
541.000000 511.000000 -0.089972 0.138121
1235.000000 511.000000 0.625287 0.159323
120.000000 512.000000 -0.525178 0.154279
1221.000000 512.000000 0.606060 0.159192
74.000000 513.000000 -0.584733 0.158835
305.000000 513.000000 -0.316637 0.145373
434.000000 513.000000 -0.189605 0.141610
542.000000 513.000000 -0.089075 0.139963
1275.000000 513.000000 0.682629 0.165113
70.000000 515.000000 -0.590249 0.161280
76.000000 515.000000 -0.582231 0.160783
122.000000 515.000000 -0.522889 0.157230
718.000000 515.000000 0.071094 0.141653
1020.000000 515.000000 0.364443 0.149263
1222.000000 515.000000 0.607685 0.162475
615.000000 516.000000 -0.022552 0.142298
1157.000000 516.000000 0.522631 0.158328
459.000000 517.000000 -0.166070 0.144854
1020.000000 517.000000 0.364535 0.151219
891.000000 518.000000 0.233333 0.147452
1178.000000 518.000000 0.549472 0.162000
87.000000 519.000000 -0.568026 0.164095
116.000000 519.000000 -0.530721 0.161811
398.000000 519.000000 -0.224241 0.148112
113.000000 520.000000 -0.534589 0.163076
593.000000 520.000000 -0.042567 0.146074
84.000000 521.000000 -0.572136 0.166449
486.000000 521.000000 -0.140883 0.148116
1184.000000 522.000000 0.557564 0.166670
388.000000 524.000000 -0.234082 0.153122
483.000000 524.000000 -0.143729 0.150968
466.000000 525.000000 -0.159648 0.152209
1239.000000 526.000000 0.632249 0.175848
1255.000000 526.000000 0.654923 0.177410
1030.000000 527.000000 0.375798 0.161526
1187.000000 527.000000 0.561896 0.172178
1229.000000 528.000000 0.618505 0.177048
1166.000000 531.000000 0.535159 0.174604
1001.000000 532.000000 0.345039 0.164996
562.000000 533.000000 -0.070942 0.158346
1244.000000 533.000000 0.639979 0.183938
1246.000000 534.000000 0.642911 0.185230
63.000000 535.000000 -0.601496 0.183220
100.000000 535.000000 -0.552455 0.179822
566.000000 535.000000 -0.067298 0.160175
1133.000000 535.000000 0.494405 0.176121
1155.000000 535.000000 0.521599 0.177867
535.000000 536.000000 -0.095751 0.161421
1257.000000 536.000000 0.658812 0.188559
14.000000 538.000000 -0.670561 0.191470
69.000000 538.000000 -0.593663 0.185857
388.000000 538.000000 -0.234503 0.166437
961.000000 538.000000 0.303769 0.169034
982.000000 539.000000 0.325464 0.170939
1245.000000 539.000000 0.642012 0.190582
22.000000 540.000000 -0.659257 0.192817
1082.000000 540.000000 0.434497 0.177558
142.000000 541.000000 -0.500127 0.182559
149.000000 541.000000 -0.491593 0.182004
964.000000 541.000000 0.306970 0.172075
1079.000000 541.000000 0.431128 0.178367
1170.000000 542.000000 0.541210 0.186475
1197.000000 542.000000 0.576439 0.188979
1245.000000 542.000000 0.642330 0.193860
137.000000 544.000000 -0.506515 0.186075
1171.000000 544.000000 0.542672 0.188669
132.000000 545.000000 -0.512785 0.187533
1229.000000 545.000000 0.620212 0.195432
416.000000 546.000000 -0.207625 0.173218
1038.000000 546.000000 0.385568 0.180794
395.000000 548.000000 -0.228001 0.175765
610.000000 548.000000 -0.027197 0.172040
1156.000000 548.000000 0.523966 0.191525
67.000000 549.000000 -0.597463 0.197871
72.000000 549.000000 -0.590712 0.197358
1050.000000 549.000000 0.398985 0.184528
385.000000 550.000000 -0.237827 0.178012
419.000000 550.000000 -0.204855 0.176941
16.000000 551.000000 -0.669107 0.205617
113.000000 551.000000 -0.537212 0.195498
447.000000 551.000000 -0.178146 0.177137
180.000000 552.000000 -0.455487 0.190908
380.000000 552.000000 -0.242799 0.180105
403.000000 552.000000 -0.220359 0.179335
417.000000 552.000000 -0.206837 0.178906
420.000000 552.000000 -0.203952 0.178818
685.000000 552.000000 0.041207 0.175859
729.000000 552.000000 0.081527 0.176233
1029.000000 552.000000 0.376102 0.186235
1043.000000 552.000000 0.391431 0.187092
126.000000 553.000000 -0.520967 0.196413
382.000000 553.000000 -0.240871 0.180996
681.000000 553.000000 0.037558 0.176774
1191.000000 553.000000 0.569573 0.200130
549.000000 554.000000 -0.083081 0.178117
576.000000 554.000000 -0.058300 0.177854
598.000000 554.000000 -0.038177 0.177708
645.000000 554.000000 0.004708 0.177603
1038.000000 554.000000 0.386056 0.188780
1096.000000 554.000000 0.451708 0.192787
1107.000000 554.000000 0.464653 0.193639
75.000000 555.000000 -0.587300 0.203502
143.000000 555.000000 -0.500068 0.197001
172.000000 555.000000 -0.465137 0.194602
323.000000 555.000000 -0.299959 0.185316
570.000000 555.000000 -0.063807 0.178843
592.000000 555.000000 -0.043667 0.178680
1256.000000 555.000000 0.659480 0.209391
21.000000 556.000000 -0.662478 0.210581
70.000000 556.000000 -0.594138 0.205107
165.000000 556.000000 -0.473536 0.196192
575.000000 556.000000 -0.059232 0.179739
1096.000000 556.000000 0.451861 0.194833
12.000000 558.000000 -0.675716 0.213861
73.000000 558.000000 -0.590305 0.206946
139.000000 558.000000 -0.505252 0.200481
164.000000 558.000000 -0.474894 0.198338
574.000000 558.000000 -0.060166 0.181626
1039.000000 558.000000 0.387407 0.192848
1257.000000 558.000000 0.661271 0.212834
1276.000000 558.000000 0.688924 0.215103
136.000000 559.000000 -0.509050 0.201795
690.000000 559.000000 0.045822 0.182457
983.000000 559.000000 0.327494 0.190592
71.000000 560.000000 -0.593216 0.209322
1153.000000 560.000000 0.521290 0.203851
199.000000 561.000000 -0.434131 0.198668
626.000000 561.000000 -0.012632 0.184179
1040.000000 561.000000 0.388701 0.195923
1150.000000 561.000000 0.517619 0.204621
1203.000000 561.000000 0.586401 0.209978
1209.000000 561.000000 0.594501 0.210632
404.000000 562.000000 -0.219715 0.188888
1105.000000 562.000000 0.462928 0.201712
1094.000000 563.000000 0.450071 0.201853
1165.000000 563.000000 0.536790 0.208179
195.000000 564.000000 -0.438963 0.202034
205.000000 564.000000 -0.427486 0.201277
424.000000 564.000000 -0.200466 0.190168
756.000000 564.000000 0.106612 0.187904
1091.000000 564.000000 0.446650 0.202642
51.000000 565.000000 -0.621152 0.217008
207.000000 566.000000 -0.425355 0.203165
423.000000 566.000000 -0.201489 0.192116
978.000000 566.000000 0.322648 0.197228
1041.000000 566.000000 0.390135 0.201018
288.000000 567.000000 -0.336843 0.198892
143.000000 568.000000 -0.501234 0.210580
565.000000 568.000000 -0.068520 0.191130
743.000000 568.000000 0.094639 0.191492
1030.000000 568.000000 0.378193 0.202300
23.000000 569.000000 -0.661165 0.224785
52.000000 569.000000 -0.620234 0.221277
378.000000 569.000000 -0.245400 0.196583
422.000000 569.000000 -0.202545 0.195027
433.000000 569.000000 -0.191984 0.194689
615.000000 569.000000 -0.022703 0.191737
1022.000000 569.000000 0.369554 0.202786
1044.000000 570.000000 0.393726 0.205259
559.000000 571.000000 -0.074071 0.194030
727.000000 571.000000 0.079909 0.194118
977.000000 571.000000 0.321876 0.202113
1042.000000 571.000000 0.391582 0.206130
1105.000000 572.000000 0.463769 0.212049
70.000000 573.000000 -0.596026 0.223547
427.000000 573.000000 -0.197863 0.198713
561.000000 573.000000 -0.072252 0.195900
1088.000000 573.000000 0.443883 0.211650
48.000000 574.000000 -0.626395 0.227258
571.000000 574.000000 -0.063064 0.196744
1107.000000 574.000000 0.466320 0.214298
56.000000 575.000000 -0.615415 0.227390
221.000000 575.000000 -0.410183 0.211285
223.000000 575.000000 -0.407936 0.211137
518.000000 575.000000 -0.112042 0.198408
1191.000000 575.000000 0.571922 0.223783
150.000000 576.000000 -0.493404 0.218315
155.000000 576.000000 -0.487316 0.217845
229.000000 576.000000 -0.401298 0.211712
428.000000 576.000000 -0.196996 0.201568
599.000000 576.000000 -0.037382 0.198422
699.000000 576.000000 0.054201 0.198561
1155.000000 576.000000 0.525387 0.220972
1171.000000 576.000000 0.545844 0.222656
187.000000 577.000000 -0.449302 0.216041
573.000000 577.000000 -0.061254 0.199567
1018.000000 577.000000 0.365742 0.210555
1259.000000 577.000000 0.666511 0.234277
7.000000 578.000000 -0.685494 0.236913
70.000000 578.000000 -0.596613 0.229004
174.000000 578.000000 -0.464695 0.218204
699.000000 578.000000 0.054218 0.200456
1225.000000 578.000000 0.618435 0.231081
131.000000 579.000000 -0.517198 0.223346
165.000000 579.000000 -0.475524 0.220057
68.000000 580.000000 -0.599569 0.231431
179.000000 580.000000 -0.458955 0.219840
702.000000 580.000000 0.056993 0.202380
729.000000 580.000000 0.081869 0.202681
1047.000000 581.000000 0.397851 0.216629
65.000000 582.000000 -0.603903 0.233989
74.000000 582.000000 -0.591676 0.232899
701.000000 582.000000 0.056092 0.204270
45.000000 583.000000 -0.631711 0.237592
197.000000 583.000000 -0.438185 0.221393
594.000000 583.000000 -0.042012 0.205090
1061.000000 583.000000 0.413721 0.219744
199.000000 584.000000 -0.435958 0.222257
712.000000 584.000000 0.066237 0.206281
1050.000000 584.000000 0.401426 0.219912
63.000000 585.000000 -0.607010 0.237535
195.000000 585.000000 -0.440672 0.223631
705.000000 585.000000 0.059800 0.207160
1231.000000 585.000000 0.627686 0.239586
59.000000 586.000000 -0.612633 0.239139
713.000000 586.000000 0.067180 0.208196
702.000000 587.000000 0.057058 0.209035
769.000000 587.000000 0.119113 0.210017
186.000000 588.000000 -0.451431 0.227532
755.000000 588.000000 0.106087 0.210710
1164.000000 588.000000 0.538145 0.234769
1193.000000 588.000000 0.576100 0.238141
188.000000 589.000000 -0.449178 0.228393
166.000000 590.000000 -0.475359 0.231485
767.000000 590.000000 0.117306 0.212851
1108.000000 590.000000 0.468980 0.231087
1168.000000 590.000000 0.543521 0.237375
188.000000 591.000000 -0.449358 0.230474
115.000000 592.000000 -0.538875 0.238963
596.000000 592.000000 -0.040235 0.213643
890.000000 592.000000 0.234926 0.218550
1162.000000 592.000000 0.536030 0.238848
174.000000 593.000000 -0.466077 0.233866
331.000000 593.000000 -0.293687 0.222290
1049.000000 593.000000 0.401008 0.229041
129.000000 594.000000 -0.521299 0.239548
758.000000 594.000000 0.108990 0.216513
765.000000 594.000000 0.115519 0.216649
717.000000 595.000000 0.070976 0.216835
1002.000000 595.000000 0.349732 0.227618
1048.000000 595.000000 0.400049 0.231013
1208.000000 595.000000 0.597199 0.247696
154.000000 596.000000 -0.490497 0.239015
758.000000 596.000000 0.109027 0.218433
761.000000 596.000000 0.111825 0.218491
538.000000 597.000000 -0.093836 0.219085
1205.000000 597.000000 0.593376 0.249518
1237.000000 597.000000 0.637724 0.253783
717.000000 598.000000 0.071013 0.219709
31.000000 599.000000 -0.653655 0.257374
168.000000 599.000000 -0.473842 0.240766
170.000000 599.000000 -0.471441 0.240566
174.000000 599.000000 -0.466658 0.240170
207.000000 599.000000 -0.428042 0.237095
593.000000 599.000000 -0.043044 0.220354
661.000000 599.000000 0.019443 0.220222
881.000000 599.000000 0.226376 0.225027
1127.000000 600.000000 0.493011 0.243568
43.000000 601.000000 -0.636913 0.257962
179.000000 601.000000 -0.460906 0.241785
594.000000 601.000000 -0.042138 0.222263
881.000000 601.000000 0.226460 0.226989
1050.000000 602.000000 0.402863 0.238379
1226.000000 602.000000 0.622959 0.257878
151.000000 603.000000 -0.494909 0.246774
592.000000 603.000000 -0.043995 0.224196
594.000000 603.000000 -0.042152 0.224181
720.000000 603.000000 0.073852 0.224547
940.000000 603.000000 0.285520 0.231829
1031.000000 603.000000 0.381804 0.237872
1049.000000 604.000000 0.401907 0.240359
42.000000 605.000000 -0.638880 0.262602
196.000000 605.000000 -0.441309 0.244352
1053.000000 605.000000 0.406493 0.241731
193.000000 606.000000 -0.444903 0.245684
1204.000000 606.000000 0.593202 0.259349
580.000000 607.000000 -0.055096 0.228145
170.000000 608.000000 -0.472356 0.250084
188.000000 608.000000 -0.450959 0.248269
41.000000 609.000000 -0.640860 0.267258
1197.000000 609.000000 0.584132 0.261740
138.000000 610.000000 -0.511803 0.255727
530.000000 610.000000 -0.101505 0.231747
588.000000 610.000000 -0.047740 0.230959
176.000000 611.000000 -0.465481 0.252644
522.000000 611.000000 -0.108991 0.232870
580.000000 612.000000 -0.055146 0.232962
1091.000000 612.000000 0.450949 0.252569
216.000000 613.000000 -0.418996 0.250858
524.000000 613.000000 -0.107162 0.234768
1242.000000 613.000000 0.647093 0.272562
473.000000 614.000000 -0.155199 0.236998
597.000000 614.000000 -0.039467 0.234745
999.000000 614.000000 0.347860 0.246693
1091.000000 614.000000 0.451151 0.254681
768.000000 615.000000 0.118773 0.236997
623.000000 616.000000 -0.015506 0.236546
85.000000 617.000000 -0.581356 0.270063
456.000000 617.000000 -0.171495 0.240464
596.000000 617.000000 -0.040412 0.237651
193.000000 619.000000 -0.446183 0.259377
4.000000 620.000000 -0.695850 0.285340
86.000000 621.000000 -0.580564 0.274377
91.000000 621.000000 -0.573880 0.273689
479.000000 621.000000 -0.149710 0.243662
22.000000 622.000000 -0.669945 0.284894
1122.000000 622.000000 0.489313 0.266574
898.000000 623.000000 0.244278 0.249540
948.000000 623.000000 0.294897 0.252364
88.000000 624.000000 -0.578301 0.277443
90.000000 624.000000 -0.575627 0.277165
216.000000 624.000000 -0.420027 0.262381
595.000000 624.000000 -0.041390 0.244441
318.000000 625.000000 -0.309022 0.255185
453.000000 625.000000 -0.174642 0.248425
1020.000000 625.000000 0.371490 0.259642
155.000000 626.000000 -0.492582 0.271017
200.000000 626.000000 -0.438709 0.266076
1127.000000 626.000000 0.495943 0.271483
1220.000000 626.000000 0.618043 0.284054
3.000000 627.000000 -0.698399 0.293615
20.000000 627.000000 -0.673608 0.290963
204.000000 627.000000 -0.434157 0.266729
563.000000 627.000000 -0.071076 0.247708
1028.000000 627.000000 0.380470 0.262397
1254.000000 627.000000 0.666439 0.290410
1123.000000 628.000000 0.491246 0.273173
34.000000 629.000000 -0.653790 0.291090
768.000000 629.000000 0.119100 0.250658
1126.000000 629.000000 0.495066 0.274616
590.000000 630.000000 -0.046068 0.250320
933.000000 630.000000 0.279946 0.258514
1178.000000 630.000000 0.561650 0.282472
22.000000 631.000000 -0.671342 0.295271
206.000000 631.000000 -0.432243 0.270764
778.000000 631.000000 0.128574 0.252872
782.000000 631.000000 0.132352 0.252979
988.000000 631.000000 0.337367 0.263285
1163.000000 631.000000 0.542155 0.281527
1130.000000 632.000000 0.500390 0.278365
1178.000000 632.000000 0.561930 0.284701
206.000000 633.000000 -0.432449 0.272887
208.000000 633.000000 -0.430130 0.272682
1133.000000 633.000000 0.504252 0.279828
9.000000 634.000000 -0.690714 0.300815
31.000000 634.000000 -0.658864 0.297317
957.000000 634.000000 0.304934 0.264123
210.000000 636.000000 -0.428125 0.275662
788.000000 636.000000 0.138171 0.258069
1159.000000 636.000000 0.537656 0.286521
316.000000 637.000000 -0.311929 0.267558
944.000000 637.000000 0.291672 0.266312
1196.000000 637.000000 0.586738 0.292916
127.000000 638.000000 -0.529199 0.287651
413.000000 638.000000 -0.213956 0.262946
1002.000000 638.000000 0.352962 0.271626
180.000000 639.000000 -0.463754 0.282147
1164.000000 639.000000 0.544550 0.290541
61.000000 640.000000 -0.617481 0.299492
124.000000 640.000000 -0.533312 0.290269
165.000000 640.000000 -0.482005 0.285000
167.000000 640.000000 -0.479568 0.284759
787.000000 640.000000 0.137339 0.261991
144.000000 641.000000 -0.508085 0.288721
193.000000 641.000000 -0.448522 0.282828
197.000000 643.000000 -0.444032 0.284532
607.000000 643.000000 -0.030415 0.262906
781.000000 643.000000 0.131738 0.264786
1002.000000 643.000000 0.353379 0.276825
306.000000 644.000000 -0.322949 0.275486
927.000000 644.000000 0.274689 0.272351
955.000000 644.000000 0.303547 0.274221
1017.000000 644.000000 0.369838 0.279174
605.000000 645.000000 -0.032283 0.264884
1168.000000 645.000000 0.550622 0.297809
1240.000000 645.000000 0.649218 0.308980
955.000000 646.000000 0.303689 0.276276
971.000000 646.000000 0.320470 0.277454
991.000000 646.000000 0.341763 0.279033
472.000000 647.000000 -0.157205 0.269554
909.000000 647.000000 0.256614 0.274307
993.000000 647.000000 0.343995 0.280239
146.000000 648.000000 -0.506496 0.296166
1024.000000 648.000000 0.377930 0.284017
206.000000 649.000000 -0.434157 0.289984
211.000000 649.000000 -0.428343 0.289436
218.000000 649.000000 -0.420257 0.288685
143.000000 650.000000 -0.510526 0.298775
145.000000 650.000000 -0.508015 0.298508
697.000000 650.000000 0.053097 0.270026
910.000000 650.000000 0.257802 0.277419
993.000000 650.000000 0.344246 0.283367
1066.000000 650.000000 0.425711 0.290383
114.000000 652.000000 -0.547946 0.305071
600.000000 652.000000 -0.036977 0.271820
603.000000 652.000000 -0.034189 0.271797
964.000000 652.000000 0.313551 0.283130
175.000000 653.000000 -0.471446 0.297945
408.000000 653.000000 -0.219600 0.278276
410.000000 654.000000 -0.217677 0.279187
117.000000 655.000000 -0.544477 0.308005
853.000000 655.000000 0.201435 0.279455
1139.000000 655.000000 0.514697 0.304871
966.000000 657.000000 0.316042 0.288473
1073.000000 657.000000 0.434645 0.298708
1180.000000 657.000000 0.568276 0.313147
130.000000 658.000000 -0.528133 0.309488
595.000000 658.000000 -0.041681 0.277802
600.000000 658.000000 -0.037026 0.277759
620.000000 658.000000 -0.018424 0.277638
856.000000 658.000000 0.204515 0.282629
1060.000000 658.000000 0.419649 0.298327
427.000000 659.000000 -0.201218 0.283421
1142.000000 659.000000 0.519067 0.309755
967.000000 660.000000 0.317333 0.291676
1048.000000 660.000000 0.406102 0.299176
1074.000000 661.000000 0.436280 0.303159
1137.000000 661.000000 0.513006 0.311283
1182.000000 661.000000 0.571574 0.318017
851.000000 662.000000 0.199806 0.286443
952.000000 662.000000 0.301733 0.292599
1049.000000 662.000000 0.407457 0.301432
1070.000000 662.000000 0.431713 0.303779
1072.000000 662.000000 0.434052 0.304012
561.000000 663.000000 -0.073491 0.283214
594.000000 663.000000 -0.042659 0.282781
838.000000 663.000000 0.187159 0.286859
1085.000000 663.000000 0.449510 0.306650
131.000000 664.000000 -0.527721 0.316079
144.000000 664.000000 -0.511196 0.314211
180.000000 664.000000 -0.466783 0.309378
556.000000 664.000000 -0.078195 0.284298
965.000000 664.000000 0.315539 0.295693
1050.000000 664.000000 0.408817 0.303694
44.000000 665.000000 -0.645449 0.331216
120.000000 665.000000 -0.542064 0.318842
140.000000 665.000000 -0.516396 0.315900
1221.000000 665.000000 0.625691 0.329054
240.000000 666.000000 -0.396967 0.304577
1146.000000 666.000000 0.525187 0.318192
778.000000 667.000000 0.129598 0.288647
237.000000 668.000000 -0.400578 0.307048
392.000000 668.000000 -0.236308 0.294424
758.000000 668.000000 0.110647 0.289084
625.000000 669.000000 -0.013810 0.288566
629.000000 669.000000 -0.010083 0.288556
970.000000 669.000000 0.321242 0.301341
238.000000 670.000000 -0.399659 0.309096
253.000000 670.000000 -0.382776 0.307519
465.000000 670.000000 -0.164778 0.292915
619.000000 670.000000 -0.019405 0.289588
757.000000 670.000000 0.109753 0.291068
135.000000 671.000000 -0.523634 0.323381
177.000000 671.000000 -0.471323 0.317492
233.000000 671.000000 -0.405454 0.310721
22.000000 672.000000 -0.678201 0.343313
133.000000 672.000000 -0.526343 0.324809
394.000000 672.000000 -0.234540 0.298418
958.000000 673.000000 0.308882 0.304560
1206.000000 673.000000 0.606188 0.335814
1275.000000 673.000000 0.704780 0.347983
135.000000 674.000000 -0.524082 0.326773
1018.000000 674.000000 0.373807 0.311075
29.000000 675.000000 -0.668634 0.345636
52.000000 675.000000 -0.635877 0.341568
565.000000 675.000000 -0.069941 0.295164
1238.000000 675.000000 0.651500 0.343771
519.000000 676.000000 -0.113351 0.297181
1276.000000 676.000000 0.706779 0.351753
956.000000 677.000000 0.307101 0.308604
1026.000000 677.000000 0.383044 0.315131
1148.000000 677.000000 0.529416 0.330948
1183.000000 677.000000 0.575512 0.336568
70.000000 678.000000 -0.611271 0.341945
195.000000 678.000000 -0.450580 0.322897
660.000000 678.000000 0.018838 0.297611
1032.000000 678.000000 0.389897 0.316854
209.000000 679.000000 -0.434149 0.322241
645.000000 679.000000 0.004834 0.298572
650.000000 679.000000 0.009503 0.298582
58.000000 680.000000 -0.628328 0.346397
70.000000 680.000000 -0.611619 0.344287
136.000000 680.000000 -0.523712 0.333430
1077.000000 680.000000 0.442132 0.324329
279.000000 681.000000 -0.355144 0.316711
699.000000 681.000000 0.055357 0.300990
90.000000 682.000000 -0.584593 0.343174
663.000000 682.000000 0.021662 0.301655
943.000000 682.000000 0.293879 0.312829
1077.000000 682.000000 0.442387 0.326540
152.000000 683.000000 -0.503878 0.334425
932.000000 683.000000 0.282523 0.313032
58.000000 684.000000 -0.629040 0.351115
314.000000 684.000000 -0.317717 0.316698
890.000000 684.000000 0.239728 0.311173
942.000000 684.000000 0.292993 0.314857
1207.000000 684.000000 0.609489 0.348865
304.000000 685.000000 -0.328468 0.318643
860.000000 685.000000 0.209840 0.310447
193.000000 686.000000 -0.454014 0.332033
401.000000 686.000000 -0.228368 0.312474
1027.000000 686.000000 0.385137 0.324986
1029.000000 686.000000 0.387390 0.325207
665.000000 687.000000 0.023562 0.306718
167.000000 688.000000 -0.485922 0.337881
321.000000 688.000000 -0.310644 0.320346
492.000000 688.000000 -0.139481 0.310225
181.000000 690.000000 -0.469043 0.338143
186.000000 690.000000 -0.462980 0.337449
462.000000 691.000000 -0.168557 0.314492
459.000000 692.000000 -0.171517 0.315656
505.000000 692.000000 -0.127164 0.313877
672.000000 692.000000 0.030155 0.311839
182.000000 694.000000 -0.468389 0.342503
1158.000000 694.000000 0.545147 0.352083
1034.000000 695.000000 0.394072 0.335615
958.000000 696.000000 0.310825 0.328942
1007.000000 696.000000 0.363896 0.333702
1090.000000 696.000000 0.459828 0.343906
1137.000000 696.000000 0.518276 0.350960
1142.000000 696.000000 0.524691 0.351764
493.000000 698.000000 -0.138881 0.320459
1141.000000 698.000000 0.523729 0.353910
1143.000000 698.000000 0.526305 0.354236
895.000000 699.000000 0.245766 0.327203
1166.000000 699.000000 0.556544 0.359263
333.000000 700.000000 -0.299018 0.332116
486.000000 700.000000 -0.145699 0.322787
1026.000000 700.000000 0.385587 0.340185
168.000000 701.000000 -0.486605 0.352486
501.000000 701.000000 -0.131301 0.323268
260.000000 703.000000 -0.378501 0.342588
324.000000 703.000000 -0.308779 0.336118
1260.000000 703.000000 0.688365 0.381396
485.000000 704.000000 -0.146821 0.326968
718.000000 704.000000 0.073640 0.324737
225.000000 705.000000 -0.418726 0.349037
444.000000 705.000000 -0.186810 0.329873
163.000000 706.000000 -0.493593 0.358976
288.000000 706.000000 -0.347815 0.342836
554.000000 707.000000 -0.080928 0.327959
948.000000 707.000000 0.301216 0.339867
431.000000 708.000000 -0.199796 0.333713
1008.000000 708.000000 0.366314 0.346944
208.000000 709.000000 -0.439241 0.355793
295.000000 709.000000 -0.340487 0.345390
719.000000 709.000000 0.074687 0.329911
884.000000 709.000000 0.235306 0.337026
156.000000 710.000000 -0.503011 0.364693
983.000000 710.000000 0.339015 0.346461
1075.000000 710.000000 0.443766 0.357612
718.000000 711.000000 0.073780 0.331958
313.000000 712.000000 -0.321341 0.346872
535.000000 712.000000 -0.099118 0.333596
532.000000 713.000000 -0.102008 0.334717
556.000000 713.000000 -0.079160 0.334121
1272.000000 713.000000 0.707704 0.395852
290.000000 715.000000 -0.346572 0.352484
355.000000 716.000000 -0.277363 0.347448
402.000000 716.000000 -0.229259 0.343946
481.000000 716.000000 -0.151189 0.339646
934.000000 716.000000 0.287276 0.348355
1090.000000 716.000000 0.462733 0.366632
