1153.000000 3.000000 0.542510 -0.376774
1171.000000 3.000000 0.566384 -0.380027
916.000000 4.000000 0.268496 -0.345506
1155.000000 4.000000 0.544960 -0.375949
1219.000000 4.000000 0.632205 -0.387950
931.000000 5.000000 0.284008 -0.345666
1097.000000 5.000000 0.471089 -0.365182
1153.000000 5.000000 0.542156 -0.374415
1258.000000 5.000000 0.687785 -0.394323
952.000000 6.000000 0.306040 -0.346443
1161.000000 6.000000 0.552520 -0.374656
1173.000000 6.000000 0.568516 -0.376827
332.000000 7.000000 -0.301165 -0.344837
646.000000 7.000000 0.005822 -0.331896
827.000000 7.000000 0.178759 -0.336540
1106.000000 7.000000 0.481882 -0.364270
1156.000000 7.000000 0.545744 -0.372588
1207.000000 7.000000 0.614822 -0.382011
1098.000000 8.000000 0.471860 -0.361891
1163.000000 9.000000 0.554635 -0.371471
1211.000000 9.000000 0.620017 -0.380371
46.000000 10.000000 -0.650806 -0.383095
195.000000 10.000000 -0.454881 -0.357395
335.000000 10.000000 -0.297735 -0.341332
1100.000000 10.000000 0.474014 -0.359903
1200.000000 10.000000 0.604545 -0.377081
1207.000000 10.000000 0.614250 -0.378406
49.000000 11.000000 -0.646358 -0.381312
109.000000 11.000000 -0.563752 -0.370143
1204.000000 11.000000 0.609893 -0.376638
1224.000000 11.000000 0.637907 -0.380454
859.000000 12.000000 0.210125 -0.333043
943.000000 12.000000 0.295990 -0.339155
1081.000000 12.000000 0.450622 -0.354833
1202.000000 12.000000 0.606933 -0.375064
1047.000000 13.000000 0.410393 -0.349130
1093.000000 13.000000 0.464998 -0.355432
1120.000000 13.000000 0.498420 -0.359559
1195.000000 13.000000 0.597096 -0.372561
1222.000000 13.000000 0.634698 -0.377660
1256.000000 13.000000 0.683352 -0.384180
1124.000000 14.000000 0.503304 -0.359043
1204.000000 14.000000 0.609327 -0.373049
348.000000 15.000000 -0.283702 -0.334866
350.000000 15.000000 -0.281622 -0.334704
386.000000 15.000000 -0.244661 -0.332012
875.000000 15.000000 0.225942 -0.330866
922.000000 15.000000 0.273830 -0.334203
1047.000000 15.000000 0.410140 -0.346899
1103.000000 16.000000 0.476801 -0.353497
1196.000000 16.000000 0.597913 -0.369175
1204.000000 16.000000 0.608953 -0.370661
340.000000 17.000000 -0.291887 -0.333387
343.000000 17.000000 -0.288751 -0.333138
352.000000 17.000000 -0.279385 -0.332409
1057.000000 17.000000 0.421506 -0.345947
1233.000000 17.000000 0.649532 -0.374941
317.000000 18.000000 -0.316082 -0.334325
1204.000000 18.000000 0.608580 -0.368277
1218.000000 18.000000 0.628116 -0.370897
684.000000 19.000000 0.041507 -0.319805
1199.000000 19.000000 0.601487 -0.366163
1239.000000 19.000000 0.657720 -0.373671
313.000000 20.000000 -0.320165 -0.332540
578.000000 20.000000 -0.058101 -0.318995
1108.000000 20.000000 0.482372 -0.349687
44.000000 21.000000 -0.651563 -0.370216
352.000000 21.000000 -0.279069 -0.328153
354.000000 21.000000 -0.276998 -0.327997
1054.000000 21.000000 0.417498 -0.341107
1038.000000 22.000000 0.398935 -0.338035
1080.000000 22.000000 0.448026 -0.343411
1091.000000 22.000000 0.461269 -0.344943
1213.000000 22.000000 0.620361 -0.365182
353.000000 23.000000 -0.277878 -0.325952
362.000000 23.000000 -0.268596 -0.325270
367.000000 23.000000 -0.263465 -0.324902
1082.000000 23.000000 0.450284 -0.342563
357.000000 24.000000 -0.273670 -0.324587
1190.000000 24.000000 0.588246 -0.358612
1200.000000 24.000000 0.601950 -0.360417
327.000000 25.000000 -0.304866 -0.325941
367.000000 25.000000 -0.263319 -0.322791
1234.000000 25.000000 0.649446 -0.365516
1046.000000 26.000000 0.407627 -0.334583
1208.000000 26.000000 0.612656 -0.359506
1066.000000 27.000000 0.430761 -0.335969
1112.000000 27.000000 0.486283 -0.342327
1268.000000 27.000000 0.698173 -0.369455
336.000000 28.000000 -0.295164 -0.321999
373.000000 29.000000 -0.256909 -0.318159
492.000000 29.000000 -0.139568 -0.311968
961.000000 29.000000 0.313525 -0.322518
1116.000000 29.000000 0.490956 -0.340651
1243.000000 29.000000 0.661576 -0.362401
1186.000000 30.000000 0.581749 -0.350857
960.000000 31.000000 0.312290 -0.320300
1054.000000 31.000000 0.416257 -0.330042
1197.000000 31.000000 0.596568 -0.351622
1224.000000 31.000000 0.634149 -0.356501
34.000000 32.000000 -0.663805 -0.358889
942.000000 32.000000 0.293271 -0.317740
1031.000000 32.000000 0.389821 -0.326257
1075.000000 32.000000 0.440739 -0.331578
959.000000 33.000000 0.311059 -0.318088
1081.000000 33.000000 0.447743 -0.331251
1247.000000 33.000000 0.666588 -0.358350
37.000000 34.000000 -0.659143 -0.355951
167.000000 34.000000 -0.485585 -0.334270
195.000000 34.000000 -0.451571 -0.330413
1014.000000 34.000000 0.370555 -0.322241
1065.000000 35.000000 0.428576 -0.326986
1119.000000 35.000000 0.493809 -0.334302
1222.000000 35.000000 0.630600 -0.351390
1230.000000 35.000000 0.641909 -0.352844
1074.000000 36.000000 0.439040 -0.327015
1250.000000 36.000000 0.670363 -0.355312
799.000000 37.000000 0.150222 -0.304252
1179.000000 37.000000 0.571111 -0.341496
804.000000 38.000000 0.155000 -0.303424
1048.000000 39.000000 0.408388 -0.320557
1071.000000 39.000000 0.435122 -0.323324
1182.000000 40.000000 0.574635 -0.338523
1223.000000 40.000000 0.631108 -0.345659
1251.000000 40.000000 0.671078 -0.350716
749.000000 41.000000 0.102397 -0.298618
1123.000000 41.000000 0.497928 -0.328116
1134.000000 41.000000 0.511779 -0.329738
244.000000 42.000000 -0.393686 -0.315742
248.000000 42.000000 -0.389174 -0.315310
331.000000 42.000000 -0.299272 -0.307619
1185.000000 42.000000 0.578340 -0.336709
43.000000 43.000000 -0.648962 -0.344180
905.000000 43.000000 0.254401 -0.303531
1183.000000 43.000000 0.575477 -0.335217
17.000000 44.000000 -0.686171 -0.347633
327.000000 44.000000 -0.303301 -0.305835
373.000000 44.000000 -0.255900 -0.302515
378.000000 44.000000 -0.250837 -0.302192
903.000000 44.000000 0.252309 -0.302364
150.000000 45.000000 -0.505172 -0.324338
376.000000 45.000000 -0.252796 -0.301285
953.000000 45.000000 0.303747 -0.304921
1195.000000 45.000000 0.591402 -0.334917
72.000000 46.000000 -0.607795 -0.335582
806.000000 46.000000 0.156617 -0.295360
1126.000000 46.000000 0.500962 -0.322926
1141.000000 46.000000 0.519936 -0.325127
1219.000000 46.000000 0.624425 -0.337891
1228.000000 46.000000 0.637099 -0.339475
1231.000000 46.000000 0.641349 -0.340006
379.000000 47.000000 -0.249637 -0.299026
769.000000 47.000000 0.121201 -0.293102
1025.000000 47.000000 0.381458 -0.309373
679.000000 48.000000 0.036535 -0.290400
1221.000000 48.000000 0.626881 -0.335895
379.000000 49.000000 -0.249512 -0.296962
1150.000000 49.000000 0.531033 -0.323086
377.000000 50.000000 -0.251469 -0.296056
1223.000000 50.000000 0.629343 -0.333899
1247.000000 50.000000 0.663514 -0.338118
107.000000 51.000000 -0.559682 -0.324045
770.000000 51.000000 0.122034 -0.289101
1096.000000 51.000000 0.463389 -0.313268
1189.000000 51.000000 0.582247 -0.326973
378.000000 52.000000 -0.250335 -0.293933
1231.000000 52.000000 0.640294 -0.332947
1245.000000 52.000000 0.660283 -0.335401
375.000000 53.000000 -0.253301 -0.293090
469.000000 53.000000 -0.160786 -0.288403
1204.000000 53.000000 0.602386 -0.327154
682.000000 54.000000 0.039281 -0.284432
1033.000000 54.000000 0.389703 -0.302690
1190.000000 54.000000 0.583109 -0.323682
1201.000000 54.000000 0.598097 -0.325495
58.000000 55.000000 -0.625710 -0.327481
377.000000 55.000000 -0.251159 -0.290910
1162.000000 55.000000 0.545701 -0.318111
1227.000000 55.000000 0.634115 -0.328739
957.000000 56.000000 0.307080 -0.293728
1006.000000 56.000000 0.359557 -0.297902
105.000000 57.000000 -0.561388 -0.317516
1121.000000 57.000000 0.493187 -0.309941
1272.000000 57.000000 0.698645 -0.334209
1161.000000 58.000000 0.543940 -0.314561
896.000000 59.000000 0.244326 -0.286489
959.000000 59.000000 0.308947 -0.290758
1159.000000 59.000000 0.541184 -0.313131
1218.000000 59.000000 0.620793 -0.322546
1146.000000 60.000000 0.524268 -0.310096
1235.000000 60.000000 0.644594 -0.324266
433.000000 61.000000 -0.195328 -0.281823
385.000000 62.000000 -0.242704 -0.283271
1204.000000 62.000000 0.600896 -0.316758
692.000000 63.000000 0.048512 -0.275584
1007.000000 63.000000 0.360005 -0.290598
1041.000000 63.000000 0.397794 -0.293888
1212.000000 63.000000 0.611776 -0.316916
1241.000000 63.000000 0.652641 -0.321781
1192.000000 64.000000 0.584208 -0.312536
132.000000 65.000000 -0.525106 -0.304498
1089.000000 65.000000 0.453256 -0.297064
1099.000000 65.000000 0.465240 -0.298278
1167.000000 65.000000 0.550737 -0.307554
1234.000000 65.000000 0.642324 -0.318262
1080.000000 66.000000 0.442474 -0.294920
1260.000000 66.000000 0.679552 -0.321501
1026.000000 67.000000 0.380579 -0.288148
1139.000000 67.000000 0.514375 -0.301296
1143.000000 67.000000 0.519449 -0.301850
1160.000000 67.000000 0.541303 -0.304271
1236.000000 67.000000 0.644831 -0.316269
426.000000 68.000000 -0.201845 -0.275081
1261.000000 68.000000 0.680668 -0.319319
1236.000000 69.000000 0.644497 -0.313943
131.000000 70.000000 -0.525683 -0.299065
169.000000 70.000000 -0.478311 -0.294064
354.000000 70.000000 -0.273541 -0.276980
403.000000 71.000000 -0.224308 -0.273166
1081.000000 71.000000 0.443078 -0.289632
1197.000000 71.000000 0.589892 -0.305333
1218.000000 71.000000 0.618813 -0.308672
188.000000 72.000000 -0.455199 -0.289601
301.000000 72.000000 -0.328511 -0.278678
389.000000 72.000000 -0.238151 -0.272888
795.000000 72.000000 0.145171 -0.268858
181.000000 73.000000 -0.463444 -0.289340
204.000000 73.000000 -0.436224 -0.286712
1096.000000 73.000000 0.460668 -0.289209
1146.000000 73.000000 0.522439 -0.295595
1253.000000 73.000000 0.668217 -0.312117
115.000000 74.000000 -0.545737 -0.296852
178.000000 74.000000 -0.466929 -0.288611
993.000000 74.000000 0.343871 -0.277865
1209.000000 74.000000 0.605853 -0.303792
1243.000000 74.000000 0.653659 -0.309293
1011.000000 75.000000 0.363305 -0.278354
1144.000000 75.000000 0.519622 -0.293105
1178.000000 75.000000 0.563763 -0.297918
1212.000000 75.000000 0.609839 -0.303121
1219.000000 75.000000 0.619564 -0.304234
1241.000000 75.000000 0.650633 -0.307803
191.000000 76.000000 -0.451178 -0.284938
193.000000 76.000000 -0.448812 -0.284712
448.000000 76.000000 -0.180137 -0.266132
1094.000000 76.000000 0.457923 -0.285727
1169.000000 76.000000 0.551747 -0.295483
294.000000 77.000000 -0.335567 -0.274048
1151.000000 77.000000 0.528279 -0.291842
1271.000000 77.000000 0.693785 -0.310424
397.000000 78.000000 -0.229890 -0.266416
1142.000000 78.000000 0.516683 -0.289521
1159.000000 78.000000 0.538440 -0.291835
297.000000 79.000000 -0.332217 -0.271747
387.000000 79.000000 -0.239769 -0.265927
953.000000 79.000000 0.301220 -0.269678
1232.000000 79.000000 0.637186 -0.301716
1267.000000 79.000000 0.687592 -0.307421
1269.000000 79.000000 0.690521 -0.307750
173.000000 80.000000 -0.472246 -0.282700
189.000000 80.000000 -0.453097 -0.280858
1151.000000 80.000000 0.527871 -0.288518
82.000000 81.000000 -0.588509 -0.293804
390.000000 81.000000 -0.236680 -0.263757
394.000000 81.000000 -0.232710 -0.263552
1000.000000 81.000000 0.350841 -0.271167
196.000000 82.000000 -0.444612 -0.277939
952.000000 82.000000 0.299976 -0.266542
1142.000000 82.000000 0.516155 -0.285113
1161.000000 82.000000 0.540475 -0.287666
1218.000000 83.000000 0.616910 -0.294918
1139.000000 84.000000 0.512110 -0.282527
1232.000000 84.000000 0.636390 -0.295965
161.000000 85.000000 -0.486245 -0.278708
1068.000000 85.000000 0.426393 -0.273243
1166.000000 85.000000 0.546558 -0.285023
108.000000 86.000000 -0.553185 -0.284456
1109.000000 86.000000 0.474806 -0.276668
1157.000000 86.000000 0.534765 -0.282691
1251.000000 86.000000 0.663206 -0.296681
73.000000 87.000000 -0.599856 -0.288364
942.000000 87.000000 0.289320 -0.260792
1181.000000 87.000000 0.566007 -0.284894
56.000000 88.000000 -0.623180 -0.289792
159.000000 88.000000 -0.488336 -0.275695
931.000000 88.000000 0.277993 -0.259094
1142.000000 88.000000 0.515379 -0.278526
1167.000000 88.000000 0.547449 -0.281830
1236.000000 88.000000 0.641427 -0.292003
227.000000 89.000000 -0.408122 -0.267354
230.000000 89.000000 -0.404727 -0.267070
1149.000000 89.000000 0.524125 -0.278330
1171.000000 89.000000 0.552539 -0.281269
457.000000 90.000000 -0.170960 -0.251907
999.000000 90.000000 0.349038 -0.261778
1048.000000 90.000000 0.403049 -0.266000
1250.000000 90.000000 0.661129 -0.291902
206.000000 91.000000 -0.431995 -0.267306
987.000000 91.000000 0.336112 -0.259828
1004.000000 91.000000 0.354354 -0.261143
1139.000000 91.000000 0.511222 -0.274867
1191.000000 92.000000 0.578649 -0.280724
153.000000 93.000000 -0.495120 -0.270993
952.000000 93.000000 0.299247 -0.255347
1215.000000 93.000000 0.611226 -0.283096
206.000000 94.000000 -0.431693 -0.264133
240.000000 94.000000 -0.393036 -0.260922
1128.000000 94.000000 0.497135 -0.270259
1236.000000 94.000000 0.640498 -0.285133
1269.000000 94.000000 0.688109 -0.290268
228.000000 95.000000 -0.406427 -0.260965
231.000000 95.000000 -0.403042 -0.260689
829.000000 95.000000 0.176914 -0.247245
1221.000000 96.000000 0.619110 -0.280592
769.000000 97.000000 0.119883 -0.243510
144.000000 98.000000 -0.505680 -0.266649
147.000000 98.000000 -0.501950 -0.266293
165.000000 98.000000 -0.479862 -0.264220
210.000000 98.000000 -0.426680 -0.259521
1180.000000 98.000000 0.563155 -0.272514
1200.000000 98.000000 0.589945 -0.275287
1253.000000 98.000000 0.664209 -0.283161
224.000000 99.000000 -0.410587 -0.257149
244.000000 99.000000 -0.388144 -0.255371
1166.000000 99.000000 0.544681 -0.269549
1224.000000 99.000000 0.622851 -0.277639
146.000000 100.000000 -0.502955 -0.264248
221.000000 100.000000 -0.413902 -0.256380
1173.000000 100.000000 0.553676 -0.269366
1179.000000 100.000000 0.561565 -0.270164
1183.000000 100.000000 0.566858 -0.270703
1185.000000 100.000000 0.569515 -0.270974
1203.000000 100.000000 0.593738 -0.273473
208.000000 101.000000 -0.428695 -0.256559
210.000000 102.000000 -0.426295 -0.255318
199.000000 103.000000 -0.438928 -0.255331
1170.000000 103.000000 0.549365 -0.265671
1186.000000 103.000000 0.570439 -0.267784
48.000000 105.000000 -0.631842 -0.271691
1189.000000 105.000000 0.574170 -0.265972
1252.000000 105.000000 0.661703 -0.274986
174.000000 106.000000 -0.468142 -0.254700
1206.000000 106.000000 0.596985 -0.267185
87.000000 107.000000 -0.578103 -0.264011
93.000000 107.000000 -0.570111 -0.263216
117.000000 108.000000 -0.538634 -0.259059
1105.000000 109.000000 0.467444 -0.251605
1252.000000 109.000000 0.661108 -0.270418
1261.000000 109.000000 0.674133 -0.271753
46.000000 110.000000 -0.633933 -0.266332
1228.000000 110.000000 0.626851 -0.265798
837.000000 111.000000 0.184036 -0.231827
1126.000000 111.000000 0.492714 -0.251726
1177.000000 111.000000 0.557494 -0.257787
1179.000000 113.000000 0.559869 -0.255847
1204.000000 113.000000 0.593304 -0.259116
123.000000 114.000000 -0.530230 -0.251817
183.000000 114.000000 -0.456617 -0.245321
831.000000 114.000000 0.178178 -0.228695
953.000000 114.000000 0.298980 -0.234253
1238.000000 114.000000 0.640375 -0.262712
1258.000000 114.000000 0.669043 -0.265597
95.000000 115.000000 -0.566431 -0.254154
180.000000 115.000000 -0.460071 -0.244564
1207.000000 115.000000 0.597120 -0.257297
1131.000000 116.000000 0.498326 -0.246928
1088.000000 118.000000 0.446406 -0.240428
1241.000000 119.000000 0.643926 -0.257495
1167.000000 120.000000 0.543357 -0.246737
1184.000000 120.000000 0.565583 -0.248808
250.000000 121.000000 -0.379741 -0.232245
1175.000000 121.000000 0.553633 -0.246611
1214.000000 121.000000 0.605903 -0.251568
192.000000 122.000000 -0.445279 -0.236076
925.000000 122.000000 0.270024 -0.224762
975.000000 124.000000 0.321206 -0.225564
1000.000000 124.000000 0.347626 -0.227174
1170.000000 124.000000 0.546767 -0.242755
1246.000000 124.000000 0.650354 -0.252556
100.000000 126.000000 -0.558505 -0.241530
998.000000 126.000000 0.345358 -0.225023
1165.000000 126.000000 0.540074 -0.240008
151.000000 127.000000 -0.493818 -0.234809
996.000000 127.000000 0.343162 -0.223884
1203.000000 127.000000 0.590121 -0.243511
1242.000000 127.000000 0.644243 -0.248634
979.000000 128.000000 0.325149 -0.221805
1142.000000 128.000000 0.510688 -0.235307
1183.000000 128.000000 0.563285 -0.239956
1247.000000 128.000000 0.651234 -0.248191
110.000000 129.000000 -0.545157 -0.237115
1181.000000 129.000000 0.560534 -0.238630
1098.000000 130.000000 0.457051 -0.228816
1143.000000 130.000000 0.511724 -0.233281
1169.000000 130.000000 0.544775 -0.236149
1203.000000 130.000000 0.589745 -0.240214
1243.000000 130.000000 0.645260 -0.245404
24.000000 131.000000 -0.662297 -0.245719
149.000000 131.000000 -0.495862 -0.230777
984.000000 131.000000 0.330215 -0.219110
861.000000 132.000000 0.206442 -0.212226
256.000000 133.000000 -0.372308 -0.219612
1259.000000 134.000000 0.667685 -0.243060
24.000000 135.000000 -0.661762 -0.241220
148.000000 135.000000 -0.496688 -0.226650
194.000000 135.000000 -0.441793 -0.222389
937.000000 135.000000 0.281496 -0.212533
1020.000000 135.000000 0.368413 -0.217431
1147.000000 135.000000 0.516205 -0.228379
849.000000 136.000000 0.194726 -0.207942
1138.000000 136.000000 0.504877 -0.226387
1256.000000 136.000000 0.663081 -0.240406
26.000000 137.000000 -0.658628 -0.238711
146.000000 137.000000 -0.498946 -0.224738
1018.000000 138.000000 0.366040 -0.214269
1136.000000 138.000000 0.502199 -0.224069
28.000000 139.000000 -0.655503 -0.236211
1016.000000 140.000000 0.363744 -0.212123
1156.000000 140.000000 0.527032 -0.223998
1189.000000 140.000000 0.569805 -0.227629
1198.000000 140.000000 0.581801 -0.228675
1148.000000 141.000000 0.516838 -0.222106
1159.000000 141.000000 0.530737 -0.223247
1192.000000 142.000000 0.573557 -0.225806
1266.000000 142.000000 0.676791 -0.234974
1152.000000 143.000000 0.521664 -0.220391
1255.000000 143.000000 0.660722 -0.232421
254.000000 144.000000 -0.373732 -0.208649
860.000000 144.000000 0.205061 -0.200585
862.000000 145.000000 0.206959 -0.199688
962.000000 145.000000 0.306522 -0.203954
1231.000000 145.000000 0.626400 -0.227169
125.000000 146.000000 -0.524193 -0.217316
993.000000 147.000000 0.338743 -0.203691
261.000000 149.000000 -0.365823 -0.203176
1153.000000 149.000000 0.522318 -0.214130
112.000000 150.000000 -0.540308 -0.214387
180.000000 150.000000 -0.456882 -0.208074
186.000000 150.000000 -0.449851 -0.207579
182.000000 151.000000 -0.454450 -0.206877
866.000000 151.000000 0.210626 -0.194043
1036.000000 151.000000 0.384797 -0.202387
301.000000 152.000000 -0.323259 -0.197860
49.000000 153.000000 -0.624139 -0.218096
111.000000 153.000000 -0.541284 -0.211296
878.000000 153.000000 0.222200 -0.192526
952.000000 153.000000 0.295866 -0.195586
1159.000000 153.000000 0.529509 -0.210490
1202.000000 153.000000 0.585684 -0.215019
876.000000 154.000000 0.220220 -0.191494
217.000000 155.000000 -0.413918 -0.200097
1054.000000 155.000000 0.404473 -0.199584
1030.000000 156.000000 0.377901 -0.196972
1171.000000 157.000000 0.544455 -0.207442
156.000000 158.000000 -0.484811 -0.201828
209.000000 158.000000 -0.422751 -0.197629
434.000000 158.000000 -0.190805 -0.186668
242.000000 159.000000 -0.385857 -0.194368
435.000000 160.000000 -0.189793 -0.184731
966.000000 160.000000 0.309882 -0.189407
1062.000000 160.000000 0.413102 -0.195086
105.000000 161.000000 -0.548200 -0.203393
206.000000 161.000000 -0.425946 -0.194800
1010.000000 161.000000 0.355996 -0.190769
778.000000 162.000000 0.126939 -0.181322
52.000000 163.000000 -0.618833 -0.206811
1003.000000 163.000000 0.348421 -0.188390
1213.000000 163.000000 0.599469 -0.205397
1274.000000 163.000000 0.685856 -0.212405
206.000000 164.000000 -0.425732 -0.191756
1241.000000 164.000000 0.638198 -0.207426
119.000000 165.000000 -0.529930 -0.197823
76.000000 166.000000 -0.585825 -0.200986
207.000000 166.000000 -0.424454 -0.189660
845.000000 166.000000 0.189991 -0.179055
1173.000000 166.000000 0.546147 -0.198086
1205.000000 166.000000 0.588316 -0.201304
1016.000000 167.000000 0.362081 -0.185159
1146.000000 167.000000 0.511862 -0.194539
1214.000000 167.000000 0.600402 -0.201175
240.000000 168.000000 -0.387486 -0.185486
1036.000000 168.000000 0.383708 -0.185346
1216.000000 168.000000 0.603024 -0.200306
234.000000 170.000000 -0.393964 -0.183857
330.000000 170.000000 -0.292586 -0.178838
1055.000000 170.000000 0.404581 -0.184536
381.000000 171.000000 -0.241692 -0.175897
1005.000000 171.000000 0.350109 -0.180594
1089.000000 171.000000 0.443158 -0.185847
1275.000000 171.000000 0.686384 -0.203588
376.000000 172.000000 -0.246569 -0.175111
1014.000000 173.000000 0.359601 -0.179106
1219.000000 173.000000 0.606602 -0.195214
233.000000 174.000000 -0.394821 -0.179921
374.000000 174.000000 -0.248467 -0.173262
86.000000 175.000000 -0.571627 -0.190358
95.000000 175.000000 -0.559821 -0.189503
173.000000 175.000000 -0.463155 -0.182955
362.000000 175.000000 -0.260290 -0.172731
1024.000000 175.000000 0.370247 -0.177681
1092.000000 175.000000 0.446351 -0.181996
1221.000000 175.000000 0.609139 -0.193260
372.000000 176.000000 -0.250368 -0.171413
1013.000000 176.000000 0.358368 -0.176089
1182.000000 176.000000 0.556862 -0.188349
62.000000 177.000000 -0.603618 -0.190580
112.000000 177.000000 -0.537729 -0.185843
176.000000 177.000000 -0.459477 -0.180693
277.000000 177.000000 -0.347134 -0.174494
1069.000000 178.000000 0.419791 -0.177402
1038.000000 179.000000 0.385245 -0.174508
1088.000000 179.000000 0.441438 -0.177658
314.000000 181.000000 -0.308429 -0.168850
1015.000000 181.000000 0.360243 -0.171264
1040.000000 181.000000 0.387321 -0.172636
1083.000000 181.000000 0.435545 -0.175298
128.000000 184.000000 -0.516981 -0.177180
278.000000 184.000000 -0.345729 -0.167576
69.000000 185.000000 -0.593348 -0.181313
1137.000000 185.000000 0.499260 -0.175104
1164.000000 185.000000 0.532920 -0.177286
142.000000 187.000000 -0.499469 -0.172977
144.000000 187.000000 -0.497027 -0.172825
283.000000 187.000000 -0.340321 -0.164403
1192.000000 187.000000 0.568955 -0.177619
1168.000000 188.000000 0.537757 -0.174486
91.000000 189.000000 -0.563775 -0.175063
105.000000 189.000000 -0.545642 -0.173864
1229.000000 189.000000 0.618770 -0.178946
51.000000 190.000000 -0.617423 -0.177663
95.000000 190.000000 -0.558473 -0.173663
446.000000 190.000000 -0.178585 -0.156033
1235.000000 190.000000 0.627017 -0.178450
75.000000 191.000000 -0.584743 -0.174365
1212.000000 191.000000 0.595301 -0.175189
1248.000000 191.000000 0.645222 -0.178648
100.000000 192.000000 -0.551825 -0.171139
364.000000 193.000000 -0.257688 -0.155421
1068.000000 194.000000 0.417678 -0.161310
101.000000 195.000000 -0.550287 -0.167913
104.000000 197.000000 -0.546268 -0.165579
374.000000 197.000000 -0.247717 -0.151298
1268.000000 197.000000 0.673367 -0.174077
1094.000000 199.000000 0.447077 -0.157859
1195.000000 199.000000 0.571869 -0.165202
1265.000000 199.000000 0.668816 -0.171589
257.000000 200.000000 -0.367306 -0.152915
1096.000000 201.000000 0.449274 -0.155970
69.000000 202.000000 -0.591820 -0.163212
135.000000 202.000000 -0.506951 -0.158065
185.000000 202.000000 -0.447328 -0.154796
884.000000 202.000000 0.226519 -0.145977
951.000000 202.000000 0.292795 -0.148062
1213.000000 202.000000 0.595672 -0.163559
1253.000000 203.000000 0.651181 -0.166083
1192.000000 204.000000 0.567505 -0.159692
1070.000000 205.000000 0.419310 -0.150463
1273.000000 205.000000 0.679880 -0.165782
379.000000 206.000000 -0.242560 -0.142614
454.000000 206.000000 -0.170705 -0.140866
52.000000 207.000000 -0.614503 -0.159343
71.000000 207.000000 -0.588718 -0.157749
66.000000 208.000000 -0.595356 -0.157102
123.000000 208.000000 -0.521397 -0.152742
84.000000 209.000000 -0.571299 -0.154601
87.000000 209.000000 -0.567360 -0.154368
181.000000 209.000000 -0.451549 -0.148003
81.000000 210.000000 -0.575175 -0.153786
124.000000 210.000000 -0.520010 -0.150614
223.000000 210.000000 -0.403880 -0.144739
1131.000000 210.000000 0.490181 -0.149066
67.000000 211.000000 -0.593764 -0.153844
83.000000 211.000000 -0.572460 -0.152580
122.000000 211.000000 -0.522437 -0.149723
170.000000 211.000000 -0.464282 -0.146639
189.000000 211.000000 -0.442193 -0.145544
862.000000 211.000000 0.205115 -0.136962
1267.000000 211.000000 0.670588 -0.158663
63.000000 212.000000 -0.599083 -0.153107
1037.000000 212.000000 0.382440 -0.141891
1250.000000 212.000000 0.646098 -0.156065
60.000000 213.000000 -0.603070 -0.152290
246.000000 213.000000 -0.378556 -0.140698
1205.000000 213.000000 0.584011 -0.151257
146.000000 214.000000 -0.492727 -0.145071
458.000000 214.000000 -0.166799 -0.133328
1010.000000 214.000000 0.353374 -0.138758
60.000000 215.000000 -0.602909 -0.150168
70.000000 215.000000 -0.589418 -0.149381
127.000000 215.000000 -0.515942 -0.145276
1241.000000 215.000000 0.633138 -0.152062
1260.000000 215.000000 0.660124 -0.153690
65.000000 216.000000 -0.596062 -0.148715
995.000000 216.000000 0.337506 -0.136223
83.000000 217.000000 -0.572005 -0.146293
462.000000 218.000000 -0.162978 -0.129537
465.000000 219.000000 -0.160152 -0.128559
188.000000 220.000000 -0.442855 -0.136615
66.000000 221.000000 -0.594331 -0.143360
1156.000000 221.000000 0.520184 -0.139444
85.000000 223.000000 -0.568945 -0.139878
468.000000 223.000000 -0.157283 -0.124797
1214.000000 223.000000 0.595332 -0.141404
897.000000 224.000000 0.238586 -0.125566
1107.000000 224.000000 0.460778 -0.133509
1125.000000 224.000000 0.482105 -0.134508
469.000000 225.000000 -0.156318 -0.122927
871.000000 225.000000 0.213434 -0.124039
86.000000 226.000000 -0.567426 -0.136682
1224.000000 226.000000 0.608705 -0.138981
161.000000 227.000000 -0.473997 -0.131050
193.000000 227.000000 -0.436773 -0.129400
900.000000 227.000000 0.241437 -0.122817
51.000000 228.000000 -0.614200 -0.137079
177.000000 228.000000 -0.455158 -0.129205
188.000000 228.000000 -0.442448 -0.128652
1063.000000 229.000000 0.410279 -0.126384
901.000000 230.000000 0.242341 -0.120020
209.000000 231.000000 -0.418485 -0.124696
170.000000 232.000000 -0.463126 -0.125565
238.000000 232.000000 -0.386425 -0.122486
241.000000 232.000000 -0.383166 -0.122366
172.000000 233.000000 -0.460734 -0.124465
1269.000000 233.000000 0.671642 -0.134920
905.000000 234.000000 0.246153 -0.116355
1153.000000 234.000000 0.515658 -0.125973
1215.000000 235.000000 0.595825 -0.128842
121.000000 236.000000 -0.522103 -0.124171
208.000000 236.000000 -0.419387 -0.119818
1191.000000 236.000000 0.563890 -0.126218
906.000000 237.000000 0.247061 -0.113560
1116.000000 237.000000 0.470697 -0.120953
1153.000000 237.000000 0.515487 -0.122917
1187.000000 238.000000 0.558557 -0.123896
1272.000000 238.000000 0.675624 -0.129732
1217.000000 239.000000 0.598260 -0.124774
1219.000000 239.000000 0.600970 -0.124907
91.000000 241.000000 -0.559947 -0.120797
1098.000000 241.000000 0.449457 -0.116105
1273.000000 241.000000 0.676859 -0.126556
1256.000000 242.000000 0.652268 -0.124260
908.000000 243.000000 0.248884 -0.107975
984.000000 243.000000 0.325160 -0.109919
1213.000000 243.000000 0.592603 -0.120319
30.000000 245.000000 -0.642211 -0.120491
35.000000 245.000000 -0.635187 -0.120156
194.000000 245.000000 -0.434817 -0.111547
475.000000 246.000000 -0.150441 -0.103438
28.000000 247.000000 -0.644900 -0.118491
36.000000 247.000000 -0.633656 -0.117965
1062.000000 247.000000 0.408422 -0.108692
1225.000000 247.000000 0.608625 -0.116880
1232.000000 247.000000 0.618242 -0.117325
151.000000 248.000000 -0.484844 -0.110472
203.000000 248.000000 -0.424509 -0.108228
910.000000 249.000000 0.250713 -0.102394
1090.000000 249.000000 0.439905 -0.107837
155.000000 250.000000 -0.479976 -0.108283
203.000000 250.000000 -0.424431 -0.106264
344.000000 250.000000 -0.275919 -0.101987
1135.000000 250.000000 0.492779 -0.108831
1114.000000 251.000000 0.467681 -0.106873
1235.000000 251.000000 0.622139 -0.113288
158.000000 254.000000 -0.476234 -0.104152
209.000000 254.000000 -0.417550 -0.102118
915.000000 254.000000 0.255510 -0.097813
915.000000 256.000000 0.255470 -0.095941
169.000000 257.000000 -0.463155 -0.100704
156.000000 258.000000 -0.478437 -0.100245
1016.000000 258.000000 0.358182 -0.096498
213.000000 260.000000 -0.412878 -0.096115
361.000000 261.000000 -0.258894 -0.091309
96.000000 262.000000 -0.552355 -0.098914
177.000000 262.000000 -0.453650 -0.095438
1060.000000 262.000000 0.405675 -0.093989
1093.000000 262.000000 0.442836 -0.095132
178.000000 264.000000 -0.452419 -0.093424
1028.000000 264.000000 0.370793 -0.091076
1155.000000 264.000000 0.516614 -0.095627
109.000000 265.000000 -0.535661 -0.095242
170.000000 265.000000 -0.461675 -0.092731
196.000000 265.000000 -0.431787 -0.091803
1060.000000 267.000000 0.405516 -0.089126
1123.000000 267.000000 0.477669 -0.091303
1202.000000 268.000000 0.576546 -0.093704
159.000000 269.000000 -0.474448 -0.089170
1083.000000 269.000000 0.431193 -0.087907
173.000000 270.000000 -0.458001 -0.087676
212.000000 270.000000 -0.413668 -0.086401
1108.000000 270.000000 0.459898 -0.087773
1026.000000 271.000000 0.368463 -0.084292
1205.000000 272.000000 0.580327 -0.089711
46.000000 273.000000 -0.618303 -0.089958
1133.000000 273.000000 0.489398 -0.085694
1207.000000 273.000000 0.582937 -0.088769
1130.000000 274.000000 0.485761 -0.084586
1228.000000 274.000000 0.611228 -0.088719
345.000000 275.000000 -0.274424 -0.078501
1112.000000 275.000000 0.464402 -0.082964
1258.000000 275.000000 0.653122 -0.089150
19.000000 276.000000 -0.655987 -0.088128
408.000000 276.000000 -0.213156 -0.076618
1164.000000 276.000000 0.527324 -0.083861
43.000000 277.000000 -0.622246 -0.085905
1087.000000 277.000000 0.435482 -0.080195
1129.000000 277.000000 0.484457 -0.081560
1161.000000 277.000000 0.523536 -0.082732
45.000000 278.000000 -0.619441 -0.084763
48.000000 278.000000 -0.615318 -0.084625
177.000000 278.000000 -0.453099 -0.079652
272.000000 278.000000 -0.348707 -0.077118
166.000000 279.000000 -0.465866 -0.079014
170.000000 279.000000 -0.461193 -0.078886
1167.000000 279.000000 0.530972 -0.080939
163.000000 281.000000 -0.469322 -0.077130
1107.000000 281.000000 0.458370 -0.076874
1264.000000 281.000000 0.661419 -0.083057
1274.000000 281.000000 0.675886 -0.083539
138.000000 282.000000 -0.499127 -0.076953
922.000000 282.000000 0.261890 -0.071774
1108.000000 283.000000 0.459474 -0.074931
1253.000000 283.000000 0.645628 -0.080420
190.000000 284.000000 -0.438011 -0.073378
1124.000000 284.000000 0.478265 -0.074432
920.000000 285.000000 0.259880 -0.068948
1099.000000 285.000000 0.448986 -0.072699
1164.000000 285.000000 0.526989 -0.074758
337.000000 286.000000 -0.282191 -0.068337
1094.000000 286.000000 0.443213 -0.071577
1111.000000 286.000000 0.462886 -0.072059
1113.000000 287.000000 0.465197 -0.071130
176.000000 288.000000 -0.453961 -0.069841
1159.000000 288.000000 0.520652 -0.071560
1102.000000 289.000000 0.452338 -0.068851
1170.000000 290.000000 0.534355 -0.069905
120.000000 291.000000 -0.520904 -0.068511
169.000000 291.000000 -0.462006 -0.067078
1140.000000 291.000000 0.497246 -0.067953
110.000000 292.000000 -0.533359 -0.067821
189.000000 292.000000 -0.438939 -0.065579
1055.000000 292.000000 0.399347 -0.064774
1153.000000 292.000000 0.513100 -0.067345
4.000000 293.000000 -0.676807 -0.070682
161.000000 293.000000 -0.471323 -0.065320
268.000000 294.000000 -0.352582 -0.061959
938.000000 295.000000 0.277514 -0.059874
942.000000 295.000000 0.281492 -0.059928
1058.000000 295.000000 0.402579 -0.061942
299.000000 296.000000 -0.320395 -0.059539
1185.000000 296.000000 0.553267 -0.064301
270.000000 297.000000 -0.350428 -0.059070
118.000000 298.000000 -0.523177 -0.061526
1128.000000 299.000000 0.482601 -0.059661
164.000000 301.000000 -0.467598 -0.057347
917.000000 302.000000 0.256722 -0.053098
28.000000 303.000000 -0.642111 -0.059181
154.000000 303.000000 -0.479342 -0.055605
27.000000 305.000000 -0.643454 -0.057107
69.000000 305.000000 -0.585953 -0.055818
257.000000 306.000000 -0.363995 -0.050715
1150.000000 306.000000 0.509029 -0.053232
1197.000000 306.000000 0.568535 -0.054449
907.000000 307.000000 0.246909 -0.048357
940.000000 307.000000 0.279353 -0.048698
7.000000 308.000000 -0.671915 -0.054569
19.000000 308.000000 -0.654692 -0.054194
1147.000000 308.000000 0.505311 -0.051162
367.000000 309.000000 -0.252342 -0.046546
855.000000 309.000000 0.197022 -0.046078
6.000000 312.000000 -0.673240 -0.050340
1147.000000 314.000000 0.505181 -0.045172
1175.000000 315.000000 0.539989 -0.044754
186.000000 316.000000 -0.441866 -0.042205
342.000000 316.000000 -0.276855 -0.040275
1132.000000 316.000000 0.487008 -0.042892
1134.000000 317.000000 0.489387 -0.041937
1142.000000 317.000000 0.499039 -0.042084
181.000000 318.000000 -0.447555 -0.040331
138.000000 319.000000 -0.498176 -0.040061
524.000000 319.000000 -0.104802 -0.036472
1271.000000 319.000000 0.670133 -0.042869
1062.000000 320.000000 0.406555 -0.037881
1101.000000 320.000000 0.450529 -0.038433
180.000000 321.000000 -0.448658 -0.037415
203.000000 321.000000 -0.422582 -0.037092
178.000000 322.000000 -0.450943 -0.036466
201.000000 322.000000 -0.424810 -0.036150
972.000000 322.000000 0.311362 -0.034988
1120.000000 322.000000 0.472648 -0.036759
175.000000 323.000000 -0.454389 -0.035530
255.000000 323.000000 -0.365896 -0.034547
975.000000 323.000000 0.314407 -0.034076
155.000000 324.000000 -0.477759 -0.034835
231.000000 324.000000 -0.391667 -0.033854
953.000000 324.000000 0.292166 -0.032955
956.000000 325.000000 0.295168 -0.032044
975.000000 325.000000 0.314390 -0.032197
1139.000000 325.000000 0.495274 -0.034078
1141.000000 325.000000 0.497692 -0.034108
959.000000 326.000000 0.298177 -0.031132
1136.000000 326.000000 0.491643 -0.033041
16.000000 327.000000 -0.658490 -0.034183
22.000000 328.000000 -0.649931 -0.033012
925.000000 328.000000 0.264346 -0.029034
1021.000000 329.000000 0.362134 -0.028814
1185.000000 329.000000 0.552490 -0.030762
1253.000000 329.000000 0.644161 -0.031906
1029.000000 330.000000 0.370634 -0.027933
962.000000 331.000000 0.301165 -0.026476
1179.000000 331.000000 0.544786 -0.028648
219.000000 332.000000 -0.404706 -0.026289
240.000000 332.000000 -0.381851 -0.026104
958.000000 332.000000 0.297129 -0.025515
1158.000000 332.000000 0.518405 -0.027361
1120.000000 333.000000 0.472504 -0.025921
1202.000000 334.000000 0.574514 -0.025914
91.000000 335.000000 -0.556560 -0.024703
244.000000 335.000000 -0.377528 -0.023207
1100.000000 335.000000 0.449194 -0.023758
1199.000000 335.000000 0.570564 -0.024853
230.000000 336.000000 -0.392642 -0.022355
1076.000000 336.000000 0.421945 -0.022573
201.000000 337.000000 -0.424651 -0.021616
1091.000000 337.000000 0.438874 -0.021728
221.000000 338.000000 -0.402460 -0.020500
233.000000 338.000000 -0.389370 -0.020417
532.000000 338.000000 -0.097464 -0.019258
976.000000 338.000000 0.315320 -0.020000
234.000000 340.000000 -0.388273 -0.018495
535.000000 340.000000 -0.094730 -0.017446
533.000000 341.000000 -0.096549 -0.016544
232.000000 342.000000 -0.390430 -0.016592
263.000000 342.000000 -0.357285 -0.016429
1156.000000 342.000000 0.515829 -0.017335
222.000000 343.000000 -0.401331 -0.015688
485.000000 343.000000 -0.140530 -0.014802
537.000000 343.000000 -0.092906 -0.014732
1048.000000 344.000000 0.391004 -0.014684
218.000000 347.000000 -0.405706 -0.011860
222.000000 347.000000 -0.401312 -0.011844
226.000000 347.000000 -0.396936 -0.011827
1117.000000 347.000000 0.468863 -0.012124
232.000000 348.000000 -0.390402 -0.010845
239.000000 348.000000 -0.382832 -0.010820
1119.000000 348.000000 0.471209 -0.011150
536.000000 349.000000 -0.093811 -0.009310
1117.000000 349.000000 0.468854 -0.010158
1227.000000 349.000000 0.607834 -0.010726
1136.000000 350.000000 0.491420 -0.009252
147.000000 351.000000 -0.487021 -0.008244
204.000000 351.000000 -0.421216 -0.008053
967.000000 351.000000 0.306131 -0.007784
216.000000 352.000000 -0.407893 -0.007055
1162.000000 352.000000 0.523205 -0.007361
247.000000 353.000000 -0.374230 -0.006026
258.000000 353.000000 -0.362528 -0.006005
1134.000000 353.000000 0.489009 -0.006274
1164.000000 353.000000 0.525693 -0.006365
16.000000 354.000000 -0.658176 -0.005668
989.000000 354.000000 0.328587 -0.005006
991.000000 354.000000 0.330649 -0.005009
203.000000 355.000000 -0.422325 -0.004188
216.000000 355.000000 -0.407887 -0.004167
280.000000 355.000000 -0.339467 -0.004077
1130.000000 355.000000 0.484219 -0.004287
1143.000000 355.000000 0.499858 -0.004313
1115.000000 356.000000 0.466489 -0.003276
87.000000 358.000000 -0.561569 -0.001373
238.000000 358.000000 -0.383890 -0.001266
896.000000 358.000000 0.236001 -0.001208
1094.000000 358.000000 0.442200 -0.001298
1142.000000 358.000000 0.498641 -0.001332
1108.000000 359.000000 0.458323 -0.000328
1245.000000 360.000000 0.632638 0.000664
1249.000000 361.000000 0.638243 0.001712
1256.000000 361.000000 0.648127 0.001717
1060.000000 362.000000 0.404090 0.002571
1247.000000 362.000000 0.635438 0.002758
1106.000000 364.000000 0.456007 0.004565
545.000000 365.000000 -0.085625 0.005145
231.000000 366.000000 -0.391472 0.006393
1090.000000 366.000000 0.437648 0.006484
1175.000000 366.000000 0.539514 0.006707
241.000000 367.000000 -0.380666 0.007328
218.000000 368.000000 -0.405691 0.008343
1217.000000 368.000000 0.594292 0.008900
1176.000000 369.000000 0.540793 0.009737
218.000000 370.000000 -0.405697 0.010267
208.000000 371.000000 -0.416766 0.011267
244.000000 371.000000 -0.377455 0.011137
216.000000 373.000000 -0.407912 0.013163
272.000000 373.000000 -0.347821 0.012939
978.000000 373.000000 0.317325 0.012842
172.000000 374.000000 -0.457639 0.014351
208.000000 374.000000 -0.416779 0.014164
1179.000000 375.000000 0.544640 0.015813
159.000000 377.000000 -0.472838 0.017375
161.000000 377.000000 -0.470487 0.017361
168.000000 377.000000 -0.462303 0.017314
170.000000 377.000000 -0.459977 0.017300
1172.000000 377.000000 0.535785 0.017776
1182.000000 377.000000 0.548484 0.017859
1167.000000 378.000000 0.529509 0.018740
1097.000000 379.000000 0.445702 0.019177
1153.000000 379.000000 0.512146 0.019621
1171.000000 379.000000 0.534542 0.019781
1182.000000 379.000000 0.548502 0.019883
1193.000000 379.000000 0.562676 0.019989
271.000000 380.000000 -0.348898 0.019567
957.000000 380.000000 0.296084 0.019314
186.000000 381.000000 -0.441596 0.021090
189.000000 381.000000 -0.438182 0.021067
1098.000000 381.000000 0.446865 0.021136
1180.000000 381.000000 0.545968 0.021887
268.000000 382.000000 -0.352053 0.021479
1158.000000 382.000000 0.518341 0.022667
273.000000 383.000000 -0.346825 0.022394
1127.000000 383.000000 0.480754 0.023354
206.000000 386.000000 -0.419090 0.025773
262.000000 386.000000 -0.358393 0.025313
1188.000000 386.000000 0.556285 0.027048
1109.000000 387.000000 0.459630 0.027107
1140.000000 387.000000 0.496381 0.027454
169.000000 388.000000 -0.461237 0.028090
1191.000000 388.000000 0.560190 0.029122
209.000000 389.000000 -0.415778 0.028643
1060.000000 390.000000 0.404240 0.029515
1068.000000 392.000000 0.413107 0.031528
1156.000000 394.000000 0.516024 0.034652
252.000000 395.000000 -0.369071 0.033961
1194.000000 395.000000 0.564197 0.036298
1196.000000 397.000000 0.566840 0.038375
223.000000 398.000000 -0.400428 0.037163
982.000000 398.000000 0.321575 0.036362
134.000000 399.000000 -0.502998 0.039450
250.000000 399.000000 -0.371247 0.037797
987.000000 400.000000 0.326730 0.038294
483.000000 401.000000 -0.142447 0.037878
1088.000000 401.000000 0.435679 0.040514
1090.000000 401.000000 0.437953 0.040544
1195.000000 401.000000 0.565616 0.042437
1202.000000 401.000000 0.574783 0.042586
137.000000 402.000000 -0.499412 0.042384
140.000000 402.000000 -0.495786 0.042329
195.000000 402.000000 -0.431626 0.041416
1106.000000 402.000000 0.456349 0.041774
1089.000000 404.000000 0.436862 0.043452
283.000000 407.000000 -0.336645 0.044996
1079.000000 408.000000 0.425622 0.047177
993.000000 409.000000 0.333024 0.046857
188.000000 410.000000 -0.439699 0.049323
147.000000 411.000000 -0.487556 0.051125
989.000000 411.000000 0.328918 0.048694
1099.000000 411.000000 0.448424 0.050466
1154.000000 411.000000 0.513886 0.051636
1174.000000 411.000000 0.538871 0.052114
1198.000000 411.000000 0.569772 0.052727
989.000000 413.000000 0.328945 0.050583
1107.000000 413.000000 0.457713 0.052588
1138.000000 413.000000 0.494417 0.053264
146.000000 414.000000 -0.488820 0.054124
1153.000000 414.000000 0.512726 0.054618
1088.000000 415.000000 0.435926 0.054157
1099.000000 415.000000 0.448505 0.054383
1138.000000 415.000000 0.494463 0.055254
1252.000000 415.000000 0.643364 0.058474
1174.000000 417.000000 0.539027 0.058185
1187.000000 417.000000 0.555643 0.058550
1103.000000 419.000000 0.453207 0.058392
1143.000000 419.000000 0.500620 0.059365
1275.000000 419.000000 0.676500 0.063512
165.000000 420.000000 -0.466462 0.059615
244.000000 420.000000 -0.377984 0.057958
331.000000 420.000000 -0.287984 0.056604
211.000000 422.000000 -0.414069 0.060533
219.000000 422.000000 -0.405218 0.060366
1177.000000 422.000000 0.542980 0.063338
174.000000 423.000000 -0.456055 0.062350
1100.000000 423.000000 0.449837 0.062247
1001.000000 424.000000 0.341557 0.061180
150.000000 425.000000 -0.484314 0.064944
448.000000 425.000000 -0.175141 0.059991
1226.000000 425.000000 0.607621 0.068050
150.000000 427.000000 -0.484369 0.066929
237.000000 427.000000 -0.385668 0.064811
425.000000 427.000000 -0.196812 0.062029
1163.000000 427.000000 0.525487 0.067964
1011.000000 428.000000 0.352101 0.065163
1093.000000 429.000000 0.441948 0.067954
1198.000000 429.000000 0.570332 0.071173
1204.000000 429.000000 0.578231 0.071390
337.000000 430.000000 -0.282139 0.065873
1145.000000 430.000000 0.503368 0.070417
156.000000 431.000000 -0.477351 0.070726
1009.000000 431.000000 0.350057 0.067982
1188.000000 431.000000 0.557386 0.072863
158.000000 432.000000 -0.475014 0.071659
431.000000 432.000000 -0.191189 0.066567
1215.000000 432.000000 0.593001 0.074904
1217.000000 433.000000 0.595730 0.076019
1067.000000 434.000000 0.412757 0.072165
1148.000000 434.000000 0.507163 0.074521
1085.000000 435.000000 0.432995 0.073612
1169.000000 435.000000 0.533282 0.076252
1195.000000 435.000000 0.566630 0.077219
294.000000 436.000000 -0.325746 0.072249
1117.000000 436.000000 0.470000 0.075523
1182.000000 436.000000 0.549843 0.077746
296.000000 437.000000 -0.323709 0.073156
304.000000 437.000000 -0.315517 0.073004
350.000000 438.000000 -0.269371 0.073151
1094.000000 438.000000 0.443340 0.076804
296.000000 439.000000 -0.323748 0.075049
358.000000 439.000000 -0.261506 0.073960
1008.000000 440.000000 0.349195 0.076536
1236.000000 440.000000 0.621973 0.084136
360.000000 441.000000 -0.259573 0.075794
437.000000 443.000000 -0.185646 0.076619
1162.000000 443.000000 0.524800 0.084088
1133.000000 444.000000 0.489305 0.084010
384.000000 446.000000 -0.236264 0.080079
1180.000000 446.000000 0.547682 0.087867
311.000000 447.000000 -0.308586 0.082308
415.000000 447.000000 -0.206528 0.080572
1113.000000 447.000000 0.465659 0.086286
1008.000000 448.000000 0.349381 0.084170
1135.000000 448.000000 0.491861 0.088081
263.000000 450.000000 -0.358391 0.086266
437.000000 450.000000 -0.185727 0.083064
491.000000 450.000000 -0.135371 0.082509
163.000000 451.000000 -0.469747 0.090332
169.000000 451.000000 -0.462714 0.090114
242.000000 451.000000 -0.380852 0.087789
1106.000000 452.000000 0.457656 0.090987
439.000000 453.000000 -0.183879 0.085804
1039.000000 453.000000 0.382565 0.089795
305.000000 454.000000 -0.314850 0.089057
1028.000000 454.000000 0.370752 0.090445
163.000000 455.000000 -0.469897 0.094304
184.000000 455.000000 -0.445488 0.093526
341.000000 455.000000 -0.278594 0.089230
255.000000 456.000000 -0.367049 0.092237
1176.000000 456.000000 0.543019 0.097899
306.000000 457.000000 -0.313898 0.091876
479.000000 459.000000 -0.146564 0.090870
1062.000000 459.000000 0.407940 0.096329
405.000000 460.000000 -0.216264 0.092752
1004.000000 460.000000 0.345494 0.095535
1208.000000 463.000000 0.585096 0.106744
1142.000000 464.000000 0.501018 0.104433
45.000000 465.000000 -0.620673 0.110269
406.000000 465.000000 -0.215387 0.097378
319.000000 466.000000 -0.300905 0.100086
1252.000000 466.000000 0.645796 0.112500
1013.000000 467.000000 0.355172 0.102504
319.000000 468.000000 -0.300954 0.101979
414.000000 468.000000 -0.207789 0.100032
1140.000000 468.000000 0.498769 0.108370
350.000000 469.000000 -0.269958 0.102193
1220.000000 469.000000 0.601586 0.113700
198.000000 472.000000 -0.430174 0.109732
1239.000000 472.000000 0.627905 0.118049
1254.000000 473.000000 0.649090 0.120103
1244.000000 474.000000 0.635029 0.120501
197.000000 475.000000 -0.431430 0.112727
1188.000000 475.000000 0.559457 0.118044
1102.000000 476.000000 0.453979 0.114616
196.000000 477.000000 -0.432649 0.114741
391.000000 477.000000 -0.230035 0.108827
1151.000000 477.000000 0.512706 0.118026
38.000000 478.000000 -0.631213 0.124475
408.000000 478.000000 -0.213699 0.109434
236.000000 479.000000 -0.388272 0.115099
1241.000000 479.000000 0.631165 0.125616
1133.000000 480.000000 0.490880 0.120117
1132.000000 483.000000 0.489830 0.123090
1199.000000 485.000000 0.574482 0.129101
1233.000000 486.000000 0.620527 0.132490
1158.000000 487.000000 0.521963 0.128606
1178.000000 487.000000 0.547277 0.129826
1180.000000 487.000000 0.549847 0.129953
270.000000 488.000000 -0.352165 0.122568
1123.000000 488.000000 0.479296 0.127648
52.000000 489.000000 -0.612629 0.135159
305.000000 492.000000 -0.315899 0.125216
372.000000 492.000000 -0.248843 0.123313
195.000000 493.000000 -0.434516 0.130611
1113.000000 493.000000 0.467697 0.132137
199.000000 495.000000 -0.430066 0.132398
1230.000000 495.000000 0.617049 0.141829
80.000000 496.000000 -0.575475 0.140516
1157.000000 496.000000 0.521266 0.137755
1222.000000 496.000000 0.606143 0.142280
1224.000000 496.000000 0.608877 0.142432
1235.000000 497.000000 0.624129 0.144346
76.000000 498.000000 -0.580913 0.142898
210.000000 499.000000 -0.417854 0.135822
351.000000 499.000000 -0.269725 0.130481
414.000000 499.000000 -0.208371 0.128922
1091.000000 499.000000 0.442385 0.136969
1224.000000 499.000000 0.609108 0.145614
1176.000000 500.000000 0.545570 0.143134
1235.000000 500.000000 0.624368 0.147549
391.000000 502.000000 -0.230586 0.132261
433.000000 502.000000 -0.190330 0.131339
1120.000000 502.000000 0.476506 0.141593
1228.000000 502.000000 0.614840 0.149120
1137.000000 503.000000 0.497046 0.143642
1017.000000 505.000000 0.360796 0.139378
1201.000000 505.000000 0.578553 0.150172
1230.000000 505.000000 0.617843 0.152480
1185.000000 506.000000 0.557614 0.150013
209.000000 507.000000 -0.419377 0.143790
262.000000 507.000000 -0.361396 0.141296
326.000000 508.000000 -0.295047 0.139823
430.000000 508.000000 -0.193300 0.137011
557.000000 508.000000 -0.075307 0.135210
971.000000 508.000000 0.312826 0.140474
9.000000 509.000000 -0.674946 0.160154
207.000000 509.000000 -0.421732 0.145878
427.000000 509.000000 -0.196176 0.138011
589.000000 509.000000 -0.046154 0.135931
1195.000000 509.000000 0.570925 0.153909
1127.000000 510.000000 0.485382 0.150128
1235.000000 510.000000 0.625200 0.158250
1039.000000 511.000000 0.384784 0.146233
358.000000 512.000000 -0.263168 0.142614
1177.000000 512.000000 0.547721 0.155666
309.000000 513.000000 -0.312531 0.145223
1180.000000 513.000000 0.551664 0.156937
1238.000000 513.000000 0.629648 0.161734
251.000000 514.000000 -0.373501 0.148623
208.000000 515.000000 -0.420927 0.151788
268.000000 515.000000 -0.355362 0.148827
420.000000 515.000000 -0.202987 0.143797
398.000000 516.000000 -0.224162 0.145278
13.000000 517.000000 -0.669893 0.168523
272.000000 517.000000 -0.351212 0.150599
373.000000 517.000000 -0.248537 0.146916
1240.000000 517.000000 0.632808 0.166220
249.000000 519.000000 -0.375899 0.153622
1054.000000 519.000000 0.401675 0.154880
1056.000000 519.000000 0.403894 0.154987
595.000000 520.000000 -0.040747 0.146065
640.000000 520.000000 0.000145 0.145965
1034.000000 520.000000 0.379782 0.154836
1135.000000 520.000000 0.495740 0.160865
1256.000000 520.000000 0.655771 0.170966
355.000000 521.000000 -0.266425 0.151279
1181.000000 521.000000 0.553588 0.165377
1106.000000 522.000000 0.461175 0.160944
355.000000 523.000000 -0.266491 0.153188
646.000000 524.000000 0.005597 0.149669
954.000000 524.000000 0.296077 0.155230
1231.000000 524.000000 0.620899 0.172931
1182.000000 525.000000 0.555214 0.169652
1268.000000 526.000000 0.673680 0.178709
500.000000 527.000000 -0.127965 0.153496
504.000000 527.000000 -0.124256 0.153436
475.000000 528.000000 -0.151271 0.154851
374.000000 529.000000 -0.247921 0.158297
269.000000 530.000000 -0.354996 0.163439
1041.000000 530.000000 0.387942 0.165073
1134.000000 530.000000 0.495246 0.171052
1243.000000 530.000000 0.638266 0.180575
968.000000 531.000000 0.310646 0.162545
1056.000000 531.000000 0.404563 0.166910
1197.000000 531.000000 0.575415 0.177283
960.000000 532.000000 0.302497 0.163183
400.000000 534.000000 -0.222720 0.162268
490.000000 534.000000 -0.137375 0.160206
835.000000 534.000000 0.179988 0.161142
1195.000000 534.000000 0.573037 0.180284
1271.000000 534.000000 0.678879 0.187835
1131.000000 535.000000 0.491971 0.175968
483.000000 536.000000 -0.143940 0.162206
1251.000000 537.000000 0.650329 0.189025
609.000000 538.000000 -0.028074 0.162715
1270.000000 538.000000 0.677848 0.192151
605.000000 539.000000 -0.031722 0.163661
1076.000000 539.000000 0.427572 0.176153
1201.000000 540.000000 0.581576 0.187230
1134.000000 541.000000 0.496095 0.182389
1058.000000 542.000000 0.407455 0.178018
1240.000000 542.000000 0.635270 0.193329
468.000000 543.000000 -0.158131 0.169087
1195.000000 544.000000 0.573978 0.190919
1268.000000 544.000000 0.675592 0.198574
960.000000 545.000000 0.303049 0.175787
1048.000000 545.000000 0.396519 0.180401
1053.000000 545.000000 0.402067 0.180710
1115.000000 545.000000 0.473464 0.185019
1204.000000 545.000000 0.586082 0.192871
608.000000 546.000000 -0.029014 0.170179
1197.000000 547.000000 0.576927 0.194316
487.000000 548.000000 -0.140428 0.173419
493.000000 548.000000 -0.134828 0.173307
1268.000000 548.000000 0.676043 0.203011
593.000000 549.000000 -0.042718 0.173054
1118.000000 550.000000 0.477447 0.190397
536.000000 551.000000 -0.095017 0.175457
1207.000000 551.000000 0.590729 0.199620
313.000000 553.000000 -0.310113 0.183828
1039.000000 553.000000 0.387091 0.187842
1057.000000 553.000000 0.407045 0.188999
1237.000000 553.000000 0.632249 0.205023
506.000000 555.000000 -0.122849 0.179675
512.000000 555.000000 -0.117275 0.179574
595.000000 555.000000 -0.040924 0.178662
608.000000 555.000000 -0.029049 0.178600
559.000000 556.000000 -0.073910 0.179887
1058.000000 556.000000 0.408366 0.192088
1132.000000 556.000000 0.494897 0.197772
1221.000000 556.000000 0.610340 0.206524
1249.000000 556.000000 0.649572 0.209685
611.000000 557.000000 -0.026317 0.180464
1106.000000 557.000000 0.463707 0.196644
960.000000 558.000000 0.303645 0.188462
1217.000000 558.000000 0.605069 0.208257
502.000000 559.000000 -0.126642 0.183524
803.000000 560.000000 0.150379 0.185006
1069.000000 560.000000 0.421052 0.196901
294.000000 562.000000 -0.330273 0.193619
941.000000 562.000000 0.284482 0.191489
516.000000 563.000000 -0.113695 0.187063
1128.000000 563.000000 0.490629 0.204709
1162.000000 564.000000 0.533062 0.208942
532.000000 565.000000 -0.098903 0.188704
569.000000 565.000000 -0.064815 0.188260
494.000000 566.000000 -0.134240 0.190309
1222.000000 566.000000 0.612846 0.217542
49.000000 567.000000 -0.624164 0.219435
881.000000 567.000000 0.225143 0.193926
941.000000 567.000000 0.284710 0.196370
29.000000 568.000000 -0.652457 0.222936
538.000000 568.000000 -0.093400 0.191456
1222.000000 569.000000 0.613197 0.220826
529.000000 570.000000 -0.101754 0.193482
594.000000 570.000000 -0.041928 0.192781
614.000000 570.000000 -0.023621 0.192684
1065.000000 570.000000 0.417250 0.206774
1167.000000 570.000000 0.540060 0.215823
507.000000 571.000000 -0.122206 0.194805
627.000000 571.000000 -0.011735 0.193594
1079.000000 571.000000 0.433310 0.208871
526.000000 572.000000 -0.104566 0.195425
1072.000000 572.000000 0.425364 0.209348
1118.000000 572.000000 0.479316 0.213196
577.000000 573.000000 -0.057542 0.195743
879.000000 573.000000 0.223408 0.199647
1066.000000 573.000000 0.418610 0.209908
280.000000 574.000000 -0.345706 0.206314
648.000000 574.000000 0.007468 0.196422
1072.000000 574.000000 0.425519 0.211393
524.000000 575.000000 -0.106470 0.198307
555.000000 575.000000 -0.077802 0.197864
1207.000000 575.000000 0.593379 0.225623
571.000000 576.000000 -0.063083 0.198638
1131.000000 576.000000 0.495494 0.218590
1266.000000 576.000000 0.676542 0.234061
1175.000000 577.000000 0.551135 0.224162
1189.000000 577.000000 0.569497 0.225721
576.000000 578.000000 -0.058506 0.200487
952.000000 579.000000 0.296493 0.208687
1011.000000 579.000000 0.358325 0.212107
1123.000000 579.000000 0.486014 0.220978
596.000000 581.000000 -0.040164 0.203178
1136.000000 581.000000 0.502138 0.224347
1140.000000 581.000000 0.507094 0.224748
495.000000 582.000000 -0.133638 0.205533
496.000000 584.000000 -0.132745 0.207425
529.000000 584.000000 -0.101978 0.206793
1004.000000 584.000000 0.351143 0.216674
1237.000000 584.000000 0.635990 0.239249
1266.000000 584.000000 0.677598 0.243083
1274.000000 585.000000 0.689443 0.245295
679.000000 586.000000 0.035911 0.207906
501.000000 587.000000 -0.128128 0.210191
519.000000 587.000000 -0.111327 0.209834
502.000000 589.000000 -0.127235 0.212087
633.000000 589.000000 -0.006266 0.210644
1006.000000 590.000000 0.353681 0.222843
483.000000 592.000000 -0.145144 0.215407
976.000000 592.000000 0.322041 0.222937
1058.000000 592.000000 0.411052 0.228740
1178.000000 592.000000 0.556755 0.240702
587.000000 594.000000 -0.048527 0.215619
1011.000000 594.000000 0.359333 0.227226
559.000000 595.000000 -0.074357 0.216866
599.000000 595.000000 -0.037497 0.216488
484.000000 596.000000 -0.144302 0.219237
512.000000 596.000000 -0.118030 0.218600
538.000000 596.000000 -0.093820 0.218125
969.000000 596.000000 0.314980 0.226515
503.000000 597.000000 -0.126472 0.219753
515.000000 597.000000 -0.115248 0.219501
523.000000 597.000000 -0.107787 0.219346
438.000000 598.000000 -0.188110 0.222524
1137.000000 598.000000 0.505147 0.242509
1175.000000 598.000000 0.553550 0.246865
435.000000 599.000000 -0.191028 0.223598
490.000000 599.000000 -0.138725 0.221983
1133.000000 599.000000 0.500296 0.243144
1188.000000 600.000000 0.570922 0.250652
441.000000 601.000000 -0.185331 0.225341
1039.000000 601.000000 0.390496 0.236453
1132.000000 601.000000 0.499276 0.245171
377.000000 602.000000 -0.247802 0.228875
432.000000 602.000000 -0.194022 0.226626
958.000000 602.000000 0.303933 0.231861
1129.000000 602.000000 0.495684 0.245914
1241.000000 602.000000 0.644087 0.259964
891.000000 603.000000 0.236388 0.229388
1073.000000 603.000000 0.429114 0.241415
594.000000 604.000000 -0.042160 0.225141
645.000000 604.000000 0.004750 0.224977
437.000000 605.000000 -0.189312 0.229377
621.000000 605.000000 -0.017316 0.225961
1073.000000 605.000000 0.429296 0.243500
1146.000000 605.000000 0.517188 0.251025
434.000000 606.000000 -0.192237 0.230460
445.000000 606.000000 -0.181662 0.230078
571.000000 607.000000 -0.063410 0.228240
694.000000 607.000000 0.049872 0.228103
1020.000000 607.000000 0.370050 0.241115
646.000000 608.000000 0.005674 0.228819
689.000000 608.000000 0.045268 0.229021
692.000000 608.000000 0.048036 0.229047
556.000000 609.000000 -0.077320 0.230358
687.000000 609.000000 0.043432 0.229968
1074.000000 609.000000 0.430820 0.247770
865.000000 611.000000 0.211229 0.236150
1073.000000 611.000000 0.429852 0.249769
1154.000000 611.000000 0.528032 0.258459
1157.000000 611.000000 0.531862 0.258823
696.000000 612.000000 0.051765 0.232938
1274.000000 612.000000 0.693300 0.276181
1152.000000 613.000000 0.525727 0.260389
550.000000 614.000000 -0.082962 0.235277
560.000000 614.000000 -0.073681 0.235131
950.000000 614.000000 0.296402 0.243416
1045.000000 614.000000 0.398272 0.250367
1169.000000 614.000000 0.547717 0.263594
956.000000 615.000000 0.302656 0.244791
1064.000000 615.000000 0.419881 0.253114
1128.000000 615.000000 0.495894 0.259727
1264.000000 615.000000 0.679108 0.278130
524.000000 616.000000 -0.107223 0.237678
697.000000 616.000000 0.052729 0.236812
1009.000000 616.000000 0.358784 0.249490
1019.000000 616.000000 0.369662 0.250272
1085.000000 618.000000 0.444498 0.258303
457.000000 619.000000 -0.170605 0.242391
696.000000 619.000000 0.051834 0.239705
988.000000 619.000000 0.336479 0.250995
1270.000000 619.000000 0.688488 0.283654
614.000000 620.000000 -0.023819 0.240446
1020.000000 620.000000 0.371078 0.254474
1087.000000 620.000000 0.447050 0.260623
1208.000000 620.000000 0.600598 0.275530
457.000000 621.000000 -0.170671 0.244354
461.000000 621.000000 -0.166847 0.244221
518.000000 621.000000 -0.112944 0.242667
581.000000 621.000000 -0.054313 0.241658
1068.000000 621.000000 0.425042 0.259786
1136.000000 621.000000 0.506528 0.267141
1165.000000 621.000000 0.543424 0.270765
1004.000000 622.000000 0.353842 0.255262
1119.000000 622.000000 0.485638 0.266229
1155.000000 622.000000 0.530672 0.270577
1175.000000 622.000000 0.556605 0.273186
1023.000000 623.000000 0.374617 0.257822
8.000000 624.000000 -0.690605 0.289356
14.000000 624.000000 -0.681851 0.288429
596.000000 624.000000 -0.040465 0.244433
1071.000000 624.000000 0.428797 0.263240
44.000000 625.000000 -0.638977 0.284980
85.000000 625.000000 -0.582465 0.278979
953.000000 625.000000 0.300187 0.254706
1146.000000 625.000000 0.519594 0.272721
1149.000000 626.000000 0.523527 0.274193
42.000000 627.000000 -0.642108 0.287568
88.000000 627.000000 -0.578721 0.280792
527.000000 627.000000 -0.104642 0.248330
530.000000 627.000000 -0.101834 0.248269
700.000000 627.000000 0.055622 0.247515
1171.000000 627.000000 0.552034 0.278180
84.000000 629.000000 -0.584378 0.283599
1025.000000 629.000000 0.377329 0.264217
1189.000000 629.000000 0.576144 0.282905
706.000000 630.000000 0.061223 0.250508
968.000000 631.000000 0.316216 0.261822
46.000000 632.000000 -0.637226 0.292671
478.000000 632.000000 -0.150991 0.254497
503.000000 632.000000 -0.127309 0.253787
1167.000000 632.000000 0.547490 0.283178
1242.000000 632.000000 0.649985 0.294286
410.000000 633.000000 -0.216669 0.258089
412.000000 633.000000 -0.214707 0.257998
437.000000 633.000000 -0.190359 0.256934
1169.000000 633.000000 0.550238 0.284562
1237.000000 633.000000 0.643021 0.294650
974.000000 634.000000 0.322742 0.265323
1027.000000 634.000000 0.379977 0.269604
1041.000000 634.000000 0.395584 0.270879
50.000000 635.000000 -0.632062 0.295485
78.000000 635.000000 -0.593370 0.291226
1141.000000 636.000000 0.514676 0.284132
1195.000000 636.000000 0.585237 0.291639
1187.000000 637.000000 0.574620 0.291589
452.000000 638.000000 -0.176073 0.261320
1021.000000 638.000000 0.373706 0.273250
1028.000000 638.000000 0.381445 0.273878
443.000000 639.000000 -0.184793 0.262660
461.000000 639.000000 -0.167462 0.261985
894.000000 639.000000 0.241123 0.265372
529.000000 640.000000 -0.103041 0.261038
544.000000 640.000000 -0.088993 0.260738
1054.000000 640.000000 0.410874 0.278466
443.000000 641.000000 -0.184873 0.264652
1180.000000 641.000000 0.565869 0.295062
112.000000 642.000000 -0.549118 0.294157
348.000000 642.000000 -0.279193 0.270524
707.000000 642.000000 0.062305 0.262270
1029.000000 642.000000 0.382922 0.278167
878.000000 643.000000 0.225443 0.268571
516.000000 644.000000 -0.115356 0.265284
551.000000 644.000000 -0.082522 0.264550
949.000000 644.000000 0.297312 0.273802
1197.000000 644.000000 0.589152 0.300994
1031.000000 645.000000 0.385430 0.281513
25.000000 646.000000 -0.669428 0.312205
627.000000 646.000000 -0.011888 0.265767
959.000000 646.000000 0.307864 0.276564
1029.000000 647.000000 0.383390 0.283433
1032.000000 647.000000 0.386736 0.283718
1039.000000 647.000000 0.394581 0.284396
663.000000 648.000000 0.021489 0.267777
1147.000000 648.000000 0.523896 0.298193
1154.000000 648.000000 0.532870 0.299168
103.000000 650.000000 -0.562096 0.304440
937.000000 650.000000 0.285327 0.279137
735.000000 651.000000 0.088601 0.271606
590.000000 652.000000 -0.046277 0.271909
731.000000 652.000000 0.084872 0.272520
995.000000 652.000000 0.346572 0.285626
1148.000000 652.000000 0.525732 0.302786
667.000000 653.000000 0.025228 0.272730
669.000000 653.000000 0.027086 0.272742
938.000000 653.000000 0.286560 0.282287
673.000000 654.000000 0.030810 0.273756
727.000000 654.000000 0.081162 0.274429
1241.000000 654.000000 0.652143 0.319616
1276.000000 654.000000 0.702963 0.325550
105.000000 655.000000 -0.560202 0.309789
377.000000 655.000000 -0.250590 0.282001
1267.000000 655.000000 0.689929 0.325203
554.000000 656.000000 -0.079927 0.276368
578.000000 656.000000 -0.057501 0.276004
912.000000 656.000000 0.260191 0.283668
994.000000 656.000000 0.345836 0.289730
41.000000 657.000000 -0.648348 0.322371
612.000000 657.000000 -0.025856 0.276685
555.000000 658.000000 -0.079025 0.278338
1039.000000 658.000000 0.395684 0.296094
1160.000000 658.000000 0.542081 0.311247
1213.000000 658.000000 0.613353 0.319583
865.000000 659.000000 0.213414 0.284085
1076.000000 659.000000 0.438395 0.301221
1132.000000 659.000000 0.506423 0.308354
70.000000 660.000000 -0.608231 0.321023
483.000000 660.000000 -0.147129 0.282174
544.000000 660.000000 -0.089379 0.280536
554.000000 660.000000 -0.079998 0.280345
554.000000 662.000000 -0.080034 0.282338
898.000000 662.000000 0.246427 0.288959
738.000000 663.000000 0.091662 0.283603
110.000000 664.000000 -0.554985 0.319231
1158.000000 664.000000 0.540377 0.317723
112.000000 665.000000 -0.552511 0.320060
562.000000 665.000000 -0.072588 0.285193
1165.000000 665.000000 0.549671 0.319923
225.000000 666.000000 -0.414056 0.306200
560.000000 666.000000 -0.074479 0.286226
582.000000 666.000000 -0.053892 0.285902
738.000000 666.000000 0.091725 0.286603
384.000000 667.000000 -0.244267 0.293869
387.000000 667.000000 -0.241256 0.293691
397.000000 667.000000 -0.231258 0.293113
689.000000 667.000000 0.045829 0.286815
908.000000 667.000000 0.256831 0.294715
1150.000000 667.000000 0.530475 0.319914
1269.000000 667.000000 0.694928 0.339769
219.000000 668.000000 -0.421195 0.309041
906.000000 668.000000 0.254869 0.295619
981.000000 668.000000 0.332890 0.301222
1110.000000 668.000000 0.480338 0.315357
377.000000 669.000000 -0.251440 0.296355
688.000000 669.000000 0.044916 0.288803
923.000000 669.000000 0.272246 0.297776
1148.000000 669.000000 0.528200 0.321875
1186.000000 669.000000 0.578231 0.327831
375.000000 670.000000 -0.253523 0.297512
399.000000 670.000000 -0.229434 0.296076
561.000000 670.000000 -0.073610 0.290212
1227.000000 670.000000 0.634996 0.335939
384.000000 671.000000 -0.244509 0.297985
407.000000 671.000000 -0.221535 0.296657
367.000000 672.000000 -0.261766 0.300097
380.000000 672.000000 -0.248599 0.299263
750.000000 672.000000 0.103182 0.292902
809.000000 672.000000 0.159452 0.294771
862.000000 672.000000 0.211122 0.297181
981.000000 672.000000 0.333239 0.305444
983.000000 672.000000 0.335387 0.305621
1063.000000 672.000000 0.424719 0.313839
1197.000000 672.000000 0.593655 0.333123
388.000000 673.000000 -0.240611 0.299804
398.000000 673.000000 -0.230602 0.299215
683.000000 673.000000 0.040286 0.292757
711.000000 673.000000 0.066493 0.293115
998.000000 673.000000 0.351709 0.308051
1146.000000 673.000000 0.526232 0.326101
1063.000000 674.000000 0.424955 0.316022
362.000000 675.000000 -0.267063 0.303545
540.000000 676.000000 -0.093485 0.296658
693.000000 676.000000 0.049671 0.295877
738.000000 676.000000 0.091944 0.296649
748.000000 676.000000 0.101390 0.296884
750.000000 676.000000 0.103282 0.296934
46.000000 677.000000 -0.644709 0.344984
55.000000 677.000000 -0.632008 0.343394
168.000000 677.000000 -0.483132 0.325385
523.000000 677.000000 -0.109585 0.298083
555.000000 677.000000 -0.079374 0.297355
688.000000 677.000000 0.045002 0.296825
684.000000 678.000000 0.041270 0.297789
765.000000 678.000000 0.117561 0.299361
127.000000 679.000000 -0.535136 0.333679
134.000000 679.000000 -0.526121 0.332598
540.000000 679.000000 -0.093553 0.299686
687.000000 679.000000 0.044088 0.298827
692.000000 679.000000 0.048770 0.298884
702.000000 679.000000 0.058143 0.299015
739.000000 679.000000 0.092956 0.299700
746.000000 679.000000 0.099572 0.299866
1113.000000 679.000000 0.485546 0.328040
1268.000000 680.000000 0.695775 0.355120
302.000000 681.000000 -0.330251 0.314564
304.000000 681.000000 -0.328110 0.314386
306.000000 681.000000 -0.325973 0.314210
579.000000 681.000000 -0.056896 0.300995
740.000000 681.000000 0.093947 0.301746
742.000000 681.000000 0.095838 0.301793
6.000000 682.000000 -0.703244 0.358101
122.000000 682.000000 -0.542099 0.337898
555.000000 682.000000 -0.079470 0.302404
592.000000 682.000000 -0.044722 0.301845
696.000000 682.000000 0.052557 0.301959
989.000000 682.000000 0.342776 0.316801
503.000000 683.000000 -0.128784 0.304753
702.000000 683.000000 0.058200 0.303052
765.000000 683.000000 0.117707 0.304433
117.000000 684.000000 -0.548954 0.340999
406.000000 684.000000 -0.223260 0.310106
182.000000 685.000000 -0.467137 0.332400
500.000000 685.000000 -0.131715 0.306888
918.000000 685.000000 0.268245 0.314101
1006.000000 685.000000 0.361648 0.321685
415.000000 686.000000 -0.214425 0.311666
498.000000 686.000000 -0.133662 0.307974
502.000000 686.000000 -0.129836 0.307842
608.000000 686.000000 -0.029774 0.305742
705.000000 686.000000 0.061063 0.306133
933.000000 686.000000 0.283788 0.316264
406.000000 687.000000 -0.223434 0.313217
818.000000 687.000000 0.168774 0.310449
927.000000 687.000000 0.277654 0.316862
16.000000 688.000000 -0.689766 0.363507
904.000000 688.000000 0.254157 0.316264
1203.000000 688.000000 0.604670 0.352861
418.000000 689.000000 -0.211617 0.314607
603.000000 689.000000 -0.034482 0.308821
1050.000000 689.000000 0.411684 0.330912
54.000000 690.000000 -0.635745 0.358948
62.000000 690.000000 -0.624522 0.357495
594.000000 690.000000 -0.042933 0.309922
935.000000 690.000000 0.286175 0.320641
1170.000000 690.000000 0.560315 0.349457
1266.000000 690.000000 0.694674 0.366782
109.000000 691.000000 -0.560663 0.350419
157.000000 691.000000 -0.498802 0.342753
399.000000 691.000000 -0.230673 0.317799
409.000000 691.000000 -0.220677 0.317198
580.000000 691.000000 -0.056096 0.311111
661.000000 691.000000 0.019837 0.310752
693.000000 691.000000 0.049857 0.311039
151.000000 692.000000 -0.506493 0.344802
885.000000 692.000000 0.235201 0.319197
1153.000000 692.000000 0.538281 0.348940
7.000000 693.000000 -0.703768 0.371173
59.000000 693.000000 -0.629267 0.361602
112.000000 693.000000 -0.557028 0.352238
130.000000 693.000000 -0.533480 0.349260
362.000000 693.000000 -0.268339 0.322388
864.000000 693.000000 0.214257 0.318971
150.000000 694.000000 -0.508063 0.347240
579.000000 694.000000 -0.057079 0.314180
1128.000000 694.000000 0.506516 0.347248
919.000000 695.000000 0.270005 0.324700
988.000000 695.000000 0.342945 0.330671
63.000000 696.000000 -0.624219 0.364437
159.000000 696.000000 -0.497055 0.348144
184.000000 696.000000 -0.466241 0.344475
317.000000 696.000000 -0.315583 0.329230
584.000000 696.000000 -0.052402 0.316150
1078.000000 696.000000 0.445417 0.342255
24.000000 697.000000 -0.679844 0.372874
123.000000 697.000000 -0.543240 0.355038
190.000000 698.000000 -0.459259 0.345885
1054.000000 698.000000 0.417423 0.341353
1059.000000 698.000000 0.423250 0.341988
1071.000000 698.000000 0.437366 0.343555
1189.000000 698.000000 0.587271 0.362141
10.000000 699.000000 -0.700499 0.377886
61.000000 699.000000 -0.627570 0.368381
183.000000 699.000000 -0.467885 0.348006
185.000000 699.000000 -0.465453 0.347720
347.000000 699.000000 -0.284299 0.329893
1004.000000 699.000000 0.360897 0.336651
1173.000000 699.000000 0.565863 0.360480
1230.000000 699.000000 0.644508 0.370898
532.000000 700.000000 -0.101652 0.321284
987.000000 700.000000 0.342355 0.335982
1053.000000 700.000000 0.416514 0.343450
1069.000000 700.000000 0.435266 0.345527
1077.000000 700.000000 0.444767 0.346606
1154.000000 700.000000 0.540917 0.358381
88.000000 701.000000 -0.590640 0.365812
217.000000 701.000000 -0.427552 0.345604
747.000000 701.000000 0.101087 0.322329
862.000000 701.000000 0.212732 0.327210
953.000000 701.000000 0.305970 0.333859
1060.000000 701.000000 0.424807 0.345461
1162.000000 701.000000 0.551597 0.360911
1174.000000 701.000000 0.567553 0.363003
1184.000000 701.000000 0.581020 0.364784
578.000000 702.000000 -0.058140 0.322374
580.000000 702.000000 -0.056254 0.322344
749.000000 702.000000 0.103018 0.323413
923.000000 703.000000 0.274748 0.333496
948.000000 703.000000 0.300864 0.335567
1056.000000 703.000000 0.420390 0.347176
1212.000000 703.000000 0.619911 0.372307
523.000000 704.000000 -0.110340 0.325656
578.000000 704.000000 -0.058171 0.324428
893.000000 704.000000 0.244080 0.332346
78.000000 705.000000 -0.605069 0.372387
203.000000 705.000000 -0.444638 0.351968
206.000000 706.000000 -0.441204 0.352683
517.000000 706.000000 -0.116134 0.327905
577.000000 706.000000 -0.059146 0.326500
634.000000 706.000000 -0.005470 0.326017
1076.000000 706.000000 0.444401 0.353227
210.000000 707.000000 -0.436596 0.353264
980.000000 707.000000 0.335452 0.342885
1048.000000 707.000000 0.411602 0.350616
1058.000000 707.000000 0.423250 0.351914
831.000000 708.000000 0.182461 0.332841
317.000000 709.000000 -0.316775 0.343235
951.000000 709.000000 0.304567 0.342293
1139.000000 709.000000 0.522972 0.366336
1060.000000 710.000000 0.425995 0.355550
1068.000000 710.000000 0.435436 0.356638
13.000000 711.000000 -0.698378 0.391921
319.000000 711.000000 -0.314827 0.345215
1012.000000 711.000000 0.371116 0.350704
1037.000000 712.000000 0.399553 0.354810
143.000000 713.000000 -0.520033 0.370309
162.000000 713.000000 -0.495947 0.367202
753.000000 713.000000 0.107151 0.334909
767.000000 713.000000 0.120566 0.335354
769.000000 713.000000 0.122487 0.335422
1139.000000 713.000000 0.523646 0.371004
38.000000 714.000000 -0.662961 0.390811
483.000000 714.000000 -0.149164 0.337466
574.000000 714.000000 -0.062113 0.334810
986.000000 714.000000 0.342703 0.351153
59.000000 715.000000 -0.633398 0.387977
168.000000 715.000000 -0.488767 0.368562
758.000000 715.000000 0.111999 0.337144
1136.000000 715.000000 0.520124 0.372834
185.000000 716.000000 -0.467951 0.367085
197.000000 716.000000 -0.453391 0.365302
583.000000 716.000000 -0.053626 0.336741
848.000000 716.000000 0.199686 0.342185
986.000000 716.000000 0.342914 0.353350
1023.000000 716.000000 0.384086 0.357550
