56.000000 3.000000 -0.638006 -0.389643
1077.000000 3.000000 0.447110 -0.364494
1127.000000 3.000000 0.508905 -0.372295
1159.000000 3.000000 0.550413 -0.377845
53.000000 4.000000 -0.642045 -0.389012
1002.000000 4.000000 0.360492 -0.353739
1056.000000 4.000000 0.422057 -0.360416
1071.000000 4.000000 0.439789 -0.362494
57.000000 5.000000 -0.636210 -0.387028
873.000000 5.000000 0.224576 -0.341318
1152.000000 5.000000 0.540845 -0.374239
1030.000000 6.000000 0.391745 -0.354814
1093.000000 6.000000 0.466040 -0.363428
15.000000 7.000000 -0.695898 -0.392676
18.000000 7.000000 -0.691555 -0.392106
21.000000 7.000000 -0.687218 -0.391534
1058.000000 7.000000 0.423998 -0.357300
1063.000000 7.000000 0.429882 -0.357979
11.000000 8.000000 -0.701510 -0.392210
261.000000 8.000000 -0.378364 -0.351050
1061.000000 8.000000 0.427389 -0.356578
1134.000000 8.000000 0.517008 -0.367635
1275.000000 8.000000 0.711941 -0.393888
48.000000 9.000000 -0.648159 -0.383921
1053.000000 9.000000 0.417882 -0.354384
1130.000000 9.000000 0.511730 -0.365807
1196.000000 9.000000 0.599219 -0.377523
1234.000000 9.000000 0.652494 -0.384803
1022.000000 10.000000 0.382187 -0.349402
1171.000000 10.000000 0.565109 -0.371724
1232.000000 10.000000 0.649451 -0.383205
91.000000 11.000000 -0.587990 -0.373403
258.000000 11.000000 -0.381390 -0.348079
1009.000000 11.000000 0.367490 -0.346800
772.000000 12.000000 0.125177 -0.328991
1011.000000 13.000000 0.369495 -0.344823
1070.000000 13.000000 0.437344 -0.352167
1137.000000 13.000000 0.520023 -0.362317
1095.000000 14.000000 0.467290 -0.354588
1133.000000 14.000000 0.514736 -0.360499
1069.000000 15.000000 0.435886 -0.349779
1152.000000 15.000000 0.539111 -0.362512
1200.000000 15.000000 0.603607 -0.371108
866.000000 16.000000 0.216868 -0.329255
1098.000000 16.000000 0.470662 -0.352754
82.000000 17.000000 -0.599182 -0.367926
638.000000 17.000000 -0.001709 -0.321605
1140.000000 17.000000 0.523217 -0.358172
1233.000000 17.000000 0.649532 -0.374941
1077.000000 18.000000 0.444990 -0.347496
1178.000000 18.000000 0.573067 -0.363536
1072.000000 19.000000 0.438902 -0.345691
1096.000000 19.000000 0.467779 -0.349053
1172.000000 19.000000 0.564843 -0.361297
1241.000000 19.000000 0.660586 -0.374051
115.000000 20.000000 -0.554218 -0.358529
939.000000 20.000000 0.291114 -0.330243
892.000000 21.000000 0.242689 -0.325658
1059.000000 21.000000 0.423327 -0.341744
1144.000000 21.000000 0.527715 -0.354198
1210.000000 21.000000 0.616360 -0.365817
270.000000 22.000000 -0.366747 -0.334656
1096.000000 22.000000 0.467345 -0.345656
312.000000 23.000000 -0.320958 -0.329407
1139.000000 23.000000 0.520954 -0.351075
1147.000000 23.000000 0.531266 -0.352378
1160.000000 23.000000 0.548239 -0.354549
1181.000000 23.000000 0.576221 -0.358187
1217.000000 23.000000 0.625776 -0.364733
41.000000 24.000000 -0.655275 -0.367176
1149.000000 24.000000 0.533695 -0.351550
117.000000 25.000000 -0.550732 -0.352366
274.000000 25.000000 -0.362004 -0.330968
1142.000000 25.000000 0.524485 -0.349254
1192.000000 25.000000 0.590795 -0.357792
1270.000000 25.000000 0.701465 -0.372246
273.000000 27.000000 -0.362899 -0.328902
334.000000 27.000000 -0.297340 -0.323225
337.000000 27.000000 -0.294200 -0.322979
1196.000000 27.000000 0.595910 -0.356151
919.000000 28.000000 0.269743 -0.320191
1144.000000 28.000000 0.526577 -0.346123
1178.000000 28.000000 0.571308 -0.351804
274.000000 29.000000 -0.361588 -0.326632
277.000000 29.000000 -0.358286 -0.326325
279.000000 29.000000 -0.356090 -0.326122
917.000000 29.000000 0.267615 -0.318991
1003.000000 29.000000 0.358909 -0.326508
1056.000000 29.000000 0.418823 -0.332493
1109.000000 29.000000 0.482278 -0.339622
1212.000000 29.000000 0.617677 -0.356680
1269.000000 29.000000 0.699265 -0.367222
43.000000 30.000000 -0.651315 -0.359625
46.000000 30.000000 -0.647051 -0.359074
896.000000 30.000000 0.246138 -0.316481
1188.000000 31.000000 0.584287 -0.350036
1039.000000 32.000000 0.398902 -0.327166
1236.000000 32.000000 0.650998 -0.357516
701.000000 33.000000 0.057311 -0.305763
1059.000000 33.000000 0.421819 -0.328450
1057.000000 34.000000 0.419372 -0.327104
1153.000000 34.000000 0.537264 -0.340672
850.000000 35.000000 0.199937 -0.308583
1270.000000 35.000000 0.699629 -0.360169
284.000000 36.000000 -0.349932 -0.318096
622.000000 37.000000 -0.016657 -0.301311
1089.000000 37.000000 0.456794 -0.327861
1197.000000 37.000000 0.595512 -0.344586
1224.000000 37.000000 0.633057 -0.349384
1035.000000 38.000000 0.393678 -0.320172
1043.000000 38.000000 0.402778 -0.321073
1102.000000 39.000000 0.472270 -0.327391
1189.000000 40.000000 0.584090 -0.339708
1197.000000 40.000000 0.594991 -0.341081
1207.000000 40.000000 0.608760 -0.342822
850.000000 41.000000 0.199630 -0.302411
1051.000000 41.000000 0.411604 -0.318722
1105.000000 41.000000 0.475660 -0.325570
1164.000000 41.000000 0.550524 -0.334403
1195.000000 41.000000 0.592084 -0.339570
1256.000000 41.000000 0.678136 -0.350429
1202.000000 42.000000 0.601509 -0.339610
1230.000000 42.000000 0.640643 -0.344549
482.000000 43.000000 -0.148663 -0.298047
1156.000000 43.000000 0.539735 -0.330839
1161.000000 44.000000 0.546106 -0.330485
1201.000000 44.000000 0.599788 -0.337105
312.000000 45.000000 -0.319031 -0.306006
938.000000 45.000000 0.288100 -0.303763
1157.000000 46.000000 0.540568 -0.327573
1095.000000 47.000000 0.462702 -0.317558
171.000000 48.000000 -0.478721 -0.318050
920.000000 49.000000 0.269276 -0.298311
934.000000 49.000000 0.283665 -0.299296
936.000000 49.000000 0.285732 -0.299441
1101.000000 50.000000 0.469572 -0.315025
1112.000000 50.000000 0.483017 -0.316497
1161.000000 50.000000 0.545165 -0.323639
1211.000000 50.000000 0.612572 -0.331828
277.000000 51.000000 -0.356138 -0.302760
327.000000 51.000000 -0.302753 -0.298504
919.000000 51.000000 0.268118 -0.296171
1025.000000 51.000000 0.381047 -0.305082
1151.000000 51.000000 0.532021 -0.320973
1196.000000 51.000000 0.591757 -0.328131
86.000000 52.000000 -0.587640 -0.326278
1163.000000 52.000000 0.547472 -0.321673
1204.000000 52.000000 0.602554 -0.328313
314.000000 53.000000 -0.316257 -0.297437
326.000000 53.000000 -0.303645 -0.296493
1112.000000 53.000000 0.482611 -0.313164
1202.000000 53.000000 0.599636 -0.326819
293.000000 54.000000 -0.338542 -0.298145
1138.000000 54.000000 0.514941 -0.315672
1119.000000 55.000000 0.490979 -0.311891
1182.000000 55.000000 0.572173 -0.321241
307.000000 56.000000 -0.323424 -0.294864
330.000000 56.000000 -0.299242 -0.293066
863.000000 56.000000 0.211667 -0.287740
1097.000000 56.000000 0.463955 -0.307890
1137.000000 56.000000 0.513386 -0.313287
1190.000000 56.000000 0.582784 -0.321382
290.000000 57.000000 -0.341508 -0.295248
976.000000 57.000000 0.327082 -0.294206
1167.000000 57.000000 0.551949 -0.316608
307.000000 58.000000 -0.323261 -0.292772
341.000000 58.000000 -0.287688 -0.290193
1190.000000 58.000000 0.582461 -0.319086
1210.000000 58.000000 0.609833 -0.322366
338.000000 59.000000 -0.290718 -0.289371
1000.000000 59.000000 0.352736 -0.294181
1204.000000 59.000000 0.601388 -0.320216
307.000000 60.000000 -0.323099 -0.290683
1110.000000 60.000000 0.479232 -0.305159
1161.000000 60.000000 0.543639 -0.312301
1167.000000 60.000000 0.551491 -0.313206
1178.000000 60.000000 0.566039 -0.314899
1206.000000 60.000000 0.603976 -0.319391
1251.000000 60.000000 0.667533 -0.327017
303.000000 61.000000 -0.327265 -0.289962
1124.000000 61.000000 0.496373 -0.305910
845.000000 62.000000 0.193730 -0.280796
1073.000000 62.000000 0.434712 -0.298443
301.000000 63.000000 -0.329230 -0.288037
357.000000 63.000000 -0.270932 -0.283957
1054.000000 63.000000 0.412592 -0.295254
1262.000000 63.000000 0.682978 -0.325377
343.000000 64.000000 -0.285208 -0.283861
1010.000000 64.000000 0.363198 -0.289817
1196.000000 64.000000 0.589636 -0.313172
21.000000 65.000000 -0.676713 -0.322074
725.000000 66.000000 0.079279 -0.273081
1138.000000 66.000000 0.513248 -0.302270
1216.000000 66.000000 0.616841 -0.314110
1211.000000 67.000000 0.609736 -0.312142
1225.000000 67.000000 0.629270 -0.314437
179.000000 68.000000 -0.466448 -0.295016
185.000000 68.000000 -0.459249 -0.294293
1182.000000 68.000000 0.570139 -0.306427
1190.000000 68.000000 0.580878 -0.307660
1220.000000 68.000000 0.622094 -0.312457
1065.000000 69.000000 0.424615 -0.290004
1067.000000 70.000000 0.426824 -0.289149
1129.000000 70.000000 0.501401 -0.296624
1212.000000 70.000000 0.610636 -0.308854
1215.000000 70.000000 0.614798 -0.309338
1263.000000 70.000000 0.683246 -0.317307
1170.000000 71.000000 0.553788 -0.301240
12.000000 72.000000 -0.688620 -0.315364
353.000000 72.000000 -0.274434 -0.275001
1190.000000 72.000000 0.580261 -0.303114
1240.000000 72.000000 0.649700 -0.311121
173.000000 73.000000 -0.473084 -0.290300
1146.000000 73.000000 0.522439 -0.295595
171.000000 74.000000 -0.475387 -0.289454
350.000000 74.000000 -0.277369 -0.273150
935.000000 75.000000 0.282904 -0.272559
1078.000000 75.000000 0.439103 -0.284989
1087.000000 75.000000 0.449712 -0.286001
1138.000000 75.000000 0.512029 -0.292300
1230.000000 75.000000 0.635005 -0.306006
1255.000000 75.000000 0.670779 -0.310114
169.000000 76.000000 -0.477573 -0.287521
326.000000 76.000000 -0.301960 -0.272705
750.000000 76.000000 0.102515 -0.263686
1067.000000 76.000000 0.426177 -0.282724
1121.000000 76.000000 0.490696 -0.288997
15.000000 77.000000 -0.683423 -0.309013
1232.000000 77.000000 0.637508 -0.304022
355.000000 78.000000 -0.272023 -0.268765
1085.000000 78.000000 0.447007 -0.282545
1140.000000 78.000000 0.514154 -0.289256
1175.000000 78.000000 0.559353 -0.294108
1197.000000 79.000000 0.588661 -0.296243
1220.000000 79.000000 0.620323 -0.299805
354.000000 80.000000 -0.272918 -0.266795
1187.000000 80.000000 0.575024 -0.293617
1245.000000 80.000000 0.655543 -0.302660
179.000000 81.000000 -0.464907 -0.280919
1191.000000 81.000000 0.580249 -0.293082
1197.000000 81.000000 0.588359 -0.293979
355.000000 82.000000 -0.271780 -0.264706
760.000000 82.000000 0.111776 -0.257999
1226.000000 82.000000 0.628250 -0.297313
1244.000000 82.000000 0.653787 -0.300184
1025.000000 83.000000 0.377989 -0.271226
1125.000000 83.000000 0.494762 -0.281851
1147.000000 83.000000 0.522366 -0.284670
1073.000000 84.000000 0.432294 -0.274825
1100.000000 84.000000 0.464183 -0.277786
1123.000000 84.000000 0.492167 -0.280514
1212.000000 84.000000 0.608438 -0.292854
149.000000 85.000000 -0.501043 -0.280173
154.000000 85.000000 -0.494851 -0.279556
353.000000 85.000000 -0.273632 -0.261788
356.000000 85.000000 -0.270586 -0.261609
1239.000000 85.000000 0.646165 -0.295923
1127.000000 86.000000 0.496868 -0.278829
1211.000000 86.000000 0.606753 -0.290429
669.000000 87.000000 0.026967 -0.251800
1121.000000 87.000000 0.489338 -0.277010
1130.000000 87.000000 0.500469 -0.278110
1137.000000 87.000000 0.509214 -0.278986
1276.000000 87.000000 0.699510 -0.299530
778.000000 88.000000 0.128584 -0.252547
1128.000000 88.000000 0.497862 -0.276774
1213.000000 88.000000 0.609211 -0.288462
1234.000000 88.000000 0.638591 -0.291690
352.000000 89.000000 -0.274410 -0.257805
1211.000000 89.000000 0.606300 -0.287027
1133.000000 91.000000 0.503712 -0.274123
1184.000000 91.000000 0.569430 -0.280851
1192.000000 91.000000 0.580136 -0.281987
1233.000000 91.000000 0.636711 -0.288101
86.000000 92.000000 -0.581511 -0.280848
1096.000000 92.000000 0.458506 -0.268752
772.000000 93.000000 0.122801 -0.247492
946.000000 93.000000 0.293054 -0.254964
1144.000000 93.000000 0.517272 -0.273310
115.000000 94.000000 -0.542998 -0.274657
1111.000000 94.000000 0.476309 -0.268278
1145.000000 96.000000 0.518160 -0.270160
1240.000000 96.000000 0.645876 -0.283459
1248.000000 96.000000 0.657317 -0.284687
36.000000 97.000000 -0.650002 -0.282568
1010.000000 97.000000 0.360376 -0.255434
1127.000000 97.000000 0.495543 -0.266894
1129.000000 97.000000 0.498017 -0.267130
1203.000000 97.000000 0.594166 -0.276836
81.000000 98.000000 -0.587397 -0.274844
165.000000 98.000000 -0.479862 -0.264220
362.000000 98.000000 -0.263783 -0.248189
1169.000000 98.000000 0.548714 -0.271043
1195.000000 98.000000 0.583183 -0.274582
1197.000000 98.000000 0.585882 -0.274863
1249.000000 98.000000 0.658447 -0.282547
1026.000000 99.000000 0.377711 -0.254673
1260.000000 99.000000 0.674194 -0.283087
1266.000000 100.000000 0.682785 -0.282858
403.000000 101.000000 -0.222881 -0.243179
794.000000 101.000000 0.143355 -0.240248
80.000000 102.000000 -0.588190 -0.270518
922.000000 102.000000 0.268052 -0.244495
1142.000000 102.000000 0.513643 -0.263266
1145.000000 102.000000 0.517422 -0.263629
1200.000000 102.000000 0.589382 -0.270816
1233.000000 102.000000 0.635047 -0.275570
1092.000000 103.000000 0.452593 -0.256621
381.000000 105.000000 -0.244419 -0.240236
1087.000000 105.000000 0.446500 -0.253999
119.000000 106.000000 -0.536312 -0.260993
1180.000000 106.000000 0.562089 -0.263672
366.000000 107.000000 -0.259288 -0.238997
1145.000000 107.000000 0.516822 -0.258207
1232.000000 108.000000 0.632759 -0.268629
1150.000000 110.000000 0.522786 -0.255552
1231.000000 110.000000 0.631063 -0.266227
1260.000000 110.000000 0.672532 -0.270459
108.000000 111.000000 -0.549898 -0.256901
145.000000 111.000000 -0.502931 -0.252515
182.000000 111.000000 -0.458099 -0.248583
277.000000 111.000000 -0.351183 -0.240441
901.000000 111.000000 0.246546 -0.234464
166.000000 112.000000 -0.477132 -0.249165
348.000000 112.000000 -0.277165 -0.234969
1218.000000 112.000000 0.612643 -0.262145
1226.000000 112.000000 0.623769 -0.263264
375.000000 113.000000 -0.250000 -0.232599
1233.000000 113.000000 0.633451 -0.263129
1244.000000 114.000000 0.648909 -0.263570
367.000000 115.000000 -0.257884 -0.231009
1226.000000 115.000000 0.623348 -0.259896
1044.000000 116.000000 0.396268 -0.238617
807.000000 117.000000 0.155219 -0.225044
1174.000000 117.000000 0.552815 -0.250848
1217.000000 118.000000 0.610438 -0.255307
1238.000000 118.000000 0.639810 -0.258201
168.000000 119.000000 -0.474001 -0.241543
1155.000000 119.000000 0.528081 -0.246409
995.000000 120.000000 0.342564 -0.230876
1157.000000 120.000000 0.530514 -0.245561
1164.000000 120.000000 0.539487 -0.246381
1174.000000 120.000000 0.552449 -0.247578
1276.000000 120.000000 0.694480 -0.261347
224.000000 121.000000 -0.408661 -0.234311
1105.000000 121.000000 0.466226 -0.238920
1195.000000 121.000000 0.580104 -0.249096
66.000000 122.000000 -0.604532 -0.250174
1164.000000 122.000000 0.539251 -0.244215
1187.000000 122.000000 0.569307 -0.246993
1218.000000 122.000000 0.611282 -0.250989
174.000000 123.000000 -0.466422 -0.236733
1222.000000 123.000000 0.616687 -0.250409
61.000000 124.000000 -0.611136 -0.248611
740.000000 124.000000 0.092276 -0.216825
1109.000000 124.000000 0.470719 -0.236156
75.000000 125.000000 -0.591897 -0.245698
1064.000000 125.000000 0.418067 -0.231003
1148.000000 125.000000 0.518539 -0.239165
1276.000000 125.000000 0.693766 -0.255625
88.000000 126.000000 -0.574337 -0.242979
139.000000 126.000000 -0.508738 -0.237127
143.000000 126.000000 -0.503773 -0.236702
699.000000 126.000000 0.054356 -0.214393
893.000000 126.000000 0.237942 -0.219332
1159.000000 126.000000 0.532379 -0.239322
1066.000000 127.000000 0.420177 -0.229107
1147.000000 127.000000 0.517061 -0.236915
51.000000 128.000000 -0.624466 -0.245479
203.000000 128.000000 -0.431990 -0.228859
209.000000 128.000000 -0.425105 -0.228346
1155.000000 128.000000 0.527060 -0.236723
1227.000000 128.000000 0.622981 -0.245506
1092.000000 129.000000 0.450076 -0.229310
1190.000000 129.000000 0.572432 -0.239710
184.000000 131.000000 -0.453831 -0.227424
1124.000000 131.000000 0.488165 -0.230264
1182.000000 131.000000 0.561612 -0.236576
1221.000000 131.000000 0.614250 -0.241393
1085.000000 132.000000 0.441628 -0.225566
1149.000000 132.000000 0.519037 -0.231788
1169.000000 132.000000 0.544547 -0.233992
1228.000000 132.000000 0.623853 -0.241189
1261.000000 132.000000 0.670855 -0.245588
218.000000 133.000000 -0.414457 -0.222459
1166.000000 133.000000 0.540566 -0.232578
1183.000000 133.000000 0.562693 -0.234523
1193.000000 133.000000 0.575945 -0.235708
1267.000000 133.000000 0.679453 -0.245274
132.000000 134.000000 -0.516630 -0.229345
210.000000 134.000000 -0.423464 -0.222079
1006.000000 134.000000 0.353380 -0.217498
1223.000000 134.000000 0.616637 -0.238327
177.000000 135.000000 -0.461728 -0.223891
199.000000 135.000000 -0.436004 -0.221963
206.000000 135.000000 -0.427954 -0.221379
180.000000 136.000000 -0.458092 -0.222580
15.000000 137.000000 -0.674493 -0.240163
188.000000 137.000000 -0.448610 -0.220836
1149.000000 137.000000 0.518508 -0.226459
1227.000000 137.000000 0.621816 -0.235515
1274.000000 137.000000 0.689166 -0.241689
123.000000 138.000000 -0.527546 -0.226031
225.000000 138.000000 -0.406183 -0.216797
1139.000000 138.000000 0.505914 -0.224371
1234.000000 138.000000 0.631485 -0.235297
6.000000 139.000000 -0.687344 -0.239098
190.000000 139.000000 -0.446104 -0.218594
821.000000 139.000000 0.167885 -0.204207
1075.000000 139.000000 0.429478 -0.217491
1258.000000 139.000000 0.665572 -0.237299
1260.000000 139.000000 0.668467 -0.237562
199.000000 140.000000 -0.435587 -0.216808
1237.000000 140.000000 0.635453 -0.233459
183.000000 141.000000 -0.454120 -0.217125
186.000000 141.000000 -0.450604 -0.216867
956.000000 144.000000 0.300407 -0.204629
1127.000000 144.000000 0.490562 -0.216877
825.000000 145.000000 0.171519 -0.198562
1232.000000 145.000000 0.627799 -0.227292
28.000000 147.000000 -0.654484 -0.227280
152.000000 147.000000 -0.490646 -0.213652
963.000000 147.000000 0.307448 -0.202034
1116.000000 147.000000 0.476960 -0.212728
63.000000 148.000000 -0.605411 -0.221931
1124.000000 148.000000 0.486538 -0.212410
1169.000000 148.000000 0.542803 -0.216828
1235.000000 148.000000 0.631639 -0.224345
67.000000 149.000000 -0.599839 -0.220375
72.000000 149.000000 -0.593059 -0.219801
1172.000000 149.000000 0.546568 -0.216074
933.000000 150.000000 0.276741 -0.197632
156.000000 151.000000 -0.485426 -0.209110
1022.000000 151.000000 0.369521 -0.201471
1048.000000 151.000000 0.398062 -0.203209
840.000000 152.000000 0.185609 -0.192279
1131.000000 152.000000 0.494706 -0.208870
161.000000 154.000000 -0.479131 -0.205549
996.000000 154.000000 0.341509 -0.196912
1275.000000 154.000000 0.688428 -0.222622
1154.000000 155.000000 0.522989 -0.207885
827.000000 156.000000 0.173123 -0.188101
1138.000000 159.000000 0.502670 -0.202186
1260.000000 159.000000 0.665941 -0.215186
1270.000000 159.000000 0.680481 -0.216397
150.000000 160.000000 -0.491914 -0.200269
1254.000000 160.000000 0.657177 -0.213357
407.000000 161.000000 -0.216689 -0.184618
1062.000000 161.000000 0.413032 -0.194075
1081.000000 161.000000 0.434656 -0.195441
1141.000000 161.000000 0.506195 -0.200365
1217.000000 161.000000 0.605151 -0.208005
973.000000 162.000000 0.317014 -0.187792
1122.000000 162.000000 0.482883 -0.197666
1184.000000 162.000000 0.560838 -0.203428
1178.000000 163.000000 0.552911 -0.201760
404.000000 164.000000 -0.219499 -0.181840
842.000000 164.000000 0.187182 -0.180878
1130.000000 165.000000 0.492335 -0.195233
1178.000000 165.000000 0.552714 -0.199634
1035.000000 166.000000 0.382736 -0.187281
1180.000000 167.000000 0.555118 -0.197704
1256.000000 167.000000 0.659231 -0.205839
932.000000 169.000000 0.274920 -0.179121
1194.000000 169.000000 0.573310 -0.196958
1253.000000 169.000000 0.654697 -0.203287
1201.000000 170.000000 0.582534 -0.196593
1214.000000 170.000000 0.600085 -0.197933
1010.000000 171.000000 0.355434 -0.180864
1042.000000 172.000000 0.390050 -0.181718
1134.000000 172.000000 0.496631 -0.188306
1182.000000 172.000000 0.557240 -0.192588
1194.000000 172.000000 0.573012 -0.193753
128.000000 173.000000 -0.517902 -0.188631
1105.000000 173.000000 0.461714 -0.184986
1184.000000 173.000000 0.559755 -0.191718
1217.000000 173.000000 0.603865 -0.195006
4.000000 174.000000 -0.685978 -0.200090
1013.000000 174.000000 0.358476 -0.178064
1197.000000 174.000000 0.576798 -0.191913
1253.000000 174.000000 0.654137 -0.197779
118.000000 175.000000 -0.530290 -0.187412
991.000000 175.000000 0.335125 -0.175937
127.000000 176.000000 -0.518893 -0.185587
1154.000000 177.000000 0.520983 -0.184792
1259.000000 177.000000 0.662426 -0.195135
126.000000 178.000000 -0.519973 -0.183587
859.000000 178.000000 0.203065 -0.168031
1104.000000 179.000000 0.460094 -0.178785
1159.000000 179.000000 0.527102 -0.183131
189.000000 181.000000 -0.444048 -0.175717
862.000000 181.000000 0.205863 -0.165266
1203.000000 181.000000 0.584126 -0.185020
1050.000000 182.000000 0.398281 -0.172223
1158.000000 182.000000 0.525586 -0.179914
235.000000 183.000000 -0.392086 -0.170837
1113.000000 183.000000 0.470450 -0.175355
131.000000 184.000000 -0.513251 -0.176938
1110.000000 185.000000 0.466747 -0.173099
1161.000000 186.000000 0.529037 -0.175992
230.000000 187.000000 -0.397367 -0.167146
241.000000 187.000000 -0.385288 -0.166533
169.000000 189.000000 -0.466874 -0.168970
908.000000 190.000000 0.250310 -0.158076
947.000000 190.000000 0.289194 -0.159445
1061.000000 190.000000 0.410054 -0.164893
92.000000 191.000000 -0.562295 -0.172869
1243.000000 191.000000 0.638146 -0.178152
1150.000000 192.000000 0.514765 -0.168879
1201.000000 192.000000 0.580435 -0.173126
92.000000 194.000000 -0.562039 -0.169711
192.000000 194.000000 -0.439746 -0.162408
1211.000000 194.000000 0.593675 -0.171898
31.000000 195.000000 -0.644894 -0.174181
1232.000000 196.000000 0.622264 -0.171688
191.000000 197.000000 -0.440711 -0.159455
403.000000 197.000000 -0.219499 -0.150476
1194.000000 197.000000 0.570718 -0.167227
88.000000 198.000000 -0.566934 -0.165838
222.000000 198.000000 -0.405617 -0.156668
962.000000 198.000000 0.304120 -0.152315
1004.000000 198.000000 0.347717 -0.154067
1129.000000 198.000000 0.488567 -0.161169
86.000000 199.000000 -0.569476 -0.164951
188.000000 199.000000 -0.444045 -0.157629
257.000000 201.000000 -0.367258 -0.151935
743.000000 201.000000 0.094021 -0.144316
1192.000000 201.000000 0.567750 -0.162846
1258.000000 201.000000 0.658527 -0.168730
187.000000 202.000000 -0.445017 -0.154676
1216.000000 203.000000 0.599652 -0.162754
186.000000 205.000000 -0.445994 -0.151724
230.000000 205.000000 -0.396401 -0.149322
33.000000 206.000000 -0.641044 -0.162085
87.000000 206.000000 -0.567596 -0.157513
829.000000 206.000000 0.173876 -0.140953
186.000000 207.000000 -0.445877 -0.149719
311.000000 207.000000 -0.310461 -0.143855
962.000000 207.000000 0.303785 -0.143658
1200.000000 207.000000 0.577830 -0.157181
118.000000 208.000000 -0.527660 -0.153097
1203.000000 208.000000 0.581740 -0.156369
214.000000 209.000000 -0.413951 -0.146187
1255.000000 209.000000 0.653487 -0.159755
339.000000 211.000000 -0.281975 -0.139062
991.000000 211.000000 0.333524 -0.140899
218.000000 212.000000 -0.409334 -0.143014
342.000000 212.000000 -0.278941 -0.138014
1257.000000 212.000000 0.656082 -0.156680
213.000000 213.000000 -0.414865 -0.142278
1022.000000 213.000000 0.366204 -0.140240
304.000000 214.000000 -0.317386 -0.137381
153.000000 215.000000 -0.484230 -0.143622
1104.000000 216.000000 0.457709 -0.141366
68.000000 217.000000 -0.591947 -0.147426
77.000000 217.000000 -0.579933 -0.146741
155.000000 218.000000 -0.481653 -0.140465
297.000000 218.000000 -0.324456 -0.133788
291.000000 219.000000 -0.330635 -0.133043
1220.000000 219.000000 0.603777 -0.146091
294.000000 220.000000 -0.327488 -0.131972
1114.000000 220.000000 0.469240 -0.137913
1143.000000 220.000000 0.504165 -0.139642
1188.000000 220.000000 0.561055 -0.142649
43.000000 221.000000 -0.625783 -0.145138
425.000000 221.000000 -0.197860 -0.127417
1069.000000 221.000000 0.417361 -0.134550
437.000000 222.000000 -0.186451 -0.126253
116.000000 225.000000 -0.529025 -0.135731
1193.000000 225.000000 0.567239 -0.137791
57.000000 226.000000 -0.606144 -0.138752
97.000000 226.000000 -0.553140 -0.135937
89.000000 227.000000 -0.563441 -0.135436
95.000000 227.000000 -0.555654 -0.135034
127.000000 228.000000 -0.515121 -0.131981
131.000000 229.000000 -0.510124 -0.130724
94.000000 230.000000 -0.556750 -0.131991
1208.000000 230.000000 0.586761 -0.133608
86.000000 231.000000 -0.567089 -0.131478
1244.000000 231.000000 0.636075 -0.135162
77.000000 232.000000 -0.578864 -0.131036
1207.000000 232.000000 0.585286 -0.131443
73.000000 233.000000 -0.584106 -0.130260
1264.000000 233.000000 0.664408 -0.134534
1273.000000 233.000000 0.677462 -0.135230
34.000000 234.000000 -0.637357 -0.131946
1275.000000 234.000000 0.680305 -0.134299
45.000000 235.000000 -0.621960 -0.130090
57.000000 235.000000 -0.605500 -0.129251
1276.000000 236.000000 0.681614 -0.132203
1252.000000 237.000000 0.646933 -0.129333
1072.000000 238.000000 0.419954 -0.117924
57.000000 239.000000 -0.605229 -0.125037
238.000000 240.000000 -0.386114 -0.114697
85.000000 241.000000 -0.567761 -0.121160
167.000000 242.000000 -0.466156 -0.115722
437.000000 242.000000 -0.186108 -0.107663
1136.000000 242.000000 0.494384 -0.116938
1174.000000 242.000000 0.541598 -0.118999
1198.000000 242.000000 0.572696 -0.120426
1168.000000 243.000000 0.533926 -0.117634
1256.000000 243.000000 0.652198 -0.123188
1198.000000 244.000000 0.572574 -0.118348
1208.000000 244.000000 0.585838 -0.118960
51.000000 245.000000 -0.613025 -0.119110
853.000000 245.000000 0.195880 -0.105066
114.000000 246.000000 -0.530306 -0.114355
128.000000 246.000000 -0.512882 -0.113619
882.000000 246.000000 0.223590 -0.104645
59.000000 247.000000 -0.602000 -0.116502
438.000000 247.000000 -0.185086 -0.103016
1235.000000 248.000000 0.622328 -0.116460
52.000000 249.000000 -0.611404 -0.114834
55.000000 250.000000 -0.607249 -0.113599
105.000000 250.000000 -0.541464 -0.110747
444.000000 250.000000 -0.179388 -0.100154
843.000000 250.000000 0.186332 -0.100278
998.000000 250.000000 0.339486 -0.103641
49.000000 251.000000 -0.615392 -0.112913
67.000000 251.000000 -0.590984 -0.111836
107.000000 251.000000 -0.538873 -0.109619
448.000000 251.000000 -0.175613 -0.099175
1206.000000 251.000000 0.582752 -0.111545
70.000000 252.000000 -0.586917 -0.110620
200.000000 252.000000 -0.427736 -0.104416
443.000000 252.000000 -0.180301 -0.098320
1208.000000 252.000000 0.585359 -0.110620
106.000000 253.000000 -0.540037 -0.107626
887.000000 253.000000 0.228283 -0.098213
1084.000000 254.000000 0.432862 -0.102670
1217.000000 254.000000 0.597328 -0.109053
169.000000 255.000000 -0.463237 -0.102690
1192.000000 255.000000 0.564083 -0.106620
46.000000 256.000000 -0.619219 -0.107826
61.000000 256.000000 -0.598762 -0.106961
114.000000 256.000000 -0.529794 -0.104165
449.000000 256.000000 -0.174607 -0.094547
1095.000000 256.000000 0.445361 -0.101126
883.000000 257.000000 0.224357 -0.094420
44.000000 258.000000 -0.621861 -0.105835
53.000000 258.000000 -0.609505 -0.105320
102.000000 258.000000 -0.544872 -0.102715
1174.000000 258.000000 0.540743 -0.102611
378.000000 259.000000 -0.242320 -0.092862
67.000000 260.000000 -0.590479 -0.102459
1180.000000 260.000000 0.548306 -0.100862
1114.000000 262.000000 0.467224 -0.095928
49.000000 264.000000 -0.614645 -0.099246
341.000000 264.000000 -0.278602 -0.088888
1053.000000 265.000000 0.397867 -0.090852
54.000000 266.000000 -0.607708 -0.096886
68.000000 266.000000 -0.588831 -0.096171
134.000000 266.000000 -0.504594 -0.093148
341.000000 266.000000 -0.278563 -0.087011
1275.000000 266.000000 0.678141 -0.099702
176.000000 267.000000 -0.454625 -0.090534
1145.000000 267.000000 0.504182 -0.092177
1168.000000 267.000000 0.532725 -0.093158
1231.000000 267.000000 0.615698 -0.096207
1236.000000 267.000000 0.622602 -0.096471
143.000000 268.000000 -0.493593 -0.090778
893.000000 268.000000 0.233827 -0.084357
1059.000000 268.000000 0.404381 -0.088123
70.000000 269.000000 -0.586017 -0.092960
156.000000 270.000000 -0.477964 -0.088287
169.000000 270.000000 -0.462661 -0.087817
1213.000000 270.000000 0.591092 -0.092164
34.000000 272.000000 -0.635000 -0.091610
191.000000 272.000000 -0.437232 -0.085105
220.000000 272.000000 -0.404748 -0.084219
349.000000 272.000000 -0.270517 -0.081238
1053.000000 273.000000 0.397631 -0.083097
105.000000 274.000000 -0.540331 -0.086259
1044.000000 274.000000 0.387777 -0.081882
1076.000000 274.000000 0.423136 -0.082796
1239.000000 274.000000 0.626407 -0.089256
190.000000 275.000000 -0.438276 -0.082194
1057.000000 275.000000 0.401971 -0.081272
1112.000000 275.000000 0.464402 -0.082964
186.000000 276.000000 -0.442811 -0.081338
1073.000000 276.000000 0.419710 -0.080756
1187.000000 276.000000 0.556585 -0.084798
1227.000000 277.000000 0.609717 -0.085535
457.000000 278.000000 -0.166868 -0.074225
1213.000000 278.000000 0.590720 -0.083860
1104.000000 279.000000 0.454946 -0.078753
1188.000000 279.000000 0.557754 -0.081768
1192.000000 279.000000 0.562944 -0.081932
898.000000 280.000000 0.238490 -0.073284
1134.000000 280.000000 0.490353 -0.078741
1211.000000 280.000000 0.587957 -0.081700
1213.000000 280.000000 0.590633 -0.081786
1243.000000 280.000000 0.631696 -0.083129
1016.000000 281.000000 0.357591 -0.074470
1091.000000 282.000000 0.439894 -0.075414
76.000000 283.000000 -0.577450 -0.078230
458.000000 284.000000 -0.165878 -0.068715
1083.000000 284.000000 0.430742 -0.073233
1113.000000 284.000000 0.465286 -0.074094
1179.000000 284.000000 0.545989 -0.076314
1238.000000 284.000000 0.624553 -0.078697
1258.000000 284.000000 0.652689 -0.079587
178.000000 285.000000 -0.451735 -0.072734
1096.000000 285.000000 0.445535 -0.072614
1248.000000 286.000000 0.638437 -0.077027
163.000000 287.000000 -0.469139 -0.071195
177.000000 287.000000 -0.452833 -0.070796
1112.000000 287.000000 0.464026 -0.071101
166.000000 288.000000 -0.465593 -0.070121
1195.000000 288.000000 0.566503 -0.072820
1238.000000 288.000000 0.624384 -0.074500
1240.000000 288.000000 0.627162 -0.074583
83.000000 289.000000 -0.568040 -0.071797
1071.000000 289.000000 0.417126 -0.068052
1079.000000 289.000000 0.426096 -0.068250
1269.000000 289.000000 0.668264 -0.074753
79.000000 290.000000 -0.573237 -0.070916
1081.000000 290.000000 0.428326 -0.067325
8.000000 291.000000 -0.671094 -0.072652
140.000000 292.000000 -0.496391 -0.066902
936.000000 292.000000 0.275570 -0.062648
1091.000000 292.000000 0.439624 -0.065622
221.000000 293.000000 -0.403112 -0.063859
1083.000000 293.000000 0.430512 -0.064449
1167.000000 293.000000 0.530483 -0.066774
193.000000 294.000000 -0.434346 -0.063528
1202.000000 294.000000 0.575472 -0.066910
1027.000000 295.000000 0.368987 -0.061316
1029.000000 295.000000 0.371124 -0.061354
1149.000000 295.000000 0.508095 -0.064217
1103.000000 296.000000 0.453314 -0.061998
1142.000000 297.000000 0.499500 -0.062020
125.000000 298.000000 -0.514517 -0.061329
151.000000 298.000000 -0.483030 -0.060632
344.000000 298.000000 -0.275069 -0.057027
445.000000 298.000000 -0.177924 -0.056000
1033.000000 298.000000 0.375352 -0.058557
1248.000000 302.000000 0.637819 -0.060170
1265.000000 302.000000 0.661987 -0.060756
1136.000000 303.000000 0.492089 -0.055886
161.000000 304.000000 -0.471052 -0.054457
1265.000000 305.000000 0.661884 -0.057570
262.000000 307.000000 -0.358688 -0.049687
1030.000000 307.000000 0.371983 -0.049895
1156.000000 307.000000 0.516392 -0.052375
141.000000 308.000000 -0.494773 -0.050941
178.000000 308.000000 -0.451181 -0.050167
190.000000 308.000000 -0.437452 -0.049936
392.000000 308.000000 -0.228142 -0.047246
1114.000000 308.000000 0.465848 -0.050444
287.000000 309.000000 -0.332549 -0.047441
1128.000000 310.000000 0.482347 -0.048759
1270.000000 310.000000 0.668936 -0.052415
196.000000 311.000000 -0.430603 -0.046906
160.000000 312.000000 -0.472061 -0.046587
1115.000000 312.000000 0.466941 -0.046525
1124.000000 312.000000 0.477552 -0.046699
1180.000000 312.000000 0.546417 -0.047904
157.000000 313.000000 -0.475579 -0.045658
392.000000 313.000000 -0.228101 -0.042634
1220.000000 313.000000 0.598913 -0.047862
41.000000 314.000000 -0.623655 -0.047263
43.000000 314.000000 -0.620895 -0.047211
1180.000000 314.000000 0.546371 -0.045876
264.000000 316.000000 -0.356456 -0.041101
1083.000000 317.000000 0.430040 -0.041085
4.000000 319.000000 -0.675950 -0.042939
190.000000 319.000000 -0.437266 -0.039219
150.000000 320.000000 -0.483757 -0.038865
154.000000 320.000000 -0.479005 -0.038799
161.000000 320.000000 -0.470745 -0.038686
185.000000 320.000000 -0.442946 -0.038318
1114.000000 321.000000 0.465614 -0.037651
152.000000 322.000000 -0.481346 -0.036855
223.000000 322.000000 -0.400421 -0.035869
1150.000000 322.000000 0.508702 -0.037241
896.000000 323.000000 0.236117 -0.033477
1162.000000 323.000000 0.523504 -0.036444
899.000000 324.000000 0.239012 -0.032573
1051.000000 324.000000 0.394435 -0.033895
1267.000000 324.000000 0.664239 -0.037466
1274.000000 325.000000 0.674346 -0.036555
175.000000 326.000000 -0.454349 -0.032594
1129.000000 326.000000 0.483260 -0.032942
1180.000000 326.000000 0.546137 -0.033722
1118.000000 327.000000 0.470221 -0.031805
1157.000000 327.000000 0.517237 -0.032353
159.000000 328.000000 -0.472982 -0.030836
1201.000000 328.000000 0.573290 -0.032035
197.000000 329.000000 -0.429221 -0.029408
1162.000000 330.000000 0.523396 -0.029419
1201.000000 330.000000 0.573258 -0.029990
1086.000000 331.000000 0.433252 -0.027516
105.000000 332.000000 -0.538749 -0.027558
312.000000 332.000000 -0.306768 -0.025569
174.000000 333.000000 -0.455423 -0.025755
96.000000 334.000000 -0.550158 -0.025654
105.000000 334.000000 -0.538723 -0.025541
144.000000 334.000000 -0.490736 -0.025088
1075.000000 334.000000 0.420843 -0.024501
1126.000000 334.000000 0.479592 -0.025000
81.000000 335.000000 -0.569523 -0.024828
146.000000 335.000000 -0.488329 -0.024077
148.000000 336.000000 -0.485929 -0.023067
1158.000000 336.000000 0.518358 -0.023356
106.000000 337.000000 -0.537427 -0.022506
254.000000 337.000000 -0.366838 -0.021231
1242.000000 338.000000 0.628593 -0.022304
1174.000000 339.000000 0.538344 -0.020510
103.000000 340.000000 -0.541186 -0.019512
938.000000 340.000000 0.277118 -0.017955
1180.000000 340.000000 0.545954 -0.019559
99.000000 341.000000 -0.546255 -0.018540
1101.000000 341.000000 0.450295 -0.017905
1106.000000 341.000000 0.456071 -0.017941
1144.000000 341.000000 0.501144 -0.018234
1188.000000 341.000000 0.556202 -0.018622
933.000000 342.000000 0.272162 -0.016077
941.000000 342.000000 0.280088 -0.016106
261.000000 343.000000 -0.359390 -0.015489
1084.000000 343.000000 0.430892 -0.015846
1185.000000 343.000000 0.552324 -0.016567
944.000000 344.000000 0.283064 -0.014255
1037.000000 344.000000 0.379110 -0.014631
1069.000000 344.000000 0.414082 -0.014793
1147.000000 344.000000 0.504773 -0.015272
1027.000000 346.000000 0.368398 -0.012680
1136.000000 347.000000 0.491435 -0.012224
946.000000 348.000000 0.285045 -0.010537
271.000000 349.000000 -0.348858 -0.009765
944.000000 349.000000 0.283050 -0.009601
1199.000000 350.000000 0.570429 -0.009543
1142.000000 351.000000 0.498657 -0.008284
509.000000 352.000000 -0.118457 -0.006614
1199.000000 352.000000 0.570420 -0.007502
1127.000000 354.000000 0.480649 -0.005268
1112.000000 355.000000 0.462984 -0.004252
143.000000 356.000000 -0.491798 -0.003307
171.000000 357.000000 -0.458761 -0.002286
173.000000 357.000000 -0.456444 -0.002283
99.000000 358.000000 -0.546170 -0.001363
834.000000 358.000000 0.177082 -0.001192
1034.000000 358.000000 0.375852 -0.001263
1105.000000 358.000000 0.454846 -0.001305
1145.000000 358.000000 0.502283 -0.001334
1258.000000 358.000000 0.650968 -0.001441
167.000000 359.000000 -0.463410 -0.000329
920.000000 359.000000 0.259341 -0.000289
1122.000000 360.000000 0.474718 0.000653
1162.000000 360.000000 0.523191 0.000656
186.000000 361.000000 -0.441513 0.001623
190.000000 361.000000 -0.436965 0.001621
188.000000 362.000000 -0.439237 0.002594
1128.000000 362.000000 0.481833 0.002627
1148.000000 362.000000 0.505939 0.002647
1207.000000 362.000000 0.580939 0.002710
185.000000 363.000000 -0.442656 0.003570
1236.000000 365.000000 0.620149 0.005865
138.000000 366.000000 -0.497825 0.006608
140.000000 366.000000 -0.495412 0.006603
953.000000 366.000000 0.292029 0.006235
1232.000000 366.000000 0.614648 0.006892
1100.000000 367.000000 0.449087 0.007483
1156.000000 367.000000 0.515769 0.007652
517.000000 369.000000 -0.111138 0.008775
976.000000 369.000000 0.315274 0.009083
11.000000 370.000000 -0.665361 0.011251
226.000000 370.000000 -0.396927 0.010241
228.000000 370.000000 -0.394746 0.010234
974.000000 370.000000 0.313239 0.010016
3.000000 371.000000 -0.676927 0.012363
959.000000 371.000000 0.298063 0.010914
1227.000000 371.000000 0.607836 0.012051
275.000000 372.000000 -0.344685 0.011983
519.000000 372.000000 -0.109313 0.011488
1124.000000 372.000000 0.477114 0.012480
201.000000 373.000000 -0.424591 0.013230
7.000000 374.000000 -0.671155 0.015519
9.000000 374.000000 -0.668269 0.015502
225.000000 374.000000 -0.398035 0.014084
522.000000 374.000000 -0.106575 0.013295
230.000000 375.000000 -0.392589 0.015019
1127.000000 375.000000 0.480691 0.015456
471.000000 376.000000 -0.153477 0.015179
1120.000000 376.000000 0.472412 0.016397
77.000000 377.000000 -0.574675 0.018024
219.000000 378.000000 -0.404634 0.017959
1076.000000 378.000000 0.421905 0.018063
1099.000000 378.000000 0.447991 0.018215
214.000000 379.000000 -0.410153 0.018953
216.000000 379.000000 -0.407945 0.018941
220.000000 380.000000 -0.403548 0.019877
159.000000 381.000000 -0.472869 0.021312
522.000000 381.000000 -0.106584 0.019629
205.000000 382.000000 -0.420172 0.021913
217.000000 382.000000 -0.406863 0.021823
42.000000 383.000000 -0.621829 0.024596
209.000000 383.000000 -0.415724 0.022848
1155.000000 384.000000 0.514657 0.024636
39.000000 385.000000 -0.626002 0.026721
971.000000 385.000000 0.310253 0.024066
213.000000 386.000000 -0.411313 0.025710
1142.000000 386.000000 0.498790 0.026484
1159.000000 386.000000 0.519624 0.026683
1169.000000 386.000000 0.532102 0.026805
1258.000000 386.000000 0.651171 0.028056
204.000000 388.000000 -0.421341 0.027726
208.000000 388.000000 -0.416880 0.027687
217.000000 388.000000 -0.406913 0.027601
1080.000000 388.000000 0.426476 0.027783
1109.000000 388.000000 0.459641 0.028088
1166.000000 388.000000 0.528367 0.028778
103.000000 389.000000 -0.541297 0.029910
140.000000 389.000000 -0.495587 0.029418
226.000000 389.000000 -0.397048 0.028479
190.000000 390.000000 -0.437131 0.029812
1160.000000 390.000000 0.520917 0.030704
141.000000 391.000000 -0.494408 0.031390
1085.000000 391.000000 0.432148 0.030748
1089.000000 391.000000 0.436683 0.030793
1147.000000 391.000000 0.504933 0.031523
1024.000000 392.000000 0.365331 0.031081
244.000000 393.000000 -0.377603 0.032135
266.000000 393.000000 -0.354238 0.031923
1161.000000 393.000000 0.522203 0.033727
1177.000000 393.000000 0.542308 0.033979
1175.000000 394.000000 0.539787 0.034956
267.000000 395.000000 -0.353207 0.033811
1104.000000 395.000000 0.453928 0.034885
1179.000000 395.000000 0.544886 0.036034
205.000000 396.000000 -0.420314 0.035457
1099.000000 396.000000 0.448176 0.035795
1233.000000 396.000000 0.616380 0.038076
1127.000000 397.000000 0.480930 0.037185
3.000000 398.000000 -0.677334 0.041099
74.000000 399.000000 -0.578945 0.040579
1168.000000 399.000000 0.531048 0.039876
1066.000000 400.000000 0.410986 0.039230
261.000000 401.000000 -0.359591 0.039573
1217.000000 401.000000 0.594735 0.042915
1097.000000 404.000000 0.446000 0.043583
155.000000 405.000000 -0.477915 0.045026
218.000000 405.000000 -0.406018 0.043974
1185.000000 405.000000 0.552762 0.046292
162.000000 406.000000 -0.469682 0.045883
1069.000000 407.000000 0.414421 0.046041
1191.000000 407.000000 0.560552 0.048466
895.000000 408.000000 0.235236 0.044897
1201.000000 408.000000 0.573631 0.049733
1252.000000 408.000000 0.643151 0.051100
204.000000 409.000000 -0.421624 0.048066
1183.000000 409.000000 0.550288 0.050308
279.000000 410.000000 -0.340837 0.047886
1124.000000 411.000000 0.477623 0.050972
208.000000 412.000000 -0.417211 0.050904
1094.000000 412.000000 0.442707 0.051347
1076.000000 413.000000 0.422342 0.051978
1117.000000 413.000000 0.469400 0.052798
204.000000 414.000000 -0.421714 0.052916
1185.000000 414.000000 0.552984 0.055441
162.000000 416.000000 -0.469887 0.055740
195.000000 416.000000 -0.431874 0.055036
972.000000 416.000000 0.311571 0.053179
1077.000000 416.000000 0.423522 0.054911
1182.000000 416.000000 0.549189 0.057392
188.000000 417.000000 -0.439837 0.056155
148.000000 418.000000 -0.486521 0.058047
156.000000 418.000000 -0.477007 0.057854
1212.000000 418.000000 0.588490 0.060324
146.000000 419.000000 -0.488939 0.059090
258.000000 419.000000 -0.363025 0.056755
1241.000000 419.000000 0.628073 0.062311
1265.000000 420.000000 0.662066 0.064213
176.000000 421.000000 -0.453693 0.060338
255.000000 421.000000 -0.366245 0.058716
1170.000000 421.000000 0.534087 0.062117
145.000000 422.000000 -0.490216 0.062097
231.000000 422.000000 -0.392078 0.060124
261.000000 422.000000 -0.359900 0.059563
1087.000000 422.000000 0.434940 0.060965
1210.000000 422.000000 0.585950 0.064386
979.000000 423.000000 0.318816 0.059873
1097.000000 423.000000 0.446384 0.062175
1168.000000 423.000000 0.531629 0.064080
145.000000 424.000000 -0.490269 0.064086
1095.000000 424.000000 0.444113 0.063107
1129.000000 424.000000 0.483885 0.063973
1151.000000 424.000000 0.510533 0.064586
250.000000 425.000000 -0.371649 0.062632
252.000000 425.000000 -0.369514 0.062594
1084.000000 425.000000 0.431608 0.063823
1086.000000 425.000000 0.433874 0.063870
1138.000000 425.000000 0.494723 0.065215
1074.000000 426.000000 0.420373 0.064563
1076.000000 426.000000 0.422615 0.064610
1162.000000 426.000000 0.524208 0.066925
194.000000 427.000000 -0.433249 0.065780
1083.000000 427.000000 0.430524 0.065749
994.000000 428.000000 0.334350 0.064851
436.000000 429.000000 -0.186446 0.063763
977.000000 429.000000 0.316868 0.065501
1090.000000 429.000000 0.438522 0.067877
1004.000000 430.000000 0.344798 0.066933
1210.000000 430.000000 0.586233 0.072643
1179.000000 431.000000 0.545823 0.072545
1188.000000 431.000000 0.557386 0.072863
1215.000000 431.000000 0.592962 0.073868
470.000000 433.000000 -0.154682 0.067135
1177.000000 433.000000 0.543343 0.074508
1183.000000 433.000000 0.551016 0.074724
123.000000 434.000000 -0.517367 0.074760
1070.000000 435.000000 0.416123 0.073213
1192.000000 435.000000 0.562721 0.077104
208.000000 436.000000 -0.417741 0.074193
237.000000 436.000000 -0.385869 0.073469
986.000000 436.000000 0.326232 0.072280
1067.000000 436.000000 0.412808 0.074107
1151.000000 436.000000 0.510912 0.076629
123.000000 437.000000 -0.517471 0.077779
1193.000000 437.000000 0.564100 0.079192
235.000000 438.000000 -0.388085 0.075443
1137.000000 438.000000 0.493917 0.078157
219.000000 439.000000 -0.405616 0.076816
237.000000 439.000000 -0.385942 0.076358
1152.000000 439.000000 0.512248 0.079680
1196.000000 439.000000 0.568096 0.081365
1228.000000 439.000000 0.610917 0.082728
122.000000 440.000000 -0.518816 0.080837
257.000000 440.000000 -0.364509 0.076839
1080.000000 440.000000 0.427478 0.078357
1192.000000 440.000000 0.562919 0.082228
219.000000 441.000000 -0.405670 0.078754
1222.000000 441.000000 0.602829 0.084547
163.000000 442.000000 -0.469434 0.081408
1158.000000 442.000000 0.519780 0.082924
1183.000000 442.000000 0.551363 0.083908
1085.000000 443.000000 0.433225 0.081437
1139.000000 443.000000 0.496511 0.083226
1187.000000 443.000000 0.556559 0.085096
1224.000000 443.000000 0.605639 0.086724
128.000000 444.000000 -0.511563 0.084642
996.000000 444.000000 0.336747 0.080079
1114.000000 444.000000 0.466730 0.083349
1153.000000 444.000000 0.513666 0.084750
1103.000000 445.000000 0.453931 0.083970
1225.000000 445.000000 0.607095 0.088858
130.000000 446.000000 -0.509185 0.086577
211.000000 446.000000 -0.414676 0.083837
1000.000000 446.000000 0.340958 0.082073
1106.000000 446.000000 0.457447 0.085057
1151.000000 446.000000 0.511278 0.086688
1201.000000 446.000000 0.574963 0.088786
1221.000000 448.000000 0.601800 0.091798
135.000000 452.000000 -0.503310 0.092411
1241.000000 453.000000 0.629568 0.098069
1259.000000 453.000000 0.654988 0.099056
228.000000 454.000000 -0.396153 0.091097
1051.000000 454.000000 0.395659 0.091119
1122.000000 454.000000 0.476538 0.093571
283.000000 455.000000 -0.337544 0.090535
996.000000 455.000000 0.337008 0.090551
136.000000 456.000000 -0.502257 0.096390
230.000000 456.000000 -0.394027 0.092974
287.000000 456.000000 -0.333416 0.091387
314.000000 456.000000 -0.305734 0.090745
1242.000000 456.000000 0.631128 0.101292
318.000000 457.000000 -0.301705 0.091600
1102.000000 457.000000 0.453194 0.095784
201.000000 458.000000 -0.426260 0.095874
271.000000 458.000000 -0.350167 0.093713
997.000000 458.000000 0.338126 0.093437
143.000000 459.000000 -0.493898 0.099105
233.000000 460.000000 -0.390879 0.096756
291.000000 460.000000 -0.329378 0.095094
998.000000 460.000000 0.339221 0.095372
1092.000000 460.000000 0.441782 0.098371
1255.000000 460.000000 0.649688 0.106288
6.000000 461.000000 -0.675655 0.108376
339.000000 461.000000 -0.280710 0.094910
430.000000 461.000000 -0.192481 0.093305
1174.000000 461.000000 0.540713 0.102910
1230.000000 461.000000 0.614777 0.105887
140.000000 462.000000 -0.497657 0.102248
143.000000 462.000000 -0.494028 0.102115
201.000000 462.000000 -0.426402 0.099793
342.000000 462.000000 -0.277744 0.095786
209.000000 463.000000 -0.417460 0.100485
112.000000 464.000000 -0.532326 0.105582
200.000000 464.000000 -0.427604 0.101792
225.000000 464.000000 -0.399765 0.100903
228.000000 464.000000 -0.396473 0.100801
890.000000 464.000000 0.231138 0.096749
936.000000 465.000000 0.276247 0.098599
197.000000 466.000000 -0.431071 0.103869
225.000000 466.000000 -0.399834 0.102848
1015.000000 466.000000 0.357258 0.101604
1000.000000 467.000000 0.341504 0.102119
410.000000 468.000000 -0.211609 0.100098
923.000000 468.000000 0.263435 0.101135
1017.000000 468.000000 0.359440 0.103589
138.000000 469.000000 -0.500409 0.109385
329.000000 469.000000 -0.290898 0.102679
1255.000000 469.000000 0.650249 0.115893
1186.000000 470.000000 0.556579 0.112772
1271.000000 470.000000 0.673329 0.118025
482.000000 471.000000 -0.143910 0.101864
281.000000 472.000000 -0.340095 0.106828
146.000000 473.000000 -0.490917 0.113028
341.000000 473.000000 -0.278989 0.106166
485.000000 473.000000 -0.141151 0.103670
1107.000000 473.000000 0.459669 0.111857
339.000000 474.000000 -0.281007 0.107157
285.000000 475.000000 -0.336018 0.109579
354.000000 475.000000 -0.266137 0.107745
1210.000000 475.000000 0.588471 0.119368
288.000000 476.000000 -0.332932 0.110445
347.000000 476.000000 -0.273093 0.108850
349.000000 476.000000 -0.271109 0.108803
1235.000000 476.000000 0.622607 0.122025
426.000000 477.000000 -0.196518 0.108188
1097.000000 477.000000 0.448232 0.115384
349.000000 478.000000 -0.271157 0.110687
1095.000000 478.000000 0.445970 0.116286
1101.000000 478.000000 0.452909 0.116558
1018.000000 479.000000 0.360863 0.114222
137.000000 480.000000 -0.502180 0.120544
306.000000 480.000000 -0.314505 0.113728
367.000000 480.000000 -0.253457 0.112147
404.000000 480.000000 -0.217572 0.111373
437.000000 480.000000 -0.186149 0.110792
791.000000 480.000000 0.137844 0.110087
1156.000000 480.000000 0.519069 0.121349
1234.000000 481.000000 0.621560 0.127256
1171.000000 482.000000 0.538037 0.124254
1177.000000 482.000000 0.545688 0.124611
1195.000000 482.000000 0.569022 0.125721
298.000000 483.000000 -0.322808 0.116832
778.000000 484.000000 0.125864 0.113624
999.000000 485.000000 0.341023 0.119353
301.000000 486.000000 -0.319814 0.119606
901.000000 486.000000 0.242262 0.117544
1141.000000 486.000000 0.500916 0.126611
150.000000 488.000000 -0.486875 0.127928
258.000000 488.000000 -0.364900 0.123008
1164.000000 488.000000 0.529546 0.129990
1079.000000 490.000000 0.428235 0.127436
232.000000 491.000000 -0.393117 0.126962
468.000000 491.000000 -0.157202 0.120508
1143.000000 491.000000 0.503647 0.131800
1224.000000 491.000000 0.608504 0.137136
238.000000 492.000000 -0.386610 0.127688
1020.000000 492.000000 0.363470 0.126872
1122.000000 492.000000 0.478320 0.131621
1188.000000 492.000000 0.560526 0.135654
1268.000000 492.000000 0.670599 0.141596
1144.000000 493.000000 0.504991 0.133893
296.000000 494.000000 -0.325229 0.127431
1190.000000 494.000000 0.563269 0.137869
1276.000000 494.000000 0.682419 0.144421
1148.000000 495.000000 0.510033 0.136172
1169.000000 495.000000 0.536307 0.137499
1219.000000 495.000000 0.601980 0.140997
153.000000 496.000000 -0.483723 0.135835
1133.000000 496.000000 0.491764 0.136289
1269.000000 496.000000 0.672377 0.146020
173.000000 497.000000 -0.460110 0.135727
175.000000 497.000000 -0.457774 0.135620
248.000000 497.000000 -0.375984 0.132148
1113.000000 497.000000 0.467916 0.136155
1133.000000 498.000000 0.491883 0.138317
1274.000000 499.000000 0.679913 0.149706
156.000000 500.000000 -0.480366 0.139701
396.000000 501.000000 -0.225724 0.131201
399.000000 501.000000 -0.222828 0.131131
1089.000000 501.000000 0.440192 0.138857
1178.000000 501.000000 0.548207 0.144309
1180.000000 501.000000 0.550782 0.144449
362.000000 502.000000 -0.258927 0.133014
1129.000000 502.000000 0.487292 0.142132
1225.000000 502.000000 0.610715 0.148880
1241.000000 502.000000 0.632908 0.150178
1275.000000 502.000000 0.681634 0.153068
1107.000000 503.000000 0.461192 0.141847
309.000000 504.000000 -0.312205 0.136576
1104.000000 504.000000 0.457736 0.142680
1159.000000 504.000000 0.524293 0.146100
1146.000000 505.000000 0.508200 0.146260
1213.000000 505.000000 0.594621 0.151108
1227.000000 505.000000 0.613706 0.152234
1235.000000 505.000000 0.624777 0.152894
185.000000 506.000000 -0.446661 0.144079
522.000000 506.000000 -0.107366 0.133692
1157.000000 506.000000 0.521924 0.148021
33.000000 507.000000 -0.640449 0.155873
340.000000 507.000000 -0.280929 0.138413
831.000000 507.000000 0.175640 0.135730
1176.000000 507.000000 0.546066 0.150393
1081.000000 510.000000 0.431526 0.147398
1091.000000 510.000000 0.442986 0.147956
893.000000 511.000000 0.235089 0.140887
1191.000000 511.000000 0.565824 0.155696
1110.000000 512.000000 0.465254 0.151089
190.000000 513.000000 -0.441297 0.150801
381.000000 513.000000 -0.240595 0.142898
439.000000 513.000000 -0.184863 0.141506
1134.000000 513.000000 0.494044 0.153640
396.000000 514.000000 -0.226045 0.143442
398.000000 514.000000 -0.224110 0.143391
1274.000000 514.000000 0.681260 0.166117
188.000000 515.000000 -0.443715 0.152920
1227.000000 515.000000 0.614553 0.162911
441.000000 516.000000 -0.183031 0.144275
1184.000000 516.000000 0.557080 0.160383
186.000000 517.000000 -0.446141 0.155045
958.000000 517.000000 0.299879 0.148648
1009.000000 517.000000 0.352810 0.150717
443.000000 519.000000 -0.181200 0.147046
1037.000000 520.000000 0.383046 0.154987
1092.000000 520.000000 0.444730 0.158046
1158.000000 520.000000 0.524182 0.162538
1169.000000 520.000000 0.538094 0.163380
408.000000 521.000000 -0.214644 0.149741
36.000000 522.000000 -0.637576 0.171789
308.000000 522.000000 -0.313904 0.153937
903.000000 522.000000 0.245168 0.151592
1145.000000 522.000000 0.508147 0.163636
1232.000000 522.000000 0.622101 0.170871
248.000000 524.000000 -0.377229 0.158587
251.000000 524.000000 -0.373985 0.158436
1248.000000 524.000000 0.644751 0.174548
379.000000 526.000000 -0.242926 0.155287
1162.000000 527.000000 0.529763 0.170111
1171.000000 527.000000 0.541206 0.170838
61.000000 528.000000 -0.603555 0.175910
261.000000 528.000000 -0.363432 0.161869
1249.000000 528.000000 0.646563 0.178996
363.000000 529.000000 -0.258761 0.158654
1101.000000 529.000000 0.455771 0.167702
1125.000000 529.000000 0.484265 0.169366
1173.000000 529.000000 0.543933 0.173095
420.000000 530.000000 -0.203352 0.157935
295.000000 531.000000 -0.327715 0.163207
1032.000000 531.000000 0.378177 0.165577
44.000000 532.000000 -0.627345 0.181837
422.000000 532.000000 -0.201488 0.159774
814.000000 532.000000 0.160124 0.158806
1046.000000 532.000000 0.393547 0.167333
405.000000 533.000000 -0.217857 0.161177
553.000000 533.000000 -0.079186 0.158429
1040.000000 533.000000 0.387011 0.167990
1175.000000 533.000000 0.546842 0.177457
1009.000000 534.000000 0.353613 0.167346
191.000000 535.000000 -0.441503 0.172855
194.000000 535.000000 -0.438052 0.172659
396.000000 535.000000 -0.226628 0.163336
1172.000000 535.000000 0.543159 0.179297
1235.000000 535.000000 0.627536 0.185201
342.000000 536.000000 -0.279931 0.166112
424.000000 536.000000 -0.199677 0.163507
562.000000 536.000000 -0.070968 0.161141
380.000000 537.000000 -0.242291 0.165737
1187.000000 537.000000 0.562779 0.182733
1189.000000 537.000000 0.565402 0.182916
548.000000 538.000000 -0.083823 0.163142
580.000000 538.000000 -0.054523 0.162864
995.000000 538.000000 0.339008 0.170579
201.000000 539.000000 -0.430302 0.176234
423.000000 539.000000 -0.200713 0.166375
1184.000000 539.000000 0.559039 0.184576
69.000000 540.000000 -0.593857 0.187999
1036.000000 540.000000 0.383030 0.174710
1125.000000 540.000000 0.485086 0.180652
322.000000 541.000000 -0.300361 0.171746
337.000000 541.000000 -0.285156 0.171128
550.000000 541.000000 -0.082019 0.165924
912.000000 541.000000 0.254647 0.170025
1243.000000 541.000000 0.639395 0.192555
1263.000000 541.000000 0.668001 0.194705
320.000000 544.000000 -0.302531 0.174743
1115.000000 544.000000 0.473388 0.183993
1122.000000 544.000000 0.481779 0.184534
318.000000 545.000000 -0.304619 0.175803
1042.000000 545.000000 0.389900 0.180037
1110.000000 545.000000 0.467514 0.184638
201.000000 546.000000 -0.430770 0.183299
266.000000 546.000000 -0.359016 0.179334
994.000000 546.000000 0.338353 0.178373
631.000000 548.000000 -0.008053 0.171992
1045.000000 548.000000 0.393388 0.183215
411.000000 549.000000 -0.212530 0.176223
570.000000 549.000000 -0.063755 0.173217
1196.000000 549.000000 0.575796 0.196355
276.000000 550.000000 -0.348587 0.182744
301.000000 551.000000 -0.322416 0.182448
387.000000 551.000000 -0.235904 0.178903
985.000000 551.000000 0.329172 0.182828
1125.000000 551.000000 0.485962 0.191996
1188.000000 551.000000 0.565420 0.197696
389.000000 552.000000 -0.233983 0.179794
119.000000 553.000000 -0.529779 0.197050
377.000000 553.000000 -0.245784 0.181174
393.000000 553.000000 -0.230113 0.180618
1175.000000 553.000000 0.548666 0.198553
348.000000 554.000000 -0.274623 0.183257
440.000000 554.000000 -0.184877 0.180167
553.000000 554.000000 -0.079402 0.178072
829.000000 554.000000 0.174780 0.179924
1030.000000 554.000000 0.377311 0.188288
1099.000000 554.000000 0.455222 0.193016
204.000000 555.000000 -0.427973 0.192203
259.000000 555.000000 -0.367037 0.188647
976.000000 555.000000 0.320002 0.186303
1147.000000 555.000000 0.513320 0.198050
1199.000000 555.000000 0.580404 0.203091
398.000000 556.000000 -0.225344 0.183328
1215.000000 556.000000 0.602117 0.205869
144.000000 557.000000 -0.499016 0.198997
241.000000 557.000000 -0.386732 0.191737
1230.000000 558.000000 0.623022 0.209708
260.000000 559.000000 -0.366196 0.192567
395.000000 559.000000 -0.228367 0.186310
373.000000 560.000000 -0.249987 0.188070
467.000000 560.000000 -0.159449 0.185198
1111.000000 560.000000 0.469890 0.200142
1232.000000 560.000000 0.626039 0.212125
1138.000000 561.000000 0.502706 0.203516
1153.000000 561.000000 0.521384 0.204904
316.000000 562.000000 -0.307462 0.192493
576.000000 562.000000 -0.058366 0.185371
947.000000 562.000000 0.290565 0.191762
890.000000 563.000000 0.233792 0.190392
982.000000 563.000000 0.326660 0.194481
1103.000000 563.000000 0.460645 0.202579
1225.000000 563.000000 0.616648 0.214607
1272.000000 563.000000 0.683663 0.220220
462.000000 564.000000 -0.164264 0.189122
953.000000 564.000000 0.296770 0.193999
1063.000000 564.000000 0.414548 0.200528
1197.000000 564.000000 0.578689 0.212566
1049.000000 565.000000 0.398931 0.200555
1117.000000 565.000000 0.477494 0.205826
1125.000000 565.000000 0.487158 0.206527
482.000000 566.000000 -0.145478 0.190561
983.000000 566.000000 0.327867 0.197497
1273.000000 566.000000 0.685500 0.223710
365.000000 567.000000 -0.258189 0.195165
392.000000 567.000000 -0.231578 0.194120
474.000000 567.000000 -0.153018 0.191692
926.000000 567.000000 0.269600 0.195697
1014.000000 567.000000 0.360793 0.200284
1018.000000 567.000000 0.365102 0.200531
1032.000000 567.000000 0.380313 0.201426
1215.000000 567.000000 0.603344 0.217827
1222.000000 567.000000 0.612963 0.218636
1227.000000 567.000000 0.619887 0.219221
196.000000 568.000000 -0.438120 0.206050
572.000000 568.000000 -0.062089 0.191062
1050.000000 568.000000 0.400253 0.203656
1125.000000 568.000000 0.487427 0.209655
1057.000000 569.000000 0.408154 0.205169
261.000000 570.000000 -0.365793 0.203488
392.000000 570.000000 -0.231688 0.197018
1055.000000 571.000000 0.406056 0.207054
1166.000000 571.000000 0.538880 0.216785
597.000000 572.000000 -0.039192 0.194651
1216.000000 572.000000 0.605295 0.223404
489.000000 573.000000 -0.139065 0.197071
600.000000 573.000000 -0.036449 0.195579
1054.000000 573.000000 0.405081 0.209012
435.000000 574.000000 -0.190219 0.199427
544.000000 574.000000 -0.087939 0.197057
546.000000 574.000000 -0.086092 0.197030
577.000000 575.000000 -0.057560 0.197635
1216.000000 575.000000 0.605651 0.226689
930.000000 576.000000 0.274021 0.204664
1062.000000 576.000000 0.414308 0.212664
233.000000 577.000000 -0.396918 0.212436
274.000000 577.000000 -0.352278 0.209677
460.000000 577.000000 -0.166490 0.201593
551.000000 577.000000 -0.081516 0.199811
1108.000000 577.000000 0.467777 0.217506
1134.000000 577.000000 0.499277 0.219931
1146.000000 577.000000 0.514169 0.221118
452.000000 578.000000 -0.174113 0.202772
1161.000000 578.000000 0.533218 0.223728
1262.000000 578.000000 0.670986 0.235790
476.000000 579.000000 -0.151420 0.203100
486.000000 579.000000 -0.142013 0.202865
533.000000 579.000000 -0.098188 0.201966
550.000000 579.000000 -0.082465 0.201723
1129.000000 579.000000 0.493332 0.221552
479.000000 580.000000 -0.148619 0.203985
997.000000 581.000000 0.343493 0.213224
1118.000000 581.000000 0.480146 0.222602
1200.000000 581.000000 0.584637 0.231342
1235.000000 581.000000 0.632787 0.235656
616.000000 582.000000 -0.021832 0.204030
1072.000000 582.000000 0.426158 0.219600
1153.000000 582.000000 0.523483 0.227151
601.000000 583.000000 -0.035588 0.205047
1001.000000 583.000000 0.347875 0.215478
1125.000000 583.000000 0.488833 0.225373
1132.000000 583.000000 0.497406 0.226061
1146.000000 583.000000 0.514782 0.227483
929.000000 584.000000 0.273392 0.212464
1128.000000 584.000000 0.492596 0.226720
602.000000 585.000000 -0.034682 0.206941
1161.000000 585.000000 0.533971 0.231216
1260.000000 585.000000 0.669013 0.243406
504.000000 586.000000 -0.125301 0.209170
498.000000 587.000000 -0.130937 0.210255
874.000000 587.000000 0.219054 0.213034
1268.000000 587.000000 0.680923 0.246749
934.000000 588.000000 0.278636 0.216647
1101.000000 589.000000 0.460549 0.229381
281.000000 590.000000 -0.345643 0.222268
306.000000 590.000000 -0.319320 0.220720
1140.000000 590.000000 0.508022 0.234301
1142.000000 590.000000 0.510515 0.234512
1257.000000 590.000000 0.665349 0.248641
585.000000 591.000000 -0.050343 0.212772
600.000000 591.000000 -0.036553 0.212664
613.000000 591.000000 -0.024616 0.212599
1066.000000 591.000000 0.420048 0.228371
1224.000000 591.000000 0.618699 0.245342
501.000000 592.000000 -0.128236 0.214988
1111.000000 592.000000 0.472768 0.233477
1246.000000 592.000000 0.649825 0.249395
509.000000 593.000000 -0.120772 0.215778
572.000000 593.000000 -0.062334 0.214803
847.000000 593.000000 0.193123 0.217890
1184.000000 593.000000 0.564761 0.242507
984.000000 594.000000 0.330560 0.225434
1238.000000 594.000000 0.638729 0.250554
598.000000 595.000000 -0.038416 0.216494
605.000000 595.000000 -0.031982 0.216453
289.000000 596.000000 -0.337542 0.227784
555.000000 596.000000 -0.078068 0.217875
945.000000 596.000000 0.290238 0.225140
1003.000000 596.000000 0.350871 0.228696
1161.000000 596.000000 0.535206 0.243046
1226.000000 596.000000 0.622145 0.251173
1064.000000 597.000000 0.418277 0.234397
1190.000000 597.000000 0.573206 0.247614
894.000000 598.000000 0.239129 0.224604
804.000000 599.000000 0.152283 0.222385
494.000000 600.000000 -0.134987 0.222852
549.000000 600.000000 -0.083680 0.221796
989.000000 600.000000 0.336228 0.231793
1027.000000 600.000000 0.377174 0.234493
1176.000000 600.000000 0.555100 0.249164
1178.000000 600.000000 0.557719 0.249409
500.000000 601.000000 -0.129375 0.223676
1167.000000 601.000000 0.543516 0.249164
1050.000000 603.000000 0.402947 0.239411
1068.000000 603.000000 0.423369 0.240966
564.000000 604.000000 -0.069847 0.225437
599.000000 604.000000 -0.037554 0.225106
607.000000 604.000000 -0.030190 0.225059
855.000000 604.000000 0.201240 0.228893
517.000000 606.000000 -0.113562 0.228135
855.000000 606.000000 0.201315 0.230850
1069.000000 606.000000 0.424786 0.244178
1182.000000 606.000000 0.563733 0.256475
1235.000000 606.000000 0.636153 0.263628
567.000000 607.000000 -0.067109 0.228287
969.000000 607.000000 0.315659 0.237551
44.000000 608.000000 -0.636485 0.265702
589.000000 608.000000 -0.046800 0.229025
1004.000000 608.000000 0.352791 0.240941
1127.000000 609.000000 0.493987 0.253176
568.000000 610.000000 -0.066220 0.231166
1138.000000 610.000000 0.507733 0.255491
1140.000000 610.000000 0.510233 0.255722
1203.000000 610.000000 0.592384 0.263659
674.000000 611.000000 0.031461 0.231804
1095.000000 611.000000 0.455575 0.251915
488.000000 612.000000 -0.140941 0.234630
672.000000 612.000000 0.029623 0.232756
856.000000 613.000000 0.202555 0.237756
1200.000000 613.000000 0.588725 0.266588
1255.000000 613.000000 0.665746 0.274487
522.000000 614.000000 -0.109052 0.235778
1008.000000 614.000000 0.357550 0.247364
1053.000000 614.000000 0.407278 0.251070
1067.000000 614.000000 0.423226 0.252347
489.000000 615.000000 -0.140077 0.237524
627.000000 615.000000 -0.011819 0.235571
675.000000 615.000000 0.032407 0.235668
548.000000 616.000000 -0.084852 0.237245
608.000000 616.000000 -0.029333 0.236607
1014.000000 616.000000 0.364210 0.249877
1075.000000 616.000000 0.432643 0.255206
1167.000000 616.000000 0.545374 0.265532
118.000000 617.000000 -0.538011 0.265737
494.000000 617.000000 -0.135410 0.239342
951.000000 617.000000 0.297616 0.246496
588.000000 618.000000 -0.047810 0.238684
1120.000000 618.000000 0.486406 0.262043
1149.000000 618.000000 0.522527 0.265460
19.000000 619.000000 -0.673827 0.281902
496.000000 619.000000 -0.133576 0.241241
513.000000 619.000000 -0.117588 0.240830
931.000000 619.000000 0.277259 0.247317
39.000000 620.000000 -0.645302 0.280033
1067.000000 620.000000 0.423795 0.258638
1152.000000 620.000000 0.526589 0.268012
1274.000000 620.000000 0.694516 0.285425
60.000000 621.000000 -0.616005 0.278068
109.000000 621.000000 -0.550169 0.271281
525.000000 621.000000 -0.106389 0.242519
1015.000000 621.000000 0.365696 0.255101
1125.000000 621.000000 0.492886 0.265844
1146.000000 621.000000 0.519096 0.268358
1171.000000 621.000000 0.551232 0.271550
107.000000 622.000000 -0.552909 0.272646
510.000000 622.000000 -0.120473 0.243823
1163.000000 622.000000 0.540965 0.271604
1262.000000 622.000000 0.677263 0.285886
504.000000 623.000000 -0.126140 0.244944
533.000000 623.000000 -0.098951 0.244308
1010.000000 623.000000 0.360416 0.256762
1064.000000 623.000000 0.420638 0.261503
1067.000000 623.000000 0.424085 0.261793
1129.000000 623.000000 0.498061 0.268473
378.000000 624.000000 -0.247882 0.250659
476.000000 624.000000 -0.152648 0.246691
518.000000 624.000000 -0.113010 0.245593
531.000000 624.000000 -0.100839 0.245322
893.000000 624.000000 0.239356 0.250287
1121.000000 624.000000 0.488318 0.268615
643.000000 625.000000 0.002925 0.245238
1011.000000 626.000000 0.361744 0.259937
517.000000 627.000000 -0.114015 0.248546
570.000000 627.000000 -0.064576 0.247615
643.000000 627.000000 0.002926 0.247180
952.000000 627.000000 0.299281 0.256669
1063.000000 627.000000 0.419879 0.265617
452.000000 628.000000 -0.175708 0.251419
497.000000 628.000000 -0.132868 0.250018
519.000000 628.000000 -0.112161 0.249480
554.000000 628.000000 -0.079460 0.248816
603.000000 628.000000 -0.034022 0.248271
617.000000 628.000000 -0.021083 0.248196
509.000000 629.000000 -0.121581 0.250692
550.000000 629.000000 -0.083201 0.249856
590.000000 629.000000 -0.046059 0.249346
1013.000000 629.000000 0.364167 0.263203
1168.000000 629.000000 0.548386 0.279989
595.000000 630.000000 -0.041438 0.250277
1002.000000 630.000000 0.352313 0.263344
1157.000000 630.000000 0.534275 0.279623
1161.000000 630.000000 0.539432 0.280154
640.000000 631.000000 0.000158 0.251071
429.000000 632.000000 -0.198076 0.256266
682.000000 632.000000 0.038995 0.252216
48.000000 633.000000 -0.634563 0.293506
588.000000 633.000000 -0.047949 0.253265
686.000000 633.000000 0.042708 0.253225
896.000000 633.000000 0.242800 0.259444
982.000000 633.000000 0.331134 0.264888
1062.000000 633.000000 0.419325 0.271854
435.000000 634.000000 -0.192336 0.258007
1015.000000 634.000000 0.366771 0.268560
1183.000000 635.000000 0.568989 0.288765
565.000000 636.000000 -0.069342 0.256471
1017.000000 636.000000 0.369134 0.270813
1235.000000 636.000000 0.640656 0.297782
1237.000000 636.000000 0.643495 0.298099
597.000000 637.000000 -0.039642 0.257096
1205.000000 637.000000 0.598994 0.294269
1215.000000 637.000000 0.612771 0.295799
1218.000000 637.000000 0.616936 0.296263
1231.000000 637.000000 0.635155 0.298299
368.000000 638.000000 -0.258663 0.265264
429.000000 638.000000 -0.198328 0.262237
432.000000 638.000000 -0.195411 0.262111
550.000000 638.000000 -0.083352 0.258666
1017.000000 638.000000 0.369308 0.272899
1140.000000 638.000000 0.513674 0.286200
372.000000 639.000000 -0.254695 0.266048
1204.000000 639.000000 0.597929 0.296387
947.000000 640.000000 0.294969 0.269572
1156.000000 640.000000 0.534334 0.290547
1164.000000 640.000000 0.544690 0.291655
1018.000000 641.000000 0.370670 0.276122
1088.000000 641.000000 0.450490 0.283149
947.000000 642.000000 0.295104 0.271617
1024.000000 642.000000 0.377377 0.277708
1207.000000 642.000000 0.602504 0.300260
1224.000000 642.000000 0.626100 0.302931
510.000000 643.000000 -0.120989 0.264446
1182.000000 643.000000 0.568824 0.297605
1229.000000 643.000000 0.633290 0.304882
533.000000 644.000000 -0.099374 0.264897
1148.000000 644.000000 0.524624 0.293890
41.000000 645.000000 -0.646363 0.308426
1085.000000 645.000000 0.447392 0.287118
1271.000000 645.000000 0.694107 0.314103
518.000000 646.000000 -0.113521 0.267213
540.000000 646.000000 -0.092852 0.266728
560.000000 646.000000 -0.074151 0.266373
585.000000 646.000000 -0.050866 0.266042
1022.000000 646.000000 0.375531 0.281727
962.000000 647.000000 0.311078 0.277813
993.000000 647.000000 0.343995 0.280239
609.000000 648.000000 -0.028591 0.267811
777.000000 648.000000 0.128090 0.269631
1224.000000 649.000000 0.627228 0.310992
575.000000 650.000000 -0.060221 0.270105
611.000000 650.000000 -0.026746 0.269771
764.000000 650.000000 0.115852 0.271267
908.000000 650.000000 0.255783 0.277299
910.000000 650.000000 0.257802 0.277419
964.000000 650.000000 0.313400 0.281060
966.000000 650.000000 0.315503 0.281211
1023.000000 651.000000 0.377103 0.287088
1105.000000 651.000000 0.472048 0.295998
459.000000 652.000000 -0.169863 0.275018
512.000000 652.000000 -0.119334 0.273317
564.000000 652.000000 -0.070510 0.272238
590.000000 652.000000 -0.046277 0.271909
1168.000000 652.000000 0.551644 0.305672
455.000000 653.000000 -0.173756 0.276174
515.000000 653.000000 -0.116526 0.274233
695.000000 653.000000 0.051269 0.272968
451.000000 654.000000 -0.177659 0.277336
868.000000 654.000000 0.216120 0.279169
1237.000000 654.000000 0.646436 0.318943
535.000000 655.000000 -0.097731 0.275748
940.000000 655.000000 0.288762 0.284484
271.000000 656.000000 -0.361537 0.290904
700.000000 656.000000 0.055965 0.275999
885.000000 657.000000 0.233128 0.283107
976.000000 657.000000 0.326631 0.289269
1127.000000 657.000000 0.499888 0.305449
524.000000 658.000000 -0.108157 0.278987
944.000000 658.000000 0.293114 0.287864
1026.000000 658.000000 0.381109 0.294791
1266.000000 658.000000 0.688980 0.328575
989.000000 659.000000 0.340704 0.292447
954.000000 660.000000 0.303672 0.290671
1024.000000 660.000000 0.379079 0.296720
1238.000000 660.000000 0.648878 0.326120
404.000000 661.000000 -0.223971 0.286602
1016.000000 662.000000 0.370406 0.298069
402.000000 663.000000 -0.226062 0.288748
477.000000 663.000000 -0.152976 0.285397
499.000000 663.000000 -0.131971 0.284671
507.000000 663.000000 -0.124370 0.284435
584.000000 663.000000 -0.051988 0.282887
913.000000 663.000000 0.261648 0.290915
503.000000 664.000000 -0.128198 0.285554
62.000000 665.000000 -0.620147 0.328148
474.000000 665.000000 -0.155926 0.287519
510.000000 665.000000 -0.121581 0.286355
667.000000 665.000000 0.025298 0.284637
932.000000 665.000000 0.281212 0.294257
1149.000000 666.000000 0.529039 0.318636
1156.000000 666.000000 0.538082 0.319685
39.000000 667.000000 -0.652905 0.334427
341.000000 667.000000 -0.288083 0.296709
405.000000 667.000000 -0.223301 0.292670
407.000000 667.000000 -0.221318 0.292562
432.000000 667.000000 -0.196702 0.291301
572.000000 667.000000 -0.063256 0.287035
667.000000 667.000000 0.025309 0.286631
703.000000 667.000000 0.058911 0.286987
1038.000000 667.000000 0.395493 0.305633
1182.000000 667.000000 0.572530 0.324884
433.000000 669.000000 -0.195818 0.293289
1028.000000 669.000000 0.384449 0.306735
1031.000000 669.000000 0.387814 0.307046
1266.000000 669.000000 0.690893 0.341622
81.000000 670.000000 -0.594800 0.330764
539.000000 670.000000 -0.094294 0.290644
590.000000 670.000000 -0.046464 0.289807
1008.000000 670.000000 0.362364 0.305809
1036.000000 670.000000 0.393551 0.308648
436.000000 671.000000 -0.192979 0.295184
447.000000 671.000000 -0.182254 0.294683
578.000000 671.000000 -0.057696 0.290954
974.000000 671.000000 0.325666 0.303783
1160.000000 671.000000 0.544055 0.325975
395.000000 672.000000 -0.233541 0.298360
457.000000 672.000000 -0.172592 0.295270
979.000000 672.000000 0.331095 0.305269
437.000000 673.000000 -0.192095 0.297177
546.000000 673.000000 -0.087765 0.293508
704.000000 673.000000 0.059932 0.293009
1103.000000 673.000000 0.472452 0.319969
34.000000 674.000000 -0.661278 0.343564
909.000000 674.000000 0.258300 0.302016
1040.000000 674.000000 0.398514 0.313398
1146.000000 674.000000 0.526384 0.327235
1180.000000 674.000000 0.570988 0.332608
1182.000000 674.000000 0.573671 0.332937
1223.000000 674.000000 0.630059 0.339936
1236.000000 674.000000 0.648469 0.342233
43.000000 675.000000 -0.648613 0.343154
439.000000 675.000000 -0.190235 0.299125
582.000000 675.000000 -0.054005 0.294914
727.000000 675.000000 0.081559 0.295411
584.000000 676.000000 -0.052145 0.295894
679.000000 676.000000 0.036575 0.295730
731.000000 676.000000 0.085345 0.296499
1109.000000 676.000000 0.480200 0.324125
1237.000000 676.000000 0.650251 0.344775
47.000000 677.000000 -0.643292 0.344807
75.000000 677.000000 -0.604202 0.339913
916.000000 677.000000 0.265635 0.305604
955.000000 677.000000 0.306049 0.308523
1105.000000 677.000000 0.475435 0.324692
662.000000 678.000000 0.020706 0.297621
669.000000 678.000000 0.027246 0.297663
715.000000 678.000000 0.070331 0.298211
906.000000 678.000000 0.255517 0.305969
909.000000 678.000000 0.258566 0.306169
985.000000 678.000000 0.338080 0.312165
1110.000000 678.000000 0.481707 0.326499
913.000000 679.000000 0.262709 0.307481
1105.000000 679.000000 0.475710 0.326924
1008.000000 680.000000 0.363348 0.316507
1143.000000 680.000000 0.523450 0.333593
718.000000 681.000000 0.073204 0.301291
876.000000 681.000000 0.225515 0.307214
1042.000000 681.000000 0.401572 0.321220
1116.000000 681.000000 0.489545 0.330713
1255.000000 681.000000 0.677038 0.353967
110.000000 682.000000 -0.557843 0.339835
542.000000 682.000000 -0.091732 0.302676
298.000000 683.000000 -0.334727 0.317055
565.000000 683.000000 -0.070076 0.303232
609.000000 683.000000 -0.028817 0.302703
975.000000 683.000000 0.327785 0.316580
1046.000000 683.000000 0.406375 0.323861
574.000000 684.000000 -0.061632 0.304099
365.000000 685.000000 -0.264690 0.313768
456.000000 685.000000 -0.174123 0.308587
564.000000 685.000000 -0.071051 0.305274
701.000000 685.000000 0.057290 0.305061
904.000000 685.000000 0.253953 0.313127
1137.000000 685.000000 0.516550 0.338364
45.000000 686.000000 -0.647743 0.355830
561.000000 686.000000 -0.073894 0.306342
566.000000 686.000000 -0.069186 0.306253
734.000000 686.000000 0.088391 0.306679
889.000000 686.000000 0.238847 0.313191
1045.000000 686.000000 0.405578 0.327026
1157.000000 686.000000 0.542520 0.342674
454.000000 687.000000 -0.176158 0.310731
572.000000 687.000000 -0.063558 0.307169
574.000000 687.000000 -0.061678 0.307138
601.000000 687.000000 -0.036339 0.306811
1153.000000 687.000000 0.537467 0.343177
373.000000 688.000000 -0.256738 0.316353
804.000000 688.000000 0.155259 0.310891
894.000000 688.000000 0.244019 0.315597
923.000000 688.000000 0.273603 0.317616
980.000000 688.000000 0.333613 0.322376
1110.000000 688.000000 0.483126 0.337735
539.000000 689.000000 -0.094731 0.309854
547.000000 689.000000 -0.087163 0.309671
735.000000 689.000000 0.089404 0.309751
928.000000 689.000000 0.278839 0.319044
101.000000 690.000000 -0.571153 0.350614
550.000000 690.000000 -0.084349 0.310624
675.000000 691.000000 0.032961 0.310847
811.000000 691.000000 0.162155 0.314261
686.000000 692.000000 0.043294 0.311972
707.000000 692.000000 0.063040 0.312259
952.000000 692.000000 0.304135 0.324152
1082.000000 692.000000 0.449655 0.338318
447.000000 693.000000 -0.183270 0.317246
559.000000 693.000000 -0.075911 0.313498
685.000000 694.000000 0.042376 0.313996
701.000000 694.000000 0.057422 0.314203
996.000000 694.000000 0.351576 0.330390
104.000000 695.000000 -0.568000 0.355934
706.000000 695.000000 0.062146 0.315301
747.000000 695.000000 0.100927 0.316171
985.000000 695.000000 0.339687 0.330376
364.000000 696.000000 -0.266506 0.325407
681.000000 696.000000 0.038640 0.315992
869.000000 696.000000 0.219414 0.322393
963.000000 696.000000 0.316139 0.329388
1049.000000 696.000000 0.411381 0.338513
1229.000000 696.000000 0.642526 0.367115
756.000000 697.000000 0.109545 0.318470
56.000000 698.000000 -0.634401 0.368114
412.000000 698.000000 -0.218099 0.324325
679.000000 698.000000 0.036780 0.318014
734.000000 698.000000 0.088665 0.318921
914.000000 698.000000 0.265087 0.327500
962.000000 698.000000 0.315254 0.331443
1113.000000 698.000000 0.488321 0.349519
408.000000 699.000000 -0.222153 0.325611
744.000000 699.000000 0.098181 0.320194
1003.000000 699.000000 0.359792 0.336545
1229.000000 699.000000 0.643089 0.370710
98.000000 700.000000 -0.576920 0.362845
347.000000 700.000000 -0.284379 0.330958
688.000000 700.000000 0.045267 0.320157
746.000000 700.000000 0.100109 0.321274
762.000000 700.000000 0.115359 0.321732
914.000000 700.000000 0.265236 0.329619
1049.000000 700.000000 0.411876 0.342947
1068.000000 700.000000 0.434084 0.345394
1170.000000 700.000000 0.562034 0.361128
101.000000 701.000000 -0.573064 0.363491
394.000000 701.000000 -0.236335 0.328595
425.000000 701.000000 -0.205348 0.326712
983.000000 701.000000 0.338107 0.336668
590.000000 702.000000 -0.046831 0.322210
743.000000 702.000000 0.097308 0.323252
1052.000000 702.000000 0.415606 0.345549
1066.000000 702.000000 0.431989 0.347368
1227.000000 702.000000 0.640820 0.373934
587.000000 703.000000 -0.049669 0.323273
680.000000 703.000000 0.037770 0.323142
683.000000 703.000000 0.040594 0.323173
923.000000 703.000000 0.274748 0.333496
1050.000000 703.000000 0.413412 0.346409
1085.000000 703.000000 0.454778 0.351100
1115.000000 703.000000 0.491577 0.355539
373.000000 704.000000 -0.257870 0.333218
396.000000 704.000000 -0.234515 0.331626
403.000000 704.000000 -0.227472 0.331174
932.000000 704.000000 0.284176 0.335286
976.000000 704.000000 0.330827 0.339231
680.000000 705.000000 0.037791 0.325195
740.000000 705.000000 0.094533 0.326265
111.000000 706.000000 -0.560593 0.367609
560.000000 706.000000 -0.075221 0.326803
576.000000 706.000000 -0.060090 0.326515
744.000000 706.000000 0.098365 0.327402
1194.000000 706.000000 0.595561 0.372533
364.000000 707.000000 -0.267332 0.337083
381.000000 707.000000 -0.249920 0.335826
519.000000 707.000000 -0.114252 0.328878
537.000000 707.000000 -0.097079 0.328365
564.000000 707.000000 -0.071454 0.327756
1171.000000 707.000000 0.564605 0.369535
1173.000000 707.000000 0.567280 0.369892
385.000000 708.000000 -0.245921 0.336605
592.000000 708.000000 -0.045018 0.328351
691.000000 708.000000 0.048194 0.328409
936.000000 708.000000 0.288687 0.339905
1057.000000 708.000000 0.422212 0.352904
1210.000000 708.000000 0.618062 0.377919
552.000000 709.000000 -0.082870 0.330068
605.000000 709.000000 -0.032775 0.329247
705.000000 709.000000 0.061433 0.329650
987.000000 709.000000 0.343273 0.345781
997.000000 709.000000 0.354242 0.346837
1068.000000 709.000000 0.435299 0.355509
632.000000 710.000000 -0.007358 0.330136
702.000000 710.000000 0.058613 0.330633
990.000000 710.000000 0.346658 0.347188
358.000000 711.000000 -0.273843 0.341830
380.000000 711.000000 -0.251227 0.340153
915.000000 711.000000 0.267107 0.341413
659.000000 712.000000 0.018066 0.332243
756.000000 712.000000 0.109991 0.333960
940.000000 712.000000 0.293226 0.344555
985.000000 712.000000 0.341402 0.348855
1000.000000 712.000000 0.357880 0.350461
573.000000 713.000000 -0.063043 0.333791
969.000000 713.000000 0.324163 0.348329
500.000000 714.000000 -0.132730 0.336798
577.000000 714.000000 -0.059273 0.334760
1060.000000 714.000000 0.426536 0.360061
1172.000000 714.000000 0.567207 0.377998
907.000000 715.000000 0.259178 0.345078
934.000000 715.000000 0.287190 0.347274
166.000000 716.000000 -0.491421 0.370036
302.000000 716.000000 -0.333599 0.352331
497.000000 716.000000 -0.135699 0.339000
657.000000 716.000000 0.016201 0.336370
690.000000 716.000000 0.047356 0.336666
752.000000 716.000000 0.106285 0.338002
1012.000000 716.000000 0.371693 0.356243
1059.000000 716.000000 0.425632 0.362186
1137.000000 716.000000 0.521580 0.374174
