571.000000 3.000000 -0.064998 -0.336638
1002.000000 3.000000 0.360604 -0.354845
1092.000000 3.000000 0.465272 -0.366718
1101.000000 3.000000 0.476321 -0.368101
1000.000000 4.000000 0.358274 -0.353515
995.000000 5.000000 0.352639 -0.351860
1066.000000 5.000000 0.433706 -0.360656
726.000000 6.000000 0.081427 -0.333902
1044.000000 6.000000 0.407819 -0.356579
1093.000000 6.000000 0.466040 -0.363428
1106.000000 6.000000 0.482039 -0.365422
1144.000000 6.000000 0.530241 -0.371670
941.000000 7.000000 0.294322 -0.344371
1038.000000 7.000000 0.400775 -0.354693
1041.000000 7.000000 0.404227 -0.355073
1067.000000 7.000000 0.434613 -0.358530
1078.000000 7.000000 0.447733 -0.360081
1141.000000 7.000000 0.526185 -0.369985
787.000000 8.000000 0.139769 -0.333701
999.000000 8.000000 0.356726 -0.348994
1096.000000 8.000000 0.469407 -0.361589
1087.000000 9.000000 0.458295 -0.359108
1142.000000 9.000000 0.527137 -0.367817
974.000000 10.000000 0.329211 -0.344200
1071.000000 10.000000 0.438946 -0.355691
186.000000 11.000000 -0.465637 -0.357567
941.000000 11.000000 0.293974 -0.340058
976.000000 11.000000 0.331273 -0.343309
1067.000000 11.000000 0.434063 -0.354011
721.000000 12.000000 0.076551 -0.327586
783.000000 12.000000 0.135757 -0.329385
1044.000000 12.000000 0.407053 -0.349866
1069.000000 12.000000 0.436295 -0.353157
1117.000000 12.000000 0.494811 -0.360236
1141.000000 12.000000 0.525338 -0.364148
1153.000000 12.000000 0.540934 -0.366192
1168.000000 12.000000 0.560745 -0.368824
451.000000 13.000000 -0.180011 -0.330271
939.000000 13.000000 0.291702 -0.337736
1003.000000 13.000000 0.360604 -0.343937
1025.000000 13.000000 0.385223 -0.346434
1238.000000 13.000000 0.657435 -0.380728
212.000000 14.000000 -0.434045 -0.350509
301.000000 14.000000 -0.333632 -0.340169
1009.000000 14.000000 0.367155 -0.343500
1016.000000 14.000000 0.374973 -0.344287
1077.000000 14.000000 0.445544 -0.352006
1082.000000 14.000000 0.451540 -0.352709
1121.000000 14.000000 0.499520 -0.358565
1123.000000 14.000000 0.502041 -0.358883
1147.000000 15.000000 0.532599 -0.361664
1222.000000 15.000000 0.634317 -0.375254
144.000000 17.000000 -0.517063 -0.357177
320.000000 17.000000 -0.312980 -0.335129
459.000000 17.000000 -0.171995 -0.325715
1083.000000 17.000000 0.452319 -0.349458
1110.000000 17.000000 0.485303 -0.353413
1134.000000 17.000000 0.515524 -0.357190
1136.000000 17.000000 0.518082 -0.357516
1162.000000 17.000000 0.551905 -0.361895
1254.000000 17.000000 0.679695 -0.378941
1126.000000 18.000000 0.505195 -0.354753
1079.000000 19.000000 0.447242 -0.346646
1096.000000 19.000000 0.467779 -0.349053
511.000000 20.000000 -0.121666 -0.320569
1082.000000 20.000000 0.450698 -0.345936
1128.000000 20.000000 0.507410 -0.352770
1133.000000 20.000000 0.513764 -0.353567
1067.000000 21.000000 0.432720 -0.342785
1044.000000 22.000000 0.405812 -0.338758
1047.000000 22.000000 0.409267 -0.339125
1049.000000 22.000000 0.411577 -0.339372
1052.000000 22.000000 0.415050 -0.339745
1077.000000 22.000000 0.444444 -0.343003
1089.000000 22.000000 0.458849 -0.344660
1042.000000 23.000000 0.403394 -0.337411
155.000000 24.000000 -0.502023 -0.347398
157.000000 24.000000 -0.499512 -0.347092
878.000000 24.000000 0.228387 -0.321603
1014.000000 24.000000 0.371624 -0.333103
928.000000 25.000000 0.279261 -0.324043
1056.000000 25.000000 0.419321 -0.336919
1058.000000 25.000000 0.421650 -0.337171
1082.000000 25.000000 0.450011 -0.340319
1145.000000 25.000000 0.528352 -0.349740
1149.000000 25.000000 0.533530 -0.350394
1017.000000 26.000000 0.374753 -0.331249
1091.000000 26.000000 0.460707 -0.340437
1139.000000 26.000000 0.520472 -0.347622
1055.000000 27.000000 0.417909 -0.334580
1084.000000 27.000000 0.452136 -0.338351
1122.000000 27.000000 0.498757 -0.343827
1124.000000 27.000000 0.501270 -0.344132
1150.000000 27.000000 0.534501 -0.348247
1052.000000 29.000000 0.414186 -0.332003
1086.000000 29.000000 0.454265 -0.336384
1126.000000 29.000000 0.503482 -0.342158
954.000000 30.000000 0.306032 -0.320850
1095.000000 30.000000 0.464997 -0.336501
1018.000000 31.000000 0.375328 -0.325917
1099.000000 31.000000 0.469723 -0.335937
159.000000 32.000000 -0.495807 -0.337695
1052.000000 32.000000 0.413822 -0.328699
1270.000000 32.000000 0.700177 -0.363784
963.000000 33.000000 0.315299 -0.318433
1056.000000 33.000000 0.418333 -0.328083
1066.000000 33.000000 0.429998 -0.329320
1131.000000 33.000000 0.509187 -0.338366
1006.000000 34.000000 0.361703 -0.321414
1044.000000 34.000000 0.404383 -0.325557
1054.000000 34.000000 0.415894 -0.326741
1170.000000 34.000000 0.559604 -0.343462
1132.000000 35.000000 0.510149 -0.336243
1028.000000 36.000000 0.385994 -0.321572
899.000000 37.000000 0.248715 -0.309374
594.000000 38.000000 -0.042843 -0.300502
1027.000000 38.000000 0.384652 -0.319295
1029.000000 38.000000 0.386902 -0.319512
1129.000000 38.000000 0.505905 -0.332387
1131.000000 38.000000 0.508431 -0.332687
1231.000000 38.000000 0.642783 -0.349465
154.000000 39.000000 -0.501028 -0.330516
970.000000 39.000000 0.322222 -0.312670
1009.000000 39.000000 0.364505 -0.316335
1024.000000 39.000000 0.381180 -0.317891
1123.000000 39.000000 0.498220 -0.330371
1161.000000 39.000000 0.546906 -0.336217
1166.000000 39.000000 0.553483 -0.337027
1128.000000 40.000000 0.504348 -0.329977
1144.000000 40.000000 0.524688 -0.332392
1100.000000 41.000000 0.469560 -0.324886
1223.000000 41.000000 0.630929 -0.344479
606.000000 42.000000 -0.031582 -0.296367
921.000000 42.000000 0.270786 -0.305659
1146.000000 42.000000 0.526950 -0.330424
231.000000 43.000000 -0.408362 -0.316103
1010.000000 43.000000 0.365207 -0.312141
1070.000000 43.000000 0.433451 -0.318800
1149.000000 43.000000 0.530662 -0.329748
1162.000000 43.000000 0.547576 -0.331789
1164.000000 43.000000 0.550202 -0.332109
1172.000000 43.000000 0.560773 -0.333402
1259.000000 43.000000 0.682131 -0.348583
1111.000000 44.000000 0.482611 -0.323048
1160.000000 44.000000 0.544797 -0.330327
1276.000000 44.000000 0.706808 -0.350433
171.000000 45.000000 -0.479127 -0.321388
1000.000000 45.000000 0.354035 -0.309027
983.000000 47.000000 0.335432 -0.305338
1076.000000 47.000000 0.440024 -0.315147
851.000000 48.000000 0.200263 -0.295294
1038.000000 48.000000 0.395980 -0.309672
1131.000000 48.000000 0.506957 -0.321400
1137.000000 48.000000 0.514546 -0.322275
1142.000000 48.000000 0.520914 -0.323015
1187.000000 48.000000 0.580039 -0.330103
967.000000 49.000000 0.318184 -0.301856
985.000000 49.000000 0.337405 -0.303399
1127.000000 49.000000 0.501786 -0.319703
1168.000000 50.000000 0.554356 -0.324734
1172.000000 50.000000 0.559644 -0.325369
986.000000 51.000000 0.338304 -0.301374
89.000000 52.000000 -0.583579 -0.325788
1035.000000 52.000000 0.392164 -0.305045
163.000000 53.000000 -0.487872 -0.313575
988.000000 53.000000 0.340282 -0.299440
160.000000 54.000000 -0.491442 -0.312871
1011.000000 54.000000 0.365233 -0.300497
266.000000 55.000000 -0.367817 -0.299552
1107.000000 55.000000 0.476220 -0.310285
1194.000000 55.000000 0.588372 -0.323184
182.000000 56.000000 -0.464324 -0.307774
1187.000000 56.000000 0.578732 -0.320897
1197.000000 56.000000 0.592294 -0.322524
161.000000 57.000000 -0.489801 -0.309406
326.000000 57.000000 -0.303341 -0.292327
1156.000000 58.000000 0.537438 -0.313811
989.000000 59.000000 0.340834 -0.293210
385.000000 60.000000 -0.242820 -0.285312
565.000000 60.000000 -0.069690 -0.278847
193.000000 61.000000 -0.450555 -0.300952
196.000000 61.000000 -0.447000 -0.300594
111.000000 62.000000 -0.552719 -0.310928
115.000000 62.000000 -0.547485 -0.310330
119.000000 62.000000 -0.542277 -0.309737
1053.000000 62.000000 0.411554 -0.296220
1126.000000 62.000000 0.498729 -0.305071
1210.000000 62.000000 0.609170 -0.317741
117.000000 63.000000 -0.544730 -0.308906
1123.000000 64.000000 0.494727 -0.302454
1128.000000 66.000000 0.500685 -0.300911
120.000000 67.000000 -0.540251 -0.303973
125.000000 67.000000 -0.533795 -0.303255
1161.000000 67.000000 0.542604 -0.304417
1177.000000 67.000000 0.563633 -0.306799
1208.000000 67.000000 0.605592 -0.311657
122.000000 68.000000 -0.537520 -0.302565
1069.000000 68.000000 0.429367 -0.291517
1135.000000 68.000000 0.509190 -0.299640
653.000000 69.000000 0.012220 -0.269387
953.000000 69.000000 0.301926 -0.279953
984.000000 69.000000 0.334631 -0.282331
1060.000000 69.000000 0.418842 -0.289465
1084.000000 69.000000 0.446850 -0.292137
1166.000000 69.000000 0.548835 -0.302902
1134.000000 70.000000 0.507663 -0.297291
1171.000000 70.000000 0.555251 -0.302513
1175.000000 70.000000 0.560531 -0.303107
1196.000000 70.000000 0.588689 -0.306317
128.000000 71.000000 -0.529379 -0.298369
132.000000 71.000000 -0.524269 -0.297814
659.000000 71.000000 0.017780 -0.267436
1061.000000 71.000000 0.419780 -0.287431
1256.000000 71.000000 0.672896 -0.314957
1167.000000 72.000000 0.549706 -0.299678
1204.000000 72.000000 0.599293 -0.305290
201.000000 73.000000 -0.439734 -0.287044
1254.000000 73.000000 0.669663 -0.312283
145.000000 74.000000 -0.507440 -0.292745
956.000000 74.000000 0.304694 -0.275019
1063.000000 74.000000 0.421767 -0.284436
1201.000000 74.000000 0.594875 -0.302538
157.000000 75.000000 -0.492392 -0.290099
1009.000000 75.000000 0.361121 -0.278179
1157.000000 76.000000 0.536134 -0.293782
1210.000000 76.000000 0.606918 -0.301663
161.000000 77.000000 -0.487220 -0.287412
915.000000 77.000000 0.262405 -0.269277
1011.000000 77.000000 0.363130 -0.276263
1141.000000 77.000000 0.515551 -0.290492
1160.000000 77.000000 0.539874 -0.293088
1193.000000 77.000000 0.583547 -0.297903
1195.000000 78.000000 0.586101 -0.297073
1266.000000 78.000000 0.686294 -0.308427
280.000000 79.000000 -0.350424 -0.273101
1071.000000 79.000000 0.430498 -0.279945
1160.000000 80.000000 0.539456 -0.289750
1216.000000 81.000000 0.614441 -0.296890
176.000000 83.000000 -0.468279 -0.279107
1145.000000 83.000000 0.519824 -0.284406
932.000000 84.000000 0.279260 -0.263207
1114.000000 84.000000 0.481123 -0.279424
1234.000000 84.000000 0.639220 -0.296281
174.000000 85.000000 -0.470456 -0.277180
178.000000 85.000000 -0.465648 -0.276722
993.000000 85.000000 0.342984 -0.266464
1201.000000 85.000000 0.593198 -0.290056
968.000000 86.000000 0.316392 -0.263564
866.000000 89.000000 0.213037 -0.254674
1078.000000 89.000000 0.437597 -0.270028
1106.000000 89.000000 0.470831 -0.273087
1262.000000 89.000000 0.678671 -0.294961
152.000000 90.000000 -0.496714 -0.274365
180.000000 90.000000 -0.462693 -0.271127
193.000000 90.000000 -0.447280 -0.269717
896.000000 90.000000 0.242615 -0.255120
1221.000000 90.000000 0.620013 -0.287403
1067.000000 91.000000 0.424632 -0.266786
1080.000000 91.000000 0.439726 -0.268111
1130.000000 91.000000 0.499978 -0.273756
1246.000000 91.000000 0.655224 -0.290122
164.000000 92.000000 -0.481759 -0.270786
851.000000 92.000000 0.198279 -0.251052
1123.000000 92.000000 0.491201 -0.271829
1214.000000 92.000000 0.609992 -0.284079
155.000000 93.000000 -0.492656 -0.270756
144.000000 94.000000 -0.506161 -0.270989
199.000000 94.000000 -0.439831 -0.264841
158.000000 95.000000 -0.488739 -0.268245
905.000000 95.000000 0.251339 -0.250584
979.000000 95.000000 0.327333 -0.255149
1175.000000 95.000000 0.556970 -0.275160
162.000000 96.000000 -0.483736 -0.266708
193.000000 96.000000 -0.446651 -0.263337
1063.000000 96.000000 0.419544 -0.261123
1103.000000 96.000000 0.466437 -0.265240
1218.000000 96.000000 0.614938 -0.280147
141.000000 97.000000 -0.509544 -0.268094
1166.000000 97.000000 0.544942 -0.271750
1245.000000 97.000000 0.652862 -0.283080
1250.000000 97.000000 0.660039 -0.283848
648.000000 98.000000 0.007534 -0.241035
1233.000000 98.000000 0.635644 -0.280116
162.000000 99.000000 -0.483396 -0.263483
207.000000 99.000000 -0.430043 -0.258760
683.000000 99.000000 0.039829 -0.240228
1166.000000 99.000000 0.544681 -0.269549
1218.000000 99.000000 0.614497 -0.276757
1244.000000 99.000000 0.651126 -0.280639
1249.000000 99.000000 0.658294 -0.281400
1262.000000 99.000000 0.677104 -0.283396
197.000000 101.000000 -0.441458 -0.257638
204.000000 101.000000 -0.433318 -0.256947
1168.000000 101.000000 0.547020 -0.267610
1218.000000 101.000000 0.614205 -0.274501
158.000000 102.000000 -0.487939 -0.260713
170.000000 102.000000 -0.473375 -0.259388
697.000000 102.000000 0.052743 -0.237448
1170.000000 102.000000 0.549494 -0.266771
1201.000000 104.000000 0.590460 -0.268723
1254.000000 104.000000 0.664739 -0.276431
1070.000000 105.000000 0.426727 -0.252343
1072.000000 105.000000 0.429034 -0.252533
1257.000000 105.000000 0.668927 -0.275737
155.000000 106.000000 -0.491164 -0.256758
204.000000 106.000000 -0.432835 -0.251692
309.000000 106.000000 -0.317648 -0.243314
792.000000 106.000000 0.141326 -0.235317
943.000000 106.000000 0.289181 -0.241681
1123.000000 106.000000 0.489587 -0.256748
1267.000000 106.000000 0.683332 -0.276096
193.000000 107.000000 -0.445540 -0.251708
207.000000 107.000000 -0.429276 -0.250360
988.000000 107.000000 0.336016 -0.243564
1168.000000 107.000000 0.546250 -0.261028
1240.000000 107.000000 0.644227 -0.270927
686.000000 108.000000 0.042528 -0.231554
1260.000000 108.000000 0.672829 -0.272749
1267.000000 108.000000 0.683031 -0.273796
208.000000 109.000000 -0.427938 -0.248174
858.000000 109.000000 0.204395 -0.234563
1169.000000 109.000000 0.547297 -0.258965
180.000000 111.000000 -0.460471 -0.248784
708.000000 111.000000 0.062818 -0.228877
929.000000 111.000000 0.274641 -0.235892
208.000000 112.000000 -0.427661 -0.245041
810.000000 113.000000 0.158181 -0.229013
1045.000000 113.000000 0.397635 -0.241794
1134.000000 113.000000 0.502372 -0.250473
1137.000000 114.000000 0.505989 -0.249736
207.000000 115.000000 -0.428538 -0.242004
1193.000000 115.000000 0.578196 -0.255447
184.000000 116.000000 -0.455240 -0.243118
158.000000 117.000000 -0.486307 -0.244693
1191.000000 117.000000 0.575263 -0.252985
206.000000 118.000000 -0.429418 -0.238971
208.000000 118.000000 -0.427119 -0.238793
1158.000000 118.000000 0.532024 -0.247839
371.000000 119.000000 -0.253698 -0.226863
1257.000000 119.000000 0.666873 -0.259761
716.000000 120.000000 0.070106 -0.220321
205.000000 121.000000 -0.430301 -0.235942
1140.000000 121.000000 0.508951 -0.242567
895.000000 122.000000 0.240092 -0.223342
1065.000000 123.000000 0.419376 -0.233154
1139.000000 123.000000 0.507486 -0.240320
1156.000000 123.000000 0.528894 -0.242211
124.000000 124.000000 -0.527805 -0.240913
205.000000 124.000000 -0.430036 -0.232829
561.000000 124.000000 -0.072514 -0.216506
1009.000000 124.000000 0.357281 -0.227792
1067.000000 124.000000 0.421573 -0.232291
1154.000000 124.000000 0.526238 -0.240908
1160.000000 124.000000 0.533886 -0.241591
1202.000000 124.000000 0.589149 -0.246687
1258.000000 124.000000 0.667612 -0.254228
975.000000 125.000000 0.321145 -0.224563
1112.000000 125.000000 0.474224 -0.235399
1158.000000 125.000000 0.531216 -0.240285
211.000000 126.000000 -0.422989 -0.230242
264.000000 126.000000 -0.364119 -0.226137
944.000000 126.000000 0.289079 -0.221791
217.000000 127.000000 -0.416078 -0.228708
1071.000000 127.000000 0.425893 -0.229531
1081.000000 127.000000 0.437423 -0.230402
984.000000 129.000000 0.330339 -0.221112
1070.000000 129.000000 0.424578 -0.227380
235.000000 130.000000 -0.395627 -0.224199
1217.000000 130.000000 0.608856 -0.241985
31.000000 131.000000 -0.652272 -0.244779
1073.000000 131.000000 0.427847 -0.225568
1075.000000 133.000000 0.429976 -0.223673
1105.000000 134.000000 0.464983 -0.225287
223.000000 135.000000 -0.408660 -0.220015
1134.000000 135.000000 0.500030 -0.227041
1154.000000 135.000000 0.525028 -0.229121
240.000000 136.000000 -0.389636 -0.217714
1189.000000 136.000000 0.570269 -0.231969
1222.000000 136.000000 0.614997 -0.235988
237.000000 137.000000 -0.392882 -0.216918
1173.000000 137.000000 0.549165 -0.229056
223.000000 138.000000 -0.408428 -0.216950
1170.000000 139.000000 0.545058 -0.226572
1038.000000 140.000000 0.387762 -0.213636
205.000000 141.000000 -0.428611 -0.215291
980.000000 141.000000 0.325426 -0.208902
1083.000000 141.000000 0.438538 -0.216091
1180.000000 141.000000 0.557840 -0.225528
1195.000000 141.000000 0.577670 -0.227237
221.000000 142.000000 -0.410372 -0.213021
225.000000 142.000000 -0.405881 -0.212720
1073.000000 142.000000 0.426942 -0.214248
31.000000 143.000000 -0.650708 -0.231359
223.000000 143.000000 -0.408049 -0.211851
1239.000000 143.000000 0.637896 -0.230380
225.000000 144.000000 -0.405732 -0.210685
1047.000000 144.000000 0.397448 -0.210228
1098.000000 144.000000 0.455802 -0.214261
1181.000000 144.000000 0.558816 -0.222407
1083.000000 145.000000 0.438209 -0.211973
1101.000000 145.000000 0.459254 -0.213484
19.000000 146.000000 -0.667535 -0.229532
828.000000 146.000000 0.174342 -0.197686
1047.000000 146.000000 0.397304 -0.208200
1092.000000 147.000000 0.448509 -0.210654
1184.000000 147.000000 0.562421 -0.219508
267.000000 150.000000 -0.359304 -0.201801
1009.000000 150.000000 0.355580 -0.201659
1260.000000 150.000000 0.667049 -0.225225
64.000000 154.000000 -0.603354 -0.215271
1108.000000 154.000000 0.466783 -0.204765
1154.000000 155.000000 0.522989 -0.207885
1181.000000 155.000000 0.557634 -0.210601
136.000000 156.000000 -0.509472 -0.205704
1159.000000 156.000000 0.529214 -0.207314
1173.000000 156.000000 0.547137 -0.208709
1212.000000 156.000000 0.598880 -0.212882
1276.000000 156.000000 0.689649 -0.220498
693.000000 158.000000 0.048585 -0.184015
1175.000000 158.000000 0.549521 -0.206782
1213.000000 158.000000 0.600019 -0.210821
133.000000 160.000000 -0.512829 -0.201785
137.000000 160.000000 -0.507867 -0.201421
1169.000000 161.000000 0.541486 -0.202997
1176.000000 161.000000 0.550515 -0.203689
1273.000000 162.000000 0.684510 -0.213404
1179.000000 164.000000 0.554112 -0.200795
1093.000000 165.000000 0.448248 -0.192259
1181.000000 166.000000 0.556518 -0.198865
121.000000 168.000000 -0.527128 -0.194486
126.000000 168.000000 -0.520843 -0.194035
257.000000 169.000000 -0.368932 -0.183479
45.000000 170.000000 -0.627790 -0.199946
1139.000000 171.000000 0.502852 -0.189764
710.000000 172.000000 0.064043 -0.171014
86.000000 173.000000 -0.571821 -0.192489
31.000000 175.000000 -0.646943 -0.195998
1065.000000 176.000000 0.415405 -0.179154
1092.000000 176.000000 0.446280 -0.180980
1130.000000 176.000000 0.491426 -0.183842
1067.000000 178.000000 0.417531 -0.177273
1153.000000 178.000000 0.519644 -0.183663
33.000000 179.000000 -0.643682 -0.191407
1247.000000 179.000000 0.645039 -0.191641
1097.000000 180.000000 0.451818 -0.177268
1123.000000 180.000000 0.482641 -0.179174
1221.000000 180.000000 0.608629 -0.187861
21.000000 181.000000 -0.660568 -0.190488
1007.000000 181.000000 0.351712 -0.170851
1159.000000 181.000000 0.526932 -0.181042
1276.000000 181.000000 0.686729 -0.192574
267.000000 182.000000 -0.357499 -0.170089
74.000000 183.000000 -0.586819 -0.182976
1192.000000 183.000000 0.569319 -0.181858
1195.000000 183.000000 0.573284 -0.182135
37.000000 184.000000 -0.637521 -0.185540
70.000000 184.000000 -0.592096 -0.182287
81.000000 184.000000 -0.577394 -0.181256
974.000000 184.000000 0.317014 -0.166356
933.000000 185.000000 0.275301 -0.163729
983.000000 185.000000 0.326295 -0.165785
1226.000000 185.000000 0.615013 -0.182966
1238.000000 186.000000 0.631612 -0.183081
83.000000 187.000000 -0.574472 -0.177889
94.000000 187.000000 -0.560035 -0.176910
79.000000 188.000000 -0.579684 -0.177190
952.000000 189.000000 0.294295 -0.160602
1213.000000 189.000000 0.596842 -0.177419
1234.000000 189.000000 0.625719 -0.179434
752.000000 190.000000 0.102427 -0.154650
1173.000000 190.000000 0.543986 -0.172812
76.000000 191.000000 -0.583408 -0.174275
89.000000 191.000000 -0.566219 -0.173128
928.000000 191.000000 0.270089 -0.157792
1030.000000 191.000000 0.375874 -0.162191
1082.000000 191.000000 0.433754 -0.165160
1213.000000 191.000000 0.596655 -0.175281
50.000000 192.000000 -0.618613 -0.175606
926.000000 192.000000 0.268062 -0.156765
11.000000 193.000000 -0.673751 -0.178339
994.000000 193.000000 0.337419 -0.158489
1198.000000 193.000000 0.576356 -0.171800
1208.000000 193.000000 0.589720 -0.172692
1235.000000 193.000000 0.626726 -0.175208
991.000000 194.000000 0.334234 -0.157382
1215.000000 194.000000 0.599093 -0.172261
1224.000000 194.000000 0.611393 -0.173091
8.000000 195.000000 -0.677908 -0.176442
52.000000 195.000000 -0.615574 -0.172193
1150.000000 195.000000 0.514535 -0.165778
54.000000 196.000000 -0.612731 -0.170936
1228.000000 196.000000 0.616721 -0.171315
6.000000 197.000000 -0.680622 -0.174442
66.000000 197.000000 -0.596297 -0.168786
266.000000 197.000000 -0.357828 -0.155427
756.000000 197.000000 0.106026 -0.148181
45.000000 198.000000 -0.624978 -0.169616
754.000000 198.000000 0.104171 -0.147227
1155.000000 198.000000 0.520544 -0.163055
1028.000000 199.000000 0.373306 -0.154218
55.000000 200.000000 -0.610998 -0.166563
271.000000 200.000000 -0.352380 -0.152267
1043.000000 201.000000 0.389525 -0.152999
1228.000000 201.000000 0.616264 -0.165949
965.000000 202.000000 0.307032 -0.148577
1164.000000 202.000000 0.531563 -0.159592
1250.000000 204.000000 0.646816 -0.164720
45.000000 205.000000 -0.624347 -0.162093
1234.000000 205.000000 0.624224 -0.162193
43.000000 206.000000 -0.627038 -0.161196
907.000000 207.000000 0.248810 -0.141881
1202.000000 207.000000 0.580489 -0.157343
1076.000000 208.000000 0.425926 -0.147806
1182.000000 209.000000 0.554071 -0.153675
281.000000 211.000000 -0.341374 -0.141152
956.000000 211.000000 0.297544 -0.139612
1017.000000 211.000000 0.360944 -0.141973
1145.000000 212.000000 0.507139 -0.147942
1162.000000 212.000000 0.528311 -0.149103
23.000000 213.000000 -0.654607 -0.155402
284.000000 213.000000 -0.338154 -0.139097
1250.000000 213.000000 0.646011 -0.154985
25.000000 214.000000 -0.651671 -0.154147
1024.000000 214.000000 0.368305 -0.139352
1151.000000 214.000000 0.514422 -0.146293
1176.000000 215.000000 0.545895 -0.146991
1017.000000 217.000000 0.360690 -0.136133
1177.000000 217.000000 0.547037 -0.144987
256.000000 218.000000 -0.367573 -0.135383
1100.000000 218.000000 0.452933 -0.139138
1179.000000 218.000000 0.549538 -0.144090
1275.000000 218.000000 0.681622 -0.151732
993.000000 219.000000 0.335303 -0.133251
1126.000000 219.000000 0.483597 -0.139621
1194.000000 219.000000 0.568980 -0.144126
1196.000000 221.000000 0.571467 -0.142180
1228.000000 221.000000 0.614580 -0.144594
103.000000 222.000000 -0.545703 -0.139675
1150.000000 222.000000 0.512664 -0.138038
8.000000 223.000000 -0.675345 -0.145831
1030.000000 223.000000 0.374378 -0.130834
1250.000000 223.000000 0.645172 -0.144208
104.000000 224.000000 -0.544291 -0.137540
1178.000000 224.000000 0.547838 -0.137803
1254.000000 224.000000 0.650778 -0.143455
102.000000 225.000000 -0.546782 -0.136640
1176.000000 225.000000 0.545206 -0.136635
43.000000 226.000000 -0.625394 -0.139806
1127.000000 226.000000 0.484390 -0.132602
1190.000000 226.000000 0.563245 -0.136542
1252.000000 226.000000 0.647771 -0.141142
999.000000 231.000000 0.341141 -0.121907
984.000000 232.000000 0.325503 -0.120441
120.000000 233.000000 -0.523525 -0.127292
1198.000000 233.000000 0.573271 -0.129792
1265.000000 233.000000 0.665851 -0.134611
309.000000 235.000000 -0.311569 -0.117116
1199.000000 235.000000 0.574459 -0.127773
1226.000000 236.000000 0.610723 -0.128545
1037.000000 237.000000 0.381386 -0.117489
1191.000000 237.000000 0.563827 -0.125181
1203.000000 237.000000 0.579625 -0.125948
1216.000000 237.000000 0.597041 -0.126808
1267.000000 237.000000 0.668439 -0.130440
114.000000 239.000000 -0.530694 -0.121507
147.000000 239.000000 -0.490090 -0.119715
227.000000 239.000000 -0.398172 -0.116094
234.000000 239.000000 -0.390508 -0.115822
1077.000000 239.000000 0.425544 -0.117154
1219.000000 239.000000 0.600970 -0.124907
1275.000000 240.000000 0.679851 -0.127787
4.000000 241.000000 -0.679760 -0.126609
1012.000000 242.000000 0.354447 -0.111759
1066.000000 242.000000 0.413071 -0.113745
1072.000000 242.000000 0.419786 -0.113990
1262.000000 243.000000 0.660791 -0.123609
219.000000 245.000000 -0.406763 -0.110544
215.000000 246.000000 -0.411162 -0.109720
1029.000000 246.000000 0.372430 -0.108473
1251.000000 246.000000 0.644884 -0.119636
183.000000 247.000000 -0.447324 -0.110035
218.000000 247.000000 -0.407794 -0.108628
136.000000 248.000000 -0.502970 -0.111193
805.000000 248.000000 0.150742 -0.101614
131.000000 249.000000 -0.509040 -0.110430
133.000000 249.000000 -0.506587 -0.110331
1214.000000 249.000000 0.593578 -0.114104
137.000000 250.000000 -0.501653 -0.109126
235.000000 250.000000 -0.389016 -0.105090
45.000000 251.000000 -0.620899 -0.113159
98.000000 253.000000 -0.550243 -0.108043
307.000000 253.000000 -0.313109 -0.100049
72.000000 254.000000 -0.584140 -0.108425
1038.000000 254.000000 0.381867 -0.101034
1040.000000 254.000000 0.384034 -0.101100
1150.000000 254.000000 0.510895 -0.105511
70.000000 255.000000 -0.586747 -0.107497
66.000000 256.000000 -0.592037 -0.106680
104.000000 256.000000 -0.542425 -0.104661
106.000000 256.000000 -0.539885 -0.104560
941.000000 256.000000 0.281194 -0.096486
1048.000000 256.000000 0.392679 -0.099425
1129.000000 256.000000 0.485283 -0.102536
262.000000 257.000000 -0.359793 -0.097469
312.000000 258.000000 -0.307892 -0.095184
159.000000 259.000000 -0.474838 -0.099123
175.000000 259.000000 -0.456084 -0.098482
1031.000000 259.000000 0.374159 -0.095982
1128.000000 259.000000 0.483955 -0.099490
6.000000 260.000000 -0.675583 -0.105966
169.000000 260.000000 -0.463035 -0.097726
172.000000 260.000000 -0.459534 -0.097608
313.000000 261.000000 -0.306805 -0.092321
65.000000 262.000000 -0.593052 -0.100484
97.000000 263.000000 -0.551023 -0.097842
319.000000 263.000000 -0.300681 -0.090294
322.000000 263.000000 -0.297653 -0.090228
225.000000 264.000000 -0.399487 -0.091832
1086.000000 264.000000 0.434769 -0.092914
92.000000 265.000000 -0.557363 -0.096030
1038.000000 265.000000 0.381526 -0.090401
64.000000 266.000000 -0.594187 -0.096372
782.000000 266.000000 0.129253 -0.084856
96.000000 267.000000 -0.552118 -0.093794
897.000000 267.000000 0.237717 -0.085351
327.000000 268.000000 -0.292515 -0.085411
1126.000000 268.000000 0.481202 -0.090421
991.000000 269.000000 0.331706 -0.085333
91.000000 270.000000 -0.558424 -0.090948
136.000000 270.000000 -0.501995 -0.089049
1045.000000 271.000000 0.388947 -0.084807
1097.000000 271.000000 0.447117 -0.086407
1185.000000 271.000000 0.554220 -0.089831
327.000000 272.000000 -0.292435 -0.081647
1121.000000 272.000000 0.475110 -0.086253
233.000000 274.000000 -0.390451 -0.081918
1123.000000 274.000000 0.477411 -0.084336
1216.000000 274.000000 0.594933 -0.088150
975.000000 275.000000 0.315114 -0.079291
1125.000000 275.000000 0.479754 -0.083412
1154.000000 275.000000 0.514923 -0.084481
1190.000000 275.000000 0.560514 -0.085950
1226.000000 275.000000 0.608445 -0.087578
821.000000 276.000000 0.165350 -0.076055
825.000000 276.000000 0.169089 -0.076095
1047.000000 276.000000 0.390988 -0.080031
1030.000000 278.000000 0.372565 -0.077671
34.000000 279.000000 -0.634658 -0.084224
62.000000 279.000000 -0.596260 -0.082954
1255.000000 279.000000 0.648653 -0.084753
1257.000000 279.000000 0.651498 -0.084849
163.000000 281.000000 -0.469322 -0.077130
829.000000 281.000000 0.172785 -0.071546
1222.000000 281.000000 0.602727 -0.081137
38.000000 282.000000 -0.628944 -0.080883
123.000000 282.000000 -0.517491 -0.077472
831.000000 282.000000 0.174650 -0.070647
164.000000 283.000000 -0.468085 -0.075120
827.000000 283.000000 0.170893 -0.069692
1008.000000 283.000000 0.349118 -0.072388
1058.000000 283.000000 0.402859 -0.073548
1086.000000 283.000000 0.434171 -0.074293
134.000000 284.000000 -0.503921 -0.075085
132.000000 285.000000 -0.506328 -0.074150
1046.000000 286.000000 0.389649 -0.070358
1072.000000 286.000000 0.418318 -0.070993
1074.000000 286.000000 0.420556 -0.071044
1264.000000 286.000000 0.661187 -0.077731
199.000000 287.000000 -0.427740 -0.070207
1063.000000 287.000000 0.408281 -0.069797
230.000000 288.000000 -0.393369 -0.068484
1052.000000 289.000000 0.396127 -0.067603
1208.000000 289.000000 0.583595 -0.072276
1215.000000 289.000000 0.592949 -0.072542
1059.000000 290.000000 0.403791 -0.066798
1061.000000 290.000000 0.405998 -0.066844
115.000000 291.000000 -0.527127 -0.068670
833.000000 291.000000 0.176442 -0.062410
1034.000000 291.000000 0.376564 -0.065286
1097.000000 291.000000 0.446521 -0.066754
17.000000 292.000000 -0.658117 -0.071217
1212.000000 292.000000 0.588817 -0.069326
1270.000000 292.000000 0.669583 -0.071594
249.000000 293.000000 -0.372746 -0.063275
1125.000000 293.000000 0.479188 -0.065532
1039.000000 294.000000 0.381889 -0.062510
1187.000000 294.000000 0.555909 -0.066404
1211.000000 294.000000 0.587410 -0.067224
19.000000 295.000000 -0.655144 -0.067956
22.000000 295.000000 -0.650878 -0.067840
1008.000000 295.000000 0.348885 -0.060965
1055.000000 295.000000 0.399282 -0.061878
1072.000000 295.000000 0.418102 -0.062248
16.000000 296.000000 -0.659389 -0.067011
958.000000 296.000000 0.297501 -0.059217
1218.000000 296.000000 0.596729 -0.065401
1265.000000 296.000000 0.662208 -0.067133
13.000000 297.000000 -0.663650 -0.066063
55.000000 297.000000 -0.605006 -0.064537
806.000000 297.000000 0.151212 -0.056715
863.000000 298.000000 0.204699 -0.056250
8.000000 299.000000 -0.670778 -0.064121
1218.000000 301.000000 0.596562 -0.060223
31.000000 302.000000 -0.637931 -0.060133
1080.000000 303.000000 0.426905 -0.054644
51.000000 304.000000 -0.610216 -0.057394
1097.000000 304.000000 0.446216 -0.054018
1225.000000 305.000000 0.605915 -0.056294
1234.000000 306.000000 0.618208 -0.055528
229.000000 307.000000 -0.394082 -0.050209
1129.000000 308.000000 0.483582 -0.050761
1147.000000 308.000000 0.505311 -0.051162
114.000000 309.000000 -0.527874 -0.050560
992.000000 309.000000 0.332008 -0.047449
1078.000000 309.000000 0.424541 -0.048774
1092.000000 309.000000 0.440393 -0.049031
1164.000000 309.000000 0.526284 -0.050557
1251.000000 309.000000 0.641819 -0.052899
1146.000000 310.000000 0.504046 -0.049143
328.000000 311.000000 -0.290847 -0.045077
1007.000000 311.000000 0.347588 -0.045754
57.000000 312.000000 -0.601843 -0.048923
1159.000000 312.000000 0.519991 -0.047427
1122.000000 313.000000 0.475165 -0.045672
5.000000 314.000000 -0.674632 -0.048239
1081.000000 314.000000 0.427831 -0.043969
1083.000000 315.000000 0.430071 -0.043029
1168.000000 315.000000 0.531158 -0.044604
1085.000000 316.000000 0.432317 -0.042088
1241.000000 317.000000 0.627594 -0.044231
1008.000000 319.000000 0.348537 -0.038179
1031.000000 319.000000 0.372886 -0.038447
25.000000 321.000000 -0.645834 -0.040319
1060.000000 321.000000 0.404337 -0.036891
1107.000000 321.000000 0.457454 -0.037544
58.000000 322.000000 -0.600258 -0.038557
267.000000 322.000000 -0.353231 -0.035370
1101.000000 322.000000 0.450499 -0.036477
1121.000000 322.000000 0.473828 -0.036774
1074.000000 323.000000 0.419844 -0.035138
1126.000000 323.000000 0.479734 -0.035863
1259.000000 323.000000 0.652798 -0.038349
1266.000000 323.000000 0.662822 -0.038504
98.000000 324.000000 -0.547755 -0.035749
16.000000 325.000000 -0.658530 -0.036297
65.000000 325.000000 -0.590804 -0.035325
101.000000 326.000000 -0.543903 -0.033675
1036.000000 326.000000 0.378170 -0.031817
62.000000 327.000000 -0.594783 -0.033320
280.000000 327.000000 -0.339605 -0.030513
326.000000 327.000000 -0.292706 -0.030149
1025.000000 327.000000 0.366399 -0.030754
1187.000000 327.000000 0.555094 -0.032824
55.000000 328.000000 -0.604198 -0.032411
65.000000 328.000000 -0.590751 -0.032238
1088.000000 328.000000 0.435553 -0.030455
748.000000 329.000000 0.097776 -0.027402
58.000000 331.000000 -0.600095 -0.029260
79.000000 331.000000 -0.572192 -0.028939
269.000000 331.000000 -0.351050 -0.026819
273.000000 331.000000 -0.346863 -0.026787
1129.000000 331.000000 0.483195 -0.027997
49.000000 332.000000 -0.612292 -0.028366
1092.000000 332.000000 0.440060 -0.026605
1268.000000 332.000000 0.665525 -0.029002
25.000000 333.000000 -0.645601 -0.027698
46.000000 333.000000 -0.616382 -0.027374
77.000000 334.000000 -0.574772 -0.025902
992.000000 334.000000 0.331762 -0.023857
1028.000000 334.000000 0.369534 -0.024113
33.000000 335.000000 -0.634340 -0.025480
72.000000 335.000000 -0.581345 -0.024944
278.000000 335.000000 -0.341623 -0.022969
294.000000 335.000000 -0.325092 -0.022867
1183.000000 335.000000 0.549842 -0.024652
46.000000 337.000000 -0.616326 -0.023218
1127.000000 337.000000 0.480750 -0.022048
43.000000 338.000000 -0.620435 -0.022216
278.000000 338.000000 -0.341604 -0.020134
1088.000000 340.000000 0.435440 -0.018786
1103.000000 340.000000 0.452609 -0.018897
252.000000 341.000000 -0.368941 -0.017436
1271.000000 341.000000 0.669731 -0.019497
842.000000 342.000000 0.184608 -0.015808
1056.000000 344.000000 0.399736 -0.014725
1207.000000 344.000000 0.581004 -0.015732
68.000000 346.000000 -0.586535 -0.013705
70.000000 346.000000 -0.583880 -0.013690
111.000000 346.000000 -0.531066 -0.013408
114.000000 346.000000 -0.527317 -0.013388
1182.000000 346.000000 0.548458 -0.013506
1255.000000 346.000000 0.646766 -0.014056
1182.000000 348.000000 0.548445 -0.011482
77.000000 350.000000 -0.574624 -0.009553
177.000000 350.000000 -0.451843 -0.009115
59.000000 351.000000 -0.598542 -0.008616
80.000000 351.000000 -0.570691 -0.008518
83.000000 351.000000 -0.566778 -0.008505
395.000000 351.000000 -0.225047 -0.007640
1218.000000 351.000000 0.595640 -0.008611
78.000000 352.000000 -0.573303 -0.007507
400.000000 352.000000 -0.220258 -0.006715
874.000000 352.000000 0.214889 -0.006709
1228.000000 352.000000 0.609182 -0.007624
398.000000 353.000000 -0.222170 -0.005798
984.000000 354.000000 0.323447 -0.004999
986.000000 354.000000 0.325501 -0.005002
1178.000000 354.000000 0.543320 -0.005400
1003.000000 355.000000 0.343091 -0.004082
873.000000 356.000000 0.213932 -0.003037
1192.000000 356.000000 0.561288 -0.003407
32.000000 357.000000 -0.635560 -0.002474
36.000000 357.000000 -0.629985 -0.002468
90.000000 357.000000 -0.557696 -0.002385
1163.000000 357.000000 0.524437 -0.002351
106.000000 358.000000 -0.537303 -0.001357
114.000000 358.000000 -0.527274 -0.001350
1023.000000 359.000000 0.364119 -0.000307
1227.000000 359.000000 0.607802 -0.000373
1243.000000 360.000000 0.629847 0.000664
36.000000 361.000000 -0.629983 0.001707
47.000000 361.000000 -0.614810 0.001700
154.000000 362.000000 -0.478681 0.002624
156.000000 362.000000 -0.476316 0.002622
191.000000 362.000000 -0.435831 0.002592
1240.000000 362.000000 0.625677 0.002749
24.000000 363.000000 -0.646803 0.003817
88.000000 364.000000 -0.560279 0.004722
148.000000 364.000000 -0.485815 0.004606
1068.000000 364.000000 0.412933 0.004506
35.000000 365.000000 -0.631381 0.005885
84.000000 365.000000 -0.565465 0.005748
22.000000 366.000000 -0.649642 0.006976
57.000000 366.000000 -0.601227 0.006854
1011.000000 366.000000 0.351460 0.006325
73.000000 367.000000 -0.579876 0.007824
1259.000000 367.000000 0.652406 0.008042
35.000000 368.000000 -0.631393 0.009018
57.000000 368.000000 -0.601235 0.008918
1142.000000 368.000000 0.498655 0.008600
1163.000000 368.000000 0.524451 0.008677
92.000000 369.000000 -0.555142 0.009782
359.000000 369.000000 -0.259927 0.008969
888.000000 369.000000 0.228300 0.008916
1137.000000 369.000000 0.492621 0.009573
1228.000000 369.000000 0.609188 0.009985
1241.000000 369.000000 0.627089 0.010053
64.000000 370.000000 -0.591843 0.010943
411.000000 370.000000 -0.209770 0.009803
1245.000000 373.000000 0.632688 0.014257
49.000000 374.000000 -0.612131 0.015173
118.000000 374.000000 -0.522345 0.014675
1095.000000 375.000000 0.443386 0.015264
1138.000000 375.000000 0.493857 0.015527
86.000000 376.000000 -0.562929 0.016928
1175.000000 376.000000 0.539568 0.016792
1253.000000 376.000000 0.643956 0.017470
246.000000 377.000000 -0.375338 0.016851
1187.000000 377.000000 0.554899 0.017902
180.000000 378.000000 -0.448438 0.018210
416.000000 378.000000 -0.205038 0.017126
1177.000000 378.000000 0.542121 0.018827
82.000000 379.000000 -0.568155 0.020018
414.000000 379.000000 -0.206939 0.018048
896.000000 379.000000 0.236033 0.018146
1254.000000 379.000000 0.645401 0.020633
1256.000000 379.000000 0.648235 0.020656
1078.000000 380.000000 0.424160 0.020013
82.000000 381.000000 -0.568175 0.022057
151.000000 382.000000 -0.482341 0.022368
897.000000 382.000000 0.237010 0.020916
1132.000000 382.000000 0.486708 0.022413
1185.000000 382.000000 0.552377 0.022953
1194.000000 382.000000 0.564007 0.023053
1250.000000 383.000000 0.639806 0.024784
96.000000 384.000000 -0.550138 0.024946
1107.000000 384.000000 0.457277 0.024147
1241.000000 384.000000 0.627232 0.025707
52.000000 385.000000 -0.608164 0.026537
1187.000000 385.000000 0.554984 0.026020
1261.000000 385.000000 0.655433 0.027047
1270.000000 385.000000 0.668368 0.027184
123.000000 386.000000 -0.516273 0.026637
1099.000000 386.000000 0.448058 0.026026
1076.000000 387.000000 0.421976 0.026775
1263.000000 387.000000 0.658326 0.029192
46.000000 388.000000 -0.616402 0.029738
121.000000 388.000000 -0.518766 0.028662
227.000000 388.000000 -0.395947 0.027509
902.000000 388.000000 0.241876 0.026475
223.000000 389.000000 -0.400329 0.028507
422.000000 389.000000 -0.199390 0.027185
59.000000 390.000000 -0.598768 0.031600
412.000000 390.000000 -0.208880 0.028145
1225.000000 390.000000 0.605333 0.031700
1271.000000 392.000000 0.669937 0.034635
165.000000 393.000000 -0.465962 0.033046
1134.000000 393.000000 0.489233 0.033330
62.000000 394.000000 -0.594807 0.035674
1272.000000 394.000000 0.671426 0.036781
1202.000000 395.000000 0.574663 0.036443
61.000000 396.000000 -0.596187 0.037755
1137.000000 396.000000 0.492884 0.036350
56.000000 397.000000 -0.602946 0.038888
1028.000000 397.000000 0.369641 0.035885
1177.000000 397.000000 0.542377 0.038022
1188.000000 397.000000 0.556460 0.038224
437.000000 398.000000 -0.185284 0.035353
1124.000000 398.000000 0.477384 0.038127
1128.000000 398.000000 0.482136 0.038190
1130.000000 398.000000 0.484521 0.038222
28.000000 400.000000 -0.641635 0.042630
1242.000000 400.000000 0.628920 0.042446
49.000000 402.000000 -0.612571 0.044225
65.000000 402.000000 -0.590956 0.043856
915.000000 402.000000 0.254619 0.039510
1132.000000 402.000000 0.486980 0.042218
1160.000000 402.000000 0.521117 0.042739
1208.000000 402.000000 0.582735 0.043743
1072.000000 403.000000 0.417701 0.042216
8.000000 404.000000 -0.670242 0.047360
1139.000000 404.000000 0.495435 0.044332
17.000000 405.000000 -0.657347 0.048178
1056.000000 405.000000 0.400030 0.043910
10.000000 407.000000 -0.667440 0.050492
51.000000 407.000000 -0.609967 0.049369
214.000000 407.000000 -0.410465 0.045966
1142.000000 407.000000 0.499126 0.047377
1165.000000 407.000000 0.527452 0.047868
1206.000000 407.000000 0.580202 0.048832
28.000000 408.000000 -0.641842 0.051039
1104.000000 408.000000 0.454137 0.047622
9.000000 409.000000 -0.668940 0.052647
134.000000 409.000000 -0.503192 0.049416
361.000000 409.000000 -0.258193 0.046022
1157.000000 409.000000 0.517545 0.049699
188.000000 410.000000 -0.439699 0.049323
977.000000 410.000000 0.316591 0.047599
137.000000 411.000000 -0.499594 0.051344
170.000000 411.000000 -0.460431 0.050648
1098.000000 411.000000 0.447274 0.050447
1146.000000 413.000000 0.504124 0.053449
1164.000000 415.000000 0.526393 0.055899
164.000000 416.000000 -0.467541 0.055695
410.000000 416.000000 -0.210954 0.052047
1226.000000 416.000000 0.607317 0.058690
1081.000000 417.000000 0.428042 0.055963
1229.000000 417.000000 0.611445 0.059825
77.000000 418.000000 -0.575477 0.059986
1083.000000 418.000000 0.430321 0.056978
93.000000 419.000000 -0.554706 0.060531
129.000000 419.000000 -0.509534 0.059527
90.000000 420.000000 -0.558601 0.061639
1249.000000 420.000000 0.639304 0.063640
59.000000 421.000000 -0.599540 0.063651
71.000000 422.000000 -0.583526 0.064287
130.000000 422.000000 -0.508391 0.062502
1159.000000 424.000000 0.520415 0.064820
1191.000000 424.000000 0.561032 0.065814
1203.000000 424.000000 0.576735 0.066211
1257.000000 424.000000 0.650772 0.068157
112.000000 425.000000 -0.530767 0.066042
123.000000 425.000000 -0.517082 0.065711
1085.000000 425.000000 0.432740 0.063846
1169.000000 425.000000 0.532948 0.066131
118.000000 426.000000 -0.523308 0.066867
126.000000 426.000000 -0.513413 0.066626
1171.000000 427.000000 0.535532 0.068218
34.000000 428.000000 -0.634108 0.071866
121.000000 428.000000 -0.519647 0.068788
1159.000000 428.000000 0.520537 0.068846
33.000000 430.000000 -0.635586 0.074010
48.000000 430.000000 -0.614819 0.073411
1089.000000 430.000000 0.437408 0.068829
1167.000000 430.000000 0.530594 0.071123
39.000000 431.000000 -0.627268 0.074817
116.000000 431.000000 -0.525958 0.071971
121.000000 431.000000 -0.519742 0.071807
156.000000 431.000000 -0.477351 0.070726
1174.000000 432.000000 0.539496 0.073387
1216.000000 432.000000 0.594345 0.074943
126.000000 433.000000 -0.513633 0.073654
155.000000 433.000000 -0.478596 0.072739
115.000000 434.000000 -0.527307 0.075033
123.000000 434.000000 -0.517367 0.074760
120.000000 435.000000 -0.521117 0.075869
168.000000 435.000000 -0.463357 0.074330
1150.000000 435.000000 0.509649 0.075591
345.000000 436.000000 -0.274285 0.071361
115.000000 437.000000 -0.527413 0.078064
150.000000 439.000000 -0.484736 0.078859
161.000000 439.000000 -0.471690 0.078501
1185.000000 440.000000 0.553856 0.081945
115.000000 441.000000 -0.527561 0.082108
129.000000 441.000000 -0.510224 0.081588
157.000000 441.000000 -0.476479 0.080615
51.000000 442.000000 -0.611226 0.085815
112.000000 442.000000 -0.531357 0.083235
1187.000000 442.000000 0.556518 0.084072
1159.000000 443.000000 0.521061 0.083972
109.000000 444.000000 -0.535209 0.085382
155.000000 444.000000 -0.478952 0.083664
169.000000 444.000000 -0.462472 0.083189
1113.000000 444.000000 0.465556 0.083315
139.000000 445.000000 -0.498178 0.085235
1103.000000 445.000000 0.453931 0.083970
1226.000000 446.000000 0.608507 0.089951
108.000000 447.000000 -0.536593 0.088469
1142.000000 447.000000 0.500302 0.087345
1204.000000 447.000000 0.578972 0.089956
83.000000 448.000000 -0.568747 0.090577
110.000000 448.000000 -0.534113 0.089401
136.000000 448.000000 -0.501934 0.088355
1194.000000 448.000000 0.565870 0.090530
132.000000 449.000000 -0.506853 0.089516
1118.000000 449.000000 0.471615 0.088448
109.000000 450.000000 -0.535458 0.091476
112.000000 450.000000 -0.531683 0.091347
333.000000 450.000000 -0.286474 0.084692
1041.000000 450.000000 0.384646 0.086956
1197.000000 450.000000 0.569887 0.092727
187.000000 451.000000 -0.441911 0.089486
938.000000 451.000000 0.277949 0.085487
1119.000000 451.000000 0.472870 0.090472
1215.000000 451.000000 0.593843 0.094628
1275.000000 451.000000 0.677979 0.097809
55.000000 452.000000 -0.606260 0.096071
114.000000 452.000000 -0.529259 0.093291
119.000000 452.000000 -0.523015 0.093076
1209.000000 453.000000 0.585905 0.096408
335.000000 454.000000 -0.284555 0.088411
52.000000 455.000000 -0.610502 0.099366
128.000000 456.000000 -0.512050 0.096732
1147.000000 456.000000 0.506774 0.096596
1116.000000 457.000000 0.469558 0.096322
128.000000 458.000000 -0.512137 0.098750
134.000000 458.000000 -0.504782 0.098487
1226.000000 458.000000 0.609125 0.102513
47.000000 460.000000 -0.617628 0.104888
1061.000000 460.000000 0.406866 0.097270
1099.000000 460.000000 0.449837 0.098636
1251.000000 460.000000 0.644013 0.106050
140.000000 461.000000 -0.497613 0.101243
205.000000 461.000000 -0.421868 0.098670
947.000000 461.000000 0.287141 0.095076
1209.000000 461.000000 0.586321 0.104719
1219.000000 461.000000 0.599767 0.105267
1136.000000 462.000000 0.493643 0.102152
1186.000000 462.000000 0.556152 0.104538
84.000000 463.000000 -0.568177 0.105988
116.000000 463.000000 -0.527259 0.104369
1234.000000 463.000000 0.620408 0.108225
1271.000000 463.000000 0.672872 0.110482
82.000000 464.000000 -0.570848 0.107128
380.000000 464.000000 -0.240443 0.096902
99.000000 465.000000 -0.548876 0.107261
1027.000000 465.000000 0.370008 0.101011
1137.000000 465.000000 0.494988 0.105211
1169.000000 465.000000 0.534574 0.106746
322.000000 466.000000 -0.297873 0.100013
454.000000 466.000000 -0.169952 0.097598
1137.000000 467.000000 0.495080 0.107222
1146.000000 467.000000 0.506048 0.107647
1042.000000 468.000000 0.386291 0.104403
1069.000000 468.000000 0.416051 0.105367
1171.000000 468.000000 0.537259 0.109912
107.000000 469.000000 -0.538894 0.110939
113.000000 469.000000 -0.531321 0.110627
115.000000 469.000000 -0.528810 0.110524
213.000000 469.000000 -0.413217 0.106207
1020.000000 469.000000 0.362660 0.104646
1145.000000 469.000000 0.504919 0.109619
1173.000000 469.000000 0.539850 0.111040
1184.000000 469.000000 0.553939 0.111632
380.000000 470.000000 -0.240557 0.102504
1231.000000 470.000000 0.616691 0.115426
1235.000000 470.000000 0.622219 0.115676
107.000000 471.000000 -0.539000 0.112985
133.000000 471.000000 -0.506608 0.111647
1074.000000 471.000000 0.421772 0.108500
1194.000000 471.000000 0.567049 0.114255
161.000000 472.000000 -0.472970 0.111321
1120.000000 472.000000 0.474929 0.111449
1224.000000 472.000000 0.607214 0.117095
1234.000000 472.000000 0.620961 0.117727
379.000000 473.000000 -0.241589 0.105329
1182.000000 474.000000 0.551640 0.116667
101.000000 475.000000 -0.546858 0.117416
392.000000 475.000000 -0.229029 0.106940
109.000000 476.000000 -0.536740 0.117993
1075.000000 476.000000 0.423099 0.113452
980.000000 477.000000 0.321054 0.111091
1065.000000 477.000000 0.411936 0.114028
1069.000000 477.000000 0.416403 0.114189
1093.000000 477.000000 0.443623 0.115206
1104.000000 477.000000 0.456351 0.115701
1212.000000 477.000000 0.591279 0.121585
1231.000000 478.000000 0.617208 0.123875
6.000000 479.000000 -0.676861 0.127799
111.000000 479.000000 -0.534382 0.120952
1088.000000 479.000000 0.437979 0.116965
1159.000000 479.000000 0.522753 0.120496
71.000000 480.000000 -0.586332 0.124402
322.000000 480.000000 -0.298235 0.113274
331.000000 480.000000 -0.289168 0.113032
900.000000 480.000000 0.241155 0.111894
85.000000 481.000000 -0.567906 0.124559
146.000000 481.000000 -0.491318 0.121082
906.000000 481.000000 0.247030 0.112964
974.000000 481.000000 0.315011 0.114729
71.000000 482.000000 -0.586461 0.126492
88.000000 482.000000 -0.564052 0.125410
91.000000 482.000000 -0.560152 0.125224
97.000000 482.000000 -0.552399 0.124857
149.000000 482.000000 -0.487758 0.121934
182.000000 482.000000 -0.448900 0.120313
64.000000 483.000000 -0.595910 0.128001
109.000000 483.000000 -0.537142 0.125167
152.000000 483.000000 -0.484212 0.122785
321.000000 483.000000 -0.299330 0.116151
386.000000 483.000000 -0.234999 0.114542
948.000000 483.000000 0.288688 0.115890
950.000000 483.000000 0.290699 0.115945
1093.000000 484.000000 0.443942 0.122147
1150.000000 484.000000 0.511855 0.125085
101.000000 485.000000 -0.547448 0.127706
170.000000 485.000000 -0.462998 0.123878
152.000000 486.000000 -0.484369 0.125805
185.000000 486.000000 -0.445630 0.124145
349.000000 487.000000 -0.271383 0.119180
980.000000 487.000000 0.321361 0.120646
1044.000000 487.000000 0.389178 0.122960
252.000000 488.000000 -0.371321 0.123236
1255.000000 489.000000 0.651668 0.137333
134.000000 490.000000 -0.506404 0.130851
338.000000 490.000000 -0.282424 0.122316
431.000000 490.000000 -0.192000 0.120187
1162.000000 490.000000 0.527153 0.131918
127.000000 491.000000 -0.515086 0.132281
350.000000 491.000000 -0.270496 0.122934
1063.000000 491.000000 0.410302 0.127689
1274.000000 491.000000 0.679250 0.140992
228.000000 492.000000 -0.397548 0.128112
232.000000 492.000000 -0.393160 0.127940
1161.000000 492.000000 0.526022 0.133906
193.000000 493.000000 -0.436797 0.130708
389.000000 494.000000 -0.232335 0.124789
1101.000000 495.000000 0.453745 0.133501
1194.000000 495.000000 0.568576 0.139188
238.000000 496.000000 -0.386779 0.131595
318.000000 496.000000 -0.302761 0.128620
382.000000 496.000000 -0.239181 0.126834
45.000000 497.000000 -0.622872 0.144180
148.000000 497.000000 -0.489790 0.137136
380.000000 497.000000 -0.241153 0.127824
1148.000000 497.000000 0.510156 0.138213
1183.000000 498.000000 0.554447 0.141544
1210.000000 498.000000 0.590043 0.143490
1242.000000 498.000000 0.633985 0.145972
239.000000 499.000000 -0.385820 0.134485
243.000000 499.000000 -0.381476 0.134311
936.000000 499.000000 0.277122 0.130730
1064.000000 499.000000 0.411787 0.135616
1174.000000 499.000000 0.542941 0.141961
83.000000 500.000000 -0.571810 0.144483
447.000000 500.000000 -0.177053 0.129211
1107.000000 500.000000 0.461023 0.138834
269.000000 501.000000 -0.353714 0.135179
917.000000 501.000000 0.258327 0.132084
1111.000000 501.000000 0.465782 0.140064
1188.000000 501.000000 0.561152 0.145019
1204.000000 501.000000 0.582240 0.146196
255.000000 502.000000 -0.368667 0.136725
985.000000 502.000000 0.327042 0.135214
81.000000 503.000000 -0.574665 0.147770
146.000000 503.000000 -0.492567 0.143341
192.000000 503.000000 -0.438451 0.140704
260.000000 503.000000 -0.363361 0.137488
283.000000 503.000000 -0.339066 0.136566
436.000000 503.000000 -0.187505 0.132214
263.000000 504.000000 -0.360205 0.138335
289.000000 504.000000 -0.332846 0.137303
1190.000000 504.000000 0.563982 0.148295
358.000000 506.000000 -0.262990 0.136917
265.000000 507.000000 -0.358203 0.141169
360.000000 507.000000 -0.261043 0.137808
44.000000 508.000000 -0.625152 0.156010
151.000000 508.000000 -0.486846 0.148107
1137.000000 508.000000 0.497365 0.148737
1200.000000 509.000000 0.577537 0.154301
275.000000 510.000000 -0.347744 0.143664
50.000000 511.000000 -0.617107 0.158711
120.000000 511.000000 -0.525107 0.153247
988.000000 511.000000 0.330501 0.144010
1050.000000 511.000000 0.396842 0.146769
1096.000000 511.000000 0.448824 0.149246
54.000000 512.000000 -0.611695 0.159438
150.000000 512.000000 -0.488306 0.152237
200.000000 512.000000 -0.429814 0.149240
1067.000000 512.000000 0.415802 0.148631
146.000000 513.000000 -0.493207 0.153518
195.000000 513.000000 -0.435567 0.150516
990.000000 513.000000 0.332663 0.146024
1064.000000 513.000000 0.412492 0.149464
88.000000 514.000000 -0.566312 0.158764
208.000000 514.000000 -0.420873 0.150793
311.000000 514.000000 -0.310519 0.146110
55.000000 515.000000 -0.610582 0.162554
90.000000 515.000000 -0.563777 0.159654
148.000000 515.000000 -0.490918 0.155424
204.000000 515.000000 -0.425444 0.152008
1270.000000 515.000000 0.675516 0.166835
129.000000 516.000000 -0.514246 0.157758
359.000000 516.000000 -0.262301 0.146388
993.000000 516.000000 0.335919 0.149054
787.000000 517.000000 0.134633 0.144301
973.000000 517.000000 0.315219 0.149215
145.000000 518.000000 -0.494757 0.158690
995.000000 518.000000 0.338097 0.151080
284.000000 519.000000 -0.338669 0.152023
533.000000 519.000000 -0.097395 0.145617
918.000000 519.000000 0.259846 0.149200
135.000000 520.000000 -0.507123 0.161442
221.000000 520.000000 -0.406647 0.156047
318.000000 520.000000 -0.303595 0.151621
501.000000 520.000000 -0.126933 0.146954
1167.000000 520.000000 0.535549 0.163225
118.000000 521.000000 -0.528353 0.163732
286.000000 521.000000 -0.336662 0.153880
313.000000 521.000000 -0.308739 0.152776
321.000000 521.000000 -0.300579 0.152471
1165.000000 521.000000 0.533088 0.164109
122.000000 522.000000 -0.523407 0.164464
1168.000000 522.000000 0.536977 0.165383
59.000000 523.000000 -0.605823 0.170745
357.000000 523.000000 -0.264506 0.153122
497.000000 523.000000 -0.130688 0.149809
1052.000000 523.000000 0.399674 0.158736
1097.000000 523.000000 0.450714 0.161378
1099.000000 523.000000 0.453044 0.161505
1204.000000 523.000000 0.584027 0.169420
1056.000000 524.000000 0.404166 0.159948
940.000000 525.000000 0.281978 0.155675
65.000000 526.000000 -0.597944 0.173407
1135.000000 526.000000 0.496170 0.167016
93.000000 527.000000 -0.560849 0.172008
555.000000 527.000000 -0.077297 0.152827
990.000000 527.000000 0.333257 0.159611
75.000000 528.000000 -0.584681 0.174635
503.000000 528.000000 -0.125197 0.154384
1077.000000 528.000000 0.428016 0.165162
1135.000000 528.000000 0.496317 0.169071
215.000000 530.000000 -0.413913 0.166337
331.000000 530.000000 -0.290783 0.160754
467.000000 530.000000 -0.158806 0.156878
1154.000000 530.000000 0.519943 0.172591
715.000000 531.000000 0.068481 0.156472
1094.000000 531.000000 0.447745 0.169262
64.000000 532.000000 -0.599853 0.179911
168.000000 532.000000 -0.468157 0.171376
506.000000 532.000000 -0.122477 0.158076
993.000000 532.000000 0.336624 0.164619
1237.000000 532.000000 0.630033 0.182149
434.000000 533.000000 -0.190058 0.160421
1019.000000 533.000000 0.364246 0.166869
1121.000000 533.000000 0.479746 0.173170
65.000000 534.000000 -0.598687 0.181957
990.000000 534.000000 0.333575 0.166432
1143.000000 534.000000 0.506591 0.175866
1154.000000 534.000000 0.520264 0.176745
72.000000 535.000000 -0.589340 0.182364
301.000000 535.000000 -0.321669 0.166831
357.000000 535.000000 -0.264915 0.164602
1094.000000 535.000000 0.448012 0.173309
1208.000000 535.000000 0.590489 0.182559
1113.000000 536.000000 0.470410 0.175655
1156.000000 536.000000 0.522936 0.178991
940.000000 537.000000 0.282426 0.167214
1068.000000 537.000000 0.418374 0.173631
1094.000000 537.000000 0.448148 0.175335
88.000000 538.000000 -0.568365 0.184067
173.000000 538.000000 -0.462678 0.177134
1166.000000 538.000000 0.535750 0.181925
157.000000 539.000000 -0.481781 0.179331
162.000000 539.000000 -0.475794 0.178956
169.000000 539.000000 -0.467473 0.178442
228.000000 539.000000 -0.399958 0.174548
230.000000 539.000000 -0.397745 0.174429
327.000000 539.000000 -0.295191 0.169600
1198.000000 539.000000 0.577482 0.185878
155.000000 540.000000 -0.484262 0.180510
215.000000 541.000000 -0.414584 0.177345
342.000000 541.000000 -0.280124 0.170931
1107.000000 541.000000 0.463664 0.180324
98.000000 542.000000 -0.555672 0.187383
214.000000 543.000000 -0.415836 0.179416
1065.000000 543.000000 0.415372 0.179464
1168.000000 543.000000 0.538741 0.187347
343.000000 544.000000 -0.279237 0.173787
993.000000 544.000000 0.337201 0.176360
940.000000 546.000000 0.282785 0.175906
1171.000000 546.000000 0.542855 0.190777
1148.000000 547.000000 0.513861 0.189779
1101.000000 548.000000 0.457115 0.187030
929.000000 549.000000 0.271856 0.178363
1019.000000 549.000000 0.365110 0.182673
1150.000000 549.000000 0.516530 0.192041
1204.000000 550.000000 0.586587 0.198235
331.000000 551.000000 -0.291640 0.181065
792.000000 551.000000 0.139883 0.176260
942.000000 551.000000 0.285012 0.180834
976.000000 551.000000 0.319805 0.182382
1014.000000 551.000000 0.359852 0.184373
1143.000000 551.000000 0.507998 0.193518
1263.000000 551.000000 0.669121 0.205768
79.000000 552.000000 -0.581639 0.199866
291.000000 552.000000 -0.332890 0.183929
1254.000000 552.000000 0.656262 0.205844
874.000000 553.000000 0.217870 0.180247
945.000000 553.000000 0.288133 0.182905
1081.000000 553.000000 0.434252 0.190657
1186.000000 553.000000 0.562991 0.199630
1229.000000 553.000000 0.621073 0.204137
495.000000 554.000000 -0.133073 0.178929
1157.000000 554.000000 0.525770 0.197912
523.000000 555.000000 -0.107081 0.179401
925.000000 555.000000 0.268097 0.184006
1220.000000 555.000000 0.608855 0.205328
91.000000 556.000000 -0.566160 0.202930
345.000000 556.000000 -0.277718 0.185321
84.000000 557.000000 -0.575501 0.204715
82.000000 558.000000 -0.578262 0.205996
233.000000 558.000000 -0.395610 0.193254
868.000000 558.000000 0.212223 0.184843
947.000000 558.000000 0.290382 0.187860
965.000000 558.000000 0.308781 0.188703
86.000000 559.000000 -0.573059 0.206653
1080.000000 559.000000 0.433542 0.196688
409.000000 560.000000 -0.214804 0.186805
523.000000 560.000000 -0.107157 0.184116
380.000000 561.000000 -0.243125 0.188771
1089.000000 561.000000 0.444089 0.199411
1134.000000 561.000000 0.497786 0.203157
340.000000 562.000000 -0.283015 0.191371
952.000000 562.000000 0.295654 0.191995
1249.000000 562.000000 0.650277 0.216317
203.000000 563.000000 -0.429697 0.200407
306.000000 563.000000 -0.317832 0.193977
393.000000 563.000000 -0.230458 0.190228
528.000000 564.000000 -0.102589 0.187818
151.000000 565.000000 -0.491174 0.206716
269.000000 565.000000 -0.356890 0.198005
315.000000 565.000000 -0.308639 0.195486
339.000000 565.000000 -0.284161 0.194342
465.000000 565.000000 -0.161455 0.190002
537.000000 565.000000 -0.094282 0.188633
1206.000000 565.000000 0.590884 0.214636
364.000000 566.000000 -0.259142 0.194235
477.000000 566.000000 -0.150174 0.190672
1096.000000 566.000000 0.452653 0.205098
1237.000000 566.000000 0.633750 0.219305
123.000000 567.000000 -0.526056 0.211435
223.000000 567.000000 -0.407355 0.203015
318.000000 567.000000 -0.305654 0.197301
360.000000 567.000000 -0.263166 0.195372
408.000000 567.000000 -0.216003 0.193561
923.000000 567.000000 0.266597 0.195568
1116.000000 567.000000 0.476466 0.207816
1119.000000 567.000000 0.480076 0.208078
120.000000 568.000000 -0.529948 0.212790
181.000000 568.000000 -0.455578 0.207254
539.000000 568.000000 -0.092476 0.191442
876.000000 568.000000 0.220310 0.194715
1097.000000 568.000000 0.453990 0.207239
1142.000000 568.000000 0.508304 0.211228
1239.000000 568.000000 0.636808 0.221752
1241.000000 568.000000 0.639633 0.221994
400.000000 569.000000 -0.223844 0.195763
965.000000 569.000000 0.309332 0.199504
1234.000000 569.000000 0.629896 0.222253
190.000000 570.000000 -0.445227 0.208579
459.000000 570.000000 -0.167254 0.194921
540.000000 570.000000 -0.091580 0.193321
314.000000 571.000000 -0.309975 0.201440
954.000000 571.000000 0.298133 0.200914
1081.000000 571.000000 0.435614 0.209029
317.000000 572.000000 -0.306936 0.202270
320.000000 572.000000 -0.303853 0.202116
417.000000 572.000000 -0.207463 0.198074
563.000000 572.000000 -0.070401 0.194932
784.000000 572.000000 0.132824 0.196004
1096.000000 572.000000 0.453148 0.211283
162.000000 573.000000 -0.478583 0.214071
251.000000 573.000000 -0.376833 0.207146
286.000000 573.000000 -0.339295 0.204963
899.000000 573.000000 0.243015 0.200407
957.000000 573.000000 0.301308 0.203032
1205.000000 573.000000 0.590440 0.223212
317.000000 574.000000 -0.307040 0.204241
455.000000 574.000000 -0.171152 0.198853
288.000000 575.000000 -0.337302 0.206835
392.000000 575.000000 -0.231875 0.201857
567.000000 575.000000 -0.066752 0.197731
295.000000 576.000000 -0.330001 0.207423
524.000000 576.000000 -0.106486 0.199257
528.000000 577.000000 -0.102791 0.200142
1079.000000 577.000000 0.433791 0.215029
1207.000000 577.000000 0.593615 0.227806
248.000000 578.000000 -0.380449 0.212389
1047.000000 579.000000 0.397703 0.214595
398.000000 580.000000 -0.226197 0.206477
833.000000 580.000000 0.179294 0.204883
1195.000000 580.000000 0.577820 0.229664
1236.000000 580.000000 0.634067 0.234672
1238.000000 580.000000 0.636887 0.234927
401.000000 581.000000 -0.223306 0.207334
1052.000000 581.000000 0.403436 0.217004
404.000000 582.000000 -0.220420 0.208193
433.000000 582.000000 -0.192386 0.207192
1040.000000 582.000000 0.390153 0.217130
117.000000 583.000000 -0.535319 0.229076
428.000000 583.000000 -0.197223 0.208320
484.000000 583.000000 -0.143985 0.206739
303.000000 584.000000 -0.322097 0.214917
364.000000 584.000000 -0.259917 0.211783
1171.000000 584.000000 0.546722 0.231248
323.000000 585.000000 -0.301453 0.214792
600.000000 585.000000 -0.036517 0.206952
1106.000000 585.000000 0.466122 0.225666
1150.000000 585.000000 0.520016 0.230032
327.000000 586.000000 -0.297405 0.215568
233.000000 587.000000 -0.397661 0.222611
259.000000 587.000000 -0.369083 0.220721
323.000000 587.000000 -0.301562 0.216773
329.000000 587.000000 -0.295411 0.216451
439.000000 587.000000 -0.186791 0.211829
499.000000 587.000000 -0.130000 0.210234
603.000000 587.000000 -0.033775 0.208837
1169.000000 587.000000 0.544472 0.234254
277.000000 588.000000 -0.349777 0.220518
478.000000 588.000000 -0.149758 0.211684
128.000000 589.000000 -0.522014 0.234307
323.000000 589.000000 -0.301671 0.218757
325.000000 589.000000 -0.299617 0.218647
1237.000000 589.000000 0.636645 0.244826
493.000000 590.000000 -0.135692 0.213245
557.000000 590.000000 -0.076142 0.212111
801.000000 590.000000 0.149211 0.213623
1106.000000 590.000000 0.466591 0.230897
21.000000 591.000000 -0.666902 0.249720
135.000000 591.000000 -0.513445 0.235692
282.000000 591.000000 -0.344644 0.223209
296.000000 591.000000 -0.329844 0.222322
339.000000 591.000000 -0.285426 0.219884
450.000000 592.000000 -0.176429 0.216321
977.000000 592.000000 0.323087 0.222997
1146.000000 592.000000 0.515736 0.237075
340.000000 594.000000 -0.284566 0.222801
1105.000000 594.000000 0.465780 0.234997
1151.000000 594.000000 0.522254 0.239764
1159.000000 594.000000 0.532419 0.240662
420.000000 595.000000 -0.205362 0.220237
1135.000000 595.000000 0.502343 0.239095
432.000000 596.000000 -0.193812 0.220784
138.000000 598.000000 -0.510455 0.242843
16.000000 599.000000 -0.675245 0.259479
197.000000 599.000000 -0.439590 0.237992
430.000000 599.000000 -0.195844 0.223773
448.000000 599.000000 -0.178559 0.223167
537.000000 599.000000 -0.094798 0.221022
1113.000000 599.000000 0.475871 0.241055
194.000000 600.000000 -0.443172 0.239311
1229.000000 600.000000 0.626879 0.256050
137.000000 601.000000 -0.512034 0.246166
244.000000 601.000000 -0.386541 0.236077
558.000000 601.000000 -0.075359 0.222631
574.000000 601.000000 -0.060573 0.222441
617.000000 601.000000 -0.020980 0.222138
1251.000000 601.000000 0.658236 0.260247
566.000000 602.000000 -0.067973 0.223491
613.000000 602.000000 -0.024662 0.223112
891.000000 602.000000 0.236343 0.228404
1065.000000 602.000000 0.419850 0.239662
176.000000 603.000000 -0.464670 0.244187
562.000000 603.000000 -0.071684 0.224501
569.000000 603.000000 -0.065213 0.224416
573.000000 603.000000 -0.061518 0.224372
1073.000000 603.000000 0.429114 0.241415
211.000000 604.000000 -0.423899 0.241935
1168.000000 604.000000 0.545173 0.252546
455.000000 606.000000 -0.172093 0.229751
491.000000 606.000000 -0.137957 0.228728
505.000000 606.000000 -0.124798 0.228394
1114.000000 606.000000 0.477801 0.248575
11.000000 607.000000 -0.683666 0.269326
140.000000 607.000000 -0.508963 0.252270
142.000000 607.000000 -0.506472 0.252044
431.000000 607.000000 -0.195166 0.231546
1088.000000 607.000000 0.446928 0.247007
368.000000 609.000000 -0.257111 0.236233
841.000000 609.000000 0.187905 0.233271
198.000000 610.000000 -0.439455 0.249402
447.000000 611.000000 -0.179913 0.234893
504.000000 611.000000 -0.125851 0.233261
572.000000 611.000000 -0.062531 0.232084
1080.000000 611.000000 0.437966 0.250435
423.000000 612.000000 -0.203097 0.236750
429.000000 612.000000 -0.197285 0.236519
202.000000 613.000000 -0.435098 0.252168
522.000000 613.000000 -0.109031 0.234808
988.000000 613.000000 0.336053 0.244886
444.000000 614.000000 -0.182897 0.237934
991.000000 614.000000 0.339313 0.246115
1015.000000 614.000000 0.365142 0.247902
1078.000000 614.000000 0.435930 0.253394
1130.000000 614.000000 0.498251 0.258880
1215.000000 614.000000 0.609367 0.269792
1240.000000 614.000000 0.644394 0.273404
415.000000 615.000000 -0.210996 0.240023
925.000000 615.000000 0.270950 0.242975
1105.000000 615.000000 0.467908 0.257194
1219.000000 615.000000 0.615044 0.271485
485.000000 616.000000 -0.143884 0.238607
531.000000 616.000000 -0.100685 0.237541
535.000000 616.000000 -0.096954 0.237466
840.000000 616.000000 0.187194 0.240097
433.000000 617.000000 -0.193606 0.241281
990.000000 617.000000 0.338463 0.249099
1008.000000 617.000000 0.357779 0.250438
1011.000000 617.000000 0.361029 0.250670
1211.000000 617.000000 0.604285 0.272591
901.000000 618.000000 0.247015 0.244708
1079.000000 618.000000 0.437486 0.257703
376.000000 619.000000 -0.249623 0.245773
500.000000 619.000000 -0.129806 0.241139
439.000000 620.000000 -0.187927 0.244007
832.000000 620.000000 0.179639 0.243738
990.000000 620.000000 0.338680 0.252161
1077.000000 620.000000 0.435357 0.259614
500.000000 621.000000 -0.129857 0.243090
445.000000 622.000000 -0.182221 0.245756
478.000000 622.000000 -0.150688 0.244671
503.000000 622.000000 -0.127056 0.243992
982.000000 622.000000 0.330329 0.253625
1225.000000 622.000000 0.624422 0.280264
244.000000 624.000000 -0.388445 0.259818
445.000000 624.000000 -0.182294 0.247726
1147.000000 625.000000 0.520861 0.272847
1155.000000 625.000000 0.531056 0.273865
1173.000000 625.000000 0.554383 0.276236
433.000000 626.000000 -0.193954 0.250157
924.000000 627.000000 0.270613 0.254954
997.000000 627.000000 0.346693 0.259861
505.000000 628.000000 -0.125322 0.249811
605.000000 628.000000 -0.032173 0.248258
414.000000 629.000000 -0.212570 0.253925
497.000000 629.000000 -0.132894 0.250999
939.000000 629.000000 0.286022 0.257871
1104.000000 629.000000 0.468240 0.272052
1149.000000 629.000000 0.523910 0.277481
424.000000 630.000000 -0.202855 0.254488
532.000000 630.000000 -0.100023 0.251161
1094.000000 630.000000 0.456390 0.272013
1184.000000 630.000000 0.569608 0.283314
1228.000000 630.000000 0.629838 0.289817
176.000000 631.000000 -0.467640 0.273988
421.000000 631.000000 -0.205820 0.255609
861.000000 631.000000 0.208172 0.255766
949.000000 631.000000 0.296440 0.260535
952.000000 631.000000 0.299543 0.260731
1096.000000 631.000000 0.458881 0.273305
1153.000000 631.000000 0.529275 0.280198
446.000000 632.000000 -0.181627 0.255594
482.000000 632.000000 -0.147188 0.254375
527.000000 632.000000 -0.104746 0.253222
1054.000000 632.000000 0.410085 0.270011
1128.000000 632.000000 0.497907 0.278119
470.000000 633.000000 -0.158646 0.255738
512.000000 633.000000 -0.118855 0.254544
1141.000000 634.000000 0.514418 0.281937
446.000000 635.000000 -0.181741 0.258568
668.000000 635.000000 0.026056 0.255051
1129.000000 635.000000 0.499519 0.281512
453.000000 636.000000 -0.175037 0.259298
458.000000 636.000000 -0.170233 0.259116
977.000000 636.000000 0.326059 0.267598
1169.000000 636.000000 0.550654 0.287899
1201.000000 636.000000 0.593380 0.292533
447.000000 637.000000 -0.180853 0.260516
522.000000 637.000000 -0.109547 0.258241
604.000000 637.000000 -0.033156 0.257045
663.000000 637.000000 0.021438 0.256981
1159.000000 637.000000 0.537793 0.287630
456.000000 638.000000 -0.172226 0.261172
964.000000 638.000000 0.312521 0.268704
976.000000 638.000000 0.325150 0.269581
1079.000000 638.000000 0.439556 0.278939
671.000000 639.000000 0.028857 0.258981
891.000000 639.000000 0.238134 0.265213
450.000000 640.000000 -0.178075 0.263383
893.000000 640.000000 0.240179 0.266326
1022.000000 640.000000 0.374987 0.275432
1169.000000 640.000000 0.551217 0.292359
621.000000 641.000000 -0.017433 0.260875
964.000000 641.000000 0.312736 0.271783
1009.000000 641.000000 0.360817 0.275336
372.000000 642.000000 -0.254865 0.269081
1007.000000 642.000000 0.358724 0.276208
1124.000000 642.000000 0.494197 0.288535
227.000000 643.000000 -0.409340 0.281365
368.000000 643.000000 -0.258951 0.270325
452.000000 643.000000 -0.176262 0.266294
657.000000 643.000000 0.015906 0.262836
1011.000000 643.000000 0.363173 0.277597
1131.000000 643.000000 0.503028 0.290527
475.000000 644.000000 -0.154236 0.266468
990.000000 644.000000 0.340526 0.276873
672.000000 645.000000 0.029821 0.264875
1179.000000 645.000000 0.565129 0.299415
367.000000 646.000000 -0.260136 0.273429
448.000000 646.000000 -0.180238 0.269443
451.000000 646.000000 -0.177342 0.269325
227.000000 647.000000 -0.409745 0.285615
891.000000 647.000000 0.238561 0.273287
1099.000000 647.000000 0.464316 0.290911
369.000000 648.000000 -0.258236 0.275343
1051.000000 648.000000 0.408265 0.286661
510.000000 649.000000 -0.121145 0.270389
674.000000 649.000000 0.031704 0.268826
212.000000 650.000000 -0.427292 0.290401
459.000000 650.000000 -0.169787 0.273016
462.000000 650.000000 -0.166901 0.272904
531.000000 650.000000 -0.101381 0.270873
891.000000 650.000000 0.238725 0.276326
624.000000 651.000000 -0.014684 0.270700
697.000000 651.000000 0.053108 0.271014
675.000000 652.000000 0.032654 0.271794
699.000000 652.000000 0.054983 0.272026
871.000000 652.000000 0.218980 0.277297
400.000000 653.000000 -0.227514 0.278688
687.000000 653.000000 0.043821 0.272884
675.000000 654.000000 0.032669 0.273771
697.000000 654.000000 0.053143 0.273981
895.000000 654.000000 0.242949 0.280614
466.000000 655.000000 -0.163242 0.277761
762.000000 655.000000 0.114092 0.276187
855.000000 655.000000 0.203393 0.279548
958.000000 655.000000 0.307481 0.285785
262.000000 656.000000 -0.371417 0.291734
523.000000 656.000000 -0.109051 0.277018
561.000000 656.000000 -0.073376 0.276249
702.000000 656.000000 0.057830 0.276024
895.000000 656.000000 0.243063 0.282651
688.000000 657.000000 0.044792 0.276855
865.000000 657.000000 0.213314 0.282057
969.000000 657.000000 0.319209 0.288709
1105.000000 657.000000 0.472799 0.302567
312.000000 658.000000 -0.317693 0.289536
481.000000 658.000000 -0.148973 0.280237
488.000000 658.000000 -0.142290 0.280005
525.000000 658.000000 -0.107214 0.278963
900.000000 658.000000 0.248200 0.284985
338.000000 659.000000 -0.290612 0.288634
394.000000 659.000000 -0.233801 0.285108
450.000000 660.000000 -0.178871 0.283415
487.000000 660.000000 -0.143309 0.282041
641.000000 660.000000 0.001092 0.279584
440.000000 661.000000 -0.188622 0.284852
527.000000 661.000000 -0.105400 0.281908
551.000000 661.000000 -0.082829 0.281397
684.000000 661.000000 0.041104 0.280787
451.000000 662.000000 -0.177986 0.285391
682.000000 663.000000 0.039259 0.282758
883.000000 663.000000 0.231468 0.289114
962.000000 663.000000 0.312297 0.294410
361.000000 664.000000 -0.267346 0.292226
632.000000 664.000000 -0.007281 0.283565
700.000000 664.000000 0.056067 0.283953
420.000000 665.000000 -0.208377 0.289849
569.000000 665.000000 -0.066033 0.285082
465.000000 666.000000 -0.164621 0.288868
862.000000 666.000000 0.210812 0.291052
938.000000 666.000000 0.287476 0.295721
961.000000 666.000000 0.311481 0.297465
508.000000 667.000000 -0.123536 0.288421
517.000000 667.000000 -0.115002 0.288170
623.000000 667.000000 -0.015666 0.286576
631.000000 667.000000 -0.008217 0.286555
970.000000 667.000000 0.321076 0.299241
339.000000 668.000000 -0.290226 0.297895
1012.000000 668.000000 0.366573 0.304065
1226.000000 668.000000 0.633238 0.333420
953.000000 669.000000 0.303315 0.299972
1018.000000 669.000000 0.373305 0.305721
502.000000 670.000000 -0.129330 0.291619
857.000000 670.000000 0.206089 0.294879
893.000000 671.000000 0.241942 0.297904
910.000000 671.000000 0.259119 0.298975
496.000000 673.000000 -0.135144 0.294836
1004.000000 673.000000 0.358265 0.308622
1273.000000 673.000000 0.701845 0.347630
634.000000 674.000000 -0.005431 0.293550
944.000000 674.000000 0.294300 0.304508
969.000000 674.000000 0.320599 0.306521
949.000000 675.000000 0.299597 0.305943
967.000000 675.000000 0.318560 0.307407
377.000000 676.000000 -0.251883 0.303589
495.000000 676.000000 -0.136197 0.297905
622.000000 676.000000 -0.016632 0.295587
646.000000 676.000000 0.005763 0.295559
892.000000 676.000000 0.241242 0.303003
352.000000 677.000000 -0.277456 0.306329
390.000000 677.000000 -0.238846 0.303812
401.000000 677.000000 -0.227840 0.303162
437.000000 677.000000 -0.192285 0.301265
504.000000 677.000000 -0.127641 0.298630
650.000000 677.000000 0.009498 0.296571
1274.000000 677.000000 0.704022 0.352597
387.000000 678.000000 -0.241921 0.305030
394.000000 678.000000 -0.234895 0.304605
351.000000 679.000000 -0.278630 0.308491
354.000000 679.000000 -0.275542 0.308274
501.000000 679.000000 -0.130565 0.300752
635.000000 679.000000 -0.004503 0.298570
641.000000 679.000000 0.001099 0.298569
961.000000 679.000000 0.312540 0.311126
537.000000 680.000000 -0.096410 0.300767
594.000000 680.000000 -0.042828 0.299807
958.000000 680.000000 0.309455 0.311932
1002.000000 680.000000 0.356753 0.315911
1168.000000 681.000000 0.556165 0.338708
63.000000 682.000000 -0.621693 0.347867
213.000000 682.000000 -0.429832 0.325049
386.000000 682.000000 -0.243178 0.309241
581.000000 683.000000 -0.055046 0.302988
608.000000 683.000000 -0.029752 0.302710
866.000000 683.000000 0.215678 0.308712
896.000000 684.000000 0.245780 0.311556
927.000000 684.000000 0.277430 0.313708
595.000000 685.000000 -0.041943 0.304844
613.000000 686.000000 -0.025093 0.305709
618.000000 686.000000 -0.020414 0.305681
881.000000 686.000000 0.230812 0.312695
893.000000 686.000000 0.242880 0.313446
1101.000000 686.000000 0.471793 0.334206
692.000000 687.000000 0.048868 0.306966
712.000000 687.000000 0.067664 0.307261
790.000000 687.000000 0.141738 0.309333
903.000000 687.000000 0.253072 0.315150
923.000000 687.000000 0.273529 0.316564
1173.000000 687.000000 0.563800 0.346479
523.000000 688.000000 -0.109883 0.309247
624.000000 688.000000 -0.014807 0.307680
871.000000 688.000000 0.220937 0.314177
950.000000 688.000000 0.301694 0.319735
1046.000000 688.000000 0.406961 0.329336
287.000000 689.000000 -0.347196 0.324520
491.000000 689.000000 -0.140476 0.311284
614.000000 689.000000 -0.024175 0.308741
604.000000 690.000000 -0.033553 0.309827
699.000000 690.000000 0.055482 0.310103
897.000000 690.000000 0.247186 0.317886
511.000000 691.000000 -0.121400 0.312662
701.000000 691.000000 0.057378 0.311149
720.000000 691.000000 0.075275 0.311472
494.000000 692.000000 -0.137703 0.314252
616.000000 692.000000 -0.022318 0.311775
703.000000 692.000000 0.059274 0.312196
927.000000 692.000000 0.278034 0.322135
931.000000 692.000000 0.282177 0.322444
1096.000000 692.000000 0.466542 0.340246
402.000000 693.000000 -0.227790 0.319702
505.000000 693.000000 -0.127197 0.314902
512.000000 693.000000 -0.120507 0.314679
516.000000 693.000000 -0.116691 0.314557
537.000000 693.000000 -0.096723 0.313982
486.000000 694.000000 -0.145469 0.316600
498.000000 694.000000 -0.133936 0.316165
618.000000 694.000000 -0.020454 0.313798
716.000000 694.000000 0.071558 0.314454
1096.000000 694.000000 0.466825 0.342498
1109.000000 694.000000 0.482766 0.344376
220.000000 695.000000 -0.423276 0.338541
501.000000 695.000000 -0.131094 0.317088
521.000000 695.000000 -0.111984 0.316458
1111.000000 695.000000 0.485389 0.345806
504.000000 696.000000 -0.128253 0.318015
995.000000 696.000000 0.350684 0.332454
471.000000 697.000000 -0.160082 0.320295
490.000000 698.000000 -0.141768 0.320570
527.000000 698.000000 -0.106356 0.319365
903.000000 698.000000 0.253832 0.326704
927.000000 698.000000 0.278499 0.328491
400.000000 699.000000 -0.230169 0.326107
408.000000 699.000000 -0.222153 0.325611
715.000000 699.000000 0.070707 0.319547
937.000000 699.000000 0.288982 0.330357
527.000000 700.000000 -0.106411 0.321420
778.000000 700.000000 0.130679 0.322258
931.000000 700.000000 0.282810 0.330936
297.000000 701.000000 -0.337514 0.336492
472.000000 701.000000 -0.159282 0.324393
45.000000 702.000000 -0.650702 0.374966
578.000000 702.000000 -0.058140 0.322374
704.000000 702.000000 0.060373 0.322431
316.000000 703.000000 -0.317284 0.336844
326.000000 703.000000 -0.306661 0.335940
895.000000 703.000000 0.246041 0.331426
1101.000000 703.000000 0.474242 0.353420
527.000000 704.000000 -0.106524 0.325541
600.000000 705.000000 -0.037447 0.325178
703.000000 705.000000 0.059478 0.325496
894.000000 705.000000 0.245165 0.333473
916.000000 705.000000 0.267673 0.335083
1198.000000 705.000000 0.600871 0.372083
325.000000 706.000000 -0.307988 0.339258
235.000000 707.000000 -0.407400 0.349999
253.000000 707.000000 -0.386850 0.347810
542.000000 707.000000 -0.092323 0.328238
1205.000000 707.000000 0.610919 0.375777
1221.000000 707.000000 0.633293 0.378807
533.000000 708.000000 -0.100916 0.329506
582.000000 708.000000 -0.054454 0.328484
612.000000 708.000000 -0.026174 0.328163
1004.000000 708.000000 0.361870 0.346501
234.000000 709.000000 -0.408805 0.352356
597.000000 709.000000 -0.040315 0.329325
847.000000 709.000000 0.198296 0.334745
529.000000 710.000000 -0.104787 0.331689
1081.000000 710.000000 0.450959 0.358463
364.000000 711.000000 -0.267642 0.341356
377.000000 711.000000 -0.254292 0.340372
451.000000 711.000000 -0.180239 0.335799
1027.000000 711.000000 0.388018 0.352467
942.000000 713.000000 0.295419 0.345811
318.000000 714.000000 -0.316179 0.348569
347.000000 714.000000 -0.285534 0.345961
354.000000 714.000000 -0.278238 0.345376
450.000000 714.000000 -0.181374 0.339002
872.000000 714.000000 0.223540 0.341537
932.000000 714.000000 0.285011 0.346024
479.000000 715.000000 -0.153088 0.338683
528.000000 715.000000 -0.105887 0.336912
1035.000000 715.000000 0.397636 0.357914
1042.000000 715.000000 0.405689 0.358804
1088.000000 715.000000 0.460150 0.365187
351.000000 716.000000 -0.281528 0.347780
1010.000000 716.000000 0.369454 0.356010
