835.000000 3.000000 0.186843 -0.341172
895.000000 3.000000 0.247002 -0.344972
1015.000000 3.000000 0.375127 -0.356346
1186.000000 3.000000 0.586656 -0.382820
1269.000000 3.000000 0.704142 -0.398883
932.000000 4.000000 0.285139 -0.346830
1046.000000 4.000000 0.410396 -0.359086
1071.000000 4.000000 0.439789 -0.362494
1102.000000 4.000000 0.477400 -0.367104
897.000000 5.000000 0.248897 -0.342980
930.000000 6.000000 0.282879 -0.344503
990.000000 6.000000 0.347034 -0.350220
1000.000000 6.000000 0.358052 -0.351307
1098.000000 6.000000 0.472164 -0.364186
1185.000000 6.000000 0.584732 -0.379046
439.000000 7.000000 -0.192131 -0.337189
889.000000 7.000000 0.240609 -0.340273
1111.000000 7.000000 0.488099 -0.365054
927.000000 8.000000 0.279585 -0.342100
967.000000 8.000000 0.321869 -0.345690
977.000000 8.000000 0.332656 -0.346680
989.000000 8.000000 0.345726 -0.347919
1053.000000 8.000000 0.418013 -0.355508
1059.000000 8.000000 0.425037 -0.356308
1088.000000 8.000000 0.459655 -0.360396
185.000000 10.000000 -0.467003 -0.358855
958.000000 10.000000 0.312051 -0.342664
1052.000000 10.000000 0.416585 -0.353131
1066.000000 10.000000 0.433016 -0.355002
1212.000000 10.000000 0.621224 -0.379359
3.000000 11.000000 -0.712581 -0.390040
755.000000 11.000000 0.108927 -0.329481
926.000000 11.000000 0.278299 -0.338799
1147.000000 11.000000 0.533279 -0.366331
57.000000 12.000000 -0.634869 -0.378581
383.000000 12.000000 -0.247919 -0.335401
844.000000 12.000000 0.195242 -0.332188
1179.000000 12.000000 0.575496 -0.370805
788.000000 13.000000 0.140540 -0.328536
879.000000 13.000000 0.230093 -0.333234
961.000000 13.000000 0.314970 -0.339696
1005.000000 13.000000 0.362820 -0.344156
882.000000 14.000000 0.233051 -0.332374
1150.000000 14.000000 0.536672 -0.363339
1191.000000 14.000000 0.591429 -0.370630
900.000000 16.000000 0.251163 -0.331492
970.000000 16.000000 0.324321 -0.337300
1130.000000 16.000000 0.510588 -0.357698
796.000000 17.000000 0.148109 -0.324701
1035.000000 17.000000 0.396108 -0.343200
858.000000 18.000000 0.208780 -0.326685
909.000000 18.000000 0.260215 -0.330024
1019.000000 18.000000 0.377884 -0.340228
1158.000000 18.000000 0.546461 -0.360036
1174.000000 18.000000 0.567696 -0.362825
1247.000000 18.000000 0.669399 -0.376399
905.000000 19.000000 0.256050 -0.328674
1042.000000 19.000000 0.403880 -0.341834
1082.000000 19.000000 0.450837 -0.347062
869.000000 20.000000 0.219622 -0.325240
965.000000 20.000000 0.318591 -0.332517
1033.000000 20.000000 0.393472 -0.339647
1139.000000 20.000000 0.521440 -0.354536
992.000000 21.000000 0.347660 -0.334051
1023.000000 21.000000 0.382039 -0.337387
1028.000000 21.000000 0.387682 -0.337961
945.000000 22.000000 0.297236 -0.328610
963.000000 22.000000 0.316275 -0.330185
1252.000000 22.000000 0.675856 -0.372511
890.000000 23.000000 0.240533 -0.323422
915.000000 23.000000 0.266002 -0.325173
1021.000000 23.000000 0.379565 -0.334969
769.000000 24.000000 0.121905 -0.316508
879.000000 24.000000 0.229390 -0.321665
922.000000 24.000000 0.273134 -0.324641
963.000000 24.000000 0.316095 -0.328040
1042.000000 24.000000 0.403274 -0.336307
896.000000 25.000000 0.246472 -0.321722
910.000000 25.000000 0.260730 -0.322697
914.000000 25.000000 0.264828 -0.322987
1183.000000 25.000000 0.578568 -0.356192
1191.000000 25.000000 0.589431 -0.357613
1194.000000 25.000000 0.593529 -0.358151
9.000000 26.000000 -0.701071 -0.370702
982.000000 26.000000 0.336295 -0.327659
1082.000000 26.000000 0.449875 -0.339199
1123.000000 26.000000 0.500165 -0.345120
859.000000 27.000000 0.209261 -0.317351
875.000000 27.000000 0.225197 -0.318284
911.000000 27.000000 0.261610 -0.320662
960.000000 27.000000 0.312639 -0.324564
969.000000 27.000000 0.322224 -0.325369
1138.000000 27.000000 0.519032 -0.346314
1200.000000 27.000000 0.601407 -0.356871
12.000000 28.000000 -0.696336 -0.367736
14.000000 28.000000 -0.693427 -0.367369
18.000000 28.000000 -0.687620 -0.366634
863.000000 28.000000 0.213175 -0.316537
882.000000 28.000000 0.232152 -0.317671
913.000000 28.000000 0.263585 -0.319753
1039.000000 28.000000 0.399367 -0.331550
1081.000000 28.000000 0.448408 -0.336826
1090.000000 28.000000 0.459221 -0.338052
875.000000 29.000000 0.225076 -0.316199
915.000000 29.000000 0.265563 -0.318846
987.000000 29.000000 0.341421 -0.324913
1123.000000 29.000000 0.499709 -0.341701
1148.000000 29.000000 0.531582 -0.345617
968.000000 30.000000 0.320885 -0.322071
1091.000000 30.000000 0.460153 -0.335948
1118.000000 30.000000 0.493300 -0.339814
1146.000000 30.000000 0.528836 -0.344144
1199.000000 30.000000 0.599492 -0.353154
236.000000 31.000000 -0.404022 -0.328628
863.000000 31.000000 0.213005 -0.313422
954.000000 31.000000 0.305947 -0.319787
956.000000 31.000000 0.308058 -0.319957
1089.000000 31.000000 0.457603 -0.334555
1190.000000 31.000000 0.587005 -0.350386
234.000000 32.000000 -0.406195 -0.327766
970.000000 32.000000 0.322841 -0.320115
1045.000000 32.000000 0.405763 -0.327865
950.000000 33.000000 0.301570 -0.317332
867.000000 34.000000 0.216809 -0.310538
890.000000 34.000000 0.239820 -0.311918
925.000000 34.000000 0.275477 -0.314321
1050.000000 34.000000 0.411275 -0.326263
1144.000000 34.000000 0.525623 -0.339240
922.000000 35.000000 0.272315 -0.313051
938.000000 35.000000 0.288864 -0.314257
873.000000 36.000000 0.222666 -0.308811
924.000000 36.000000 0.274300 -0.312148
1065.000000 36.000000 0.428452 -0.325884
1133.000000 36.000000 0.511265 -0.335258
225.000000 37.000000 -0.415957 -0.323347
15.000000 38.000000 -0.690153 -0.355165
206.000000 38.000000 -0.438001 -0.324566
894.000000 38.000000 0.243598 -0.308012
1128.000000 38.000000 0.504645 -0.332238
1131.000000 38.000000 0.508431 -0.332687
1233.000000 38.000000 0.645626 -0.349827
1272.000000 38.000000 0.702014 -0.356922
209.000000 39.000000 -0.434347 -0.323089
1027.000000 39.000000 0.384545 -0.318212
1207.000000 39.000000 0.608936 -0.343995
217.000000 40.000000 -0.424873 -0.321014
1046.000000 40.000000 0.405980 -0.319236
789.000000 41.000000 0.140474 -0.299816
896.000000 41.000000 0.245426 -0.305026
989.000000 41.000000 0.342450 -0.312255
1168.000000 41.000000 0.555799 -0.335051
1231.000000 41.000000 0.642242 -0.345911
218.000000 42.000000 -0.423471 -0.318704
1009.000000 42.000000 0.364204 -0.313114
1012.000000 42.000000 0.367516 -0.313415
1039.000000 42.000000 0.397771 -0.316273
864.000000 43.000000 0.213336 -0.301087
996.000000 43.000000 0.349863 -0.310780
1229.000000 43.000000 0.639047 -0.343189
221.000000 44.000000 -0.419757 -0.316165
882.000000 44.000000 0.231183 -0.301070
900.000000 44.000000 0.249274 -0.302171
914.000000 44.000000 0.263488 -0.303092
1009.000000 44.000000 0.364005 -0.310971
1012.000000 44.000000 0.367315 -0.311269
1068.000000 45.000000 0.430862 -0.316363
240.000000 46.000000 -0.397777 -0.311851
937.000000 46.000000 0.286989 -0.302643
963.000000 46.000000 0.314198 -0.304680
226.000000 47.000000 -0.413645 -0.312324
272.000000 47.000000 -0.361991 -0.307492
787.000000 47.000000 0.138355 -0.293666
892.000000 47.000000 0.241026 -0.298574
917.000000 47.000000 0.266347 -0.300181
946.000000 47.000000 0.296268 -0.302278
957.000000 47.000000 0.307789 -0.303141
1060.000000 47.000000 0.421303 -0.313228
1106.000000 47.000000 0.476065 -0.319020
1268.000000 47.000000 0.694542 -0.345419
238.000000 48.000000 -0.399827 -0.309908
948.000000 48.000000 0.298278 -0.301386
916.000000 49.000000 0.265191 -0.298040
958.000000 49.000000 0.308681 -0.301123
237.000000 50.000000 -0.400746 -0.307858
241.000000 50.000000 -0.396214 -0.307428
956.000000 50.000000 0.306499 -0.299917
1137.000000 50.000000 0.514253 -0.320022
1148.000000 50.000000 0.528306 -0.321652
256.000000 52.000000 -0.379182 -0.303730
1016.000000 52.000000 0.370944 -0.303112
1152.000000 52.000000 0.533161 -0.319992
258.000000 53.000000 -0.376858 -0.302462
1013.000000 53.000000 0.367533 -0.301754
1237.000000 53.000000 0.648653 -0.332820
188.000000 54.000000 -0.457372 -0.309216
255.000000 54.000000 -0.380094 -0.301693
798.000000 54.000000 0.148641 -0.286978
893.000000 54.000000 0.241610 -0.291434
1029.000000 54.000000 0.385214 -0.302279
1043.000000 54.000000 0.401006 -0.303744
940.000000 55.000000 0.289436 -0.293494
1041.000000 55.000000 0.398629 -0.302456
3.000000 56.000000 -0.704501 -0.335796
256.000000 56.000000 -0.378783 -0.299461
272.000000 56.000000 -0.361136 -0.297924
1051.000000 56.000000 0.409914 -0.302457
1067.000000 56.000000 0.428395 -0.304255
1113.000000 56.000000 0.483439 -0.309973
161.000000 57.000000 -0.489801 -0.309406
187.000000 57.000000 -0.458195 -0.306051
253.000000 57.000000 -0.382023 -0.298692
809.000000 57.000000 0.159087 -0.284354
1000.000000 57.000000 0.352917 -0.296292
1010.000000 57.000000 0.363848 -0.297218
1069.000000 57.000000 0.430612 -0.303401
1139.000000 57.000000 0.515779 -0.312453
1171.000000 57.000000 0.557221 -0.317225
1179.000000 57.000000 0.567843 -0.318477
266.000000 58.000000 -0.367532 -0.296368
834.000000 58.000000 0.183201 -0.284351
1012.000000 58.000000 0.365952 -0.296347
1155.000000 58.000000 0.536143 -0.313662
1181.000000 58.000000 0.570357 -0.317651
1195.000000 58.000000 0.589242 -0.319895
269.000000 59.000000 -0.364143 -0.295028
931.000000 59.000000 0.279868 -0.288719
998.000000 59.000000 0.350563 -0.294001
1001.000000 59.000000 0.353824 -0.294271
1240.000000 59.000000 0.651896 -0.326295
934.000000 60.000000 0.282885 -0.287894
984.000000 60.000000 0.335378 -0.291733
1104.000000 60.000000 0.471918 -0.304385
1178.000000 60.000000 0.566039 -0.314899
262.000000 61.000000 -0.371655 -0.293568
855.000000 61.000000 0.203556 -0.282271
999.000000 61.000000 0.351470 -0.291984
1023.000000 61.000000 0.377824 -0.294219
1140.000000 61.000000 0.516480 -0.308121
1189.000000 61.000000 0.580630 -0.315490
971.000000 62.000000 0.321365 -0.288575
994.000000 62.000000 0.345967 -0.290492
1045.000000 62.000000 0.402430 -0.295372
1124.000000 62.000000 0.496238 -0.304801
1126.000000 62.000000 0.498729 -0.305071
1175.000000 62.000000 0.561743 -0.312161
1250.000000 62.000000 0.665745 -0.324493
845.000000 63.000000 0.193685 -0.279786
989.000000 63.000000 0.340491 -0.289013
991.000000 63.000000 0.342644 -0.289184
1158.000000 63.000000 0.539292 -0.308474
1164.000000 63.000000 0.547107 -0.309363
813.000000 64.000000 0.162671 -0.277469
1177.000000 64.000000 0.564091 -0.310198
902.000000 65.000000 0.250002 -0.280714
905.000000 65.000000 0.253023 -0.280893
940.000000 65.000000 0.288725 -0.283154
964.000000 65.000000 0.313740 -0.284908
1152.000000 65.000000 0.531247 -0.305357
249.000000 66.000000 -0.385598 -0.289518
861.000000 66.000000 0.209204 -0.277503
992.000000 66.000000 0.343465 -0.286128
1005.000000 66.000000 0.357552 -0.287260
1098.000000 66.000000 0.463912 -0.297063
1114.000000 66.000000 0.483357 -0.299072
1160.000000 66.000000 0.541449 -0.305394
1214.000000 66.000000 0.614059 -0.313782
908.000000 67.000000 0.255929 -0.279032
1123.000000 67.000000 0.494330 -0.299142
897.000000 68.000000 0.244807 -0.277370
925.000000 68.000000 0.273124 -0.279069
927.000000 68.000000 0.275167 -0.279198
912.000000 69.000000 0.259851 -0.277234
1054.000000 69.000000 0.411955 -0.288830
1161.000000 69.000000 0.542313 -0.302173
1199.000000 69.000000 0.592929 -0.307929
18.000000 70.000000 -0.680222 -0.316710
967.000000 70.000000 0.316517 -0.279956
992.000000 70.000000 0.343127 -0.281949
997.000000 70.000000 0.348519 -0.282371
1137.000000 70.000000 0.511439 -0.297695
1211.000000 70.000000 0.609252 -0.308694
948.000000 71.000000 0.296586 -0.277538
1052.000000 71.000000 0.409462 -0.286488
1054.000000 71.000000 0.411746 -0.286695
1159.000000 71.000000 0.539428 -0.299645
827.000000 72.000000 0.175849 -0.269993
970.000000 72.000000 0.319528 -0.278115
23.000000 73.000000 -0.672478 -0.312367
884.000000 73.000000 0.231565 -0.271592
935.000000 73.000000 0.283035 -0.274604
981.000000 73.000000 0.331110 -0.277934
1093.000000 75.000000 0.456846 -0.286692
919.000000 76.000000 0.266517 -0.270533
983.000000 76.000000 0.333003 -0.274983
1143.000000 76.000000 0.518218 -0.291864
1207.000000 76.000000 0.602785 -0.301193
914.000000 77.000000 0.261394 -0.269217
985.000000 77.000000 0.335057 -0.274105
1064.000000 77.000000 0.422604 -0.281340
1124.000000 77.000000 0.494277 -0.288282
1164.000000 77.000000 0.545071 -0.293652
983.000000 78.000000 0.332846 -0.272913
925.000000 79.000000 0.272430 -0.267851
1206.000000 79.000000 0.600946 -0.297619
1002.000000 80.000000 0.353086 -0.272371
1052.000000 80.000000 0.408550 -0.276928
5.000000 81.000000 -0.697382 -0.305965
964.000000 81.000000 0.312555 -0.268402
996.000000 81.000000 0.346527 -0.270841
1045.000000 81.000000 0.400519 -0.275185
1146.000000 81.000000 0.521359 -0.286743
1160.000000 81.000000 0.539318 -0.288638
1183.000000 81.000000 0.569531 -0.291904
32.000000 82.000000 -0.658058 -0.300440
194.000000 82.000000 -0.446966 -0.278157
927.000000 82.000000 0.274283 -0.264928
930.000000 82.000000 0.277341 -0.265113
991.000000 82.000000 0.341077 -0.269406
889.000000 83.000000 0.236012 -0.261780
1144.000000 83.000000 0.518556 -0.284275
1171.000000 83.000000 0.553374 -0.287945
969.000000 84.000000 0.317585 -0.265685
972.000000 85.000000 0.320669 -0.264876
1084.000000 85.000000 0.445057 -0.274931
937.000000 86.000000 0.284250 -0.261490
976.000000 86.000000 0.324815 -0.264143
1119.000000 86.000000 0.487002 -0.277854
337.000000 87.000000 -0.289860 -0.260749
829.000000 87.000000 0.177205 -0.255147
1036.000000 87.000000 0.389850 -0.268034
1055.000000 87.000000 0.411276 -0.269826
1079.000000 87.000000 0.438976 -0.272262
1135.000000 87.000000 0.506707 -0.278733
1196.000000 87.000000 0.586112 -0.287059
1146.000000 88.000000 0.520442 -0.279040
315.000000 89.000000 -0.312520 -0.260171
915.000000 89.000000 0.261710 -0.257149
980.000000 89.000000 0.328826 -0.261360
1080.000000 89.000000 0.439935 -0.270238
1098.000000 89.000000 0.461223 -0.272185
961.000000 91.000000 0.308724 -0.257975
892.000000 92.000000 0.238535 -0.252916
931.000000 92.000000 0.277753 -0.255054
981.000000 92.000000 0.329665 -0.258360
1083.000000 92.000000 0.443136 -0.267361
1191.000000 92.000000 0.578649 -0.280724
1271.000000 92.000000 0.691358 -0.292906
1018.000000 93.000000 0.369424 -0.260217
1111.000000 93.000000 0.476423 -0.269353
1142.000000 93.000000 0.514747 -0.273059
1155.000000 93.000000 0.531272 -0.274714
1182.000000 93.000000 0.566491 -0.278342
922.000000 94.000000 0.268498 -0.252516
934.000000 94.000000 0.280692 -0.253216
1065.000000 94.000000 0.422033 -0.263422
1202.000000 94.000000 0.593236 -0.280060
1271.000000 94.000000 0.691043 -0.290582
1273.000000 94.000000 0.693981 -0.290897
1027.000000 95.000000 0.379151 -0.258902
1081.000000 95.000000 0.440482 -0.263969
330.000000 96.000000 -0.296495 -0.252076
1017.000000 96.000000 0.368082 -0.257031
1130.000000 96.000000 0.499375 -0.268331
1137.000000 96.000000 0.508097 -0.269175
1200.000000 96.000000 0.590229 -0.277528
890.000000 97.000000 0.236304 -0.247830
982.000000 97.000000 0.330363 -0.253322
995.000000 97.000000 0.344204 -0.254275
1012.000000 97.000000 0.362549 -0.255594
1068.000000 97.000000 0.425192 -0.260555
1079.000000 97.000000 0.437942 -0.261647
859.000000 98.000000 0.205812 -0.245443
1014.000000 98.000000 0.364646 -0.254723
1017.000000 98.000000 0.367919 -0.254966
897.000000 100.000000 0.243105 -0.245187
1000.000000 100.000000 0.349342 -0.251578
335.000000 101.000000 -0.291047 -0.246725
913.000000 101.000000 0.259041 -0.245009
1093.000000 101.000000 0.453983 -0.258845
1186.000000 101.000000 0.570710 -0.270001
1134.000000 102.000000 0.503635 -0.262314
1175.000000 103.000000 0.555903 -0.266322
902.000000 104.000000 0.247884 -0.241456
1026.000000 104.000000 0.377298 -0.249509
1083.000000 104.000000 0.441912 -0.254655
1130.000000 104.000000 0.498437 -0.259691
1039.000000 105.000000 0.391610 -0.249559
166.000000 106.000000 -0.477770 -0.255552
982.000000 106.000000 0.329732 -0.244164
988.000000 106.000000 0.336086 -0.244580
1022.000000 106.000000 0.372745 -0.247127
1116.000000 106.000000 0.481041 -0.255974
1062.000000 107.000000 0.417369 -0.249508
1082.000000 107.000000 0.440448 -0.251397
1114.000000 109.000000 0.478288 -0.252556
1041.000000 110.000000 0.393418 -0.244557
1181.000000 110.000000 0.562889 -0.259398
286.000000 111.000000 -0.341566 -0.239803
1083.000000 111.000000 0.441228 -0.247290
1223.000000 111.000000 0.619724 -0.263965
1066.000000 112.000000 0.421486 -0.244659
1163.000000 112.000000 0.539160 -0.254948
1045.000000 113.000000 0.397635 -0.241794
98.000000 114.000000 -0.562602 -0.254871
1004.000000 114.000000 0.352609 -0.237584
1067.000000 114.000000 0.422451 -0.242666
1142.000000 114.000000 0.512236 -0.250302
1177.000000 114.000000 0.557115 -0.254499
1021.000000 115.000000 0.370950 -0.237822
1116.000000 115.000000 0.480076 -0.246386
109.000000 116.000000 -0.547984 -0.251324
924.000000 116.000000 0.269324 -0.230655
975.000000 116.000000 0.321707 -0.233596
1023.000000 117.000000 0.372984 -0.235930
1048.000000 117.000000 0.400662 -0.237917
1061.000000 117.000000 0.415339 -0.239021
1120.000000 117.000000 0.484726 -0.244681
1176.000000 117.000000 0.555430 -0.251095
1027.000000 118.000000 0.377289 -0.235214
1174.000000 118.000000 0.552693 -0.249757
388.000000 119.000000 -0.236845 -0.226087
1012.000000 119.000000 0.360874 -0.233077
1030.000000 119.000000 0.380509 -0.234422
1193.000000 119.000000 0.577680 -0.251041
236.000000 120.000000 -0.395298 -0.234360
924.000000 120.000000 0.269118 -0.226691
961.000000 120.000000 0.306885 -0.228723
971.000000 120.000000 0.317275 -0.229327
845.000000 121.000000 0.191384 -0.222352
969.000000 121.000000 0.315129 -0.228203
1030.000000 121.000000 0.380355 -0.232377
1106.000000 121.000000 0.467422 -0.239019
1197.000000 121.000000 0.582790 -0.249352
261.000000 122.000000 -0.367657 -0.230410
1052.000000 122.000000 0.404740 -0.233096
1060.000000 122.000000 0.413775 -0.233762
1171.000000 122.000000 0.548302 -0.245043
1034.000000 123.000000 0.384609 -0.230640
1075.000000 123.000000 0.430840 -0.234024
1168.000000 123.000000 0.544295 -0.243602
1227.000000 123.000000 0.623649 -0.251081
1024.000000 124.000000 0.373553 -0.228868
1037.000000 124.000000 0.387847 -0.229848
1060.000000 124.000000 0.413607 -0.231698
1113.000000 124.000000 0.475528 -0.236552
1170.000000 124.000000 0.546767 -0.242755
1177.000000 125.000000 0.555766 -0.242501
943.000000 126.000000 0.288059 -0.221737
1039.000000 126.000000 0.389908 -0.227958
1065.000000 126.000000 0.419121 -0.230055
1067.000000 126.000000 0.421402 -0.230224
102.000000 127.000000 -0.555773 -0.240207
980.000000 127.000000 0.326259 -0.222867
1162.000000 127.000000 0.536105 -0.238586
1169.000000 127.000000 0.545121 -0.239390
1021.000000 128.000000 0.369991 -0.224586
1028.000000 128.000000 0.377635 -0.225093
1011.000000 129.000000 0.359090 -0.222873
1049.000000 129.000000 0.400812 -0.225667
1069.000000 129.000000 0.423434 -0.227295
1110.000000 129.000000 0.471430 -0.230996
1223.000000 129.000000 0.617282 -0.243870
1072.000000 131.000000 0.426700 -0.225484
1174.000000 131.000000 0.551146 -0.235643
1180.000000 131.000000 0.558985 -0.236341
1114.000000 132.000000 0.475948 -0.228231
1122.000000 132.000000 0.485630 -0.229011
1172.000000 132.000000 0.548432 -0.234333
167.000000 134.000000 -0.473738 -0.225861
914.000000 134.000000 0.258421 -0.212421
1015.000000 134.000000 0.363066 -0.218099
1057.000000 134.000000 0.409403 -0.221177
1207.000000 134.000000 0.594671 -0.236319
1172.000000 135.000000 0.548092 -0.231098
997.000000 136.000000 0.343648 -0.214912
1047.000000 136.000000 0.398039 -0.218363
1059.000000 136.000000 0.411502 -0.219286
946.000000 137.000000 0.290542 -0.211016
1013.000000 137.000000 0.360706 -0.214942
1105.000000 137.000000 0.464708 -0.222155
1170.000000 137.000000 0.545279 -0.228721
1018.000000 138.000000 0.366040 -0.214269
908.000000 140.000000 0.252184 -0.206289
1172.000000 140.000000 0.547536 -0.225718
1083.000000 141.000000 0.438538 -0.216091
1109.000000 141.000000 0.469112 -0.218349
1070.000000 142.000000 0.423513 -0.214009
1085.000000 142.000000 0.440774 -0.215227
1159.000000 142.000000 0.530632 -0.222181
1034.000000 143.000000 0.383146 -0.210319
1121.000000 143.000000 0.483361 -0.217362
1173.000000 143.000000 0.548503 -0.222606
1109.000000 144.000000 0.468842 -0.215225
1138.000000 144.000000 0.504079 -0.217934
906.000000 145.000000 0.249990 -0.201334
929.000000 145.000000 0.272943 -0.202336
1000.000000 145.000000 0.346281 -0.206101
1100.000000 145.000000 0.458074 -0.213398
1164.000000 145.000000 0.536698 -0.219506
1074.000000 146.000000 0.427770 -0.210227
1090.000000 146.000000 0.446258 -0.211519
1112.000000 146.000000 0.472249 -0.213411
1156.000000 146.000000 0.526410 -0.217614
850.000000 147.000000 0.195335 -0.197375
1096.000000 147.000000 0.453195 -0.210989
193.000000 148.000000 -0.441870 -0.209068
960.000000 148.000000 0.304309 -0.200894
1075.000000 148.000000 0.428759 -0.208258
1163.000000 148.000000 0.535108 -0.216205
1117.000000 149.000000 0.477984 -0.210734
1112.000000 150.000000 0.471896 -0.209254
1126.000000 150.000000 0.488786 -0.210503
1154.000000 150.000000 0.523480 -0.213171
32.000000 151.000000 -0.648289 -0.222340
964.000000 151.000000 0.308272 -0.198146
1117.000000 151.000000 0.477807 -0.208653
200.000000 152.000000 -0.433479 -0.204416
1152.000000 152.000000 0.520763 -0.210859
1208.000000 152.000000 0.593896 -0.216778
55.000000 153.000000 -0.615822 -0.217395
1159.000000 153.000000 0.529509 -0.210490
1028.000000 154.000000 0.375849 -0.198848
1150.000000 154.000000 0.518058 -0.208554
981.000000 155.000000 0.325694 -0.195094
1020.000000 155.000000 0.367105 -0.197343
1098.000000 155.000000 0.454882 -0.202906
1132.000000 155.000000 0.495657 -0.205824
10.000000 156.000000 -0.679336 -0.219464
1039.000000 156.000000 0.387764 -0.197556
1156.000000 156.000000 0.525416 -0.207022
1173.000000 156.000000 0.547137 -0.208709
178.000000 157.000000 -0.458660 -0.201025
974.000000 157.000000 0.318304 -0.192756
1056.000000 157.000000 0.406572 -0.197701
309.000000 158.000000 -0.314649 -0.191536
1024.000000 158.000000 0.371250 -0.194594
1150.000000 158.000000 0.517677 -0.204341
1237.000000 158.000000 0.633254 -0.213561
1028.000000 159.000000 0.375532 -0.193843
31.000000 160.000000 -0.648634 -0.212500
1161.000000 160.000000 0.531365 -0.203279
1201.000000 160.000000 0.583577 -0.207346
1236.000000 160.000000 0.631616 -0.211246
146.000000 161.000000 -0.496707 -0.199577
1082.000000 161.000000 0.435807 -0.195515
1123.000000 161.000000 0.484176 -0.198787
1155.000000 161.000000 0.523677 -0.201654
1163.000000 161.000000 0.533813 -0.202415
148.000000 162.000000 -0.494177 -0.198362
1160.000000 163.000000 0.529810 -0.200018
1165.000000 163.000000 0.536171 -0.200493
979.000000 164.000000 0.323141 -0.186130
1131.000000 164.000000 0.493640 -0.196357
1167.000000 164.000000 0.538631 -0.199627
1189.000000 164.000000 0.567205 -0.201799
1199.000000 164.000000 0.580477 -0.202829
1141.000000 165.000000 0.505838 -0.196186
1173.000000 166.000000 0.546147 -0.198086
5.000000 167.000000 -0.685318 -0.207773
18.000000 167.000000 -0.666434 -0.206266
935.000000 168.000000 0.277974 -0.180212
1024.000000 168.000000 0.370648 -0.184629
1048.000000 168.000000 0.396926 -0.186094
12.000000 171.000000 -0.674657 -0.202517
15.000000 171.000000 -0.670311 -0.202177
1149.000000 172.000000 0.515160 -0.189580
951.000000 173.000000 0.293936 -0.176038
1054.000000 173.000000 0.403275 -0.181463
1110.000000 173.000000 0.467632 -0.185364
1167.000000 174.000000 0.537700 -0.189080
1061.000000 175.000000 0.410973 -0.179902
954.000000 176.000000 0.296859 -0.173256
1161.000000 176.000000 0.529892 -0.186445
1169.000000 176.000000 0.540076 -0.187157
1188.000000 177.000000 0.564615 -0.187852
7.000000 178.000000 -0.681149 -0.195314
988.000000 178.000000 0.331836 -0.172852
1174.000000 178.000000 0.546316 -0.185502
1197.000000 179.000000 0.576313 -0.186579
35.000000 180.000000 -0.640752 -0.190104
1073.000000 180.000000 0.424194 -0.175649
403.000000 181.000000 -0.219945 -0.165646
1150.000000 181.000000 0.515644 -0.180288
1186.000000 181.000000 0.561622 -0.183426
498.000000 182.000000 -0.129987 -0.162541
1127.000000 182.000000 0.487317 -0.177424
1169.000000 182.000000 0.539545 -0.180854
1135.000000 183.000000 0.496968 -0.177012
1181.000000 183.000000 0.554922 -0.180860
1271.000000 183.000000 0.679187 -0.189814
1004.000000 184.000000 0.348379 -0.167756
1081.000000 184.000000 0.433055 -0.172140
993.000000 185.000000 0.336738 -0.166247
1007.000000 185.000000 0.351511 -0.166924
1015.000000 185.000000 0.360036 -0.167327
1195.000000 185.000000 0.573099 -0.180012
1011.000000 186.000000 0.355715 -0.166141
1178.000000 187.000000 0.550682 -0.176385
18.000000 188.000000 -0.664147 -0.183116
1052.000000 188.000000 0.400148 -0.166364
1162.000000 189.000000 0.530055 -0.172947
1176.000000 189.000000 0.547929 -0.174113
1192.000000 190.000000 0.568688 -0.174446
1081.000000 191.000000 0.432610 -0.165098
1169.000000 191.000000 0.538784 -0.171434
1190.000000 191.000000 0.565970 -0.173214
1097.000000 192.000000 0.451006 -0.165109
1159.000000 192.000000 0.526028 -0.169584
1162.000000 192.000000 0.529812 -0.169823
980.000000 193.000000 0.322830 -0.157877
1165.000000 193.000000 0.533531 -0.169023
1176.000000 193.000000 0.547593 -0.169920
1266.000000 194.000000 0.670761 -0.177170
1043.000000 195.000000 0.389838 -0.158925
1124.000000 195.000000 0.482747 -0.163885
1171.000000 195.000000 0.541013 -0.167421
1177.000000 195.000000 0.548717 -0.167909
1120.000000 196.000000 0.477880 -0.162588
1179.000000 196.000000 0.551216 -0.167026
29.000000 197.000000 -0.647536 -0.172201
176.000000 197.000000 -0.458110 -0.160393
1046.000000 197.000000 0.393027 -0.157106
1102.000000 197.000000 0.456518 -0.160380
1181.000000 197.000000 0.553722 -0.166142
31.000000 198.000000 -0.644607 -0.170925
1049.000000 198.000000 0.396278 -0.156276
1166.000000 198.000000 0.534405 -0.163899
1104.000000 199.000000 0.458733 -0.158487
1138.000000 199.000000 0.499443 -0.160779
1170.000000 199.000000 0.539418 -0.163171
1174.000000 199.000000 0.544536 -0.163486
1182.000000 199.000000 0.554856 -0.164128
859.000000 200.000000 0.202500 -0.147232
1037.000000 200.000000 0.383020 -0.153681
1177.000000 200.000000 0.548313 -0.162681
1186.000000 200.000000 0.559976 -0.163405
931.000000 201.000000 0.272740 -0.148330
1183.000000 201.000000 0.555992 -0.162114
1227.000000 201.000000 0.614884 -0.165859
988.000000 202.000000 0.330761 -0.149487
1121.000000 202.000000 0.478672 -0.156550
1190.000000 202.000000 0.565043 -0.161631
1059.000000 203.000000 0.407096 -0.151856
1180.000000 204.000000 0.551868 -0.158739
1189.000000 204.000000 0.563572 -0.159451
1039.000000 205.000000 0.384952 -0.148860
1062.000000 206.000000 0.410283 -0.149041
1235.000000 206.000000 0.625528 -0.161208
440.000000 207.000000 -0.183903 -0.140206
821.000000 207.000000 0.166324 -0.139867
1132.000000 207.000000 0.491588 -0.152187
1135.000000 208.000000 0.495165 -0.151366
1182.000000 209.000000 0.554071 -0.153675
1257.000000 209.000000 0.656350 -0.159935
1180.000000 210.000000 0.551409 -0.152481
1068.000000 211.000000 0.416740 -0.144399
71.000000 212.000000 -0.588315 -0.152467
1151.000000 215.000000 0.514356 -0.145268
1155.000000 215.000000 0.519331 -0.145535
71.000000 217.000000 -0.587925 -0.147196
127.000000 217.000000 -0.515810 -0.143227
527.000000 218.000000 -0.102720 -0.128669
1013.000000 218.000000 0.356393 -0.134998
1069.000000 218.000000 0.417508 -0.137517
12.000000 222.000000 -0.669635 -0.146585
541.000000 223.000000 -0.089839 -0.123926
1024.000000 223.000000 0.367926 -0.130588
1082.000000 224.000000 0.431908 -0.132216
1137.000000 224.000000 0.496592 -0.135207
1080.000000 225.000000 0.429585 -0.131126
1140.000000 226.000000 0.500129 -0.133354
1032.000000 228.000000 0.376331 -0.126047
1040.000000 228.000000 0.385002 -0.126374
1138.000000 228.000000 0.497574 -0.131207
1207.000000 228.000000 0.585564 -0.135636
22.000000 229.000000 -0.654714 -0.138213
1099.000000 229.000000 0.451191 -0.128093
90.000000 230.000000 -0.561938 -0.132253
1033.000000 230.000000 0.377331 -0.124141
1107.000000 230.000000 0.460463 -0.127502
1094.000000 232.000000 0.445261 -0.124859
1108.000000 232.000000 0.461532 -0.125553
139.000000 233.000000 -0.500099 -0.126205
563.000000 233.000000 -0.069685 -0.114573
1039.000000 234.000000 0.383672 -0.120485
1075.000000 234.000000 0.423506 -0.121995
529.000000 235.000000 -0.100724 -0.112990
1029.000000 235.000000 0.372825 -0.119128
943.000000 236.000000 0.283683 -0.115417
1032.000000 236.000000 0.376019 -0.118271
1108.000000 236.000000 0.461332 -0.121557
1187.000000 236.000000 0.558682 -0.125966
1241.000000 236.000000 0.631500 -0.129606
981.000000 237.000000 0.322247 -0.115561
1096.000000 237.000000 0.447330 -0.119986
1177.000000 237.000000 0.545725 -0.124317
1098.000000 238.000000 0.449595 -0.119086
1232.000000 238.000000 0.618843 -0.126846
1162.000000 239.000000 0.526597 -0.121386
1187.000000 239.000000 0.558496 -0.122861
25.000000 240.000000 -0.649628 -0.126179
1052.000000 240.000000 0.397644 -0.115145
1164.000000 240.000000 0.529052 -0.120477
20.000000 242.000000 -0.656606 -0.124387
28.000000 242.000000 -0.645239 -0.123829
1165.000000 242.000000 0.530198 -0.118489
984.000000 243.000000 0.325160 -0.109919
1120.000000 243.000000 0.475143 -0.115140
17.000000 244.000000 -0.660759 -0.122449
1165.000000 244.000000 0.530087 -0.116445
1118.000000 246.000000 0.472629 -0.112044
30.000000 247.000000 -0.642077 -0.118359
191.000000 247.000000 -0.438152 -0.109698
1155.000000 247.000000 0.517428 -0.112855
1198.000000 247.000000 0.572396 -0.115234
976.000000 248.000000 0.316787 -0.104924
1082.000000 248.000000 0.430828 -0.108497
1085.000000 248.000000 0.434238 -0.108619
1203.000000 248.000000 0.578942 -0.114490
1205.000000 248.000000 0.581598 -0.114609
45.000000 249.000000 -0.621023 -0.115271
55.000000 249.000000 -0.607310 -0.114649
113.000000 249.000000 -0.531404 -0.111347
1087.000000 249.000000 0.436476 -0.107714
1149.000000 249.000000 0.509908 -0.110522
1197.000000 249.000000 0.570964 -0.113102
1234.000000 249.000000 0.620880 -0.115339
43.000000 250.000000 -0.623726 -0.114339
15.000000 251.000000 -0.663157 -0.115068
39.000000 251.000000 -0.629216 -0.113531
52.000000 251.000000 -0.611282 -0.112730
4.000000 252.000000 -0.678998 -0.114715
1218.000000 252.000000 0.598797 -0.111204
14.000000 253.000000 -0.664464 -0.112987
49.000000 253.000000 -0.615271 -0.110807
219.000000 253.000000 -0.406467 -0.102734
1092.000000 253.000000 0.442034 -0.103969
1198.000000 253.000000 0.572052 -0.109015
7.000000 254.000000 -0.674509 -0.112362
1158.000000 254.000000 0.520805 -0.105898
1093.000000 255.000000 0.443102 -0.102034
1134.000000 255.000000 0.491341 -0.103761
1156.000000 255.000000 0.518269 -0.104786
1197.000000 255.000000 0.570628 -0.106890
1160.000000 256.000000 0.523201 -0.103964
1172.000000 256.000000 0.538302 -0.104555
1169.000000 257.000000 0.534454 -0.103386
150.000000 258.000000 -0.485592 -0.100499
1093.000000 258.000000 0.442986 -0.099075
1099.000000 258.000000 0.449895 -0.099306
1120.000000 259.000000 0.474428 -0.099155
1165.000000 259.000000 0.529318 -0.101155
61.000000 260.000000 -0.598540 -0.102783
1081.000000 260.000000 0.429237 -0.096663
1097.000000 260.000000 0.447510 -0.097253
1235.000000 260.000000 0.621602 -0.103789
1153.000000 261.000000 0.514273 -0.098571
1160.000000 261.000000 0.522965 -0.098890
1206.000000 261.000000 0.582199 -0.101155
1225.000000 261.000000 0.607797 -0.102177
1104.000000 262.000000 0.455535 -0.095542
1135.000000 262.000000 0.492243 -0.096782
1138.000000 262.000000 0.495872 -0.096908
1152.000000 263.000000 0.512949 -0.096506
1164.000000 263.000000 0.527876 -0.097043
60.000000 264.000000 -0.599676 -0.098662
130.000000 264.000000 -0.509574 -0.095330
1137.000000 265.000000 0.494535 -0.093857
1150.000000 267.000000 0.510313 -0.092384
1272.000000 267.000000 0.673715 -0.098455
1151.000000 269.000000 0.511461 -0.090410
60.000000 270.000000 -0.599372 -0.092407
1154.000000 270.000000 0.515122 -0.089524
538.000000 271.000000 -0.092237 -0.079997
1143.000000 271.000000 0.501580 -0.088078
50.000000 272.000000 -0.612864 -0.090810
1273.000000 272.000000 0.674892 -0.093141
59.000000 273.000000 -0.600578 -0.089331
1012.000000 273.000000 0.353554 -0.082022
1110.000000 273.000000 0.462129 -0.084875
1266.000000 273.000000 0.664700 -0.091697
781.000000 274.000000 0.128266 -0.077533
1032.000000 274.000000 0.374812 -0.081565
21.000000 275.000000 -0.653188 -0.089091
58.000000 275.000000 -0.601836 -0.087295
1263.000000 275.000000 0.660279 -0.089405
98.000000 276.000000 -0.549163 -0.084510
840.000000 276.000000 0.183168 -0.076254
892.000000 276.000000 0.232740 -0.076912
1118.000000 276.000000 0.471423 -0.082176
1236.000000 276.000000 0.622147 -0.087007
1243.000000 276.000000 0.631886 -0.087345
1260.000000 277.000000 0.655878 -0.087123
103.000000 278.000000 -0.542707 -0.082270
1141.000000 279.000000 0.498850 -0.079983
149.000000 280.000000 -0.485950 -0.078579
65.000000 281.000000 -0.592148 -0.080750
1057.000000 281.000000 0.401809 -0.075459
1126.000000 281.000000 0.480741 -0.077477
1259.000000 281.000000 0.654255 -0.082820
47.000000 282.000000 -0.616511 -0.080485
70.000000 282.000000 -0.585434 -0.079506
108.000000 282.000000 -0.536223 -0.078016
114.000000 283.000000 -0.528649 -0.076784
1124.000000 283.000000 0.478297 -0.075425
1126.000000 283.000000 0.480676 -0.075489
1130.000000 283.000000 0.485452 -0.075618
1142.000000 283.000000 0.499927 -0.076013
1034.000000 284.000000 0.376717 -0.072004
1249.000000 284.000000 0.639933 -0.079182
1258.000000 284.000000 0.652689 -0.079587
41.000000 285.000000 -0.624652 -0.077602
1144.000000 286.000000 0.502262 -0.073076
89.000000 287.000000 -0.560315 -0.073626
109.000000 287.000000 -0.534784 -0.072913
1147.000000 289.000000 0.505828 -0.070168
1258.000000 289.000000 0.652469 -0.074282
120.000000 290.000000 -0.520936 -0.069518
1187.000000 290.000000 0.556045 -0.070486
118.000000 291.000000 -0.523388 -0.068575
1054.000000 291.000000 0.398272 -0.065718
1252.000000 291.000000 0.643868 -0.071916
118.000000 293.000000 -0.523326 -0.066560
120.000000 293.000000 -0.520842 -0.066498
1123.000000 293.000000 0.476814 -0.065477
81.000000 294.000000 -0.570477 -0.066741
1048.000000 294.000000 0.391650 -0.062695
1062.000000 294.000000 0.407012 -0.062995
99.000000 295.000000 -0.547193 -0.065131
91.000000 296.000000 -0.557423 -0.064367
1181.000000 297.000000 0.548103 -0.063158
1192.000000 297.000000 0.562286 -0.063503
1195.000000 297.000000 0.566192 -0.063600
89.000000 298.000000 -0.559943 -0.062390
1160.000000 298.000000 0.521587 -0.061522
80.000000 299.000000 -0.571623 -0.061648
122.000000 300.000000 -0.518163 -0.059404
1237.000000 300.000000 0.622545 -0.061893
1263.000000 300.000000 0.659186 -0.062809
604.000000 301.000000 -0.032313 -0.052573
1114.000000 301.000000 0.466002 -0.057342
1108.000000 302.000000 0.458973 -0.056219
1156.000000 302.000000 0.516518 -0.057392
569.000000 303.000000 -0.063941 -0.050830
1170.000000 303.000000 0.533963 -0.056759
1267.000000 303.000000 0.664831 -0.059763
1162.000000 304.000000 0.523913 -0.055539
1179.000000 304.000000 0.545344 -0.055991
1197.000000 305.000000 0.568563 -0.055472
1201.000000 306.000000 0.573780 -0.054561
1220.000000 306.000000 0.599106 -0.055107
569.000000 307.000000 -0.063932 -0.047212
1224.000000 307.000000 0.604496 -0.054188
752.000000 308.000000 0.101484 -0.046433
1276.000000 308.000000 0.677712 -0.054735
1168.000000 309.000000 0.531294 -0.050652
848.000000 311.000000 0.190395 -0.044196
1184.000000 312.000000 0.551538 -0.047998
1230.000000 312.000000 0.612540 -0.049163
835.000000 314.000000 0.178151 -0.041368
278.000000 315.000000 -0.341807 -0.041880
1179.000000 316.000000 0.545052 -0.043828
1181.000000 316.000000 0.547605 -0.043871
1209.000000 316.000000 0.584101 -0.044499
1008.000000 317.000000 0.348560 -0.040076
1212.000000 317.000000 0.588074 -0.043540
972.000000 318.000000 0.311400 -0.038743
1185.000000 319.000000 0.552668 -0.040911
610.000000 320.000000 -0.026884 -0.035412
1099.000000 320.000000 0.448226 -0.038403
1219.000000 320.000000 0.597398 -0.040602
1185.000000 321.000000 0.552628 -0.038880
1212.000000 321.000000 0.587987 -0.039422
882.000000 323.000000 0.222643 -0.033391
984.000000 323.000000 0.323612 -0.034157
1201.000000 323.000000 0.573379 -0.037150
1211.000000 324.000000 0.586593 -0.036316
1219.000000 324.000000 0.597315 -0.036471
1274.000000 325.000000 0.674346 -0.036555
1118.000000 327.000000 0.470221 -0.031805
1061.000000 328.000000 0.405357 -0.030158
1111.000000 330.000000 0.461987 -0.028769
1116.000000 331.000000 0.467823 -0.027845
1208.000000 332.000000 0.582468 -0.028048
1268.000000 332.000000 0.665525 -0.029002
599.000000 334.000000 -0.036791 -0.022797
1084.000000 335.000000 0.430952 -0.023612
1209.000000 335.000000 0.583754 -0.024983
1249.000000 336.000000 0.638410 -0.024490
1010.000000 337.000000 0.350477 -0.021138
1012.000000 337.000000 0.352577 -0.021151
1127.000000 338.000000 0.480741 -0.021060
1132.000000 338.000000 0.486704 -0.021106
1230.000000 338.000000 0.612031 -0.022155
128.000000 339.000000 -0.510074 -0.020280
892.000000 340.000000 0.232175 -0.017784
133.000000 342.000000 -0.503947 -0.017249
1156.000000 342.000000 0.515829 -0.017335
1129.000000 344.000000 0.483074 -0.015150
1161.000000 344.000000 0.522005 -0.015372
1163.000000 346.000000 0.524480 -0.013381
1165.000000 347.000000 0.526968 -0.012390
1248.000000 350.000000 0.636867 -0.009809
1212.000000 352.000000 0.587599 -0.007556
1223.000000 353.000000 0.602380 -0.006569
1276.000000 353.000000 0.676896 -0.006783
131.000000 355.000000 -0.506318 -0.004322
1079.000000 355.000000 0.425214 -0.004194
1199.000000 355.000000 0.570410 -0.004441
929.000000 357.000000 0.268184 -0.002146
1085.000000 357.000000 0.431973 -0.002263
1171.000000 357.000000 0.534456 -0.002362
1115.000000 358.000000 0.466486 -0.001312
919.000000 361.000000 0.258362 0.001562
1249.000000 361.000000 0.638243 0.001712
906.000000 363.000000 0.245686 0.003406
1249.000000 363.000000 0.638246 0.003808
1192.000000 364.000000 0.561289 0.004726
36.000000 366.000000 -0.629993 0.006926
908.000000 366.000000 0.247632 0.006178
916.000000 366.000000 0.255431 0.006187
694.000000 369.000000 0.048794 0.008740
928.000000 369.000000 0.267207 0.008984
1122.000000 370.000000 0.474740 0.010500
1217.000000 370.000000 0.594302 0.010960
1265.000000 370.000000 0.661003 0.011240
932.000000 371.000000 0.271155 0.010849
1203.000000 371.000000 0.575689 0.011906
1271.000000 371.000000 0.669659 0.012338
1112.000000 372.000000 0.463009 0.012421
1164.000000 372.000000 0.525717 0.012694
1206.000000 372.000000 0.579654 0.012948
108.000000 373.000000 -0.534826 0.013735
935.000000 373.000000 0.274125 0.012714
1005.000000 373.000000 0.345198 0.012934
1273.000000 373.000000 0.672572 0.014476
672.000000 374.000000 0.028954 0.013238
987.000000 374.000000 0.326550 0.013812
997.000000 374.000000 0.336877 0.013849
677.000000 375.000000 0.033460 0.014141
680.000000 377.000000 0.036166 0.015944
967.000000 378.000000 0.306161 0.017488
171.000000 379.000000 -0.458831 0.019252
1187.000000 379.000000 0.554917 0.019931
1202.000000 379.000000 0.574436 0.020078
1206.000000 379.000000 0.579712 0.020118
681.000000 380.000000 0.037069 0.018648
1196.000000 380.000000 0.566589 0.021037
934.000000 381.000000 0.273165 0.020143
1176.000000 382.000000 0.540891 0.022855
1193.000000 382.000000 0.562707 0.023042
156.000000 383.000000 -0.476425 0.023308
679.000000 383.000000 0.035267 0.021350
10.000000 384.000000 -0.666944 0.026090
1143.000000 384.000000 0.499981 0.024506
1131.000000 385.000000 0.485542 0.025371
8.000000 386.000000 -0.669858 0.028242
859.000000 387.000000 0.200679 0.025362
1146.000000 387.000000 0.503662 0.027526
1251.000000 387.000000 0.641274 0.028998
981.000000 389.000000 0.320475 0.027888
717.000000 391.000000 0.069612 0.028605
847.000000 391.000000 0.189358 0.028976
1198.000000 391.000000 0.569347 0.032285
1196.000000 392.000000 0.566751 0.033273
1214.000000 392.000000 0.590532 0.033578
1159.000000 393.000000 0.519720 0.033696
1163.000000 393.000000 0.524692 0.033758
673.000000 394.000000 0.029865 0.031263
492.000000 395.000000 -0.134123 0.032392
1233.000000 395.000000 0.616360 0.037036
1080.000000 396.000000 0.426567 0.035543
1084.000000 396.000000 0.431078 0.035594
1207.000000 396.000000 0.581284 0.037562
39.000000 397.000000 -0.626215 0.039242
660.000000 397.000000 0.018152 0.033960
693.000000 397.000000 0.047913 0.033988
1100.000000 397.000000 0.449340 0.036786
93.000000 398.000000 -0.554198 0.039185
171.000000 398.000000 -0.459043 0.037870
938.000000 398.000000 0.277230 0.035978
945.000000 398.000000 0.284191 0.036034
1037.000000 398.000000 0.379295 0.036942
1023.000000 399.000000 0.364342 0.037735
97.000000 400.000000 -0.549113 0.041136
1177.000000 400.000000 0.542433 0.041056
92.000000 401.000000 -0.555542 0.042251
95.000000 401.000000 -0.551692 0.042190
716.000000 401.000000 0.068724 0.037637
962.000000 401.000000 0.301266 0.038988
1172.000000 401.000000 0.536120 0.041968
1175.000000 401.000000 0.539914 0.042028
98.000000 402.000000 -0.547877 0.043143
1060.000000 402.000000 0.404384 0.041077
1090.000000 402.000000 0.437968 0.041519
1177.000000 402.000000 0.542473 0.043079
1191.000000 402.000000 0.560439 0.043372
176.000000 403.000000 -0.453334 0.042692
1175.000000 403.000000 0.539955 0.044049
95.000000 404.000000 -0.551755 0.045234
1042.000000 404.000000 0.384766 0.042750
1080.000000 404.000000 0.426681 0.043308
1094.000000 404.000000 0.442564 0.043533
1172.000000 404.000000 0.536182 0.044996
178.000000 405.000000 -0.451061 0.044616
150.000000 406.000000 -0.483873 0.046109
187.000000 406.000000 -0.440767 0.045439
18.000000 407.000000 -0.655975 0.050266
102.000000 407.000000 -0.542897 0.048118
183.000000 407.000000 -0.445354 0.046485
825.000000 407.000000 0.168802 0.043490
1008.000000 407.000000 0.348616 0.045156
66.000000 408.000000 -0.589766 0.050013
94.000000 408.000000 -0.553128 0.049318
17.000000 409.000000 -0.657459 0.052410
162.000000 409.000000 -0.469739 0.048839
1192.000000 409.000000 0.561898 0.050530
1250.000000 409.000000 0.640358 0.052095
102.000000 410.000000 -0.542967 0.051154
113.000000 410.000000 -0.529110 0.050891
123.000000 411.000000 -0.516712 0.051662
1039.000000 411.000000 0.381628 0.049414
1248.000000 411.000000 0.637604 0.054139
192.000000 412.000000 -0.435191 0.051198
947.000000 412.000000 0.286323 0.049121
1041.000000 412.000000 0.383804 0.050405
57.000000 413.000000 -0.601990 0.055425
1124.000000 413.000000 0.477666 0.052950
1114.000000 414.000000 0.465900 0.053719
104.000000 415.000000 -0.540559 0.056163
192.000000 415.000000 -0.435250 0.054122
1022.000000 415.000000 0.363499 0.052968
1039.000000 415.000000 0.381694 0.053248
80.000000 416.000000 -0.571483 0.057847
102.000000 416.000000 -0.543122 0.057230
1091.000000 416.000000 0.439361 0.055194
1117.000000 416.000000 0.469466 0.055758
8.000000 417.000000 -0.670641 0.061192
11.000000 417.000000 -0.666315 0.061088
1276.000000 417.000000 0.677886 0.061410
1248.000000 418.000000 0.637828 0.061500
3.000000 419.000000 -0.677959 0.063502
1094.000000 419.000000 0.442853 0.058190
1009.000000 420.000000 0.349857 0.057516
305.000000 421.000000 -0.314230 0.057904
1111.000000 421.000000 0.462552 0.060547
1124.000000 422.000000 0.477880 0.061858
1216.000000 422.000000 0.593980 0.064587
3.000000 423.000000 -0.678108 0.067777
1061.000000 423.000000 0.405854 0.061368
6.000000 424.000000 -0.673793 0.068729
11.000000 425.000000 -0.666611 0.069599
90.000000 425.000000 -0.558758 0.066739
186.000000 425.000000 -0.442299 0.064020
1204.000000 425.000000 0.578089 0.067273
34.000000 426.000000 -0.634030 0.069764
303.000000 426.000000 -0.316346 0.062645
51.000000 427.000000 -0.610602 0.070167
205.000000 427.000000 -0.420870 0.065518
1025.000000 427.000000 0.366904 0.064480
1067.000000 427.000000 0.412588 0.065373
35.000000 428.000000 -0.632712 0.071827
1204.000000 428.000000 0.578194 0.070361
1206.000000 428.000000 0.580842 0.070433
1247.000000 428.000000 0.636793 0.071990
117.000000 429.000000 -0.524646 0.069921
1127.000000 429.000000 0.481638 0.068881
32.000000 430.000000 -0.636986 0.074051
996.000000 430.000000 0.336461 0.066783
129.000000 431.000000 -0.509883 0.071549
1129.000000 431.000000 0.484084 0.070927
105.000000 432.000000 -0.539813 0.073355
1081.000000 432.000000 0.428389 0.070576
1270.000000 432.000000 0.669763 0.077197
1212.000000 434.000000 0.589059 0.076856
998.000000 435.000000 0.338637 0.071567
1137.000000 435.000000 0.493818 0.075161
843.000000 436.000000 0.185915 0.070198
1002.000000 436.000000 0.342827 0.072599
1043.000000 436.000000 0.386450 0.073509
1274.000000 436.000000 0.675751 0.081658
139.000000 437.000000 -0.497896 0.077231
58.000000 438.000000 -0.601537 0.081335
699.000000 438.000000 0.053422 0.071086
885.000000 438.000000 0.225917 0.072529
1222.000000 438.000000 0.602697 0.081423
1225.000000 438.000000 0.606777 0.081553
108.000000 439.000000 -0.536276 0.080347
1229.000000 439.000000 0.612287 0.082773
118.000000 440.000000 -0.523782 0.080985
141.000000 440.000000 -0.495580 0.080161
1050.000000 440.000000 0.394171 0.077541
1093.000000 440.000000 0.442254 0.078737
1225.000000 440.000000 0.606865 0.083639
104.000000 441.000000 -0.541413 0.082532
143.000000 442.000000 -0.493236 0.082090
811.000000 442.000000 0.156013 0.075394
730.000000 443.000000 0.081572 0.075745
15.000000 444.000000 -0.661718 0.089661
107.000000 444.000000 -0.537734 0.085462
13.000000 445.000000 -0.664640 0.090830
146.000000 447.000000 -0.489808 0.086976
191.000000 447.000000 -0.437216 0.085427
936.000000 447.000000 0.275886 0.081699
944.000000 447.000000 0.283854 0.081847
1109.000000 447.000000 0.460978 0.086148
1194.000000 447.000000 0.565825 0.089502
149.000000 448.000000 -0.486248 0.087863
1068.000000 448.000000 0.414259 0.085805
1079.000000 448.000000 0.426591 0.086144
119.000000 449.000000 -0.522890 0.090041
937.000000 449.000000 0.276916 0.083592
991.000000 449.000000 0.331672 0.084719
1158.000000 449.000000 0.520057 0.089994
1247.000000 450.000000 0.637812 0.095217
1159.000000 451.000000 0.521384 0.092059
1220.000000 451.000000 0.600592 0.094878
39.000000 453.000000 -0.628303 0.097955
153.000000 453.000000 -0.481661 0.092698
744.000000 453.000000 0.094388 0.084928
960.000000 453.000000 0.300050 0.087816
1077.000000 453.000000 0.424498 0.090970
1208.000000 453.000000 0.584571 0.096359
3.000000 454.000000 -0.679599 0.101021
1081.000000 454.000000 0.429045 0.092083
192.000000 455.000000 -0.436345 0.093244
1272.000000 455.000000 0.673840 0.101938
998.000000 456.000000 0.339116 0.091555
1124.000000 456.000000 0.478994 0.095643
104.000000 457.000000 -0.542103 0.098830
194.000000 457.000000 -0.434142 0.095138
198.000000 457.000000 -0.429611 0.094998
1021.000000 457.000000 0.363364 0.093132
9.000000 458.000000 -0.671127 0.104969
12.000000 458.000000 -0.666798 0.104791
1083.000000 459.000000 0.431485 0.097057
58.000000 460.000000 -0.602612 0.104275
209.000000 460.000000 -0.417355 0.097553
991.000000 460.000000 0.331943 0.095188
108.000000 461.000000 -0.537224 0.102720
1179.000000 462.000000 0.547144 0.104182
1011.000000 463.000000 0.352940 0.098605
1002.000000 465.000000 0.343539 0.100263
1105.000000 465.000000 0.456994 0.103824
1268.000000 465.000000 0.668650 0.112444
755.000000 466.000000 0.104540 0.096881
1005.000000 466.000000 0.346713 0.101307
1185.000000 466.000000 0.555069 0.108599
28.000000 467.000000 -0.644527 0.113429
1105.000000 467.000000 0.457077 0.105808
1118.000000 467.000000 0.472335 0.106365
1215.000000 467.000000 0.594706 0.111311
1037.000000 468.000000 0.380869 0.104234
1101.000000 468.000000 0.452471 0.106633
1124.000000 468.000000 0.479504 0.107631
1008.000000 469.000000 0.349956 0.104273
1104.000000 469.000000 0.455997 0.107751
1193.000000 469.000000 0.565627 0.112130
1198.000000 470.000000 0.572241 0.113449
126.000000 471.000000 -0.515220 0.111997
1165.000000 472.000000 0.529893 0.113682
348.000000 473.000000 -0.272030 0.106001
778.000000 473.000000 0.125747 0.103505
1018.000000 473.000000 0.360662 0.108435
1115.000000 473.000000 0.469059 0.112219
351.000000 474.000000 -0.269081 0.106873
959.000000 475.000000 0.299567 0.108601
1118.000000 475.000000 0.472698 0.114356
195.000000 476.000000 -0.433743 0.113797
197.000000 476.000000 -0.431472 0.113713
916.000000 476.000000 0.256718 0.108493
1046.000000 476.000000 0.390935 0.112317
1056.000000 477.000000 0.401954 0.113673
1022.000000 478.000000 0.365091 0.113395
1018.000000 479.000000 0.360863 0.114222
1014.000000 480.000000 0.356650 0.115049
1121.000000 480.000000 0.476500 0.119509
1082.000000 481.000000 0.431230 0.118677
1180.000000 481.000000 0.549477 0.123761
1234.000000 481.000000 0.621560 0.127256
952.000000 482.000000 0.292686 0.115051
1023.000000 482.000000 0.366301 0.117298
1084.000000 482.000000 0.433548 0.119754
1224.000000 482.000000 0.607867 0.127627
1207.000000 483.000000 0.584972 0.127539
1137.000000 484.000000 0.495935 0.124367
1225.000000 484.000000 0.609373 0.129807
153.000000 485.000000 -0.483120 0.124745
174.000000 485.000000 -0.458324 0.123681
873.000000 485.000000 0.215161 0.116011
1041.000000 487.000000 0.385908 0.122839
1178.000000 487.000000 0.547277 0.129826
932.000000 488.000000 0.272828 0.120193
1044.000000 488.000000 0.389219 0.123936
269.000000 489.000000 -0.353257 0.123569
918.000000 489.000000 0.258996 0.120775
840.000000 490.000000 0.183830 0.120055
1092.000000 490.000000 0.443079 0.128060
90.000000 491.000000 -0.562028 0.134617
918.000000 491.000000 0.259047 0.122662
1036.000000 491.000000 0.380639 0.126535
1021.000000 492.000000 0.364538 0.126911
798.000000 493.000000 0.144509 0.122182
1020.000000 494.000000 0.363548 0.128812
1068.000000 495.000000 0.416072 0.131859
108.000000 496.000000 -0.539221 0.138600
271.000000 496.000000 -0.351405 0.130260
843.000000 496.000000 0.186776 0.125694
1099.000000 496.000000 0.451473 0.134395
169.000000 497.000000 -0.464798 0.135945
222.000000 497.000000 -0.404389 0.133285
12.000000 498.000000 -0.669648 0.147920
109.000000 498.000000 -0.538084 0.140597
219.000000 498.000000 -0.407762 0.134407
1147.000000 498.000000 0.508985 0.139171
1072.000000 499.000000 0.420758 0.136004
280.000000 500.000000 -0.342092 0.133783
220.000000 501.000000 -0.406793 0.137315
277.000000 501.000000 -0.345278 0.134865
1063.000000 501.000000 0.410767 0.137542
1076.000000 501.000000 0.425374 0.138185
64.000000 502.000000 -0.597279 0.148010
67.000000 502.000000 -0.593237 0.147779
243.000000 502.000000 -0.381606 0.137243
281.000000 502.000000 -0.341120 0.135677
1024.000000 502.000000 0.368157 0.136754
1083.000000 502.000000 0.433378 0.139538
1143.000000 502.000000 0.504317 0.143002
232.000000 503.000000 -0.393648 0.138720
1013.000000 503.000000 0.356456 0.137267
1141.000000 503.000000 0.501930 0.143895
1155.000000 503.000000 0.519225 0.144804
283.000000 504.000000 -0.339104 0.137533
285.000000 504.000000 -0.337014 0.137456
1005.000000 504.000000 0.348029 0.137913
1007.000000 504.000000 0.350140 0.137993
288.000000 505.000000 -0.333925 0.138306
230.000000 506.000000 -0.395985 0.141762
241.000000 506.000000 -0.383958 0.141248
286.000000 506.000000 -0.336048 0.139349
968.000000 506.000000 0.309682 0.138446
993.000000 506.000000 0.335515 0.139374
1018.000000 506.000000 0.361906 0.140394
1088.000000 506.000000 0.439313 0.143791
1159.000000 506.000000 0.524429 0.148158
1257.000000 506.000000 0.655922 0.155849
260.000000 507.000000 -0.363530 0.141382
1102.000000 507.000000 0.455572 0.145578
1008.000000 508.000000 0.351362 0.141917
1073.000000 508.000000 0.422344 0.144977
1162.000000 508.000000 0.528338 0.150428
236.000000 509.000000 -0.389550 0.144425
1088.000000 509.000000 0.439479 0.146787
1105.000000 509.000000 0.459196 0.147764
1166.000000 509.000000 0.533461 0.151745
991.000000 510.000000 0.333586 0.143162
1012.000000 511.000000 0.355731 0.145004
1154.000000 511.000000 0.518524 0.152958
993.000000 512.000000 0.335754 0.145178
1174.000000 512.000000 0.543871 0.155441
46.000000 513.000000 -0.622806 0.161195
1043.000000 513.000000 0.389251 0.148393
1049.000000 513.000000 0.395840 0.148691
1080.000000 513.000000 0.430553 0.150334
1101.000000 513.000000 0.454758 0.151551
1156.000000 513.000000 0.521163 0.155160
237.000000 514.000000 -0.388698 0.149294
997.000000 514.000000 0.340024 0.147281
1100.000000 515.000000 0.453712 0.153503
1103.000000 515.000000 0.457216 0.153686
1171.000000 515.000000 0.540260 0.158334
337.000000 516.000000 -0.284232 0.147102
1186.000000 516.000000 0.559682 0.160541
159.000000 517.000000 -0.477837 0.156733
237.000000 517.000000 -0.388847 0.152248
1094.000000 517.000000 0.446862 0.155152
1101.000000 517.000000 0.455001 0.155578
882.000000 518.000000 0.224598 0.147209
1002.000000 518.000000 0.345453 0.151382
41.000000 520.000000 -0.630386 0.169165
1190.000000 520.000000 0.565235 0.165063
39.000000 521.000000 -0.633275 0.170428
157.000000 521.000000 -0.480493 0.160933
1003.000000 521.000000 0.346641 0.154348
1100.000000 522.000000 0.454147 0.160559
1198.000000 522.000000 0.575951 0.167843
160.000000 523.000000 -0.477043 0.162766
296.000000 523.000000 -0.326332 0.155395
780.000000 523.000000 0.128225 0.149787
1080.000000 523.000000 0.431132 0.160332
1196.000000 523.000000 0.573388 0.168729
1221.000000 523.000000 0.607026 0.170935
977.000000 524.000000 0.319624 0.156141
1011.000000 524.000000 0.355255 0.157645
1088.000000 524.000000 0.440361 0.161822
37.000000 525.000000 -0.636456 0.174941
214.000000 525.000000 -0.414743 0.161408
286.000000 525.000000 -0.336836 0.157768
1201.000000 525.000000 0.580198 0.171278
45.000000 526.000000 -0.625375 0.175260
103.000000 526.000000 -0.547825 0.170124
1199.000000 526.000000 0.577625 0.172162
107.000000 527.000000 -0.542779 0.170843
38.000000 528.000000 -0.635341 0.178093
890.000000 528.000000 0.232645 0.156906
1109.000000 528.000000 0.465108 0.167226
1125.000000 528.000000 0.484193 0.168343
1073.000000 529.000000 0.423535 0.165920
1107.000000 529.000000 0.462817 0.168106
1111.000000 529.000000 0.467542 0.168380
270.000000 530.000000 -0.353934 0.163390
1143.000000 530.000000 0.506280 0.171733
91.000000 531.000000 -0.563804 0.176395
728.000000 531.000000 0.080387 0.156591
988.000000 531.000000 0.331348 0.163415
1026.000000 531.000000 0.371678 0.165261
1071.000000 531.000000 0.421392 0.167802
41.000000 532.000000 -0.631532 0.182132
1030.000000 533.000000 0.376113 0.167446
1120.000000 533.000000 0.478547 0.173097
891.000000 534.000000 0.233800 0.162643
977.000000 534.000000 0.320052 0.165843
920.000000 535.000000 0.262361 0.164553
946.000000 536.000000 0.288439 0.166485
1095.000000 536.000000 0.449243 0.174390
11.000000 538.000000 -0.674908 0.191791
58.000000 538.000000 -0.608607 0.186931
1227.000000 538.000000 0.616719 0.187642
198.000000 539.000000 -0.433729 0.176431
211.000000 539.000000 -0.418961 0.175591
951.000000 539.000000 0.293624 0.169585
1113.000000 539.000000 0.470629 0.178721
1141.000000 539.000000 0.504523 0.180881
1148.000000 539.000000 0.513187 0.181451
40.000000 540.000000 -0.633742 0.190920
55.000000 540.000000 -0.612921 0.189387
1026.000000 540.000000 0.372160 0.174150
68.000000 541.000000 -0.595305 0.189169
129.000000 541.000000 -0.516179 0.183622
221.000000 541.000000 -0.407864 0.176971
325.000000 541.000000 -0.297307 0.171619
75.000000 543.000000 -0.586086 0.190625
277.000000 543.000000 -0.347162 0.175799
223.000000 544.000000 -0.405820 0.179850
948.000000 544.000000 0.290788 0.174301
1030.000000 544.000000 0.376722 0.178339
1140.000000 544.000000 0.503699 0.185982
40.000000 545.000000 -0.634268 0.196368
1051.000000 545.000000 0.399845 0.180586
1142.000000 545.000000 0.506249 0.187187
255.000000 546.000000 -0.370835 0.179942
975.000000 548.000000 0.318624 0.179399
1058.000000 548.000000 0.407836 0.184036
1148.000000 549.000000 0.514035 0.191866
288.000000 550.000000 -0.335931 0.182117
1092.000000 550.000000 0.446746 0.188404
110.000000 551.000000 -0.541042 0.195777
1060.000000 551.000000 0.410274 0.187184
123.000000 552.000000 -0.524643 0.195635
288.000000 552.000000 -0.336034 0.184083
973.000000 552.000000 0.316746 0.183216
1144.000000 553.000000 0.509412 0.195692
1173.000000 553.000000 0.546085 0.198361
839.000000 554.000000 0.184285 0.180182
1070.000000 555.000000 0.421832 0.191904
73.000000 557.000000 -0.590198 0.205867
76.000000 557.000000 -0.586169 0.205550
974.000000 557.000000 0.318027 0.188165
1159.000000 557.000000 0.528578 0.201256
1198.000000 557.000000 0.579278 0.205136
155.000000 558.000000 -0.485714 0.199090
225.000000 558.000000 -0.404497 0.193784
956.000000 558.000000 0.299551 0.188274
1033.000000 558.000000 0.380830 0.192469
1250.000000 558.000000 0.651232 0.212010
996.000000 559.000000 0.341147 0.191289
319.000000 560.000000 -0.304286 0.190388
448.000000 560.000000 -0.177426 0.185668
815.000000 560.000000 0.161681 0.185282
1008.000000 560.000000 0.353947 0.192956
511.000000 562.000000 -0.118322 0.186202
251.000000 563.000000 -0.376186 0.197112
449.000000 563.000000 -0.176555 0.188501
1177.000000 563.000000 0.552252 0.209387
1181.000000 565.000000 0.557669 0.211937
1044.000000 566.000000 0.393451 0.201221
1160.000000 566.000000 0.530716 0.210864
881.000000 567.000000 0.225143 0.193926
1184.000000 567.000000 0.561808 0.214397
1186.000000 567.000000 0.564436 0.214610
1205.000000 567.000000 0.589757 0.216693
1162.000000 568.000000 0.533461 0.213185
1090.000000 570.000000 0.445966 0.208726
1038.000000 571.000000 0.387167 0.205855
1077.000000 571.000000 0.431011 0.208714
1182.000000 571.000000 0.559615 0.218477
346.000000 573.000000 -0.277461 0.201838
838.000000 573.000000 0.183861 0.198305
918.000000 573.000000 0.261861 0.201196
1033.000000 573.000000 0.381809 0.207531
31.000000 575.000000 -0.650474 0.230470
36.000000 575.000000 -0.643377 0.229844
188.000000 575.000000 -0.447967 0.213892
228.000000 575.000000 -0.402341 0.210769
302.000000 575.000000 -0.322629 0.206036
583.000000 575.000000 -0.052050 0.197585
1109.000000 575.000000 0.468791 0.215514
1158.000000 575.000000 0.529086 0.220218
1196.000000 575.000000 0.578578 0.224351
67.000000 576.000000 -0.600453 0.227173
102.000000 576.000000 -0.553883 0.223196
235.000000 576.000000 -0.394627 0.211278
257.000000 576.000000 -0.370508 0.209766
943.000000 576.000000 0.287166 0.205283
35.000000 577.000000 -0.645044 0.232193
45.000000 578.000000 -0.631080 0.232048
70.000000 578.000000 -0.596613 0.229004
1005.000000 578.000000 0.351829 0.210722
1169.000000 579.000000 0.543586 0.225655
27.000000 580.000000 -0.656821 0.236560
841.000000 580.000000 0.186941 0.205125
941.000000 580.000000 0.285332 0.209116
968.000000 580.000000 0.313020 0.210529
1007.000000 580.000000 0.354096 0.212853
1020.000000 580.000000 0.368108 0.213706
1195.000000 580.000000 0.577820 0.229664
1005.000000 581.000000 0.352019 0.213728
273.000000 582.000000 -0.353663 0.214750
335.000000 582.000000 -0.289032 0.211203
858.000000 582.000000 0.203352 0.207608
1171.000000 582.000000 0.546499 0.229096
1185.000000 582.000000 0.564784 0.230676
1221.000000 582.000000 0.613391 0.234996
18.000000 583.000000 -0.670160 0.241104
1071.000000 583.000000 0.425096 0.220546
1188.000000 583.000000 0.568862 0.232107
24.000000 584.000000 -0.661645 0.241436
100.000000 585.000000 -0.557492 0.233116
227.000000 585.000000 -0.404208 0.221029
867.000000 585.000000 0.212171 0.210831
869.000000 585.000000 0.214114 0.210904
1027.000000 585.000000 0.376073 0.219238
1045.000000 585.000000 0.395924 0.220553
1214.000000 585.000000 0.604130 0.237429
947.000000 586.000000 0.291746 0.215338
1041.000000 586.000000 0.391556 0.221271
1035.000000 587.000000 0.384998 0.221844
1173.000000 587.000000 0.549654 0.234708
28.000000 588.000000 -0.656442 0.245397
1189.000000 589.000000 0.570897 0.238750
1205.000000 589.000000 0.592361 0.240707
1230.000000 589.000000 0.626805 0.243904
984.000000 590.000000 0.330310 0.221425
1131.000000 590.000000 0.496883 0.233365
10.000000 591.000000 -0.682857 0.251226
20.000000 591.000000 -0.668345 0.249857
22.000000 591.000000 -0.665461 0.249584
964.000000 591.000000 0.309497 0.221231
1049.000000 591.000000 0.400850 0.226992
1134.000000 591.000000 0.500686 0.234736
11.000000 593.000000 -0.681675 0.253359
22.000000 593.000000 -0.665734 0.251843
1136.000000 593.000000 0.503370 0.237071
27.000000 594.000000 -0.658686 0.252285
82.000000 594.000000 -0.582380 0.245062
222.000000 594.000000 -0.410543 0.230652
1244.000000 594.000000 0.647246 0.251371
1021.000000 595.000000 0.370244 0.228952
15.000000 596.000000 -0.676275 0.256210
68.000000 596.000000 -0.601568 0.249041
1143.000000 596.000000 0.512412 0.241025
23.000000 597.000000 -0.664847 0.256228
265.000000 597.000000 -0.363286 0.230428
859.000000 597.000000 0.204853 0.222207
1124.000000 597.000000 0.489021 0.240065
69.000000 598.000000 -0.600463 0.251124
77.000000 598.000000 -0.589609 0.250091
786.000000 598.000000 0.135280 0.220959
1008.000000 598.000000 0.356380 0.231067
25.000000 599.000000 -0.662250 0.258213
27.000000 599.000000 -0.659379 0.257933
60.000000 599.000000 -0.612939 0.253419
50.000000 600.000000 -0.626956 0.255881
57.000000 600.000000 -0.617220 0.254934
237.000000 600.000000 -0.394223 0.235605
862.000000 600.000000 0.207876 0.225248
918.000000 600.000000 0.263115 0.227699
55.000000 601.000000 -0.620129 0.256320
269.000000 601.000000 -0.359251 0.234203
876.000000 601.000000 0.221561 0.226781
1014.000000 601.000000 0.363076 0.234544
1016.000000 601.000000 0.365245 0.234690
17.000000 602.000000 -0.674221 0.262751
68.000000 602.000000 -0.602354 0.255689
1001.000000 602.000000 0.349144 0.234631
1237.000000 602.000000 0.638416 0.259403
1260.000000 602.000000 0.671375 0.262667
87.000000 603.000000 -0.576831 0.254317
366.000000 603.000000 -0.258814 0.230388
879.000000 603.000000 0.224582 0.228868
654.000000 604.000000 0.013024 0.224992
1112.000000 604.000000 0.475176 0.246245
1115.000000 604.000000 0.478802 0.246556
1117.000000 604.000000 0.481226 0.246765
50.000000 605.000000 -0.627644 0.261484
1246.000000 605.000000 0.651640 0.264066
311.000000 606.000000 -0.315084 0.236440
1115.000000 606.000000 0.479012 0.248680
1149.000000 606.000000 0.521090 0.252451
18.000000 607.000000 -0.673493 0.268307
288.000000 607.000000 -0.339337 0.238957
1056.000000 607.000000 0.410056 0.244062
85.000000 608.000000 -0.580152 0.260089
1002.000000 608.000000 0.350642 0.240796
23.000000 609.000000 -0.666559 0.269860
137.000000 609.000000 -0.512939 0.254765
265.000000 609.000000 -0.364167 0.242649
285.000000 609.000000 -0.342667 0.241194
630.000000 609.000000 -0.009046 0.229784
1005.000000 609.000000 0.353940 0.242033
14.000000 610.000000 -0.679738 0.272323
396.000000 610.000000 -0.229386 0.235904
1261.000000 610.000000 0.673994 0.271946
809.000000 611.000000 0.157367 0.234179
835.000000 611.000000 0.182205 0.235017
860.000000 611.000000 0.206361 0.235948
1088.000000 611.000000 0.447319 0.251215
552.000000 612.000000 -0.081074 0.233312
1161.000000 612.000000 0.537117 0.260403
946.000000 613.000000 0.292230 0.242171
1080.000000 613.000000 0.438160 0.252537
1173.000000 613.000000 0.552805 0.263009
6.000000 614.000000 -0.692010 0.278107
35.000000 614.000000 -0.650098 0.273796
948.000000 614.000000 0.294344 0.243295
1082.000000 614.000000 0.440589 0.253784
1127.000000 614.000000 0.494547 0.258539
639.000000 615.000000 -0.000766 0.235558
885.000000 615.000000 0.231010 0.240963
905.000000 615.000000 0.250854 0.241924
1114.000000 615.000000 0.478765 0.258164
1193.000000 615.000000 0.579561 0.267857
67.000000 616.000000 -0.605640 0.271442
72.000000 616.000000 -0.598801 0.270741
666.000000 616.000000 0.024113 0.236585
1276.000000 616.000000 0.696848 0.281102
23.000000 617.000000 -0.667744 0.279004
297.000000 617.000000 -0.330495 0.248484
521.000000 617.000000 -0.110049 0.238711
1183.000000 617.000000 0.566492 0.268726
21.000000 618.000000 -0.670782 0.280451
221.000000 618.000000 -0.413760 0.255622
666.000000 618.000000 0.024122 0.238518
989.000000 618.000000 0.337471 0.250047
992.000000 618.000000 0.340666 0.250264
225.000000 619.000000 -0.409313 0.256301
279.000000 619.000000 -0.349810 0.251825
370.000000 619.000000 -0.255619 0.246080
326.000000 620.000000 -0.300405 0.249605
968.000000 620.000000 0.315461 0.250623
1013.000000 620.000000 0.363438 0.253911
224.000000 621.000000 -0.410630 0.258482
279.000000 621.000000 -0.349961 0.253874
466.000000 621.000000 -0.162075 0.244059
813.000000 621.000000 0.161483 0.244078
33.000000 623.000000 -0.654296 0.284364
240.000000 623.000000 -0.392812 0.259128
933.000000 623.000000 0.279527 0.251453
1272.000000 623.000000 0.692040 0.288592
736.000000 624.000000 0.089035 0.245109
1043.000000 624.000000 0.396912 0.260595
1114.000000 624.000000 0.479769 0.267810
72.000000 625.000000 -0.600080 0.280834
332.000000 625.000000 -0.294532 0.254281
360.000000 625.000000 -0.265995 0.252623
878.000000 625.000000 0.224573 0.250564
954.000000 625.000000 0.301222 0.254771
266.000000 626.000000 -0.364412 0.260040
323.000000 626.000000 -0.303894 0.255871
818.000000 626.000000 0.166423 0.249156
1179.000000 626.000000 0.562418 0.278162
1272.000000 626.000000 0.692509 0.292073
86.000000 627.000000 -0.581404 0.281075
103.000000 627.000000 -0.558819 0.278714
815.000000 627.000000 0.163588 0.250040
952.000000 627.000000 0.299281 0.256669
93.000000 628.000000 -0.572185 0.281206
231.000000 628.000000 -0.403361 0.265163
348.000000 628.000000 -0.278333 0.256334
642.000000 628.000000 0.002004 0.248152
1012.000000 628.000000 0.362995 0.262086
1033.000000 628.000000 0.386101 0.263875
1133.000000 628.000000 0.503633 0.274379
53.000000 629.000000 -0.626936 0.288175
147.000000 629.000000 -0.502835 0.275228
241.000000 629.000000 -0.392230 0.265296
256.000000 629.000000 -0.375606 0.263981
322.000000 629.000000 -0.305129 0.258984
824.000000 629.000000 0.172276 0.252320
837.000000 629.000000 0.184787 0.252799
1074.000000 629.000000 0.432777 0.268830
24.000000 630.000000 -0.668297 0.293802
49.000000 630.000000 -0.632695 0.289924
105.000000 630.000000 -0.556603 0.281770
208.000000 630.000000 -0.429825 0.269501
270.000000 630.000000 -0.360388 0.263849
319.000000 630.000000 -0.308316 0.260202
1044.000000 630.000000 0.398584 0.266962
51.000000 631.000000 -0.630041 0.290759
69.000000 631.000000 -0.605067 0.288042
103.000000 631.000000 -0.559368 0.283157
273.000000 631.000000 -0.357216 0.264640
1265.000000 631.000000 0.683049 0.296775
26.000000 632.000000 -0.665730 0.295797
253.000000 632.000000 -0.379171 0.267361
255.000000 632.000000 -0.376965 0.267187
952.000000 632.000000 0.299609 0.261749
1015.000000 632.000000 0.366602 0.266481
70.000000 633.000000 -0.603994 0.290156
210.000000 633.000000 -0.427817 0.272477
824.000000 633.000000 0.172419 0.256274
1083.000000 633.000000 0.443711 0.274027
1128.000000 633.000000 0.498030 0.279208
23.000000 634.000000 -0.670372 0.298585
231.000000 634.000000 -0.403925 0.271465
606.000000 634.000000 -0.031285 0.254100
831.000000 634.000000 0.179190 0.257523
46.000000 635.000000 -0.637692 0.296109
251.000000 635.000000 -0.381648 0.270669
653.000000 635.000000 0.012179 0.254991
1110.000000 635.000000 0.476182 0.279211
234.000000 636.000000 -0.400730 0.273284
382.000000 636.000000 -0.244518 0.262478
916.000000 636.000000 0.263037 0.263569
919.000000 636.000000 0.266072 0.263744
72.000000 637.000000 -0.601854 0.294389
374.000000 637.000000 -0.252576 0.263918
40.000000 638.000000 -0.646658 0.300503
155.000000 638.000000 -0.494030 0.284046
239.000000 638.000000 -0.395298 0.274916
431.000000 638.000000 -0.196383 0.262153
914.000000 638.000000 0.261133 0.265474
1108.000000 638.000000 0.474110 0.282222
16.000000 639.000000 -0.681315 0.305515
38.000000 639.000000 -0.649661 0.301975
75.000000 639.000000 -0.598056 0.296203
372.000000 639.000000 -0.254695 0.266048
438.000000 639.000000 -0.189632 0.262860
912.000000 639.000000 0.259173 0.266370
1054.000000 639.000000 0.410774 0.277407
1155.000000 639.000000 0.532910 0.289301
71.000000 640.000000 -0.603681 0.297948
128.000000 640.000000 -0.528190 0.289728
171.000000 640.000000 -0.474711 0.284281
1099.000000 640.000000 0.463491 0.283329
1130.000000 640.000000 0.501395 0.287106
51.000000 641.000000 -0.631599 0.302209
79.000000 641.000000 -0.592911 0.297866
191.000000 641.000000 -0.450886 0.283052
664.000000 641.000000 0.022383 0.260902
686.000000 641.000000 0.042779 0.261054
1000.000000 641.000000 0.351047 0.274577
1133.000000 641.000000 0.505269 0.288588
1225.000000 641.000000 0.627344 0.301942
11.000000 642.000000 -0.689084 0.309830
58.000000 642.000000 -0.621966 0.302251
139.000000 642.000000 -0.514498 0.290473
373.000000 642.000000 -0.253860 0.269024
384.000000 642.000000 -0.242843 0.268415
1010.000000 642.000000 0.361994 0.276466
168.000000 643.000000 -0.478714 0.287899
171.000000 643.000000 -0.475070 0.287537
246.000000 643.000000 -0.387938 0.279520
251.000000 643.000000 -0.382374 0.279054
361.000000 643.000000 -0.266026 0.270739
989.000000 643.000000 0.339374 0.275755
1001.000000 643.000000 0.352296 0.276741
1108.000000 643.000000 0.474709 0.287647
1272.000000 643.000000 0.695244 0.311920
56.000000 644.000000 -0.625073 0.304862
243.000000 644.000000 -0.391385 0.280858
357.000000 644.000000 -0.270146 0.271999
381.000000 644.000000 -0.245950 0.270600
694.000000 644.000000 0.050239 0.264080
1113.000000 644.000000 0.480920 0.289346
20.000000 645.000000 -0.676490 0.311861
174.000000 645.000000 -0.471680 0.289349
178.000000 645.000000 -0.466857 0.288872
317.000000 645.000000 -0.311456 0.275701
391.000000 645.000000 -0.236029 0.271070
1120.000000 645.000000 0.489635 0.291313
1155.000000 645.000000 0.533737 0.295966
395.000000 646.000000 -0.232107 0.271869
987.000000 646.000000 0.337475 0.278708
995.000000 646.000000 0.346066 0.279364
1276.000000 646.000000 0.701622 0.316108
59.000000 647.000000 -0.621367 0.307831
97.000000 647.000000 -0.569607 0.301948
101.000000 647.000000 -0.564297 0.301354
154.000000 647.000000 -0.496403 0.294022
177.000000 647.000000 -0.468299 0.291163
179.000000 647.000000 -0.465892 0.290923
186.000000 647.000000 -0.457511 0.290097
342.000000 647.000000 -0.285666 0.276017
765.000000 647.000000 0.116719 0.268318
772.000000 647.000000 0.123331 0.268501
833.000000 647.000000 0.181629 0.270547
1092.000000 647.000000 0.455933 0.290084
1121.000000 647.000000 0.491124 0.293632
1159.000000 647.000000 0.539186 0.298759
138.000000 648.000000 -0.516560 0.297235
159.000000 648.000000 -0.490353 0.294480
754.000000 648.000000 0.106379 0.269041
1022.000000 648.000000 0.375716 0.283831
252.000000 649.000000 -0.381824 0.285280
1094.000000 649.000000 0.458558 0.292487
1134.000000 649.000000 0.507575 0.297534
20.000000 650.000000 -0.677319 0.317709
140.000000 650.000000 -0.514305 0.299180
145.000000 650.000000 -0.508015 0.298508
174.000000 650.000000 -0.472287 0.294793
354.000000 650.000000 -0.273576 0.278306
1097.000000 650.000000 0.462272 0.293932
1106.000000 650.000000 0.473137 0.295029
178.000000 651.000000 -0.467578 0.295395
1156.000000 651.000000 0.535875 0.302803
13.000000 652.000000 -0.687823 0.321228
57.000000 652.000000 -0.624964 0.313914
253.000000 652.000000 -0.380998 0.288355
374.000000 652.000000 -0.253433 0.279119
387.000000 652.000000 -0.240396 0.278375
560.000000 652.000000 -0.074246 0.272301
141.000000 653.000000 -0.513451 0.302372
975.000000 653.000000 0.325248 0.285022
1009.000000 653.000000 0.361874 0.287905
1045.000000 653.000000 0.401959 0.291373
1122.000000 653.000000 0.493138 0.300360
210.000000 654.000000 -0.430054 0.294921
405.000000 654.000000 -0.222614 0.279441
552.000000 654.000000 -0.081764 0.274419
989.000000 654.000000 0.340279 0.287209
1100.000000 654.000000 0.466370 0.298657
394.000000 655.000000 -0.233581 0.281038
402.000000 655.000000 -0.225636 0.280610
410.000000 655.000000 -0.217727 0.280199
943.000000 655.000000 0.291864 0.284694
980.000000 655.000000 0.330728 0.287508
1012.000000 655.000000 0.365344 0.290285
34.000000 656.000000 -0.658165 0.322383
209.000000 656.000000 -0.431441 0.297189
1014.000000 656.000000 0.367634 0.291526
165.000000 657.000000 -0.484135 0.303600
212.000000 657.000000 -0.428064 0.297932
364.000000 657.000000 -0.263846 0.284838
382.000000 657.000000 -0.245685 0.283749
400.000000 657.000000 -0.227725 0.282747
660.000000 657.000000 0.018744 0.276653
110.000000 658.000000 -0.554071 0.312429
252.000000 658.000000 -0.382689 0.294811
255.000000 658.000000 -0.379352 0.294519
396.000000 658.000000 -0.231754 0.283979
850.000000 658.000000 0.198639 0.282346
985.000000 658.000000 0.336323 0.291058
1210.000000 658.000000 0.609196 0.319088
386.000000 659.000000 -0.241792 0.285559
401.000000 659.000000 -0.226840 0.284727
932.000000 659.000000 0.280795 0.288055
998.000000 659.000000 0.350428 0.293233
1006.000000 659.000000 0.359139 0.293955
1116.000000 659.000000 0.486516 0.306192
211.000000 660.000000 -0.429565 0.301285
218.000000 660.000000 -0.421450 0.300499
254.000000 660.000000 -0.380659 0.296741
1012.000000 660.000000 0.365809 0.295568
58.000000 661.000000 -0.625054 0.324171
148.000000 661.000000 -0.505748 0.310304
1036.000000 661.000000 0.392610 0.298991
1104.000000 661.000000 0.472095 0.306835
1174.000000 661.000000 0.560919 0.316767
1191.000000 661.000000 0.583686 0.319450
197.000000 662.000000 -0.446223 0.305089
256.000000 662.000000 -0.378632 0.298673
321.000000 662.000000 -0.308537 0.293001
373.000000 662.000000 -0.255045 0.289404
418.000000 662.000000 -0.210195 0.286898
569.000000 662.000000 -0.065988 0.282091
782.000000 662.000000 0.133251 0.283748
970.000000 662.000000 0.320667 0.294004
831.000000 663.000000 0.180356 0.286555
954.000000 663.000000 0.303899 0.293791
981.000000 663.000000 0.332462 0.295963
1109.000000 663.000000 0.478450 0.309689
260.000000 664.000000 -0.374391 0.300410
282.000000 664.000000 -0.350284 0.298348
411.000000 664.000000 -0.217200 0.289290
910.000000 664.000000 0.258667 0.291753
1098.000000 664.000000 0.465211 0.309368
1112.000000 664.000000 0.482258 0.311191
1133.000000 664.000000 0.508380 0.314071
171.000000 665.000000 -0.477838 0.311643
255.000000 665.000000 -0.380040 0.301969
298.000000 665.000000 -0.333138 0.298001
407.000000 665.000000 -0.221211 0.290520
1101.000000 665.000000 0.468969 0.310854
72.000000 666.000000 -0.606468 0.327631
106.000000 666.000000 -0.560571 0.322129
782.000000 666.000000 0.133376 0.287765
1112.000000 666.000000 0.482525 0.313407
1135.000000 666.000000 0.511188 0.316594
1170.000000 666.000000 0.556407 0.321837
74.000000 667.000000 -0.603884 0.328456
228.000000 667.000000 -0.410727 0.306949
427.000000 667.000000 -0.201600 0.291540
955.000000 667.000000 0.305255 0.298038
1062.000000 667.000000 0.422976 0.308283
66.000000 668.000000 -0.615096 0.330962
170.000000 668.000000 -0.479456 0.315096
254.000000 668.000000 -0.381456 0.305275
384.000000 668.000000 -0.244327 0.294897
1171.000000 668.000000 0.558042 0.324276
110.000000 669.000000 -0.555761 0.324925
114.000000 669.000000 -0.550506 0.324301
118.000000 669.000000 -0.545277 0.323684
410.000000 669.000000 -0.218453 0.294447
424.000000 669.000000 -0.204643 0.293725
951.000000 669.000000 0.301221 0.299817
123.000000 670.000000 -0.538929 0.324054
390.000000 670.000000 -0.238426 0.296596
427.000000 670.000000 -0.201746 0.294597
1271.000000 670.000000 0.698384 0.343694
126.000000 671.000000 -0.535198 0.324732
537.000000 671.000000 -0.096202 0.291693
982.000000 671.000000 0.334224 0.304475
57.000000 672.000000 -0.628328 0.337174
203.000000 672.000000 -0.440347 0.315292
217.000000 672.000000 -0.423974 0.313621
390.000000 672.000000 -0.238545 0.298654
392.000000 672.000000 -0.236541 0.298535
420.000000 672.000000 -0.208732 0.296992
430.000000 672.000000 -0.198901 0.296492
682.000000 672.000000 0.039342 0.291745
692.000000 672.000000 0.048688 0.291850
723.000000 672.000000 0.077740 0.292318
1032.000000 672.000000 0.389254 0.310377
7.000000 673.000000 -0.700189 0.347147
252.000000 673.000000 -0.384204 0.310843
414.000000 673.000000 -0.214708 0.298330
1047.000000 673.000000 0.406381 0.313090
356.000000 674.000000 -0.273134 0.302920
683.000000 674.000000 0.040295 0.293760
980.000000 674.000000 0.332343 0.307472
1207.000000 674.000000 0.607741 0.337152
310.000000 675.000000 -0.321195 0.307514
423.000000 675.000000 -0.205930 0.299910
678.000000 675.000000 0.035632 0.294717
897.000000 675.000000 0.246216 0.302279
156.000000 676.000000 -0.497853 0.325953
205.000000 676.000000 -0.438482 0.319436
413.000000 676.000000 -0.215858 0.301462
866.000000 676.000000 0.215292 0.301498
887.000000 676.000000 0.236221 0.302699
58.000000 677.000000 -0.627800 0.342867
227.000000 677.000000 -0.413001 0.317909
408.000000 677.000000 -0.220873 0.302765
925.000000 677.000000 0.274860 0.306236
972.000000 677.000000 0.324049 0.309948
974.000000 677.000000 0.326184 0.310121
1014.000000 677.000000 0.369675 0.313889
1042.000000 677.000000 0.401121 0.316871
1047.000000 677.000000 0.406832 0.317434
42.000000 678.000000 -0.650567 0.346878
203.000000 678.000000 -0.441089 0.321884
299.000000 678.000000 -0.333200 0.311645
421.000000 678.000000 -0.208057 0.303092
883.000000 678.000000 0.232334 0.304525
1210.000000 678.000000 0.612592 0.342350
303.000000 679.000000 -0.329003 0.312352
428.000000 679.000000 -0.201213 0.303758
448.000000 679.000000 -0.181639 0.302798
807.000000 679.000000 0.157797 0.301809
988.000000 679.000000 0.341413 0.313506
1046.000000 679.000000 0.405915 0.319497
49.000000 680.000000 -0.640996 0.347996
108.000000 680.000000 -0.560162 0.337857
241.000000 680.000000 -0.397350 0.319590
284.000000 680.000000 -0.349593 0.315160
367.000000 680.000000 -0.262303 0.308407
369.000000 680.000000 -0.260265 0.308271
452.000000 680.000000 -0.177790 0.303642
865.000000 680.000000 0.214519 0.305560
1003.000000 680.000000 0.357850 0.316010
415.000000 681.000000 -0.214149 0.306500
891.000000 681.000000 0.240546 0.308120
1059.000000 681.000000 0.421140 0.323206
243.000000 682.000000 -0.395305 0.321541
370.000000 682.000000 -0.259383 0.310288
402.000000 682.000000 -0.227133 0.308268
452.000000 682.000000 -0.177880 0.305689
909.000000 682.000000 0.258836 0.310335
406.000000 683.000000 -0.223202 0.309071
745.000000 683.000000 0.098724 0.303892
818.000000 683.000000 0.168601 0.306347
1172.000000 683.000000 0.561799 0.341677
80.000000 684.000000 -0.598551 0.347230
288.000000 684.000000 -0.345627 0.319058
1010.000000 684.000000 0.365962 0.321015
1232.000000 684.000000 0.644574 0.353359
1244.000000 684.000000 0.661718 0.355546
37.000000 685.000000 -0.658958 0.356092
232.000000 685.000000 -0.408186 0.326066
412.000000 685.000000 -0.217347 0.310799
723.000000 685.000000 0.077988 0.305434
284.000000 686.000000 -0.350172 0.321588
351.000000 686.000000 -0.279147 0.315832
813.000000 686.000000 0.163882 0.309209
884.000000 686.000000 0.233821 0.312879
956.000000 686.000000 0.307846 0.318115
1116.000000 686.000000 0.490269 0.336349
1124.000000 686.000000 0.500260 0.337530
1153.000000 686.000000 0.537306 0.342028
109.000000 687.000000 -0.559992 0.345778
202.000000 687.000000 -0.443418 0.331964
274.000000 687.000000 -0.361226 0.323659
290.000000 687.000000 -0.343743 0.322082
420.000000 687.000000 -0.209526 0.312426
875.000000 687.000000 0.224869 0.313374
997.000000 687.000000 0.351969 0.322936
1111.000000 687.000000 0.484217 0.336752
1188.000000 687.000000 0.583969 0.349047
107.000000 688.000000 -0.562813 0.347272
279.000000 688.000000 -0.355835 0.324234
282.000000 688.000000 -0.352551 0.323935
348.000000 688.000000 -0.282400 0.318164
359.000000 688.000000 -0.271054 0.317343
371.000000 688.000000 -0.258775 0.316491
384.000000 688.000000 -0.245581 0.315618
745.000000 688.000000 0.098849 0.308973
956.000000 688.000000 0.308016 0.320238
233.000000 689.000000 -0.407508 0.330333
37.000000 690.000000 -0.659872 0.362061
224.000000 690.000000 -0.418006 0.332514
244.000000 690.000000 -0.395073 0.330151
266.000000 690.000000 -0.370381 0.327733
277.000000 690.000000 -0.358232 0.326594
281.000000 690.000000 -0.353844 0.326190
319.000000 690.000000 -0.312933 0.322645
419.000000 690.000000 -0.210681 0.315589
80.000000 691.000000 -0.599782 0.355446
139.000000 691.000000 -0.521580 0.345523
405.000000 691.000000 -0.224669 0.317435
425.000000 691.000000 -0.204798 0.316298
815.000000 691.000000 0.166035 0.314433
1029.000000 691.000000 0.387948 0.330659
75.000000 692.000000 -0.606836 0.357517
279.000000 692.000000 -0.356239 0.328552
415.000000 692.000000 -0.214763 0.317892
1196.000000 692.000000 0.595757 0.356322
218.000000 693.000000 -0.425358 0.336575
229.000000 693.000000 -0.412590 0.335214
356.000000 693.000000 -0.274513 0.322833
1048.000000 693.000000 0.409860 0.335077
1073.000000 693.000000 0.439073 0.338236
1192.000000 693.000000 0.590466 0.356787
198.000000 694.000000 -0.449104 0.340295
421.000000 694.000000 -0.208921 0.319634
827.000000 694.000000 0.177855 0.318073
1194.000000 694.000000 0.593376 0.358321
1235.000000 694.000000 0.650685 0.365840
70.000000 695.000000 -0.614293 0.361970
202.000000 695.000000 -0.444471 0.340877
209.000000 695.000000 -0.436178 0.339952
302.000000 695.000000 -0.331537 0.329535
311.000000 695.000000 -0.321887 0.328700
377.000000 695.000000 -0.253150 0.323425
778.000000 695.000000 0.130506 0.317110
803.000000 695.000000 0.154576 0.318049
218.000000 696.000000 -0.425738 0.339905
227.000000 696.000000 -0.415269 0.338775
265.000000 696.000000 -0.372136 0.334367
288.000000 696.000000 -0.346798 0.331972
830.000000 696.000000 0.180884 0.320288
1030.000000 696.000000 0.389650 0.336250
1082.000000 696.000000 0.450198 0.342798
1092.000000 696.000000 0.462249 0.344187
223.000000 697.000000 -0.420035 0.340383
310.000000 697.000000 -0.323140 0.330939
330.000000 697.000000 -0.301918 0.329166
389.000000 697.000000 -0.241119 0.324717
680.000000 697.000000 0.037710 0.317003
857.000000 697.000000 0.207533 0.322741
1160.000000 697.000000 0.548278 0.355904
1163.000000 697.000000 0.552232 0.356414
215.000000 698.000000 -0.429508 0.342516
377.000000 698.000000 -0.253359 0.326585
804.000000 698.000000 0.155667 0.321188
888.000000 698.000000 0.238613 0.325681
1082.000000 698.000000 0.450473 0.345044
1176.000000 698.000000 0.569705 0.359833
1237.000000 698.000000 0.654288 0.371014
260.000000 700.000000 -0.378163 0.339294
347.000000 700.000000 -0.284379 0.330958
372.000000 700.000000 -0.258602 0.329053
387.000000 700.000000 -0.243342 0.328007
889.000000 700.000000 0.239756 0.327852
10.000000 701.000000 -0.700869 0.380311
167.000000 701.000000 -0.487845 0.352637
390.000000 701.000000 -0.240374 0.328859
431.000000 701.000000 -0.199411 0.326381
209.000000 702.000000 -0.437104 0.347779
243.000000 702.000000 -0.397615 0.343467
422.000000 702.000000 -0.208381 0.327928
1201.000000 702.000000 0.604451 0.369067
300.000000 703.000000 -0.334464 0.338364
322.000000 703.000000 -0.310900 0.336297
334.000000 703.000000 -0.298223 0.335243
733.000000 703.000000 0.087833 0.324033
741.000000 703.000000 0.095432 0.324230
18.000000 704.000000 -0.689822 0.382464
349.000000 704.000000 -0.282621 0.335063
842.000000 704.000000 0.193080 0.329229
216.000000 705.000000 -0.429251 0.350211
336.000000 705.000000 -0.296293 0.337217
343.000000 705.000000 -0.288958 0.336625
797.000000 705.000000 0.149180 0.328153
218.000000 706.000000 -0.427035 0.351068
224.000000 706.000000 -0.420019 0.350284
294.000000 706.000000 -0.341270 0.342221
360.000000 706.000000 -0.271381 0.336325
503.000000 706.000000 -0.129555 0.328369
172.000000 707.000000 -0.482562 0.358738
200.000000 707.000000 -0.448500 0.354644
303.000000 707.000000 -0.331615 0.342410
327.000000 707.000000 -0.305959 0.340157
687.000000 707.000000 0.044409 0.327329
799.000000 707.000000 0.151199 0.330315
350.000000 708.000000 -0.281906 0.339262
449.000000 708.000000 -0.182051 0.332756
761.000000 708.000000 0.114652 0.329965
1067.000000 708.000000 0.433978 0.354244
217.000000 709.000000 -0.428608 0.354571
251.000000 709.000000 -0.389353 0.350263
275.000000 709.000000 -0.362448 0.347510
307.000000 709.000000 -0.327498 0.344192
310.000000 709.000000 -0.324272 0.343901
757.000000 709.000000 0.110856 0.330877
772.000000 709.000000 0.125231 0.331365
842.000000 710.000000 0.193405 0.335520
1002.000000 710.000000 0.359874 0.348480
133.000000 711.000000 -0.532587 0.369663
228.000000 711.000000 -0.416013 0.355365
289.000000 711.000000 -0.347243 0.348199
316.000000 711.000000 -0.318032 0.345499
330.000000 711.000000 -0.303143 0.344205
407.000000 711.000000 -0.223902 0.338312
428.000000 711.000000 -0.202940 0.337039
3.000000 712.000000 -0.713084 0.395008
116.000000 712.000000 -0.555025 0.373792
181.000000 712.000000 -0.472242 0.363101
239.000000 712.000000 -0.403424 0.355077
363.000000 712.000000 -0.268752 0.342505
990.000000 712.000000 0.346869 0.349381
1004.000000 712.000000 0.362314 0.350904
1212.000000 712.000000 0.621617 0.383107
219.000000 713.000000 -0.426795 0.358808
222.000000 713.000000 -0.423277 0.358405
225.000000 713.000000 -0.419770 0.358006
379.000000 713.000000 -0.252395 0.342359
737.000000 713.000000 0.091882 0.334466
329.000000 714.000000 -0.304473 0.347543
695.000000 714.000000 0.052056 0.334662
6.000000 715.000000 -0.709283 0.398121
209.000000 715.000000 -0.438887 0.362446
324.000000 715.000000 -0.309875 0.349090
355.000000 715.000000 -0.277280 0.346370
422.000000 715.000000 -0.209144 0.341617
564.000000 715.000000 -0.071609 0.336030
1235.000000 715.000000 0.654687 0.391183
134.000000 716.000000 -0.532148 0.375351
315.000000 716.000000 -0.319583 0.351036
352.000000 716.000000 -0.280485 0.347697
367.000000 716.000000 -0.264939 0.346482
385.000000 716.000000 -0.246491 0.345127
690.000000 716.000000 0.047356 0.336666
849.000000 716.000000 0.200679 0.342243
966.000000 716.000000 0.321231 0.351308
