110.000000 3.000000 -0.563860 -0.379433
169.000000 3.000000 -0.487791 -0.369354
188.000000 3.000000 -0.464393 -0.366418
192.000000 3.000000 -0.459532 -0.365820
205.000000 3.000000 -0.443885 -0.363924
760.000000 3.000000 0.113962 -0.337954
813.000000 3.000000 0.165242 -0.340058
931.000000 3.000000 0.284179 -0.347825
933.000000 3.000000 0.286272 -0.347997
1073.000000 3.000000 0.442318 -0.363917
1093.000000 3.000000 0.466494 -0.366870
1104.000000 3.000000 0.480030 -0.368570
1119.000000 3.000000 0.498772 -0.370974
1148.000000 3.000000 0.535967 -0.375892
180.000000 4.000000 -0.474028 -0.366484
194.000000 4.000000 -0.456962 -0.364379
1011.000000 4.000000 0.370523 -0.354767
1169.000000 4.000000 0.563524 -0.378471
921.000000 5.000000 0.273595 -0.344834
1095.000000 5.000000 0.468637 -0.364877
1101.000000 5.000000 0.476011 -0.365797
1007.000000 6.000000 0.365826 -0.352092
1141.000000 6.000000 0.526356 -0.371155
146.000000 7.000000 -0.516150 -0.368450
1059.000000 7.000000 0.425172 -0.357435
1076.000000 7.000000 0.445335 -0.359795
1115.000000 7.000000 0.493099 -0.365690
747.000000 8.000000 0.101374 -0.332360
744.000000 9.000000 0.098485 -0.331240
776.000000 9.000000 0.129127 -0.332247
882.000000 9.000000 0.233384 -0.337668
949.000000 9.000000 0.302586 -0.342921
1113.000000 9.000000 0.490279 -0.363063
1141.000000 9.000000 0.525844 -0.367647
121.000000 10.000000 -0.548043 -0.369203
196.000000 10.000000 -0.453677 -0.357252
785.000000 10.000000 0.137761 -0.331540
993.000000 10.000000 0.349900 -0.346150
995.000000 10.000000 0.352098 -0.346363
1054.000000 10.000000 0.418917 -0.353393
24.000000 11.000000 -0.682125 -0.386090
182.000000 11.000000 -0.470518 -0.358159
184.000000 11.000000 -0.468075 -0.357862
726.000000 11.000000 0.081314 -0.328726
729.000000 11.000000 0.084162 -0.328794
753.000000 11.000000 0.107016 -0.329422
1039.000000 11.000000 0.401422 -0.350353
1111.000000 11.000000 0.487471 -0.360446
40.000000 12.000000 -0.658968 -0.381823
171.000000 12.000000 -0.483904 -0.358677
913.000000 12.000000 0.264774 -0.336704
1147.000000 12.000000 0.533108 -0.365163
186.000000 13.000000 -0.465344 -0.355289
892.000000 13.000000 0.243236 -0.334109
942.000000 13.000000 0.294852 -0.337993
990.000000 13.000000 0.346296 -0.342553
166.000000 14.000000 -0.489804 -0.357152
955.000000 14.000000 0.308493 -0.338066
1133.000000 14.000000 0.514736 -0.360499
37.000000 15.000000 -0.662683 -0.378766
661.000000 15.000000 0.019909 -0.323715
891.000000 15.000000 0.242084 -0.331922
999.000000 15.000000 0.355969 -0.341315
1235.000000 15.000000 0.652766 -0.377735
739.000000 16.000000 0.093542 -0.323876
778.000000 16.000000 0.130800 -0.325056
987.000000 16.000000 0.342712 -0.338975
1144.000000 16.000000 0.528544 -0.359996
1158.000000 16.000000 0.546805 -0.362373
125.000000 17.000000 -0.541597 -0.360325
795.000000 17.000000 0.147143 -0.324661
1015.000000 17.000000 0.373515 -0.340875
1049.000000 17.000000 0.412202 -0.344925
1062.000000 17.000000 0.427363 -0.346600
1255.000000 17.000000 0.681143 -0.379131
901.000000 18.000000 0.252040 -0.329446
934.000000 18.000000 0.286056 -0.331966
1232.000000 18.000000 0.647918 -0.373547
134.000000 19.000000 -0.529575 -0.356497
754.000000 20.000000 0.107709 -0.320163
787.000000 20.000000 0.139311 -0.321250
789.000000 20.000000 0.141237 -0.321325
903.000000 20.000000 0.253937 -0.327474
974.000000 20.000000 0.328239 -0.333360
1042.000000 20.000000 0.403758 -0.340727
1165.000000 20.000000 0.555354 -0.358904
170.000000 21.000000 -0.483781 -0.348549
739.000000 21.000000 0.093417 -0.318736
765.000000 21.000000 0.118176 -0.319464
944.000000 21.000000 0.296270 -0.329593
1141.000000 21.000000 0.523848 -0.353707
136.000000 22.000000 -0.526506 -0.352699
790.000000 22.000000 0.142125 -0.319299
849.000000 22.000000 0.199638 -0.322004
933.000000 22.000000 0.284690 -0.327622
975.000000 22.000000 0.329125 -0.331299
1035.000000 22.000000 0.395512 -0.337678
1182.000000 22.000000 0.577748 -0.359540
754.000000 23.000000 0.107624 -0.317082
913.000000 23.000000 0.263949 -0.325026
1041.000000 23.000000 0.402248 -0.337290
1100.000000 23.000000 0.472086 -0.345102
1252.000000 23.000000 0.675668 -0.371303
135.000000 24.000000 -0.527469 -0.350554
937.000000 24.000000 0.288696 -0.325818
1066.000000 24.000000 0.431149 -0.339307
1026.000000 25.000000 0.384965 -0.333343
1042.000000 25.000000 0.403154 -0.335205
1051.000000 25.000000 0.413519 -0.336298
136.000000 26.000000 -0.525860 -0.348089
741.000000 26.000000 0.095191 -0.313666
1069.000000 26.000000 0.434424 -0.337470
1108.000000 26.000000 0.481482 -0.342871
1118.000000 26.000000 0.493900 -0.344360
1146.000000 26.000000 0.529482 -0.348749
1081.000000 27.000000 0.448543 -0.337944
139.000000 28.000000 -0.521694 -0.345313
765.000000 28.000000 0.117960 -0.312283
1038.000000 28.000000 0.398226 -0.331433
1050.000000 28.000000 0.411996 -0.332862
1097.000000 28.000000 0.467709 -0.339029
1214.000000 28.000000 0.620652 -0.358231
705.000000 29.000000 0.061132 -0.309883
887.000000 29.000000 0.237117 -0.316942
1162.000000 29.000000 0.549862 -0.347918
139.000000 30.000000 -0.521379 -0.343021
141.000000 30.000000 -0.518824 -0.342708
759.000000 30.000000 0.112184 -0.310062
1094.000000 30.000000 0.463784 -0.336362
1022.000000 31.000000 0.379802 -0.326350
1035.000000 31.000000 0.394467 -0.327801
1178.000000 31.000000 0.570791 -0.348303
1214.000000 31.000000 0.620105 -0.354675
820.000000 32.000000 0.170736 -0.310234
888.000000 32.000000 0.237933 -0.313875
1048.000000 32.000000 0.409210 -0.328220
1074.000000 32.000000 0.439554 -0.331448
138.000000 33.000000 -0.522189 -0.339746
974.000000 33.000000 0.327030 -0.319409
976.000000 33.000000 0.329175 -0.319591
984.000000 33.000000 0.337791 -0.320333
987.000000 33.000000 0.341037 -0.320618
1001.000000 33.000000 0.356304 -0.321987
1066.000000 33.000000 0.429998 -0.329320
1093.000000 33.000000 0.462159 -0.332864
1118.000000 33.000000 0.492856 -0.336416
1134.000000 33.000000 0.512993 -0.338826
1145.000000 33.000000 0.527068 -0.340543
1175.000000 33.000000 0.566433 -0.345464
1198.000000 33.000000 0.597586 -0.349449
103.000000 34.000000 -0.567767 -0.344271
814.000000 34.000000 0.164827 -0.307921
816.000000 34.000000 0.166765 -0.308006
898.000000 34.000000 0.247899 -0.312435
972.000000 34.000000 0.324799 -0.318162
1182.000000 34.000000 0.575653 -0.345494
94.000000 35.000000 -0.579670 -0.344634
137.000000 35.000000 -0.523158 -0.337617
761.000000 35.000000 0.113943 -0.305025
965.000000 35.000000 0.317249 -0.316480
1003.000000 35.000000 0.358300 -0.320034
1033.000000 35.000000 0.391748 -0.323212
1091.000000 35.000000 0.459471 -0.330358
1116.000000 35.000000 0.490074 -0.333863
1198.000000 35.000000 0.597233 -0.347103
774.000000 37.000000 0.126266 -0.303383
781.000000 37.000000 0.132953 -0.303611
811.000000 37.000000 0.161798 -0.304725
848.000000 37.000000 0.197866 -0.306421
1010.000000 37.000000 0.365812 -0.318589
1014.000000 37.000000 0.370243 -0.319000
1091.000000 37.000000 0.459202 -0.328128
1183.000000 37.000000 0.576488 -0.342174
136.000000 38.000000 -0.523974 -0.334351
718.000000 38.000000 0.073212 -0.300979
880.000000 38.000000 0.229538 -0.307151
1084.000000 38.000000 0.450668 -0.326090
1141.000000 38.000000 0.521151 -0.334207
1223.000000 38.000000 0.631467 -0.348021
138.000000 39.000000 -0.521263 -0.332907
757.000000 39.000000 0.110031 -0.300852
774.000000 39.000000 0.126203 -0.301351
918.000000 39.000000 0.267923 -0.308578
920.000000 39.000000 0.269973 -0.308720
1262.000000 39.000000 0.687221 -0.353910
14.000000 40.000000 -0.691248 -0.352950
845.000000 40.000000 0.194769 -0.303187
967.000000 40.000000 0.318943 -0.311350
969.000000 40.000000 0.321070 -0.311523
1056.000000 41.000000 0.417374 -0.319307
1060.000000 41.000000 0.422012 -0.319782
1062.000000 41.000000 0.424339 -0.320022
1079.000000 41.000000 0.444326 -0.322126
1123.000000 41.000000 0.497928 -0.328116
889.000000 42.000000 0.238317 -0.303554
994.000000 43.000000 0.347687 -0.310591
1026.000000 43.000000 0.382996 -0.313784
1052.000000 43.000000 0.412524 -0.316657
1057.000000 43.000000 0.418296 -0.317240
768.000000 44.000000 0.120338 -0.296102
929.000000 44.000000 0.278868 -0.304144
1024.000000 44.000000 0.380652 -0.312496
1081.000000 44.000000 0.446321 -0.319070
1092.000000 44.000000 0.459479 -0.320486
773.000000 45.000000 0.125065 -0.295241
817.000000 45.000000 0.167272 -0.296813
1014.000000 45.000000 0.369427 -0.310398
1104.000000 45.000000 0.473892 -0.320974
138.000000 46.000000 -0.520208 -0.324971
779.000000 46.000000 0.130751 -0.294416
1005.000000 46.000000 0.359412 -0.308441
1023.000000 46.000000 0.379328 -0.310241
1032.000000 46.000000 0.389418 -0.311185
1108.000000 46.000000 0.478649 -0.320404
1123.000000 46.000000 0.497209 -0.322497
1191.000000 46.000000 0.585789 -0.333082
81.000000 47.000000 -0.595274 -0.332892
198.000000 47.000000 -0.446333 -0.315656
767.000000 47.000000 0.119301 -0.293044
769.000000 47.000000 0.121201 -0.293102
823.000000 47.000000 0.172998 -0.295030
844.000000 47.000000 0.193450 -0.295975
1011.000000 47.000000 0.365913 -0.307959
1092.000000 47.000000 0.459088 -0.317167
119.000000 48.000000 -0.544395 -0.325590
825.000000 48.000000 0.174895 -0.294098
846.000000 48.000000 0.195360 -0.295051
1101.000000 48.000000 0.469836 -0.317240
139.000000 49.000000 -0.518491 -0.321437
894.000000 49.000000 0.242915 -0.296634
923.000000 49.000000 0.272348 -0.298517
970.000000 49.000000 0.321367 -0.302106
1143.000000 49.000000 0.522043 -0.322035
1168.000000 49.000000 0.554514 -0.325877
1223.000000 49.000000 0.629517 -0.335071
888.000000 50.000000 0.236834 -0.295246
977.000000 50.000000 0.328740 -0.301646
1000.000000 50.000000 0.353563 -0.303706
787.000000 51.000000 0.138223 -0.289627
883.000000 51.000000 0.231776 -0.293929
1018.000000 51.000000 0.373258 -0.304377
1050.000000 51.000000 0.409320 -0.307746
1086.000000 51.000000 0.451393 -0.311997
1140.000000 51.000000 0.517920 -0.319336
141.000000 52.000000 -0.515515 -0.317771
144.000000 52.000000 -0.511720 -0.317339
765.000000 52.000000 0.117262 -0.287954
778.000000 52.000000 0.129610 -0.288333
971.000000 52.000000 0.322179 -0.299035
1047.000000 52.000000 0.405778 -0.306334
26.000000 53.000000 -0.671550 -0.335356
53.000000 53.000000 -0.633066 -0.330670
784.000000 54.000000 0.135263 -0.286509
832.000000 54.000000 0.181431 -0.288311
903.000000 54.000000 0.251676 -0.292041
956.000000 54.000000 0.306186 -0.295736
1015.000000 54.000000 0.369643 -0.300883
1097.000000 54.000000 0.464210 -0.310091
1127.000000 54.000000 0.501079 -0.314109
1138.000000 54.000000 0.514941 -0.315672
14.000000 55.000000 -0.688597 -0.335079
53.000000 55.000000 -0.632723 -0.328333
75.000000 55.000000 -0.602151 -0.324629
766.000000 55.000000 0.118126 -0.284970
1073.000000 55.000000 0.435528 -0.306042
1101.000000 55.000000 0.468920 -0.309503
786.000000 56.000000 0.137106 -0.284563
896.000000 56.000000 0.244503 -0.289561
1096.000000 56.000000 0.462750 -0.307763
1123.000000 56.000000 0.495809 -0.311326
1136.000000 56.000000 0.512121 -0.313144
1025.000000 57.000000 0.380443 -0.298671
1030.000000 57.000000 0.386029 -0.299173
1145.000000 57.000000 0.523423 -0.313318
796.000000 58.000000 0.146588 -0.282885
971.000000 58.000000 0.321686 -0.292749
16.000000 59.000000 -0.684995 -0.329998
895.000000 59.000000 0.243322 -0.286430
951.000000 59.000000 0.300575 -0.290152
1023.000000 59.000000 0.378019 -0.296344
1080.000000 59.000000 0.443295 -0.302518
137.000000 60.000000 -0.519445 -0.309377
140.000000 60.000000 -0.515641 -0.308954
993.000000 60.000000 0.345061 -0.292507
1070.000000 60.000000 0.431434 -0.300264
779.000000 61.000000 0.130289 -0.279335
845.000000 61.000000 0.193776 -0.281806
1225.000000 61.000000 0.630273 -0.321401
139.000000 62.000000 -0.516626 -0.306862
795.000000 62.000000 0.145498 -0.278839
892.000000 62.000000 0.240142 -0.283193
946.000000 62.000000 0.295151 -0.286676
971.000000 62.000000 0.321365 -0.288575
1029.000000 62.000000 0.384409 -0.293744
1066.000000 62.000000 0.426548 -0.297648
1078.000000 62.000000 0.440582 -0.299023
1222.000000 62.000000 0.625889 -0.319735
944.000000 63.000000 0.293005 -0.285499
1063.000000 63.000000 0.422958 -0.296236
786.000000 64.000000 0.136854 -0.276549
837.000000 64.000000 0.185856 -0.278428
859.000000 64.000000 0.207336 -0.279428
971.000000 64.000000 0.321206 -0.286492
1003.000000 64.000000 0.355551 -0.289184
1067.000000 64.000000 0.427486 -0.295603
1094.000000 64.000000 0.459352 -0.298756
758.000000 65.000000 0.110301 -0.274772
902.000000 65.000000 0.250002 -0.280714
907.000000 65.000000 0.255041 -0.281013
1014.000000 65.000000 0.367497 -0.289131
1040.000000 65.000000 0.396460 -0.291653
1073.000000 65.000000 0.434369 -0.295199
123.000000 66.000000 -0.536516 -0.304661
1011.000000 66.000000 0.364111 -0.287801
1057.000000 66.000000 0.415712 -0.292358
1064.000000 66.000000 0.423785 -0.293117
1091.000000 66.000000 0.455521 -0.296215
1112.000000 66.000000 0.480906 -0.298816
1222.000000 66.000000 0.625223 -0.315098
164.000000 67.000000 -0.484799 -0.297981
864.000000 67.000000 0.212104 -0.276639
889.000000 67.000000 0.236864 -0.277937
909.000000 67.000000 0.256939 -0.279092
1130.000000 67.000000 0.503051 -0.300072
176.000000 68.000000 -0.470066 -0.295383
1089.000000 68.000000 0.452899 -0.293805
1159.000000 68.000000 0.539860 -0.303004
87.000000 69.000000 -0.583578 -0.306651
162.000000 69.000000 -0.486999 -0.296041
983.000000 69.000000 0.333563 -0.282250
1038.000000 69.000000 0.393805 -0.287198
1071.000000 69.000000 0.431585 -0.290663
802.000000 70.000000 0.151917 -0.271079
859.000000 70.000000 0.207051 -0.273375
940.000000 70.000000 0.288381 -0.278013
1009.000000 70.000000 0.361561 -0.283416
1045.000000 70.000000 0.401607 -0.286837
1061.000000 70.000000 0.419887 -0.288501
86.000000 71.000000 -0.584619 -0.304531
998.000000 71.000000 0.349515 -0.281411
1006.000000 71.000000 0.358199 -0.282102
837.000000 72.000000 0.185520 -0.270395
1031.000000 72.000000 0.385670 -0.283340
1046.000000 72.000000 0.402538 -0.284812
1083.000000 72.000000 0.445323 -0.288781
1085.000000 72.000000 0.447687 -0.289009
1168.000000 72.000000 0.551016 -0.299824
789.000000 73.000000 0.139430 -0.267676
996.000000 73.000000 0.347186 -0.279156
1028.000000 73.000000 0.382233 -0.282000
265.000000 74.000000 -0.367163 -0.279599
906.000000 74.000000 0.253501 -0.271793
957.000000 74.000000 0.305738 -0.275091
1004.000000 74.000000 0.355763 -0.278791
1044.000000 74.000000 0.400074 -0.282490
1111.000000 74.000000 0.478679 -0.289934
1136.000000 74.000000 0.509643 -0.293138
936.000000 75.000000 0.283931 -0.272625
1081.000000 75.000000 0.442627 -0.285323
1095.000000 75.000000 0.459235 -0.286925
1106.000000 75.000000 0.472478 -0.288234
813.000000 76.000000 0.162237 -0.265484
993.000000 76.000000 0.343707 -0.275785
1109.000000 76.000000 0.475998 -0.287510
1270.000000 76.000000 0.692483 -0.311432
164.000000 77.000000 -0.483546 -0.287042
185.000000 77.000000 -0.458193 -0.284545
894.000000 77.000000 0.241307 -0.268086
991.000000 77.000000 0.341477 -0.274584
1091.000000 77.000000 0.454232 -0.284301
814.000000 78.000000 0.163125 -0.263531
1033.000000 78.000000 0.387334 -0.277203
1080.000000 78.000000 0.441119 -0.281990
1171.000000 78.000000 0.554085 -0.293532
187.000000 79.000000 -0.455584 -0.282160
821.000000 79.000000 0.169806 -0.262789
989.000000 79.000000 0.339174 -0.272351
1132.000000 79.000000 0.503973 -0.287112
1135.000000 79.000000 0.507730 -0.287500
1163.000000 79.000000 0.543488 -0.291280
1213.000000 79.000000 0.610594 -0.298706
1170.000000 80.000000 0.552487 -0.291152
1032.000000 81.000000 0.385939 -0.273957
1075.000000 81.000000 0.434941 -0.278236
1050.000000 82.000000 0.406081 -0.274615
1062.000000 82.000000 0.419784 -0.275814
878.000000 83.000000 0.225117 -0.261229
956.000000 83.000000 0.304063 -0.265793
986.000000 83.000000 0.335655 -0.267982
1072.000000 83.000000 0.431237 -0.275785
1082.000000 83.000000 0.442922 -0.276853
1105.000000 83.000000 0.470317 -0.279443
92.000000 84.000000 -0.574621 -0.288954
186.000000 84.000000 -0.456210 -0.276896
831.000000 84.000000 0.179244 -0.258195
927.000000 84.000000 0.274161 -0.262900
996.000000 84.000000 0.346286 -0.267735
878.000000 85.000000 0.225020 -0.259226
924.000000 85.000000 0.271050 -0.261708
937.000000 85.000000 0.284313 -0.262505
1018.000000 85.000000 0.370102 -0.268525
1045.000000 85.000000 0.400135 -0.270971
1049.000000 85.000000 0.404656 -0.271353
1158.000000 85.000000 0.536188 -0.283931
1184.000000 85.000000 0.570284 -0.287561
791.000000 86.000000 0.140941 -0.254876
837.000000 86.000000 0.184957 -0.256442
876.000000 86.000000 0.223000 -0.258130
902.000000 86.000000 0.248816 -0.259450
961.000000 86.000000 0.309066 -0.263073
1026.000000 86.000000 0.378828 -0.268181
1090.000000 86.000000 0.452034 -0.274515
878.000000 87.000000 0.224924 -0.257226
1028.000000 87.000000 0.380953 -0.267315
1116.000000 87.000000 0.483208 -0.276411
1154.000000 87.000000 0.530777 -0.281187
823.000000 88.000000 0.171402 -0.253939
1013.000000 88.000000 0.364376 -0.264982
1125.000000 88.000000 0.494148 -0.276408
1183.000000 88.000000 0.568523 -0.284060
1205.000000 88.000000 0.598211 -0.287262
52.000000 89.000000 -0.628618 -0.289264
79.000000 89.000000 -0.591392 -0.285224
919.000000 89.000000 0.265749 -0.257377
970.000000 89.000000 0.318279 -0.260638
1084.000000 89.000000 0.444628 -0.270661
1148.000000 89.000000 0.522853 -0.278201
1194.000000 89.000000 0.583118 -0.284518
1213.000000 89.000000 0.609060 -0.287328
1252.000000 89.000000 0.664171 -0.293372
55.000000 90.000000 -0.624270 -0.287667
76.000000 90.000000 -0.595322 -0.284536
1097.000000 90.000000 0.459918 -0.271002
1181.000000 90.000000 0.565583 -0.281545
72.000000 91.000000 -0.600632 -0.283995
890.000000 91.000000 0.236599 -0.253816
1052.000000 91.000000 0.407482 -0.265327
1123.000000 91.000000 0.491320 -0.272912
1179.000000 91.000000 0.562794 -0.280151
1203.000000 91.000000 0.595035 -0.283581
1211.000000 91.000000 0.606001 -0.284763
1260.000000 91.000000 0.675443 -0.292326
882.000000 92.000000 0.228632 -0.252426
1067.000000 92.000000 0.424532 -0.265729
1190.000000 92.000000 0.577306 -0.280582
1199.000000 92.000000 0.589448 -0.281873
818.000000 93.000000 0.166437 -0.248832
832.000000 93.000000 0.179871 -0.249326
862.000000 93.000000 0.208949 -0.250522
1092.000000 93.000000 0.453644 -0.267251
834.000000 94.000000 0.181760 -0.248412
849.000000 94.000000 0.196257 -0.248990
895.000000 94.000000 0.241416 -0.251069
1040.000000 94.000000 0.393688 -0.261080
1051.000000 94.000000 0.406067 -0.262086
1178.000000 94.000000 0.561058 -0.276678
1209.000000 94.000000 0.602807 -0.281080
1053.000000 95.000000 0.408240 -0.261224
887.000000 96.000000 0.233382 -0.248681
951.000000 96.000000 0.298021 -0.252245
965.000000 96.000000 0.312559 -0.253160
974.000000 96.000000 0.321991 -0.253776
1062.000000 96.000000 0.418399 -0.261027
1186.000000 96.000000 0.571396 -0.275557
1198.000000 96.000000 0.587518 -0.277243
924.000000 97.000000 0.270353 -0.249616
953.000000 97.000000 0.300024 -0.251360
1031.000000 97.000000 0.383404 -0.257169
1145.000000 97.000000 0.518036 -0.269069
165.000000 98.000000 -0.479862 -0.264220
803.000000 98.000000 0.151976 -0.243443
1049.000000 98.000000 0.403439 -0.257717
1209.000000 98.000000 0.602225 -0.276575
840.000000 99.000000 0.187358 -0.243707
1116.000000 99.000000 0.481818 -0.263472
1156.000000 99.000000 0.531784 -0.268264
934.000000 100.000000 0.280338 -0.247178
1042.000000 100.000000 0.395393 -0.255007
1169.000000 100.000000 0.548452 -0.268841
1244.000000 100.000000 0.650974 -0.279496
13.000000 101.000000 -0.682537 -0.281477
873.000000 101.000000 0.219364 -0.243074
912.000000 101.000000 0.258038 -0.244957
1034.000000 101.000000 0.386389 -0.253277
1099.000000 101.000000 0.461113 -0.259475
1195.000000 101.000000 0.582764 -0.271236
9.000000 102.000000 -0.688223 -0.280933
876.000000 102.000000 0.222263 -0.242217
1232.000000 102.000000 0.633637 -0.275422
751.000000 103.000000 0.102890 -0.237280
843.000000 103.000000 0.190103 -0.239884
897.000000 103.000000 0.242957 -0.242204
968.000000 103.000000 0.315226 -0.246262
1087.000000 103.000000 0.446701 -0.256111
906.000000 104.000000 0.251875 -0.241657
1033.000000 104.000000 0.385027 -0.250087
1203.000000 104.000000 0.593176 -0.269001
1016.000000 105.000000 0.366270 -0.247681
1150.000000 105.000000 0.523387 -0.260976
1192.000000 105.000000 0.578184 -0.266377
965.000000 106.000000 0.311901 -0.243034
1030.000000 106.000000 0.381543 -0.247774
1239.000000 106.000000 0.642953 -0.271915
1261.000000 106.000000 0.674582 -0.275192
747.000000 107.000000 0.099081 -0.233325
1166.000000 107.000000 0.543656 -0.260775
1181.000000 107.000000 0.563278 -0.262701
845.000000 108.000000 0.191848 -0.235050
902.000000 108.000000 0.247686 -0.237484
1021.000000 108.000000 0.371492 -0.244993
1084.000000 108.000000 0.442687 -0.250540
1147.000000 108.000000 0.519227 -0.257361
1200.000000 108.000000 0.588555 -0.264131
861.000000 109.000000 0.207311 -0.234682
962.000000 109.000000 0.308591 -0.239820
1238.000000 109.000000 0.641095 -0.268367
914.000000 110.000000 0.259577 -0.236098
1082.000000 110.000000 0.440157 -0.248244
1121.000000 110.000000 0.486697 -0.252247
1199.000000 110.000000 0.586931 -0.261773
655.000000 111.000000 0.013954 -0.228502
883.000000 111.000000 0.228744 -0.233637
960.000000 111.000000 0.306392 -0.237684
1146.000000 111.000000 0.517611 -0.253999
888.000000 112.000000 0.233625 -0.232873
919.000000 112.000000 0.264496 -0.234368
1081.000000 112.000000 0.438801 -0.246050
1137.000000 112.000000 0.506215 -0.251884
1187.000000 112.000000 0.570579 -0.257974
1197.000000 112.000000 0.583965 -0.259288
910.000000 113.000000 0.255422 -0.232921
941.000000 113.000000 0.286733 -0.234561
960.000000 113.000000 0.306270 -0.235676
1121.000000 113.000000 0.486372 -0.249045
1194.000000 113.000000 0.579799 -0.257785
876.000000 114.000000 0.221744 -0.230383
918.000000 114.000000 0.263388 -0.232332
1129.000000 114.000000 0.496077 -0.248847
1036.000000 115.000000 0.387449 -0.238995
1142.000000 115.000000 0.512122 -0.249227
1185.000000 115.000000 0.567537 -0.254416
230.000000 116.000000 -0.402330 -0.238968
855.000000 116.000000 0.201218 -0.227589
955.000000 116.000000 0.300923 -0.232370
965.000000 116.000000 0.311274 -0.232971
984.000000 116.000000 0.331171 -0.234180
1099.000000 116.000000 0.459575 -0.243594
879.000000 117.000000 0.224558 -0.227562
1141.000000 117.000000 0.510644 -0.246965
1184.000000 117.000000 0.565959 -0.252094
859.000000 118.000000 0.205019 -0.225785
861.000000 118.000000 0.206959 -0.225861
873.000000 118.000000 0.218645 -0.226334
912.000000 118.000000 0.257176 -0.228072
983.000000 118.000000 0.329985 -0.232098
1047.000000 119.000000 0.399376 -0.235774
690.000000 120.000000 0.046119 -0.220055
851.000000 120.000000 0.197203 -0.223538
951.000000 120.000000 0.296576 -0.228143
1033.000000 120.000000 0.383737 -0.233631
1130.000000 120.000000 0.496659 -0.242551
1140.000000 120.000000 0.509061 -0.243638
202.000000 121.000000 -0.433759 -0.236210
587.000000 121.000000 -0.048563 -0.219109
859.000000 121.000000 0.204906 -0.222856
910.000000 121.000000 0.255034 -0.225015
205.000000 123.000000 -0.430124 -0.233866
212.000000 123.000000 -0.422103 -0.233258
254.000000 123.000000 -0.375209 -0.229906
868.000000 123.000000 0.213571 -0.221245
887.000000 123.000000 0.232160 -0.222015
1226.000000 123.000000 0.622253 -0.250946
921.000000 124.000000 0.265901 -0.222587
1228.000000 124.000000 0.624911 -0.250099
213.000000 125.000000 -0.420793 -0.231106
917.000000 125.000000 0.261840 -0.221406
816.000000 126.000000 0.163503 -0.216589
1266.000000 126.000000 0.678960 -0.253079
262.000000 128.000000 -0.366144 -0.224252
943.000000 128.000000 0.287952 -0.219755
1148.000000 128.000000 0.518210 -0.235954
1092.000000 129.000000 0.450076 -0.229310
235.000000 130.000000 -0.395627 -0.224199
1035.000000 130.000000 0.385183 -0.223575
1164.000000 130.000000 0.538331 -0.235581
221.000000 131.000000 -0.411228 -0.224271
893.000000 131.000000 0.237730 -0.214440
1104.000000 131.000000 0.464073 -0.228329
909.000000 132.000000 0.253529 -0.214155
990.000000 132.000000 0.336480 -0.218480
1196.000000 132.000000 0.580076 -0.237162
268.000000 133.000000 -0.359323 -0.218790
787.000000 133.000000 0.135948 -0.209108
1187.000000 133.000000 0.567973 -0.234994
1243.000000 133.000000 0.644859 -0.242044
865.000000 134.000000 0.210246 -0.210430
1112.000000 134.000000 0.473352 -0.225942
1195.000000 134.000000 0.578496 -0.234858
1235.000000 134.000000 0.633408 -0.239875
879.000000 135.000000 0.223834 -0.209980
1048.000000 135.000000 0.399230 -0.219458
1167.000000 135.000000 0.541630 -0.230539
232.000000 136.000000 -0.398511 -0.218306
252.000000 136.000000 -0.376458 -0.216857
889.000000 136.000000 0.233590 -0.209400
1107.000000 136.000000 0.467182 -0.223382
1172.000000 136.000000 0.547980 -0.230021
1225.000000 136.000000 0.619160 -0.236368
266.000000 137.000000 -0.361209 -0.214896
1193.000000 137.000000 0.575469 -0.231352
251.000000 138.000000 -0.377411 -0.214904
253.000000 139.000000 -0.375159 -0.213756
1169.000000 139.000000 0.543767 -0.226463
1224.000000 139.000000 0.617393 -0.232926
1238.000000 139.000000 0.636992 -0.234698
1192.000000 140.000000 0.573787 -0.227975
871.000000 141.000000 0.215818 -0.203864
1109.000000 141.000000 0.469112 -0.218349
1176.000000 141.000000 0.552619 -0.225084
267.000000 142.000000 -0.359807 -0.209808
1001.000000 142.000000 0.347529 -0.209158
1041.000000 142.000000 0.390934 -0.211824
1048.000000 142.000000 0.398707 -0.212331
1135.000000 142.000000 0.500569 -0.219749
946.000000 143.000000 0.290239 -0.205108
266.000000 144.000000 -0.360755 -0.207867
887.000000 144.000000 0.231315 -0.201550
1055.000000 144.000000 0.406387 -0.210815
1177.000000 144.000000 0.553592 -0.221968
1213.000000 144.000000 0.601633 -0.226085
14.000000 145.000000 -0.674900 -0.231292
889.000000 145.000000 0.233237 -0.200657
1093.000000 145.000000 0.449846 -0.212802
1108.000000 145.000000 0.467561 -0.214096
1134.000000 145.000000 0.499046 -0.216493
1151.000000 145.000000 0.520201 -0.218168
261.000000 146.000000 -0.366015 -0.206182
1010.000000 146.000000 0.356899 -0.205718
1174.000000 146.000000 0.549476 -0.219497
1197.000000 146.000000 0.579767 -0.222041
1106.000000 147.000000 0.465005 -0.211844
1138.000000 147.000000 0.503788 -0.214773
1155.000000 147.000000 0.525044 -0.216451
1161.000000 147.000000 0.532659 -0.217063
1212.000000 147.000000 0.599913 -0.222687
888.000000 148.000000 0.232143 -0.197714
1132.000000 148.000000 0.496303 -0.213152
1181.000000 148.000000 0.558379 -0.218105
290.000000 149.000000 -0.334935 -0.201436
1104.000000 149.000000 0.462460 -0.209599
1175.000000 149.000000 0.550453 -0.216391
21.000000 150.000000 -0.664149 -0.224809
991.000000 150.000000 0.336459 -0.200595
993.000000 150.000000 0.338569 -0.200710
1157.000000 150.000000 0.527272 -0.213470
195.000000 151.000000 -0.439317 -0.205830
967.000000 151.000000 0.311367 -0.198301
1169.000000 152.000000 0.542388 -0.212561
1195.000000 152.000000 0.576426 -0.215325
936.000000 153.000000 0.279630 -0.194839
1005.000000 154.000000 0.351066 -0.197434
1158.000000 154.000000 0.528142 -0.209332
809.000000 155.000000 0.156126 -0.188606
1002.000000 155.000000 0.347813 -0.196264
1156.000000 156.000000 0.525416 -0.207022
904.000000 157.000000 0.247534 -0.189618
922.000000 158.000000 0.265363 -0.189368
939.000000 158.000000 0.282434 -0.190098
1095.000000 158.000000 0.451124 -0.199582
1124.000000 158.000000 0.485645 -0.201988
1211.000000 158.000000 0.597296 -0.210598
994.000000 159.000000 0.339117 -0.191848
1012.000000 159.000000 0.358254 -0.192873
1037.000000 159.000000 0.385370 -0.194414
1040.000000 159.000000 0.388668 -0.194608
1051.000000 159.000000 0.400850 -0.195339
1154.000000 159.000000 0.522606 -0.203666
29.000000 160.000000 -0.651480 -0.212734
31.000000 160.000000 -0.648634 -0.212500
958.000000 160.000000 0.301665 -0.189021
1092.000000 160.000000 0.447466 -0.197297
1139.000000 160.000000 0.503813 -0.201231
976.000000 161.000000 0.320175 -0.188925
1035.000000 161.000000 0.383049 -0.192282
33.000000 162.000000 -0.645562 -0.210061
967.000000 162.000000 0.310814 -0.187496
1151.000000 162.000000 0.518557 -0.200230
981.000000 163.000000 0.325275 -0.187215
1149.000000 164.000000 0.515871 -0.197948
868.000000 165.000000 0.212110 -0.180680
1143.000000 165.000000 0.508314 -0.196363
1157.000000 165.000000 0.525827 -0.197631
916.000000 166.000000 0.259068 -0.181387
979.000000 166.000000 0.323041 -0.184167
192.000000 167.000000 -0.441568 -0.189715
1049.000000 167.000000 0.398098 -0.187161
1168.000000 167.000000 0.539626 -0.196552
1195.000000 167.000000 0.574839 -0.199199
925.000000 168.000000 0.267953 -0.179807
987.000000 168.000000 0.331286 -0.182607
1140.000000 168.000000 0.504341 -0.192971
1180.000000 168.000000 0.555020 -0.196642
1218.000000 168.000000 0.605760 -0.200519
1245.000000 168.000000 0.643406 -0.203484
840.000000 169.000000 0.185142 -0.176068
921.000000 169.000000 0.263925 -0.178685
993.000000 169.000000 0.337530 -0.181932
1058.000000 169.000000 0.407999 -0.185737
1244.000000 170.000000 0.641765 -0.201176
986.000000 171.000000 0.330089 -0.179611
1085.000000 171.000000 0.438535 -0.185561
1116.000000 171.000000 0.474937 -0.187884
928.000000 172.000000 0.270793 -0.176062
1074.000000 172.000000 0.425863 -0.183782
1082.000000 172.000000 0.435012 -0.184335
1131.000000 172.000000 0.492967 -0.188059
926.000000 173.000000 0.268756 -0.175019
1143.000000 173.000000 0.507620 -0.188023
1268.000000 173.000000 0.675916 -0.200563
965.000000 174.000000 0.308193 -0.175683
1018.000000 174.000000 0.363837 -0.178337
1081.000000 174.000000 0.433725 -0.182239
331.000000 175.000000 -0.291360 -0.173946
1270.000000 175.000000 0.678607 -0.198569
352.000000 176.000000 -0.270203 -0.172142
973.000000 176.000000 0.316342 -0.174099
1065.000000 176.000000 0.415405 -0.179154
1076.000000 176.000000 0.427871 -0.179878
1131.000000 176.000000 0.492643 -0.183922
1198.000000 176.000000 0.577933 -0.189875
1151.000000 177.000000 0.517227 -0.184536
1238.000000 178.000000 0.632436 -0.191780
966.000000 179.000000 0.308997 -0.170863
976.000000 179.000000 0.319306 -0.171312
1198.000000 179.000000 0.577643 -0.186674
140.000000 180.000000 -0.502466 -0.180359
1015.000000 180.000000 0.360295 -0.172250
977.000000 181.000000 0.320250 -0.169409
1061.000000 181.000000 0.410595 -0.173886
927.000000 182.000000 0.269414 -0.166391
1015.000000 182.000000 0.360190 -0.170279
1134.000000 182.000000 0.495825 -0.177966
1181.000000 182.000000 0.555011 -0.181915
40.000000 183.000000 -0.633412 -0.186322
1184.000000 183.000000 0.558827 -0.181129
888.000000 184.000000 0.230919 -0.163167
1064.000000 184.000000 0.413777 -0.171067
918.000000 185.000000 0.260356 -0.163191
930.000000 185.000000 0.272300 -0.163619
1012.000000 185.000000 0.356831 -0.167174
1101.000000 185.000000 0.456147 -0.172468
956.000000 186.000000 0.298479 -0.163657
977.000000 186.000000 0.320027 -0.164544
1090.000000 186.000000 0.443278 -0.170712
1181.000000 186.000000 0.554656 -0.177698
933.000000 187.000000 0.275227 -0.161807
991.000000 187.000000 0.334550 -0.164201
1073.000000 187.000000 0.423750 -0.168616
1171.000000 187.000000 0.541675 -0.175785
974.000000 188.000000 0.316840 -0.162471
1009.000000 188.000000 0.353488 -0.164080
1142.000000 188.000000 0.505170 -0.172395
996.000000 189.000000 0.339700 -0.162481
1127.000000 189.000000 0.486792 -0.170238
329.000000 190.000000 -0.292784 -0.159536
854.000000 190.000000 0.197962 -0.156539
1125.000000 191.000000 0.484234 -0.168044
1136.000000 191.000000 0.497580 -0.168849
1276.000000 191.000000 0.685663 -0.181496
856.000000 192.000000 0.199825 -0.154700
1058.000000 192.000000 0.406589 -0.162727
1127.000000 192.000000 0.486575 -0.167165
1017.000000 193.000000 0.361775 -0.159568
1093.000000 193.000000 0.446295 -0.163841
1120.000000 193.000000 0.478088 -0.165647
285.000000 194.000000 -0.337903 -0.157486
946.000000 194.000000 0.288035 -0.155561
1125.000000 194.000000 0.484020 -0.164977
1047.000000 195.000000 0.394234 -0.159139
984.000000 196.000000 0.326852 -0.155136
990.000000 196.000000 0.333101 -0.155394
1038.000000 197.000000 0.384263 -0.156688
1090.000000 197.000000 0.442575 -0.159625
1132.000000 197.000000 0.492273 -0.162403
244.000000 198.000000 -0.381441 -0.155515
1130.000000 198.000000 0.489777 -0.161239
1181.000000 198.000000 0.553641 -0.165094
1138.000000 199.000000 0.499443 -0.160779
1144.000000 199.000000 0.506810 -0.161210
1050.000000 200.000000 0.397276 -0.154350
1061.000000 200.000000 0.409489 -0.154941
1180.000000 200.000000 0.552185 -0.162920
1037.000000 201.000000 0.382970 -0.152697
1054.000000 201.000000 0.401647 -0.153572
1111.000000 201.000000 0.466846 -0.156912
1120.000000 201.000000 0.477543 -0.157500
1172.000000 201.000000 0.541816 -0.161244
1062.000000 202.000000 0.410497 -0.153009
177.000000 203.000000 -0.456565 -0.154276
1115.000000 203.000000 0.471456 -0.155143
1171.000000 203.000000 0.540384 -0.159086
29.000000 204.000000 -0.646880 -0.164610
1041.000000 204.000000 0.387185 -0.149942
1060.000000 204.000000 0.408157 -0.150918
1223.000000 205.000000 0.609031 -0.161228
1124.000000 206.000000 0.482005 -0.152680
920.000000 207.000000 0.261621 -0.142265
1058.000000 207.000000 0.405773 -0.147842
1137.000000 207.000000 0.497668 -0.152520
1163.000000 207.000000 0.529929 -0.154340
1023.000000 208.000000 0.367498 -0.145165
1122.000000 208.000000 0.479480 -0.150521
966.000000 209.000000 0.307795 -0.141882
1026.000000 209.000000 0.370678 -0.144324
1055.000000 209.000000 0.402342 -0.145712
1057.000000 210.000000 0.404509 -0.144825
1072.000000 210.000000 0.421295 -0.145601
1108.000000 210.000000 0.462749 -0.147634
1119.000000 210.000000 0.475771 -0.148305
1173.000000 210.000000 0.542415 -0.151962
1046.000000 211.000000 0.392319 -0.143298
1164.000000 211.000000 0.530904 -0.150277
1056.000000 212.000000 0.403300 -0.142801
1159.000000 212.000000 0.524540 -0.148894
1170.000000 212.000000 0.538441 -0.149671
1018.000000 213.000000 0.361925 -0.140068
1020.000000 213.000000 0.364062 -0.140154
1062.000000 213.000000 0.409923 -0.142112
1213.000000 213.000000 0.594756 -0.151891
22.000000 214.000000 -0.655948 -0.154407
130.000000 214.000000 -0.512294 -0.146103
1015.000000 214.000000 0.358684 -0.138967
50.000000 215.000000 -0.616585 -0.150974
969.000000 216.000000 0.310615 -0.135270
1169.000000 216.000000 0.536887 -0.145461
20.000000 217.000000 -0.658550 -0.151331
1036.000000 217.000000 0.381127 -0.136950
1087.000000 217.000000 0.437978 -0.139433
1045.000000 218.000000 0.390895 -0.136375
1104.000000 218.000000 0.457597 -0.139360
1118.000000 218.000000 0.474099 -0.140159
1018.000000 219.000000 0.361673 -0.134231
1085.000000 219.000000 0.435584 -0.137337
1184.000000 219.000000 0.555927 -0.143405
1203.000000 219.000000 0.580884 -0.144791
20.000000 220.000000 -0.658297 -0.148085
1124.000000 220.000000 0.481140 -0.138491
1168.000000 220.000000 0.535344 -0.141263
1023.000000 222.000000 0.366896 -0.131519
1167.000000 222.000000 0.533943 -0.139134
1026.000000 223.000000 0.370073 -0.130669
1100.000000 223.000000 0.452662 -0.134135
1098.000000 224.000000 0.450288 -0.133031
992.000000 225.000000 0.334042 -0.127435
1165.000000 225.000000 0.531219 -0.135916
200.000000 226.000000 -0.428860 -0.130052
1079.000000 228.000000 0.428306 -0.128107
27.000000 229.000000 -0.647605 -0.137825
1074.000000 229.000000 0.422606 -0.126884
1105.000000 229.000000 0.458175 -0.128399
1117.000000 230.000000 0.472242 -0.128025
1159.000000 230.000000 0.523368 -0.130413
1099.000000 231.000000 0.451091 -0.126100
1105.000000 231.000000 0.458073 -0.126401
1107.000000 231.000000 0.460411 -0.126502
1029.000000 232.000000 0.372940 -0.122040
1097.000000 232.000000 0.448725 -0.125005
50.000000 233.000000 -0.615210 -0.131854
140.000000 233.000000 -0.498882 -0.126149
189.000000 233.000000 -0.441060 -0.123639
903.000000 233.000000 0.244222 -0.117248
1063.000000 234.000000 0.410060 -0.121470
1069.000000 234.000000 0.416761 -0.121730
1084.000000 234.000000 0.433708 -0.122403
1109.000000 235.000000 0.462553 -0.122605
1112.000000 235.000000 0.466078 -0.122755
1149.000000 235.000000 0.510653 -0.124726
1071.000000 236.000000 0.418917 -0.119849
1121.000000 237.000000 0.476628 -0.121205
1123.000000 237.000000 0.479011 -0.121307
1147.000000 238.000000 0.508023 -0.121567
1202.000000 238.000000 0.578234 -0.124841
1114.000000 239.000000 0.468237 -0.118853
1154.000000 239.000000 0.516616 -0.120937
1146.000000 240.000000 0.506686 -0.119484
1162.000000 240.000000 0.526541 -0.120364
1233.000000 240.000000 0.620088 -0.124796
622.000000 241.000000 -0.016139 -0.107036
1169.000000 241.000000 0.535304 -0.119738
1201.000000 241.000000 0.576719 -0.121652
1093.000000 242.000000 0.443646 -0.114889
1146.000000 242.000000 0.506579 -0.117457
1151.000000 242.000000 0.512737 -0.117723
1231.000000 242.000000 0.617190 -0.122544
1023.000000 243.000000 0.366106 -0.111167
913.000000 244.000000 0.253759 -0.107146
1016.000000 244.000000 0.358618 -0.109966
1053.000000 244.000000 0.398589 -0.111280
1165.000000 244.000000 0.530087 -0.116445
1198.000000 244.000000 0.572574 -0.118348
15.000000 245.000000 -0.663560 -0.121513
1029.000000 246.000000 0.372430 -0.108473
1052.000000 246.000000 0.397415 -0.109292
1096.000000 246.000000 0.446925 -0.111058
1016.000000 247.000000 0.358520 -0.107076
1151.000000 247.000000 0.512475 -0.112649
1153.000000 247.000000 0.514948 -0.112752
1197.000000 247.000000 0.571080 -0.115175
1119.000000 248.000000 0.473722 -0.110091
1164.000000 248.000000 0.528614 -0.112308
1185.000000 248.000000 0.555377 -0.113453
11.000000 249.000000 -0.669049 -0.117483
13.000000 249.000000 -0.666165 -0.117349
111.000000 249.000000 -0.533922 -0.111452
1154.000000 249.000000 0.516085 -0.110773
440.000000 250.000000 -0.183156 -0.100211
1126.000000 250.000000 0.481961 -0.108411
1133.000000 250.000000 0.490365 -0.108737
1188.000000 250.000000 0.559151 -0.111559
1136.000000 251.000000 0.493942 -0.107873
1180.000000 251.000000 0.548771 -0.110092
1183.000000 251.000000 0.552629 -0.110254
1210.000000 251.000000 0.588090 -0.111778
1115.000000 252.000000 0.468815 -0.105920
1226.000000 252.000000 0.609684 -0.111682
151.000000 253.000000 -0.484615 -0.105461
155.000000 254.000000 -0.479798 -0.104283
881.000000 254.000000 0.222483 -0.097176
1153.000000 254.000000 0.514599 -0.105655
974.000000 255.000000 0.314553 -0.098217
1149.000000 255.000000 0.509617 -0.104452
1152.000000 256.000000 0.513267 -0.103582
1188.000000 256.000000 0.558827 -0.105376
1086.000000 257.000000 0.435023 -0.099794
28.000000 258.000000 -0.644206 -0.106776
1043.000000 258.000000 0.387162 -0.097323
1163.000000 258.000000 0.526856 -0.102077
31.000000 259.000000 -0.639920 -0.105536
170.000000 259.000000 -0.461906 -0.098679
1018.000000 259.000000 0.360275 -0.095596
1041.000000 260.000000 0.384926 -0.095324
1100.000000 260.000000 0.450974 -0.097367
1105.000000 260.000000 0.456775 -0.097560
1162.000000 260.000000 0.525510 -0.099997
1049.000000 262.000000 0.393578 -0.093637
1094.000000 262.000000 0.443984 -0.095168
1169.000000 262.000000 0.534214 -0.098291
1184.000000 262.000000 0.553350 -0.099008
1194.000000 263.000000 0.566280 -0.098473
1198.000000 264.000000 0.571472 -0.097640
1267.000000 265.000000 0.666585 -0.100314
1052.000000 266.000000 0.396739 -0.089851
1166.000000 266.000000 0.530252 -0.094086
1176.000000 268.000000 0.542818 -0.092496
1178.000000 268.000000 0.545369 -0.092585
1068.000000 270.000000 0.414304 -0.086453
1131.000000 271.000000 0.487070 -0.087617
883.000000 272.000000 0.224122 -0.080492
1077.000000 272.000000 0.424322 -0.084780
1172.000000 272.000000 0.537563 -0.088247
1186.000000 273.000000 0.555422 -0.087827
1158.000000 274.000000 0.519919 -0.085647
493.000000 275.000000 -0.133478 -0.076654
1002.000000 276.000000 0.342987 -0.078925
1164.000000 276.000000 0.527324 -0.083861
1170.000000 278.000000 0.534790 -0.082069
1091.000000 279.000000 0.439982 -0.078355
1095.000000 280.000000 0.444532 -0.077494
1172.000000 280.000000 0.537240 -0.080116
1035.000000 282.000000 0.377840 -0.073949
1143.000000 282.000000 0.501177 -0.077048
1156.000000 282.000000 0.517137 -0.077502
1115.000000 283.000000 0.467663 -0.075144
975.000000 284.000000 0.314938 -0.070788
1169.000000 284.000000 0.533303 -0.075947
1133.000000 285.000000 0.488986 -0.073722
1222.000000 285.000000 0.602557 -0.076974
1049.000000 286.000000 0.392918 -0.070428
1098.000000 286.000000 0.447806 -0.071688
230.000000 287.000000 -0.393392 -0.069448
1104.000000 287.000000 0.454709 -0.070873
1107.000000 287.000000 0.458192 -0.070958
1044.000000 288.000000 0.387430 -0.068386
1083.000000 288.000000 0.430636 -0.069327
1115.000000 289.000000 0.467486 -0.069211
1164.000000 289.000000 0.526853 -0.070717
1184.000000 289.000000 0.552215 -0.071401
1244.000000 290.000000 0.632659 -0.072645
1253.000000 291.000000 0.645283 -0.071957
914.000000 293.000000 0.253892 -0.061423
1130.000000 294.000000 0.485122 -0.064677
1175.000000 294.000000 0.540551 -0.066015
1034.000000 295.000000 0.376483 -0.061451
1053.000000 295.000000 0.397090 -0.061836
1056.000000 296.000000 0.400359 -0.060934
1085.000000 296.000000 0.432705 -0.061570
51.000000 297.000000 -0.610447 -0.064676
1153.000000 297.000000 0.512952 -0.062327
1184.000000 297.000000 0.551950 -0.063251
1209.000000 297.000000 0.584641 -0.064060
53.000000 298.000000 -0.607688 -0.063566
10.000000 299.000000 -0.667892 -0.064047
1248.000000 299.000000 0.637924 -0.063327
1063.000000 300.000000 0.407992 -0.057212
1145.000000 300.000000 0.503068 -0.059105
344.000000 304.000000 -0.274996 -0.051433
1045.000000 305.000000 0.388178 -0.052058
18.000000 306.000000 -0.656180 -0.056341
918.000000 306.000000 0.257658 -0.049394
1064.000000 307.000000 0.408966 -0.050463
1059.000000 308.000000 0.403430 -0.049410
86.000000 312.000000 -0.563441 -0.048192
292.000000 312.000000 -0.327357 -0.044547
1178.000000 313.000000 0.543844 -0.046844
1020.000000 314.000000 0.361239 -0.043075
1136.000000 314.000000 0.491847 -0.044953
146.000000 315.000000 -0.488622 -0.043887
893.000000 315.000000 0.233277 -0.040840
1102.000000 317.000000 0.451730 -0.041385
962.000000 320.000000 0.301251 -0.036772
1142.000000 321.000000 0.498968 -0.038103
22.000000 322.000000 -0.650055 -0.039334
962.000000 322.000000 0.301233 -0.034899
1182.000000 322.000000 0.548763 -0.037809
851.000000 323.000000 0.193156 -0.033220
1078.000000 323.000000 0.424325 -0.035189
1098.000000 323.000000 0.447034 -0.035457
1131.000000 323.000000 0.485692 -0.035940
24.000000 324.000000 -0.647180 -0.037183
17.000000 325.000000 -0.657102 -0.036276
1155.000000 325.000000 0.514799 -0.034324
1181.000000 325.000000 0.547431 -0.034752
14.000000 326.000000 -0.661371 -0.035280
1078.000000 327.000000 0.424276 -0.031311
1108.000000 327.000000 0.458532 -0.031675
1155.000000 327.000000 0.514768 -0.032324
1093.000000 328.000000 0.441245 -0.030514
1178.000000 328.000000 0.543557 -0.031667
1184.000000 328.000000 0.551222 -0.031761
25.000000 329.000000 -0.645669 -0.031904
1083.000000 329.000000 0.429882 -0.029427
1088.000000 329.000000 0.435542 -0.029483
1129.000000 330.000000 0.483207 -0.028986
1158.000000 330.000000 0.518432 -0.029364
1045.000000 331.000000 0.387838 -0.027119
1192.000000 331.000000 0.561495 -0.028834
10.000000 332.000000 -0.667004 -0.028999
26.000000 332.000000 -0.644207 -0.028733
53.000000 332.000000 -0.606845 -0.028304
39.000000 333.000000 -0.626027 -0.027480
53.000000 334.000000 -0.606815 -0.026234
1209.000000 334.000000 0.583767 -0.026009
29.000000 335.000000 -0.639940 -0.025538
35.000000 335.000000 -0.631552 -0.025451
653.000000 336.000000 0.011843 -0.020984
1143.000000 336.000000 0.499976 -0.023197
939.000000 337.000000 0.278123 -0.020749
1077.000000 337.000000 0.423057 -0.021613
1193.000000 337.000000 0.562714 -0.022741
966.000000 339.000000 0.305160 -0.019012
1081.000000 340.000000 0.427529 -0.018736
1152.000000 340.000000 0.510922 -0.019299
1221.000000 340.000000 0.599770 -0.019981
54.000000 341.000000 -0.605372 -0.018979
1023.000000 342.000000 0.364164 -0.016467
1127.000000 342.000000 0.480708 -0.017111
1155.000000 342.000000 0.514596 -0.017327
1220.000000 342.000000 0.598399 -0.017906
57.000000 343.000000 -0.601294 -0.016884
1199.000000 344.000000 0.570469 -0.015666
1159.000000 345.000000 0.519517 -0.014356
1219.000000 345.000000 0.597024 -0.014803
1083.000000 346.000000 0.429747 -0.012930
55.000000 347.000000 -0.603965 -0.012769
1230.000000 347.000000 0.611944 -0.012818
1074.000000 348.000000 0.419634 -0.010952
1095.000000 348.000000 0.443368 -0.011041
1154.000000 348.000000 0.513324 -0.011326
1157.000000 348.000000 0.517024 -0.011343
1160.000000 348.000000 0.520738 -0.011359
998.000000 349.000000 0.337903 -0.009738
1148.000000 349.000000 0.505964 -0.010299
1223.000000 349.000000 0.602400 -0.010702
267.000000 350.000000 -0.353047 -0.008830
1117.000000 350.000000 0.468850 -0.009175
1128.000000 350.000000 0.481852 -0.009219
56.000000 352.000000 -0.602584 -0.007598
1083.000000 352.000000 0.429724 -0.007110
1093.000000 352.000000 0.441069 -0.007138
131.000000 353.000000 -0.506323 -0.006313
1223.000000 355.000000 0.602374 -0.004503
1134.000000 356.000000 0.489002 -0.003305
1136.000000 358.000000 0.491401 -0.001327
1230.000000 358.000000 0.611898 -0.001411
102.000000 359.000000 -0.542359 -0.000351
1147.000000 359.000000 0.504718 -0.000340
1236.000000 359.000000 0.620141 -0.000377
169.000000 360.000000 -0.461082 0.000651
1135.000000 360.000000 0.490199 0.000654
1255.000000 360.000000 0.646708 0.000665
1238.000000 362.000000 0.622906 0.002746
94.000000 363.000000 -0.552557 0.003696
1141.000000 363.000000 0.497432 0.003633
1246.000000 363.000000 0.634039 0.003802
1254.000000 363.000000 0.645296 0.003817
100.000000 364.000000 -0.544901 0.004697
1010.000000 364.000000 0.350408 0.004430
1039.000000 364.000000 0.381228 0.004466
66.000000 366.000000 -0.589156 0.006824
532.000000 366.000000 -0.097450 0.006053
105.000000 367.000000 -0.538576 0.007709
1125.000000 367.000000 0.478279 0.007555
1131.000000 367.000000 0.485419 0.007573
1243.000000 367.000000 0.629862 0.007975
1029.000000 368.000000 0.370513 0.008262
99.000000 369.000000 -0.546189 0.009750
1120.000000 369.000000 0.472376 0.009508
38.000000 370.000000 -0.627236 0.011090
1138.000000 370.000000 0.493830 0.010569
1122.000000 371.000000 0.474744 0.011485
1246.000000 372.000000 0.634079 0.013218
85.000000 373.000000 -0.564204 0.013884
1028.000000 374.000000 0.369466 0.013972
84.000000 375.000000 -0.565517 0.015926
1228.000000 375.000000 0.609229 0.016202
55.000000 376.000000 -0.603991 0.017193
1026.000000 376.000000 0.367345 0.015867
1140.000000 376.000000 0.496278 0.016532
116.000000 378.000000 -0.524859 0.018698
1134.000000 378.000000 0.489069 0.018471
1256.000000 379.000000 0.648235 0.020656
909.000000 380.000000 0.248639 0.019115
78.000000 381.000000 -0.573404 0.022101
87.000000 381.000000 -0.561681 0.022003
1117.000000 381.000000 0.468921 0.021293
1051.000000 382.000000 0.394310 0.021748
1257.000000 382.000000 0.649692 0.023827
1070.000000 383.000000 0.415244 0.022854
1153.000000 383.000000 0.512184 0.023615
1188.000000 383.000000 0.556248 0.024001
1231.000000 383.000000 0.613417 0.024531
1042.000000 384.000000 0.384553 0.023599
1261.000000 386.000000 0.655448 0.028103
117.000000 388.000000 -0.523723 0.028714
535.000000 389.000000 -0.094745 0.026843
1155.000000 389.000000 0.514718 0.029635
1251.000000 389.000000 0.641307 0.031098
1271.000000 389.000000 0.669881 0.031448
1170.000000 390.000000 0.533413 0.030845
290.000000 391.000000 -0.329251 0.029826
1194.000000 391.000000 0.564129 0.032221
1271.000000 391.000000 0.669917 0.033572
1198.000000 392.000000 0.569363 0.033306
1175.000000 394.000000 0.539787 0.034956
1274.000000 395.000000 0.674350 0.037887
1224.000000 397.000000 0.604105 0.038930
1084.000000 399.000000 0.431118 0.038510
1165.000000 399.000000 0.527290 0.039820
1179.000000 399.000000 0.544959 0.040083
1260.000000 400.000000 0.654299 0.042871
1206.000000 401.000000 0.580062 0.042673
349.000000 402.000000 -0.269922 0.039628
1087.000000 402.000000 0.434560 0.041473
1174.000000 402.000000 0.538668 0.043018
1012.000000 403.000000 0.352765 0.041410
1091.000000 403.000000 0.439123 0.042509
922.000000 404.000000 0.261492 0.041423
1206.000000 405.000000 0.580153 0.046778
1103.000000 406.000000 0.452944 0.045643
1267.000000 406.000000 0.664493 0.049408
1043.000000 407.000000 0.385891 0.045640
1193.000000 411.000000 0.563249 0.052596
1099.000000 412.000000 0.448444 0.051445
1175.000000 412.000000 0.540163 0.053151
1237.000000 412.000000 0.622298 0.054858
1258.000000 414.000000 0.651842 0.057613
855.000000 415.000000 0.197057 0.051018
976.000000 415.000000 0.315634 0.052292
1212.000000 415.000000 0.588399 0.057229
1108.000000 416.000000 0.458940 0.055557
1235.000000 416.000000 0.619658 0.058975
1200.000000 417.000000 0.572563 0.058929
1202.000000 420.000000 0.575286 0.062069
968.000000 421.000000 0.307576 0.057825
1205.000000 421.000000 0.579279 0.063192
920.000000 423.000000 0.259728 0.059055
994.000000 424.000000 0.334281 0.061061
1120.000000 425.000000 0.473223 0.064723
1207.000000 425.000000 0.582062 0.067377
121.000000 426.000000 -0.519585 0.066776
123.000000 426.000000 -0.517112 0.066716
1141.000000 426.000000 0.498383 0.066298
1004.000000 428.000000 0.344760 0.065032
1219.000000 428.000000 0.598234 0.070909
129.000000 429.000000 -0.509821 0.069544
1136.000000 430.000000 0.492455 0.070142
1122.000000 431.000000 0.475756 0.070720
1242.000000 433.000000 0.630001 0.077047
1204.000000 436.000000 0.578498 0.078602
166.000000 439.000000 -0.465817 0.078343
1133.000000 440.000000 0.489165 0.080018
1135.000000 440.000000 0.491572 0.080086
235.000000 443.000000 -0.388212 0.080264
29.000000 445.000000 -0.641877 0.090021
81.000000 446.000000 -0.571275 0.088609
112.000000 447.000000 -0.531557 0.088304
924.000000 447.000000 0.264015 0.081487
1185.000000 447.000000 0.554148 0.089105
906.000000 449.000000 0.246411 0.083050
920.000000 449.000000 0.260112 0.083286
35.000000 451.000000 -0.633771 0.096057
149.000000 451.000000 -0.486361 0.090857
863.000000 453.000000 0.205063 0.086112
1195.000000 454.000000 0.567458 0.096754
91.000000 456.000000 -0.558721 0.098426
908.000000 457.000000 0.248499 0.090544
1156.000000 458.000000 0.517962 0.099012
1210.000000 458.000000 0.587496 0.101653
765.000000 460.000000 0.113665 0.091470
880.000000 461.000000 0.221448 0.093786
627.000000 462.000000 -0.011602 0.092794
167.000000 463.000000 -0.465516 0.102094
979.000000 464.000000 0.319666 0.098683
1008.000000 464.000000 0.349808 0.099477
1190.000000 464.000000 0.561444 0.106806
969.000000 466.000000 0.309488 0.100325
1185.000000 466.000000 0.555069 0.108599
1020.000000 467.000000 0.362597 0.102720
1168.000000 468.000000 0.533464 0.109756
1276.000000 468.000000 0.680482 0.116200
1039.000000 472.000000 0.383172 0.108179
1049.000000 472.000000 0.394069 0.108535
676.000000 474.000000 0.032706 0.103773
1172.000000 474.000000 0.538850 0.116106
1137.000000 475.000000 0.495466 0.115279
673.000000 476.000000 0.029995 0.105592
1029.000000 476.000000 0.372518 0.111704
1206.000000 476.000000 0.583191 0.120164
1124.000000 477.000000 0.479926 0.116647
1155.000000 478.000000 0.517715 0.119258
1197.000000 478.000000 0.571401 0.121691
1034.000000 480.000000 0.378048 0.115761
1112.000000 480.000000 0.465855 0.119068
1241.000000 480.000000 0.631235 0.126680
91.000000 481.000000 -0.560090 0.124189
1200.000000 481.000000 0.575544 0.124998
1228.000000 481.000000 0.613281 0.126844
1036.000000 482.000000 0.380285 0.117778
709.000000 484.000000 0.062685 0.113052
1163.000000 484.000000 0.528049 0.125833
87.000000 485.000000 -0.565545 0.128584
1154.000000 485.000000 0.516865 0.126331
1045.000000 486.000000 0.390230 0.122024
90.000000 487.000000 -0.561766 0.130466
93.000000 487.000000 -0.557874 0.130274
974.000000 487.000000 0.315194 0.120456
1165.000000 487.000000 0.530745 0.129025
937.000000 488.000000 0.277809 0.120328
170.000000 489.000000 -0.463200 0.127877
651.000000 489.000000 0.010102 0.117444
1244.000000 489.000000 0.636093 0.136496
1068.000000 490.000000 0.415842 0.126929
91.000000 491.000000 -0.560728 0.134551
145.000000 491.000000 -0.493067 0.131235
183.000000 491.000000 -0.448179 0.129215
956.000000 491.000000 0.296984 0.123719
976.000000 491.000000 0.317374 0.124344
1243.000000 491.000000 0.634840 0.138558
1248.000000 491.000000 0.641884 0.138942
1036.000000 492.000000 0.380680 0.127510
62.000000 493.000000 -0.599306 0.138660
1184.000000 493.000000 0.555400 0.136423
975.000000 495.000000 0.316479 0.128141
55.000000 497.000000 -0.609119 0.143410
110.000000 497.000000 -0.536750 0.139500
1175.000000 497.000000 0.544084 0.139961
188.000000 498.000000 -0.442776 0.135932
102.000000 499.000000 -0.547077 0.142102
346.000000 499.000000 -0.274696 0.130624
993.000000 499.000000 0.335250 0.132618
1262.000000 499.000000 0.662504 0.148692
86.000000 500.000000 -0.567873 0.144266
123.000000 500.000000 -0.520613 0.141734
1032.000000 500.000000 0.376686 0.135145
1102.000000 500.000000 0.455178 0.138558
79.000000 501.000000 -0.577159 0.145823
188.000000 501.000000 -0.442933 0.138922
1105.000000 501.000000 0.458736 0.139726
1007.000000 502.000000 0.350060 0.136055
50.000000 503.000000 -0.616445 0.150176
78.000000 503.000000 -0.578631 0.147995
1112.000000 503.000000 0.467076 0.142134
101.000000 504.000000 -0.548708 0.147355
995.000000 504.000000 0.337528 0.137519
1030.000000 504.000000 0.374700 0.138964
1082.000000 504.000000 0.432343 0.141475
3.000000 505.000000 -0.683325 0.156319
905.000000 505.000000 0.246643 0.135539
1015.000000 505.000000 0.358665 0.139294
1007.000000 506.000000 0.350221 0.139933
1084.000000 506.000000 0.434732 0.143574
1114.000000 506.000000 0.469616 0.145275
5.000000 507.000000 -0.680584 0.158328
33.000000 507.000000 -0.640449 0.155873
37.000000 507.000000 -0.634830 0.155531
8.000000 508.000000 -0.676308 0.159152
1101.000000 508.000000 0.454463 0.146525
1103.000000 508.000000 0.456797 0.146641
1116.000000 509.000000 0.472169 0.148426
33.000000 510.000000 -0.640709 0.159105
1239.000000 510.000000 0.630784 0.158596
886.000000 511.000000 0.228290 0.140704
45.000000 512.000000 -0.624106 0.160210
50.000000 513.000000 -0.617279 0.160849
201.000000 513.000000 -0.428734 0.150181
1262.000000 514.000000 0.663829 0.164993
46.000000 515.000000 -0.622981 0.163339
299.000000 515.000000 -0.322900 0.147534
1118.000000 515.000000 0.474924 0.154627
202.000000 516.000000 -0.427766 0.153117
1016.000000 516.000000 0.360212 0.150057
1127.000000 516.000000 0.485774 0.156232
1157.000000 516.000000 0.522631 0.158328
991.000000 517.000000 0.333871 0.149940
1125.000000 517.000000 0.483433 0.157117
1098.000000 518.000000 0.451566 0.156401
1121.000000 518.000000 0.478702 0.157869
102.000000 519.000000 -0.548548 0.162890
125.000000 519.000000 -0.519435 0.161140
104.000000 520.000000 -0.546059 0.163776
1174.000000 520.000000 0.544486 0.163772
1221.000000 521.000000 0.606845 0.168796
142.000000 522.000000 -0.498689 0.162995
1188.000000 522.000000 0.562782 0.167001
992.000000 524.000000 0.335216 0.156780
1227.000000 524.000000 0.615364 0.172558
833.000000 525.000000 0.177893 0.152626
990.000000 525.000000 0.333169 0.157665
190.000000 526.000000 -0.442077 0.163847
13.000000 527.000000 -0.670868 0.179475
1137.000000 527.000000 0.498686 0.168191
100.000000 528.000000 -0.551855 0.172468
115.000000 528.000000 -0.532686 0.171238
1043.000000 528.000000 0.390026 0.163201
12.000000 529.000000 -0.672517 0.181772
1239.000000 529.000000 0.632540 0.179096
140.000000 530.000000 -0.501720 0.171362
151.000000 530.000000 -0.488340 0.170547
1098.000000 530.000000 0.452333 0.168515
104.000000 531.000000 -0.546956 0.175277
1144.000000 532.000000 0.507669 0.173876
723.000000 534.000000 0.075833 0.159337
1148.000000 534.000000 0.512782 0.176262
121.000000 535.000000 -0.525689 0.178039
1055.000000 535.000000 0.403684 0.170838
37.000000 536.000000 -0.637542 0.186877
116.000000 536.000000 -0.532078 0.179498
389.000000 536.000000 -0.233466 0.164499
935.000000 537.000000 0.277402 0.167023
1248.000000 537.000000 0.646058 0.188711
4.000000 539.000000 -0.685214 0.193653
124.000000 539.000000 -0.522257 0.181957
149.000000 539.000000 -0.491438 0.179943
452.000000 539.000000 -0.173124 0.165663
1068.000000 540.000000 0.418563 0.176643
6.000000 541.000000 -0.682510 0.195652
8.000000 541.000000 -0.679594 0.195433
54.000000 542.000000 -0.614500 0.191649
190.000000 542.000000 -0.443130 0.180005
1175.000000 542.000000 0.547637 0.186924
972.000000 543.000000 0.315289 0.174379
195.000000 544.000000 -0.437506 0.181686
1000.000000 544.000000 0.344577 0.176714
990.000000 545.000000 0.334103 0.177192
994.000000 545.000000 0.338302 0.177391
205.000000 546.000000 -0.426212 0.183028
954.000000 547.000000 0.297013 0.177467
985.000000 548.000000 0.329022 0.179885
983.000000 549.000000 0.326985 0.180766
456.000000 551.000000 -0.169621 0.176918
1189.000000 552.000000 0.566835 0.198862
992.000000 553.000000 0.336610 0.185154
994.000000 554.000000 0.338768 0.186245
490.000000 556.000000 -0.137779 0.180914
997.000000 556.000000 0.342040 0.188379
747.000000 557.000000 0.098180 0.181162
1000.000000 557.000000 0.345269 0.189532
970.000000 558.000000 0.313938 0.188947
955.000000 560.000000 0.298623 0.190181
1004.000000 560.000000 0.349684 0.192727
880.000000 561.000000 0.223960 0.188116
1011.000000 562.000000 0.357272 0.195120
193.000000 563.000000 -0.441197 0.201165
1014.000000 563.000000 0.360550 0.196294
103.000000 564.000000 -0.551321 0.210250
191.000000 564.000000 -0.443590 0.202343
511.000000 564.000000 -0.118357 0.188094
894.000000 564.000000 0.237750 0.191503
1170.000000 564.000000 0.543303 0.209741
1198.000000 565.000000 0.580133 0.213754
946.000000 566.000000 0.289735 0.195625
1084.000000 566.000000 0.438684 0.204142
957.000000 571.000000 0.301206 0.201064
138.000000 572.000000 -0.507785 0.215255
142.000000 572.000000 -0.502841 0.214873
1016.000000 572.000000 0.363259 0.205409
1023.000000 572.000000 0.370833 0.205859
1125.000000 572.000000 0.487791 0.213833
1220.000000 573.000000 0.610911 0.224974
143.000000 574.000000 -0.501800 0.216880
1031.000000 574.000000 0.379686 0.208403
264.000000 575.000000 -0.362876 0.208306
985.000000 580.000000 0.330757 0.211500
1054.000000 580.000000 0.405602 0.216136
1046.000000 581.000000 0.396737 0.216555
1132.000000 581.000000 0.497208 0.223951
215.000000 582.000000 -0.417494 0.218895
225.000000 582.000000 -0.406219 0.218119
266.000000 582.000000 -0.361177 0.215206
1049.000000 582.000000 0.400157 0.217797
1085.000000 582.000000 0.441149 0.220683
1137.000000 582.000000 0.503475 0.225504
958.000000 583.000000 0.302859 0.212955
1154.000000 585.000000 0.525067 0.230458
243.000000 586.000000 -0.386509 0.220847
1084.000000 586.000000 0.440331 0.224735
1130.000000 586.000000 0.495247 0.229030
757.000000 587.000000 0.107930 0.209789
834.000000 587.000000 0.180460 0.211660
952.000000 587.000000 0.296913 0.216593
1055.000000 587.000000 0.407268 0.223367
1066.000000 587.000000 0.419717 0.224251
1070.000000 587.000000 0.424282 0.224581
1132.000000 587.000000 0.497808 0.230290
1155.000000 587.000000 0.526550 0.232704
55.000000 588.000000 -0.618415 0.241859
272.000000 588.000000 -0.355127 0.220847
1075.000000 589.000000 0.430185 0.227066
152.000000 590.000000 -0.492329 0.232867
225.000000 590.000000 -0.406842 0.226302
279.000000 590.000000 -0.347774 0.222399
1061.000000 591.000000 0.414365 0.227957
1079.000000 591.000000 0.434971 0.229481
998.000000 592.000000 0.345261 0.224326
1156.000000 592.000000 0.528370 0.238174
283.000000 593.000000 -0.343711 0.225156
1063.000000 593.000000 0.416801 0.230182
1158.000000 594.000000 0.531142 0.240548
237.000000 595.000000 -0.393828 0.230479
991.000000 595.000000 0.338019 0.226887
1068.000000 595.000000 0.422670 0.232671
959.000000 596.000000 0.304615 0.225926
1017.000000 596.000000 0.365967 0.229679
283.000000 598.000000 -0.344042 0.230195
285.000000 598.000000 -0.341916 0.230061
1018.000000 598.000000 0.367198 0.231784
1043.000000 598.000000 0.394705 0.233693
486.000000 599.000000 -0.142493 0.222082
1269.000000 600.000000 0.684203 0.261678
37.000000 601.000000 -0.645395 0.258794
1041.000000 601.000000 0.392719 0.236613
333.000000 602.000000 -0.292138 0.231130
232.000000 603.000000 -0.400046 0.239098
504.000000 603.000000 -0.125668 0.225517
862.000000 603.000000 0.207991 0.228181
1212.000000 604.000000 0.603856 0.258202
154.000000 605.000000 -0.491445 0.248584
971.000000 605.000000 0.317620 0.235665
1027.000000 605.000000 0.377559 0.239609
1090.000000 605.000000 0.449082 0.245099
324.000000 606.000000 -0.301613 0.235648
590.000000 606.000000 -0.045861 0.227093
1051.000000 606.000000 0.404325 0.242595
1191.000000 606.000000 0.575687 0.257633
37.000000 607.000000 -0.646241 0.265568
873.000000 607.000000 0.218874 0.232546
1041.000000 607.000000 0.393208 0.242789
155.000000 608.000000 -0.490545 0.251678
898.000000 608.000000 0.243546 0.234642
35.000000 609.000000 -0.649371 0.268120
210.000000 609.000000 -0.425497 0.247233
939.000000 609.000000 0.284836 0.237759
1194.000000 609.000000 0.580098 0.261341
1200.000000 609.000000 0.588182 0.262142
78.000000 610.000000 -0.589834 0.263234
292.000000 610.000000 -0.335301 0.241723
101.000000 611.000000 -0.559332 0.261319
1136.000000 611.000000 0.505354 0.256338
104.000000 612.000000 -0.555530 0.262033
1006.000000 612.000000 0.355240 0.245169
813.000000 613.000000 0.161232 0.236250
1055.000000 613.000000 0.409453 0.250208
1116.000000 613.000000 0.480975 0.256245
1025.000000 614.000000 0.376076 0.248695
1135.000000 614.000000 0.504455 0.259455
88.000000 615.000000 -0.577070 0.267437
918.000000 616.000000 0.263939 0.243594
10.000000 617.000000 -0.686611 0.280963
186.000000 617.000000 -0.454220 0.257973
1016.000000 618.000000 0.366546 0.252091
38.000000 620.000000 -0.646721 0.280183
52.000000 621.000000 -0.627139 0.279239
720.000000 621.000000 0.074101 0.241937
1131.000000 621.000000 0.500304 0.266546
1041.000000 622.000000 0.394493 0.258332
1044.000000 622.000000 0.397855 0.258599
106.000000 623.000000 -0.554348 0.273883
952.000000 623.000000 0.299024 0.252617
1103.000000 623.000000 0.466372 0.265511
38.000000 625.000000 -0.647476 0.285891
316.000000 625.000000 -0.311105 0.255318
440.000000 625.000000 -0.187149 0.248899
938.000000 625.000000 0.284752 0.253767
42.000000 626.000000 -0.641956 0.286425
127.000000 626.000000 -0.527632 0.274448
1068.000000 626.000000 0.425531 0.265054
940.000000 627.000000 0.286923 0.255910
944.000000 628.000000 0.291093 0.257171
272.000000 629.000000 -0.358138 0.262653
525.000000 629.000000 -0.106557 0.250327
1019.000000 629.000000 0.370729 0.263705
1055.000000 629.000000 0.410934 0.266949
218.000000 630.000000 -0.418319 0.268505
288.000000 631.000000 -0.341079 0.263459
896.000000 631.000000 0.242696 0.257438
733.000000 632.000000 0.086378 0.252866
1064.000000 632.000000 0.421522 0.270996
286.000000 633.000000 -0.343373 0.265673
1048.000000 633.000000 0.403377 0.270488
110.000000 634.000000 -0.550611 0.285527
1063.000000 634.000000 0.420574 0.273013
1133.000000 634.000000 0.504377 0.280921
107.000000 635.000000 -0.554672 0.287054
543.000000 635.000000 -0.089836 0.255847
1083.000000 635.000000 0.443927 0.276164
1049.000000 636.000000 0.404797 0.273744
1051.000000 637.000000 0.407163 0.274995
1055.000000 637.000000 0.411715 0.275389
1251.000000 638.000000 0.663858 0.302653
70.000000 639.000000 -0.604901 0.296964
74.000000 639.000000 -0.599422 0.296355
964.000000 639.000000 0.312592 0.269729
1059.000000 639.000000 0.416488 0.277910
96.000000 640.000000 -0.569906 0.294212
911.000000 640.000000 0.258222 0.267324
920.000000 641.000000 0.267383 0.268869
1063.000000 642.000000 0.421393 0.281511
147.000000 644.000000 -0.504722 0.291629
965.000000 644.000000 0.314004 0.274942
1170.000000 644.000000 0.553100 0.296976
1172.000000 646.000000 0.556019 0.299511
246.000000 648.000000 -0.388413 0.284795
1081.000000 648.000000 0.443012 0.289898
1087.000000 648.000000 0.450103 0.290585
1150.000000 648.000000 0.527732 0.298609
261.000000 649.000000 -0.371870 0.284445
506.000000 650.000000 -0.124954 0.271490
806.000000 650.000000 0.155762 0.272531
889.000000 650.000000 0.236730 0.276217
1033.000000 650.000000 0.388143 0.286987
1272.000000 651.000000 0.696577 0.321331
16.000000 652.000000 -0.683458 0.320725
44.000000 652.000000 -0.643255 0.316049
1184.000000 652.000000 0.572851 0.308083
1004.000000 655.000000 0.356595 0.289559
1186.000000 655.000000 0.575996 0.311803
29.000000 656.000000 -0.665337 0.323227
34.000000 656.000000 -0.658165 0.322383
1029.000000 656.000000 0.384258 0.292960
1055.000000 656.000000 0.413678 0.295633
1093.000000 657.000000 0.458324 0.301074
1099.000000 657.000000 0.465536 0.301813
529.000000 658.000000 -0.103444 0.278868
1008.000000 658.000000 0.361235 0.293083
1148.000000 658.000000 0.526585 0.309494
1099.000000 659.000000 0.465786 0.304004
1159.000000 659.000000 0.540929 0.312226
17.000000 661.000000 -0.683533 0.331157
233.000000 661.000000 -0.404374 0.299949
924.000000 661.000000 0.272728 0.289576
1166.000000 661.000000 0.550371 0.315538
1174.000000 661.000000 0.560919 0.316767
1184.000000 661.000000 0.574254 0.318334
19.000000 662.000000 -0.680803 0.331994
262.000000 662.000000 -0.371986 0.298090
468.000000 662.000000 -0.161581 0.284719
654.000000 662.000000 0.013184 0.281593
1070.000000 662.000000 0.431713 0.303779
17.000000 663.000000 -0.683877 0.333520
253.000000 663.000000 -0.382069 0.300035
575.000000 663.000000 -0.060394 0.283001
21.000000 664.000000 -0.678250 0.334011
397.000000 664.000000 -0.231090 0.290044
501.000000 664.000000 -0.130099 0.285614
725.000000 664.000000 0.079470 0.284345
995.000000 664.000000 0.347622 0.298236
102.000000 665.000000 -0.565716 0.321615
957.000000 665.000000 0.307197 0.296106
930.000000 666.000000 0.279223 0.295152
996.000000 666.000000 0.348887 0.300440
1062.000000 666.000000 0.422861 0.307198
1198.000000 666.000000 0.594020 0.326346
1173.000000 667.000000 0.560533 0.323449
1219.000000 667.000000 0.623231 0.331045
8.000000 668.000000 -0.697854 0.341012
26.000000 668.000000 -0.671721 0.337871
1222.000000 668.000000 0.627609 0.332729
659.000000 669.000000 0.017865 0.288587
22.000000 670.000000 -0.677849 0.340940
53.000000 670.000000 -0.633598 0.335523
221.000000 670.000000 -0.419112 0.310984
776.000000 670.000000 0.127786 0.291607
944.000000 670.000000 0.293996 0.300328
10.000000 671.000000 -0.695458 0.344235
219.000000 671.000000 -0.421540 0.312300
1125.000000 671.000000 0.499329 0.320772
20.000000 672.000000 -0.681096 0.343666
25.000000 672.000000 -0.673866 0.342784
52.000000 672.000000 -0.635352 0.338042
512.000000 672.000000 -0.119882 0.293339
858.000000 672.000000 0.207176 0.296974
941.000000 673.000000 0.291103 0.303234
1125.000000 673.000000 0.499614 0.323014
25.000000 674.000000 -0.674220 0.345158
619.000000 674.000000 -0.019423 0.293593
908.000000 674.000000 0.257284 0.301950
79.000000 675.000000 -0.598373 0.336901
1130.000000 675.000000 0.506180 0.325984
330.000000 676.000000 -0.300200 0.306936
930.000000 676.000000 0.279937 0.305553
974.000000 676.000000 0.326097 0.309063
75.000000 677.000000 -0.604202 0.339913
503.000000 677.000000 -0.128594 0.298661
1133.000000 677.000000 0.510261 0.328682
25.000000 678.000000 -0.674933 0.349916
68.000000 678.000000 -0.614040 0.342292
903.000000 678.000000 0.252474 0.305772
1136.000000 678.000000 0.514213 0.330260
57.000000 679.000000 -0.629553 0.345396
1237.000000 679.000000 0.650789 0.348329
55.000000 680.000000 -0.632538 0.346928
627.000000 681.000000 -0.011979 0.300599
709.000000 681.000000 0.064744 0.301138
784.000000 681.000000 0.135775 0.303002
1139.000000 681.000000 0.518487 0.334118
1244.000000 681.000000 0.661171 0.351971
66.000000 682.000000 -0.617517 0.347337
713.000000 682.000000 0.068519 0.302214
237.000000 683.000000 -0.402237 0.323304
278.000000 683.000000 -0.356434 0.318954
295.000000 683.000000 -0.337958 0.317331
298.000000 683.000000 -0.334727 0.317055
797.000000 683.000000 0.148319 0.305504
849.000000 683.000000 0.198878 0.307803
18.000000 684.000000 -0.686139 0.358344
234.000000 684.000000 -0.405779 0.324740
300.000000 684.000000 -0.332668 0.317939
851.000000 684.000000 0.200898 0.308936
262.000000 685.000000 -0.374300 0.322739
765.000000 685.000000 0.117766 0.306468
962.000000 685.000000 0.314108 0.317565
1062.000000 685.000000 0.425120 0.327968
23.000000 686.000000 -0.679265 0.359833
790.000000 686.000000 0.141702 0.308310
1103.000000 686.000000 0.474237 0.334486
1106.000000 686.000000 0.477914 0.334910
14.000000 687.000000 -0.692489 0.362669
83.000000 687.000000 -0.594972 0.350220
264.000000 687.000000 -0.372286 0.324693
1035.000000 687.000000 0.394289 0.326968
42.000000 689.000000 -0.652555 0.359950
481.000000 689.000000 -0.150094 0.311656
853.000000 689.000000 0.203135 0.314207
523.000000 690.000000 -0.109938 0.311287
1025.000000 690.000000 0.383329 0.329120
137.000000 691.000000 -0.524142 0.345838
139.000000 691.000000 -0.521580 0.345523
306.000000 691.000000 -0.326871 0.324871
308.000000 691.000000 -0.324730 0.324688
788.000000 691.000000 0.139962 0.313357
284.000000 692.000000 -0.350764 0.328049
401.000000 692.000000 -0.228731 0.318719
182.000000 693.000000 -0.468248 0.341377
300.000000 693.000000 -0.333502 0.327573
728.000000 693.000000 0.082872 0.313673
1096.000000 693.000000 0.466683 0.341372
1168.000000 693.000000 0.558168 0.352607
33.000000 694.000000 -0.666338 0.367593
644.000000 694.000000 0.003917 0.313747
996.000000 694.000000 0.351576 0.330390
1143.000000 694.000000 0.525655 0.349621
1166.000000 694.000000 0.555688 0.353431
64.000000 695.000000 -0.622639 0.363064
278.000000 695.000000 -0.357644 0.331904
650.000000 695.000000 0.009543 0.314776
1068.000000 695.000000 0.433426 0.339810
21.000000 696.000000 -0.683992 0.372224
66.000000 696.000000 -0.620034 0.363887
1103.000000 696.000000 0.475669 0.345764
19.000000 697.000000 -0.687071 0.373802
211.000000 698.000000 -0.434212 0.343038
1241.000000 698.000000 0.660011 0.371766
800.000000 699.000000 0.151838 0.322057
937.000000 699.000000 0.288982 0.330357
26.000000 700.000000 -0.677519 0.376123
33.000000 700.000000 -0.667456 0.374812
212.000000 700.000000 -0.433297 0.345141
545.000000 700.000000 -0.089305 0.320958
897.000000 700.000000 0.247865 0.328396
208.000000 701.000000 -0.438154 0.346792
264.000000 701.000000 -0.373800 0.339944
33.000000 702.000000 -0.667832 0.377225
657.000000 702.000000 0.016137 0.321950
261.000000 703.000000 -0.377380 0.342475
284.000000 703.000000 -0.351885 0.339980
979.000000 703.000000 0.333971 0.338441
235.000000 704.000000 -0.407026 0.346660
275.000000 704.000000 -0.361903 0.342026
957.000000 704.000000 0.310480 0.337442
1002.000000 704.000000 0.359221 0.341898
116.000000 705.000000 -0.553797 0.365561
679.000000 705.000000 0.036849 0.325184
1103.000000 705.000000 0.477001 0.355999
1193.000000 705.000000 0.594006 0.371159
235.000000 706.000000 -0.407275 0.348885
801.000000 707.000000 0.153138 0.330398
102.000000 708.000000 -0.572969 0.371568
261.000000 708.000000 -0.377950 0.347983
658.000000 708.000000 0.017105 0.328114
1122.000000 708.000000 0.501146 0.362392
23.000000 709.000000 -0.683540 0.387597
50.000000 709.000000 -0.644938 0.382453
90.000000 709.000000 -0.589375 0.374936
803.000000 709.000000 0.155164 0.332568
319.000000 710.000000 -0.314734 0.344131
11.000000 711.000000 -0.701278 0.392296
50.000000 711.000000 -0.645321 0.384869
68.000000 711.000000 -0.620045 0.381438
227.000000 711.000000 -0.417176 0.355496
273.000000 711.000000 -0.364888 0.349933
803.000000 711.000000 0.155251 0.334656
807.000000 711.000000 0.159140 0.334832
942.000000 711.000000 0.295243 0.343651
238.000000 712.000000 -0.404574 0.355203
304.000000 712.000000 -0.331031 0.347755
1002.000000 712.000000 0.360095 0.350682
1033.000000 712.000000 0.394973 0.354313
22.000000 713.000000 -0.685742 0.392658
44.000000 713.000000 -0.654217 0.388442
68.000000 713.000000 -0.620425 0.383843
233.000000 713.000000 -0.410472 0.356961
271.000000 713.000000 -0.367338 0.352364
318.000000 713.000000 -0.316084 0.347481
455.000000 713.000000 -0.176415 0.337698
997.000000 713.000000 0.354676 0.351233
1119.000000 713.000000 0.498170 0.367693
365.000000 714.000000 -0.266845 0.344492
608.000000 714.000000 -0.029989 0.334385
207.000000 715.000000 -0.441267 0.362728
267.000000 715.000000 -0.372033 0.355036
269.000000 715.000000 -0.369797 0.354805
635.000000 715.000000 -0.004540 0.335295
827.000000 715.000000 0.178889 0.339986
16.000000 716.000000 -0.694979 0.397462
39.000000 716.000000 -0.661919 0.393050
150.000000 716.000000 -0.511593 0.372640
228.000000 716.000000 -0.416669 0.360987
240.000000 716.000000 -0.402781 0.359429
248.000000 716.000000 -0.393618 0.358424
