103.000000 3.000000 -0.573235 -0.380715
106.000000 4.000000 -0.569025 -0.378974
140.000000 4.000000 -0.524352 -0.372964
1056.000000 4.000000 0.422057 -0.360416
108.000000 5.000000 -0.566167 -0.377422
104.000000 6.000000 -0.571342 -0.376964
603.000000 6.000000 -0.034701 -0.333093
646.000000 6.000000 0.005824 -0.332930
1066.000000 6.000000 0.433567 -0.359523
1117.000000 6.000000 0.495768 -0.367168
1119.000000 6.000000 0.498284 -0.367491
1091.000000 7.000000 0.463450 -0.361983
1046.000000 8.000000 0.409876 -0.354594
473.000000 10.000000 -0.158677 -0.332375
1092.000000 10.000000 0.464223 -0.358704
765.000000 11.000000 0.118496 -0.329793
987.000000 11.000000 0.343225 -0.344426
72.000000 12.000000 -0.613907 -0.375744
1030.000000 12.000000 0.391014 -0.348138
1102.000000 12.000000 0.476172 -0.357916
942.000000 14.000000 0.294766 -0.336919
906.000000 15.000000 0.257363 -0.332986
19.000000 16.000000 -0.688405 -0.380960
1052.000000 17.000000 0.415681 -0.345305
1125.000000 17.000000 0.504089 -0.355745
116.000000 18.000000 -0.553241 -0.360694
969.000000 18.000000 0.323058 -0.335045
1127.000000 18.000000 0.506460 -0.354912
1157.000000 18.000000 0.545147 -0.359865
1265.000000 18.000000 0.695477 -0.379806
114.000000 19.000000 -0.555711 -0.359870
123.000000 19.000000 -0.543873 -0.358333
772.000000 19.000000 0.124940 -0.321751
1081.000000 19.000000 0.449638 -0.346923
70.000000 20.000000 -0.615192 -0.366566
1008.000000 20.000000 0.365385 -0.336818
83.000000 21.000000 -0.597082 -0.363002
98.000000 21.000000 -0.576713 -0.360318
115.000000 21.000000 -0.554046 -0.357362
1141.000000 21.000000 0.523848 -0.353707
1007.000000 22.000000 0.364061 -0.334528
112.000000 24.000000 -0.557500 -0.354376
954.000000 24.000000 0.306547 -0.327245
1061.000000 24.000000 0.425282 -0.338662
1179.000000 24.000000 0.573350 -0.356661
105.000000 25.000000 -0.566631 -0.354409
167.000000 25.000000 -0.486898 -0.344448
92.000000 26.000000 -0.583933 -0.355503
1139.000000 26.000000 0.520472 -0.347622
101.000000 27.000000 -0.571635 -0.352763
144.000000 27.000000 -0.515470 -0.345673
978.000000 27.000000 0.331882 -0.326203
1027.000000 27.000000 0.385867 -0.331267
1178.000000 27.000000 0.571482 -0.352973
98.000000 28.000000 -0.575488 -0.352113
969.000000 28.000000 0.322133 -0.324299
92.000000 29.000000 -0.583407 -0.351985
1068.000000 29.000000 0.432857 -0.334005
1019.000000 30.000000 0.376553 -0.327112
1065.000000 30.000000 0.429204 -0.332513
93.000000 31.000000 -0.581707 -0.349472
148.000000 31.000000 -0.509776 -0.340484
52.000000 32.000000 -0.638192 -0.355597
57.000000 32.000000 -0.631152 -0.354689
1143.000000 32.000000 0.524653 -0.341372
90.000000 33.000000 -0.585421 -0.347654
338.000000 33.000000 -0.292674 -0.316546
1041.000000 33.000000 0.401069 -0.326303
1147.000000 33.000000 0.529648 -0.340860
1099.000000 35.000000 0.469165 -0.331451
1016.000000 36.000000 0.372569 -0.320288
1102.000000 36.000000 0.472685 -0.330747
134.000000 37.000000 -0.526694 -0.335801
1058.000000 37.000000 0.420169 -0.323928
114.000000 39.000000 -0.552369 -0.336680
901.000000 39.000000 0.250609 -0.307424
172.000000 40.000000 -0.478589 -0.326831
1003.000000 40.000000 0.357803 -0.314664
1040.000000 40.000000 0.399131 -0.318556
988.000000 41.000000 0.341368 -0.312162
1027.000000 41.000000 0.384330 -0.316049
1065.000000 41.000000 0.427838 -0.320385
980.000000 42.000000 0.332655 -0.310370
1022.000000 42.000000 0.378627 -0.314441
1051.000000 42.000000 0.411489 -0.317632
1099.000000 43.000000 0.468074 -0.322525
74.000000 44.000000 -0.605382 -0.337572
86.000000 44.000000 -0.588970 -0.335531
1120.000000 44.000000 0.493754 -0.324313
504.000000 45.000000 -0.127561 -0.295283
940.000000 45.000000 0.290176 -0.303913
1022.000000 45.000000 0.378315 -0.311212
87.000000 46.000000 -0.587277 -0.333045
155.000000 46.000000 -0.498768 -0.322497
177.000000 46.000000 -0.471672 -0.319467
184.000000 46.000000 -0.463199 -0.318543
1004.000000 46.000000 0.358315 -0.308344
1161.000000 46.000000 0.545790 -0.328199
84.000000 47.000000 -0.591185 -0.332388
149.000000 47.000000 -0.506140 -0.322233
152.000000 47.000000 -0.502376 -0.321803
742.000000 47.000000 0.095637 -0.292398
1070.000000 47.000000 0.432964 -0.314416
1014.000000 49.000000 0.369028 -0.306117
1071.000000 49.000000 0.433896 -0.312349
1073.000000 49.000000 0.436245 -0.312590
1105.000000 49.000000 0.474574 -0.316664
139.000000 50.000000 -0.518345 -0.320311
906.000000 50.000000 0.254962 -0.296351
1215.000000 50.000000 0.618138 -0.332515
37.000000 51.000000 -0.656103 -0.335793
158.000000 51.000000 -0.494333 -0.316485
174.000000 51.000000 -0.474659 -0.314322
58.000000 53.000000 -0.626051 -0.329813
78.000000 53.000000 -0.598371 -0.326444
160.000000 53.000000 -0.491578 -0.313983
1090.000000 53.000000 0.455922 -0.310302
134.000000 54.000000 -0.524131 -0.316539
1114.000000 54.000000 0.484938 -0.312324
838.000000 55.000000 0.187223 -0.287562
15.000000 56.000000 -0.686968 -0.333721
64.000000 56.000000 -0.617176 -0.325305
1081.000000 56.000000 0.444837 -0.305908
51.000000 58.000000 -0.635027 -0.325172
59.000000 58.000000 -0.623805 -0.323822
263.000000 58.000000 -0.370837 -0.296654
935.000000 58.000000 0.284055 -0.290030
131.000000 59.000000 -0.527241 -0.311357
1071.000000 59.000000 0.432717 -0.301463
1080.000000 59.000000 0.443295 -0.302518
1131.000000 59.000000 0.505397 -0.309091
34.000000 61.000000 -0.658668 -0.324558
48.000000 61.000000 -0.638752 -0.322183
7.000000 62.000000 -0.697612 -0.327992
74.000000 62.000000 -0.602375 -0.316719
1005.000000 62.000000 0.357912 -0.291470
1085.000000 62.000000 0.448858 -0.299849
32.000000 63.000000 -0.661194 -0.322555
40.000000 63.000000 -0.649760 -0.321200
69.000000 63.000000 -0.609093 -0.316380
1079.000000 63.000000 0.441644 -0.298055
1090.000000 63.000000 0.454689 -0.299361
131.000000 64.000000 -0.526525 -0.305757
55.000000 65.000000 -0.628235 -0.316368
1057.000000 65.000000 0.415820 -0.293431
1086.000000 65.000000 0.449688 -0.296707
1110.000000 65.000000 0.478588 -0.299658
27.000000 66.000000 -0.667875 -0.319886
108.000000 66.000000 -0.556060 -0.306859
43.000000 67.000000 -0.644825 -0.316037
982.000000 67.000000 0.332658 -0.284251
1141.000000 67.000000 0.516909 -0.301572
34.000000 68.000000 -0.657486 -0.316373
131.000000 68.000000 -0.525961 -0.301292
1087.000000 68.000000 0.450522 -0.293569
1174.000000 68.000000 0.559507 -0.305215
37.000000 69.000000 -0.653031 -0.314708
225.000000 69.000000 -0.412394 -0.288744
18.000000 70.000000 -0.680222 -0.316710
134.000000 70.000000 -0.521861 -0.298650
847.000000 70.000000 0.195323 -0.272828
1034.000000 70.000000 0.389217 -0.285745
1040.000000 70.000000 0.395957 -0.286335
1212.000000 70.000000 0.610636 -0.308854
17.000000 72.000000 -0.681341 -0.314533
30.000000 72.000000 -0.662556 -0.312375
1035.000000 72.000000 0.390143 -0.283725
1176.000000 72.000000 0.561556 -0.301001
32.000000 74.000000 -0.659356 -0.309717
1042.000000 74.000000 0.397816 -0.282292
1193.000000 74.000000 0.584004 -0.301304
39.000000 76.000000 -0.649030 -0.306253
35.000000 77.000000 -0.654572 -0.305744
55.000000 77.000000 -0.626290 -0.302529
831.000000 77.000000 0.179514 -0.265158
40.000000 78.000000 -0.647284 -0.303778
136.000000 78.000000 -0.518243 -0.289522
9.000000 79.000000 -0.691849 -0.307655
13.000000 79.000000 -0.686009 -0.307003
1045.000000 79.000000 0.400713 -0.277296
39.000000 81.000000 -0.648224 -0.300475
58.000000 81.000000 -0.621472 -0.297473
1203.000000 81.000000 0.596530 -0.294887
18.000000 82.000000 -0.678249 -0.302693
25.000000 82.000000 -0.668120 -0.301564
28.000000 82.000000 -0.663799 -0.301082
1205.000000 83.000000 0.598963 -0.292922
48.000000 84.000000 -0.635010 -0.295600
87.000000 84.000000 -0.581321 -0.289681
24.000000 85.000000 -0.669082 -0.298247
1096.000000 85.000000 0.459282 -0.276256
57.000000 86.000000 -0.622092 -0.291918
82.000000 86.000000 -0.587769 -0.288162
1058.000000 86.000000 0.414798 -0.271176
1229.000000 86.000000 0.631842 -0.293201
1033.000000 87.000000 0.386505 -0.267762
1109.000000 87.000000 0.474689 -0.275589
22.000000 88.000000 -0.671494 -0.295091
27.000000 88.000000 -0.664282 -0.294301
1118.000000 88.000000 0.485537 -0.275566
12.000000 89.000000 -0.685859 -0.295516
317.000000 89.000000 -0.310432 -0.260034
207.000000 90.000000 -0.430938 -0.268264
1040.000000 90.000000 0.394050 -0.265259
1120.000000 90.000000 0.487751 -0.273638
11.000000 91.000000 -0.687003 -0.293351
36.000000 91.000000 -0.650922 -0.289440
1186.000000 91.000000 0.572096 -0.281133
23.000000 93.000000 -0.669264 -0.289159
1031.000000 93.000000 0.383750 -0.261325
1116.000000 93.000000 0.482504 -0.269928
1175.000000 93.000000 0.557242 -0.277377
46.000000 94.000000 -0.636287 -0.284476
1186.000000 94.000000 0.571674 -0.277785
1094.000000 96.000000 0.455695 -0.264267
338.000000 97.000000 -0.288214 -0.250573
1102.000000 97.000000 0.465128 -0.264062
1232.000000 97.000000 0.634383 -0.281104
40.000000 98.000000 -0.644165 -0.280822
165.000000 98.000000 -0.479862 -0.264220
1115.000000 98.000000 0.480714 -0.264433
1209.000000 99.000000 0.602081 -0.275451
1239.000000 100.000000 0.643846 -0.278741
11.000000 101.000000 -0.685454 -0.281782
1032.000000 101.000000 0.384172 -0.253107
1182.000000 101.000000 0.565397 -0.269460
9.000000 102.000000 -0.688223 -0.280933
1235.000000 102.000000 0.637874 -0.275867
1185.000000 103.000000 0.569109 -0.267649
1146.000000 104.000000 0.518443 -0.261578
17.000000 105.000000 -0.676116 -0.276273
1214.000000 105.000000 0.608100 -0.269428
19.000000 106.000000 -0.673067 -0.274827
1189.000000 106.000000 0.574036 -0.264864
4.000000 108.000000 -0.694645 -0.274767
1243.000000 108.000000 0.648353 -0.270231
14.000000 109.000000 -0.679879 -0.272132
7.000000 110.000000 -0.689949 -0.272020
34.000000 110.000000 -0.650922 -0.268058
1234.000000 110.000000 0.635290 -0.266657
1250.000000 110.000000 0.658083 -0.268984
1067.000000 111.000000 0.422723 -0.245792
1220.000000 111.000000 0.615554 -0.263544
33.000000 112.000000 -0.652059 -0.265934
1170.000000 112.000000 0.548222 -0.255811
1090.000000 114.000000 0.449137 -0.244816
1190.000000 114.000000 0.574316 -0.256160
1239.000000 114.000000 0.641793 -0.262855
31.000000 115.000000 -0.654485 -0.262820
878.000000 115.000000 0.223662 -0.229484
1207.000000 115.000000 0.597120 -0.257297
1232.000000 115.000000 0.631760 -0.260736
1249.000000 115.000000 0.655920 -0.263156
73.000000 116.000000 -0.595776 -0.255902
1085.000000 116.000000 0.443086 -0.242239
1125.000000 116.000000 0.490942 -0.246277
1147.000000 117.000000 0.518178 -0.247645
1014.000000 118.000000 0.363112 -0.234240
1244.000000 118.000000 0.648339 -0.259046
1126.000000 120.000000 0.491742 -0.242125
1153.000000 121.000000 0.525309 -0.244023
1192.000000 121.000000 0.576089 -0.248716
7.000000 122.000000 -0.688211 -0.258276
1077.000000 122.000000 0.433238 -0.235241
37.000000 123.000000 -0.644822 -0.252952
1084.000000 123.000000 0.441269 -0.234833
9.000000 124.000000 -0.685004 -0.255714
21.000000 124.000000 -0.667579 -0.254036
31.000000 124.000000 -0.653223 -0.252651
1037.000000 124.000000 0.387847 -0.229848
1270.000000 124.000000 0.685091 -0.255918
16.000000 125.000000 -0.674674 -0.253598
36.000000 125.000000 -0.645967 -0.250841
1032.000000 125.000000 0.382252 -0.228445
1217.000000 125.000000 0.609505 -0.247524
1161.000000 126.000000 0.534937 -0.239549
1075.000000 127.000000 0.430490 -0.229876
1225.000000 127.000000 0.620326 -0.246355
31.000000 128.000000 -0.652676 -0.248149
1210.000000 128.000000 0.599511 -0.243298
1216.000000 129.000000 0.607607 -0.242963
1152.000000 130.000000 0.523038 -0.234250
1253.000000 130.000000 0.659567 -0.246756
1208.000000 131.000000 0.596405 -0.239740
1214.000000 131.000000 0.604604 -0.240497
36.000000 132.000000 -0.645027 -0.242994
1094.000000 132.000000 0.452153 -0.226367
1175.000000 132.000000 0.552333 -0.234678
1254.000000 133.000000 0.660600 -0.243513
27.000000 136.000000 -0.657326 -0.239701
1114.000000 136.000000 0.475567 -0.224036
1147.000000 136.000000 0.516100 -0.227314
1196.000000 136.000000 0.579595 -0.232796
15.000000 137.000000 -0.674493 -0.240163
1168.000000 137.000000 0.542697 -0.228500
1077.000000 138.000000 0.431860 -0.218685
1196.000000 139.000000 0.579240 -0.229529
1139.000000 140.000000 0.505713 -0.222255
1272.000000 140.000000 0.685829 -0.238024
1267.000000 141.000000 0.678381 -0.236233
1117.000000 142.000000 0.478620 -0.218037
1264.000000 142.000000 0.673879 -0.234712
791.000000 143.000000 0.139476 -0.199630
1245.000000 143.000000 0.646405 -0.231140
41.000000 144.000000 -0.636423 -0.228991
1207.000000 144.000000 0.593465 -0.225374
14.000000 145.000000 -0.674900 -0.231292
1167.000000 145.000000 0.540546 -0.219822
1259.000000 145.000000 0.666238 -0.230695
1180.000000 146.000000 0.557288 -0.220146
28.000000 147.000000 -0.654484 -0.227280
1182.000000 148.000000 0.559688 -0.218214
1154.000000 149.000000 0.523579 -0.214230
1234.000000 149.000000 0.630113 -0.223119
1067.000000 150.000000 0.419482 -0.205603
1272.000000 153.000000 0.684150 -0.223370
46.000000 157.000000 -0.627853 -0.214055
1165.000000 159.000000 0.536558 -0.204725
920.000000 160.000000 0.263286 -0.187347
52.000000 161.000000 -0.619057 -0.208993
1267.000000 161.000000 0.675860 -0.213800
1052.000000 164.000000 0.401629 -0.190371
1176.000000 164.000000 0.550218 -0.200500
54.000000 165.000000 -0.615849 -0.204412
1173.000000 165.000000 0.546243 -0.199146
1030.000000 167.000000 0.377219 -0.185980
1007.000000 169.000000 0.352345 -0.182677
1031.000000 169.000000 0.378188 -0.184047
1205.000000 169.000000 0.588004 -0.198076
887.000000 170.000000 0.230390 -0.176504
1261.000000 171.000000 0.665983 -0.201986
1033.000000 172.000000 0.380190 -0.181178
1159.000000 173.000000 0.527627 -0.189413
1216.000000 177.000000 0.602090 -0.190590
1260.000000 178.000000 0.663758 -0.194142
1192.000000 179.000000 0.569692 -0.186104
1258.000000 179.000000 0.660767 -0.192823
1031.000000 180.000000 0.377553 -0.173118
1267.000000 180.000000 0.673681 -0.192699
1265.000000 182.000000 0.670559 -0.190273
31.000000 183.000000 -0.646095 -0.187247
47.000000 183.000000 -0.623647 -0.185613
1064.000000 184.000000 0.413777 -0.171067
1180.000000 184.000000 0.553535 -0.179717
1158.000000 185.000000 0.525336 -0.176786
1265.000000 186.000000 0.670134 -0.185864
42.000000 187.000000 -0.630211 -0.181781
990.000000 189.000000 0.333412 -0.162205
1091.000000 190.000000 0.444173 -0.166739
1270.000000 190.000000 0.676988 -0.181979
1229.000000 191.000000 0.618577 -0.176790
1227.000000 192.000000 0.615715 -0.175522
1236.000000 192.000000 0.628219 -0.176385
1122.000000 195.000000 0.480345 -0.163746
30.000000 197.000000 -0.646118 -0.172106
1151.000000 198.000000 0.515553 -0.162755
1118.000000 199.000000 0.475288 -0.159400
1162.000000 199.000000 0.529264 -0.162551
1188.000000 201.000000 0.562506 -0.162518
912.000000 202.000000 0.253874 -0.146775
959.000000 202.000000 0.300912 -0.148352
977.000000 202.000000 0.319358 -0.149042
1233.000000 203.000000 0.623012 -0.164252
1238.000000 204.000000 0.629894 -0.163626
1242.000000 204.000000 0.635506 -0.163988
1184.000000 205.000000 0.556973 -0.158007
891.000000 207.000000 0.233181 -0.141439
1059.000000 208.000000 0.406834 -0.146905
1062.000000 210.000000 0.410075 -0.145080
198.000000 212.000000 -0.431844 -0.144053
973.000000 212.000000 0.314859 -0.139253
848.000000 213.000000 0.191722 -0.134786
1248.000000 213.000000 0.643175 -0.154811
1035.000000 214.000000 0.380176 -0.139841
1213.000000 214.000000 0.594676 -0.150833
852.000000 216.000000 0.195465 -0.132062
1213.000000 216.000000 0.594518 -0.148718
859.000000 218.000000 0.202096 -0.130336
1056.000000 218.000000 0.403009 -0.136886
1244.000000 219.000000 0.637021 -0.148017
173.000000 220.000000 -0.460248 -0.137421
964.000000 221.000000 0.305340 -0.130313
1051.000000 222.000000 0.397302 -0.132723
937.000000 224.000000 0.278016 -0.126624
802.000000 225.000000 0.148252 -0.122817
932.000000 227.000000 0.272948 -0.123639
1067.000000 229.000000 0.414745 -0.126564
1267.000000 230.000000 0.668977 -0.138013
1057.000000 231.000000 0.403529 -0.124157
1214.000000 240.000000 0.594142 -0.123527
958.000000 243.000000 0.298593 -0.109185
961.000000 244.000000 0.301604 -0.108317
252.000000 245.000000 -0.370830 -0.109348
1152.000000 247.000000 0.513711 -0.112701
76.000000 249.000000 -0.579121 -0.113393
1071.000000 249.000000 0.418385 -0.107079
1152.000000 250.000000 0.513559 -0.109658
1151.000000 253.000000 0.512176 -0.106571
978.000000 257.000000 0.318600 -0.096419
46.000000 258.000000 -0.619102 -0.105720
1101.000000 259.000000 0.452170 -0.098395
1197.000000 261.000000 0.570311 -0.100688
1081.000000 263.000000 0.429131 -0.093721
1083.000000 263.000000 0.431396 -0.093790
1155.000000 263.000000 0.516658 -0.096638
1219.000000 263.000000 0.599532 -0.099760
1083.000000 265.000000 0.431327 -0.091828
952.000000 267.000000 0.291975 -0.086364
1187.000000 268.000000 0.556939 -0.092996
1230.000000 268.000000 0.614271 -0.095105
1272.000000 269.000000 0.673602 -0.096307
995.000000 271.000000 0.335808 -0.083524
998.000000 272.000000 0.338906 -0.082642
1261.000000 273.000000 0.657514 -0.091434
1158.000000 274.000000 0.519919 -0.085647
1118.000000 276.000000 0.471423 -0.082176
1162.000000 276.000000 0.524823 -0.083782
1052.000000 277.000000 0.396425 -0.079198
1162.000000 279.000000 0.524708 -0.080749
1231.000000 279.000000 0.615109 -0.083627
1188.000000 283.000000 0.557595 -0.077675
1098.000000 284.000000 0.447863 -0.073653
939.000000 285.000000 0.278654 -0.069235
1012.000000 285.000000 0.353283 -0.070565
1174.000000 286.000000 0.539552 -0.074098
940.000000 287.000000 0.279617 -0.067380
1209.000000 291.000000 0.584851 -0.070249
1012.000000 292.000000 0.353143 -0.063894
1066.000000 294.000000 0.411443 -0.063084
1207.000000 295.000000 0.582051 -0.066053
1062.000000 296.000000 0.406969 -0.061060
1128.000000 297.000000 0.482652 -0.061645
1141.000000 297.000000 0.498286 -0.061993
1204.000000 297.000000 0.578010 -0.063893
1164.000000 298.000000 0.526574 -0.061637
16.000000 299.000000 -0.659277 -0.063827
94.000000 299.000000 -0.553469 -0.061218
1032.000000 305.000000 0.374157 -0.051840
1130.000000 305.000000 0.484843 -0.053758
1141.000000 305.000000 0.498082 -0.054015
1035.000000 306.000000 0.377360 -0.050932
908.000000 307.000000 0.247883 -0.048367
1061.000000 307.000000 0.405651 -0.050410
1230.000000 307.000000 0.612682 -0.054365
1252.000000 307.000000 0.643292 -0.055036
1056.000000 308.000000 0.400132 -0.049359
1150.000000 308.000000 0.508982 -0.051232
1010.000000 309.000000 0.350761 -0.047693
1050.000000 312.000000 0.393504 -0.045413
1259.000000 313.000000 0.653049 -0.048912
1146.000000 315.000000 0.503941 -0.044154
1257.000000 315.000000 0.650146 -0.046745
1034.000000 316.000000 0.376139 -0.041351
1109.000000 316.000000 0.459859 -0.042483
1048.000000 317.000000 0.391254 -0.040580
1037.000000 319.000000 0.379325 -0.038521
1120.000000 320.000000 0.472679 -0.038730
1159.000000 321.000000 0.519812 -0.038398
1032.000000 323.000000 0.373910 -0.034640
1109.000000 323.000000 0.459749 -0.035612
1276.000000 324.000000 0.677279 -0.037664
1132.000000 325.000000 0.486858 -0.033974
1160.000000 325.000000 0.520985 -0.034404
1271.000000 326.000000 0.669973 -0.035428
1109.000000 329.000000 0.459670 -0.029726
1132.000000 329.000000 0.486803 -0.030013
1168.000000 329.000000 0.530908 -0.030508
1253.000000 330.000000 0.644143 -0.030854
991.000000 331.000000 0.330750 -0.026678
938.000000 332.000000 0.277158 -0.025395
1032.000000 332.000000 0.373824 -0.026051
1042.000000 332.000000 0.384581 -0.026135
1231.000000 332.000000 0.613485 -0.028397
1115.000000 333.000000 0.466628 -0.025867
1128.000000 333.000000 0.481981 -0.026009
1149.000000 334.000000 0.507308 -0.025254
1253.000000 334.000000 0.644077 -0.026649
1056.000000 335.000000 0.399796 -0.023375
1159.000000 335.000000 0.519608 -0.024369
1201.000000 335.000000 0.573187 -0.024879
1005.000000 336.000000 0.345250 -0.022053
1014.000000 336.000000 0.354687 -0.022112
1149.000000 336.000000 0.507285 -0.023260
917.000000 337.000000 0.256454 -0.020650
1226.000000 337.000000 0.606585 -0.023141
1059.000000 338.000000 0.403067 -0.020512
1071.000000 338.000000 0.416346 -0.020600
1197.000000 338.000000 0.567912 -0.021767
1043.000000 339.000000 0.385610 -0.019444
1182.000000 340.000000 0.548507 -0.019578
1227.000000 340.000000 0.607911 -0.020046
1000.000000 343.000000 0.340002 -0.015410
1149.000000 343.000000 0.507222 -0.016282
1065.000000 344.000000 0.409647 -0.014772
1195.000000 345.000000 0.565238 -0.014615
1242.000000 346.000000 0.628510 -0.013950
1054.000000 347.000000 0.397533 -0.011834
1072.000000 348.000000 0.417402 -0.010944
1230.000000 348.000000 0.611937 -0.011781
1261.000000 348.000000 0.655286 -0.011995
1239.000000 350.000000 0.624317 -0.009757
1195.000000 353.000000 0.565194 -0.006468
1136.000000 354.000000 0.491407 -0.005289
307.000000 357.000000 -0.311747 -0.002171
1171.000000 359.000000 0.534455 -0.000349
1222.000000 359.000000 0.601014 -0.000370
958.000000 360.000000 0.297043 0.000639
1135.000000 360.000000 0.490199 0.000654
1080.000000 362.000000 0.426335 0.002586
945.000000 364.000000 0.284036 0.004362
1128.000000 365.000000 0.481837 0.005589
1246.000000 365.000000 0.634044 0.005895
1085.000000 368.000000 0.431984 0.008414
1136.000000 368.000000 0.491415 0.008579
1236.000000 371.000000 0.620176 0.012108
1250.000000 372.000000 0.639692 0.013247
1257.000000 372.000000 0.649590 0.013297
1154.000000 374.000000 0.513338 0.014635
1115.000000 375.000000 0.466532 0.015382
1222.000000 375.000000 0.601077 0.016151
1236.000000 375.000000 0.620206 0.016270
1032.000000 376.000000 0.373748 0.015896
1224.000000 376.000000 0.603795 0.017202
1115.000000 377.000000 0.466545 0.017346
1165.000000 377.000000 0.526999 0.017719
1251.000000 377.000000 0.641143 0.018500
1265.000000 377.000000 0.661061 0.018643
1253.000000 378.000000 0.643976 0.019571
1116.000000 379.000000 0.467732 0.019319
1269.000000 379.000000 0.666842 0.020806
1119.000000 380.000000 0.471264 0.020326
1231.000000 380.000000 0.613381 0.021417
1115.000000 381.000000 0.466576 0.021276
1129.000000 381.000000 0.483116 0.021397
1271.000000 381.000000 0.669758 0.022952
1118.000000 382.000000 0.470105 0.022285
1230.000000 382.000000 0.612035 0.023481
1024.000000 383.000000 0.365259 0.022516
1047.000000 383.000000 0.389963 0.022678
1172.000000 383.000000 0.535843 0.023820
24.000000 384.000000 -0.646972 0.025888
1108.000000 384.000000 0.458437 0.024157
1110.000000 384.000000 0.460763 0.024175
1175.000000 384.000000 0.539646 0.024862
1238.000000 384.000000 0.623071 0.025666
1097.000000 385.000000 0.445752 0.025030
1203.000000 385.000000 0.575822 0.026226
1124.000000 386.000000 0.477225 0.026284
1164.000000 387.000000 0.525855 0.027748
978.000000 388.000000 0.317401 0.026927
1253.000000 388.000000 0.644113 0.030081
1153.000000 389.000000 0.512255 0.029609
1020.000000 390.000000 0.361071 0.029142
1086.000000 390.000000 0.433269 0.029787
1190.000000 390.000000 0.558925 0.031141
1250.000000 390.000000 0.639916 0.032131
1274.000000 390.000000 0.674250 0.032565
1088.000000 391.000000 0.435547 0.030782
1244.000000 391.000000 0.631523 0.033071
986.000000 394.000000 0.325645 0.032632
1128.000000 394.000000 0.482075 0.034234
1134.000000 394.000000 0.489247 0.034321
1020.000000 395.000000 0.361118 0.033897
1132.000000 396.000000 0.486880 0.036273
1141.000000 399.000000 0.497764 0.039396
1270.000000 399.000000 0.668642 0.042051
1033.000000 400.000000 0.375023 0.038806
1243.000000 400.000000 0.630314 0.042469
1247.000000 402.000000 0.635955 0.044661
1257.000000 404.000000 0.650126 0.047020
1239.000000 405.000000 0.624874 0.047600
1247.000000 406.000000 0.636058 0.048859
858.000000 407.000000 0.199839 0.043697
1250.000000 409.000000 0.640358 0.052095
1209.000000 411.000000 0.584287 0.053023
1212.000000 411.000000 0.588285 0.053105
1227.000000 412.000000 0.608560 0.054564
1135.000000 414.000000 0.490825 0.054189
1176.000000 414.000000 0.541483 0.055201
1066.000000 415.000000 0.411228 0.053730
1094.000000 415.000000 0.442767 0.054279
1137.000000 416.000000 0.493281 0.056225
1024.000000 420.000000 0.365708 0.057773
1041.000000 421.000000 0.383962 0.059041
1168.000000 421.000000 0.531570 0.062059
1252.000000 421.000000 0.643570 0.064801
1270.000000 421.000000 0.669315 0.065462
1043.000000 422.000000 0.386147 0.060040
1139.000000 422.000000 0.495849 0.062252
1166.000000 422.000000 0.529089 0.063011
1108.000000 423.000000 0.459103 0.062442
1033.000000 424.000000 0.375400 0.061765
1170.000000 424.000000 0.534177 0.065151
1253.000000 424.000000 0.645095 0.068005
102.000000 427.000000 -0.543450 0.068383
1163.000000 427.000000 0.525487 0.067964
1250.000000 427.000000 0.640974 0.071055
104.000000 428.000000 -0.540945 0.069332
941.000000 428.000000 0.280547 0.063997
1058.000000 428.000000 0.402656 0.066137
1263.000000 428.000000 0.659503 0.072638
1123.000000 429.000000 0.476883 0.068767
1227.000000 429.000000 0.609135 0.072253
1245.000000 429.000000 0.634029 0.072963
1127.000000 430.000000 0.481667 0.069874
1236.000000 430.000000 0.621544 0.073652
18.000000 431.000000 -0.656823 0.075691
1103.000000 431.000000 0.453508 0.070182
1129.000000 431.000000 0.484084 0.070927
1239.000000 432.000000 0.625783 0.075871
18.000000 433.000000 -0.656909 0.077815
26.000000 433.000000 -0.645550 0.077468
1174.000000 433.000000 0.539531 0.074402
1210.000000 433.000000 0.586348 0.075743
1085.000000 434.000000 0.432968 0.072634
1238.000000 434.000000 0.624479 0.077928
1207.000000 435.000000 0.582435 0.077690
1209.000000 435.000000 0.585095 0.077770
1256.000000 436.000000 0.649851 0.080828
1258.000000 436.000000 0.652699 0.080919
212.000000 437.000000 -0.413314 0.075059
1206.000000 437.000000 0.581188 0.079714
1208.000000 437.000000 0.583845 0.079796
1215.000000 437.000000 0.593203 0.080086
102.000000 438.000000 -0.543838 0.079559
1125.000000 439.000000 0.479565 0.078754
1234.000000 440.000000 0.619208 0.084045
881.000000 441.000000 0.222111 0.075254
1085.000000 441.000000 0.433165 0.079480
1215.000000 441.000000 0.593375 0.084236
1201.000000 443.000000 0.574830 0.085693
1203.000000 443.000000 0.577470 0.085780
1215.000000 444.000000 0.593510 0.087352
1270.000000 444.000000 0.670335 0.090029
1200.000000 446.000000 0.573646 0.088741
1228.000000 446.000000 0.611242 0.090047
1164.000000 447.000000 0.527461 0.088217
155.000000 448.000000 -0.479095 0.087642
1200.000000 448.000000 0.573737 0.090804
1240.000000 448.000000 0.627912 0.092742
1115.000000 449.000000 0.468079 0.088339
1131.000000 449.000000 0.487087 0.088929
20.000000 450.000000 -0.654884 0.095794
1133.000000 450.000000 0.489529 0.090004
1212.000000 450.000000 0.589767 0.093442
1063.000000 451.000000 0.408792 0.088573
1223.000000 451.000000 0.604665 0.095029
1113.000000 452.000000 0.465838 0.091242
1204.000000 452.000000 0.579209 0.095126
1248.000000 452.000000 0.639326 0.097389
942.000000 453.000000 0.281973 0.087443
1231.000000 453.000000 0.615713 0.097536
1242.000000 453.000000 0.630964 0.098122
1064.000000 454.000000 0.409996 0.091524
1219.000000 454.000000 0.599391 0.097957
1214.000000 455.000000 0.592701 0.098741
1217.000000 455.000000 0.596741 0.098896
1067.000000 456.000000 0.413397 0.093571
1206.000000 456.000000 0.582062 0.099369
1131.000000 457.000000 0.487404 0.096926
1221.000000 457.000000 0.602260 0.101195
1261.000000 457.000000 0.658079 0.103440
1174.000000 459.000000 0.540616 0.100868
1204.000000 459.000000 0.579562 0.102376
1222.000000 459.000000 0.603727 0.103341
1102.000000 460.000000 0.453309 0.098751
1259.000000 460.000000 0.655393 0.106527
1134.000000 462.000000 0.491227 0.102064
1084.000000 463.000000 0.432767 0.101024
1088.000000 463.000000 0.437321 0.101175
1220.000000 464.000000 0.601292 0.108462
1070.000000 465.000000 0.417059 0.102467
1269.000000 465.000000 0.670098 0.112508
1190.000000 466.000000 0.561551 0.108868
1197.000000 466.000000 0.570702 0.109250
1138.000000 467.000000 0.496292 0.107269
1199.000000 467.000000 0.573388 0.110396
360.000000 468.000000 -0.260069 0.101038
1118.000000 469.000000 0.472423 0.108361
1139.000000 469.000000 0.497601 0.109330
1175.000000 470.000000 0.542450 0.112171
1189.000000 471.000000 0.560527 0.113971
1140.000000 474.000000 0.499061 0.114421
1213.000000 476.000000 0.592560 0.120601
1219.000000 477.000000 0.600728 0.122033
28.000000 478.000000 -0.645254 0.125162
999.000000 478.000000 0.340793 0.112629
1237.000000 478.000000 0.625518 0.124280
26.000000 479.000000 -0.648154 0.126371
46.000000 479.000000 -0.620182 0.124994
1134.000000 479.000000 0.492037 0.119160
1217.000000 479.000000 0.598148 0.124003
1174.000000 481.000000 0.541795 0.123404
20.000000 482.000000 -0.656906 0.130017
1220.000000 482.000000 0.602416 0.127356
1090.000000 483.000000 0.440449 0.121016
1092.000000 483.000000 0.442745 0.121108
28.000000 485.000000 -0.645754 0.132650
1220.000000 485.000000 0.602621 0.130516
1035.000000 486.000000 0.379357 0.121628
1158.000000 486.000000 0.521904 0.127584
1131.000000 487.000000 0.488839 0.127072
1165.000000 487.000000 0.530745 0.129025
1242.000000 487.000000 0.633137 0.134210
1246.000000 487.000000 0.638758 0.134507
1087.000000 488.000000 0.437248 0.125833
1105.000000 488.000000 0.458046 0.126714
1079.000000 490.000000 0.428235 0.127436
1086.000000 491.000000 0.436249 0.128760
374.000000 492.000000 -0.246887 0.123265
1084.000000 492.000000 0.434015 0.129655
1170.000000 492.000000 0.537382 0.134473
1187.000000 492.000000 0.559225 0.135587
1222.000000 492.000000 0.605844 0.138047
1173.000000 493.000000 0.541265 0.135697
1218.000000 493.000000 0.600474 0.138810
1179.000000 494.000000 0.549015 0.137125
1224.000000 494.000000 0.608726 0.140313
1020.000000 495.000000 0.363588 0.129783
1050.000000 495.000000 0.396091 0.131039
1131.000000 495.000000 0.489288 0.135159
1164.000000 495.000000 0.529984 0.137175
1181.000000 495.000000 0.551658 0.138295
1222.000000 495.000000 0.606067 0.141222
1133.000000 497.000000 0.491823 0.137303
1101.000000 498.000000 0.453904 0.136501
1131.000000 498.000000 0.489465 0.138198
1174.000000 498.000000 0.542873 0.140927
1203.000000 498.000000 0.580686 0.142972
1168.000000 499.000000 0.535303 0.141556
70.000000 500.000000 -0.589060 0.145443
1021.000000 500.000000 0.364859 0.134681
1170.000000 500.000000 0.537909 0.142723
1024.000000 501.000000 0.368114 0.135780
1049.000000 501.000000 0.395262 0.136881
1031.000000 502.000000 0.375692 0.137054
1168.000000 502.000000 0.535506 0.144651
1178.000000 504.000000 0.548419 0.147422
1068.000000 505.000000 0.416561 0.141744
1013.000000 507.000000 0.356622 0.141155
1179.000000 507.000000 0.549924 0.150612
1218.000000 507.000000 0.601556 0.153627
983.000000 508.000000 0.325194 0.140920
1104.000000 508.000000 0.457967 0.146699
1091.000000 509.000000 0.442930 0.146955
1003.000000 510.000000 0.346165 0.143650
1177.000000 511.000000 0.547646 0.154626
1095.000000 512.000000 0.447723 0.150191
1199.000000 512.000000 0.576449 0.157378
1194.000000 515.000000 0.570083 0.160133
1201.000000 515.000000 0.579348 0.160703
1159.000000 516.000000 0.525140 0.158475
1198.000000 517.000000 0.575531 0.162565
1034.000000 518.000000 0.379683 0.152869
1067.000000 519.000000 0.416182 0.155588
1033.000000 520.000000 0.378696 0.154786
1144.000000 521.000000 0.506841 0.162534
1151.000000 522.000000 0.515584 0.164080
1193.000000 522.000000 0.569344 0.167419
1197.000000 523.000000 0.574711 0.168814
1007.000000 524.000000 0.351008 0.157458
1151.000000 524.000000 0.515734 0.166146
1154.000000 525.000000 0.519552 0.167409
1197.000000 525.000000 0.574884 0.170929
1148.000000 526.000000 0.512158 0.167985
1001.000000 527.000000 0.344804 0.160109
1075.000000 527.000000 0.425682 0.164038
1189.000000 527.000000 0.564514 0.172349
1005.000000 528.000000 0.349077 0.161273
1149.000000 528.000000 0.513553 0.170128
1154.000000 529.000000 0.519864 0.171554
996.000000 530.000000 0.339679 0.162806
1135.000000 530.000000 0.496465 0.171127
1047.000000 531.000000 0.394592 0.166397
1098.000000 531.000000 0.452400 0.169527
1141.000000 531.000000 0.503893 0.172611
1194.000000 531.000000 0.571444 0.177014
999.000000 532.000000 0.342930 0.164900
1078.000000 532.000000 0.429403 0.169239
1137.000000 533.000000 0.499138 0.174367
1017.000000 534.000000 0.362153 0.167750
1071.000000 534.000000 0.421577 0.170809
1139.000000 534.000000 0.501667 0.175553
864.000000 535.000000 0.207692 0.162813
1000.000000 535.000000 0.344128 0.167884
1030.000000 535.000000 0.376220 0.169422
1152.000000 536.000000 0.517926 0.178661
999.000000 537.000000 0.343171 0.169794
1154.000000 537.000000 0.520510 0.179866
991.000000 539.000000 0.334858 0.171364
1154.000000 539.000000 0.520677 0.181949
1056.000000 540.000000 0.405099 0.175892
1179.000000 540.000000 0.552628 0.185177
1205.000000 540.000000 0.586933 0.187616
1023.000000 541.000000 0.368974 0.174974
1207.000000 541.000000 0.589721 0.188881
1211.000000 541.000000 0.595123 0.189275
1136.000000 542.000000 0.498622 0.183583
1151.000000 542.000000 0.517176 0.184823
1215.000000 542.000000 0.600654 0.190749
897.000000 543.000000 0.239953 0.171427
992.000000 545.000000 0.336201 0.177291
1017.000000 545.000000 0.362737 0.178601
1071.000000 545.000000 0.422284 0.181870
1115.000000 545.000000 0.473464 0.185019
1149.000000 545.000000 0.514935 0.187779
1186.000000 545.000000 0.562213 0.191119
1188.000000 545.000000 0.564837 0.191310
1212.000000 545.000000 0.596879 0.193675
1095.000000 547.000000 0.450019 0.185567
1148.000000 547.000000 0.513861 0.189779
1049.000000 548.000000 0.397813 0.183464
1051.000000 548.000000 0.400032 0.183589
1146.000000 548.000000 0.511460 0.190649
896.000000 549.000000 0.239176 0.177141
1038.000000 549.000000 0.385748 0.183785
1149.000000 549.000000 0.515282 0.191954
1187.000000 549.000000 0.563910 0.195468
945.000000 550.000000 0.288003 0.179992
1089.000000 550.000000 0.443264 0.188185
1116.000000 550.000000 0.475050 0.190238
1118.000000 551.000000 0.477527 0.191428
1130.000000 551.000000 0.492032 0.192410
1136.000000 551.000000 0.499368 0.192916
1205.000000 552.000000 0.588138 0.200489
1137.000000 553.000000 0.500768 0.195082
9.000000 555.000000 -0.679724 0.210872
1044.000000 555.000000 0.392724 0.190161
1139.000000 555.000000 0.503404 0.197340
1038.000000 556.000000 0.386181 0.190781
876.000000 558.000000 0.219971 0.185101
1131.000000 558.000000 0.493849 0.199766
1171.000000 558.000000 0.543993 0.203467
930.000000 559.000000 0.273269 0.188090
1138.000000 559.000000 0.502526 0.201426
74.000000 560.000000 -0.589174 0.208998
1017.000000 560.000000 0.363597 0.193486
1047.000000 560.000000 0.396371 0.195379
944.000000 561.000000 0.287475 0.190649
1080.000000 561.000000 0.433691 0.198726
1122.000000 561.000000 0.483175 0.202105
1129.000000 561.000000 0.491671 0.202714
1137.000000 561.000000 0.501474 0.203426
1154.000000 561.000000 0.522642 0.204999
1156.000000 561.000000 0.525164 0.205189
1184.000000 561.000000 0.561179 0.207970
1064.000000 562.000000 0.415534 0.198572
1132.000000 563.000000 0.495514 0.205066
1137.000000 563.000000 0.501655 0.205518
1176.000000 563.000000 0.550954 0.209284
965.000000 565.000000 0.309128 0.195569
1116.000000 565.000000 0.476293 0.205739
925.000000 567.000000 0.268599 0.195654
1116.000000 570.000000 0.476730 0.210934
1200.000000 570.000000 0.583366 0.219384
921.000000 572.000000 0.264814 0.200351
1040.000000 573.000000 0.389511 0.208012
1115.000000 573.000000 0.475796 0.213968
1128.000000 574.000000 0.491633 0.216206
1135.000000 574.000000 0.500220 0.216870
1075.000000 575.000000 0.429032 0.212654
1118.000000 575.000000 0.479589 0.216326
1132.000000 575.000000 0.496626 0.217634
1129.000000 576.000000 0.493044 0.218399
1135.000000 576.000000 0.500412 0.218975
970.000000 577.000000 0.314928 0.207668
877.000000 578.000000 0.221641 0.204412
1119.000000 578.000000 0.481073 0.219554
1125.000000 578.000000 0.488352 0.220118
1138.000000 578.000000 0.504314 0.221377
981.000000 579.000000 0.326503 0.210271
984.000000 580.000000 0.329707 0.211441
1142.000000 580.000000 0.509480 0.223891
1006.000000 581.000000 0.353090 0.213792
1124.000000 582.000000 0.487518 0.224224
1174.000000 582.000000 0.550388 0.229429
57.000000 583.000000 -0.615016 0.236078
674.000000 584.000000 0.031312 0.205978
913.000000 584.000000 0.257359 0.211721
1145.000000 584.000000 0.513634 0.228442
973.000000 586.000000 0.318554 0.216772
991.000000 586.000000 0.337446 0.217854
1024.000000 586.000000 0.372869 0.220039
1140.000000 586.000000 0.507605 0.230049
1170.000000 587.000000 0.545765 0.234367
1023.000000 588.000000 0.371920 0.221994
1244.000000 589.000000 0.646569 0.245758
1086.000000 590.000000 0.443009 0.229060
1187.000000 590.000000 0.568366 0.239599
1190.000000 590.000000 0.572346 0.239961
1193.000000 590.000000 0.576342 0.240324
1141.000000 591.000000 0.509374 0.235471
978.000000 592.000000 0.324134 0.223058
994.000000 592.000000 0.341006 0.224065
1044.000000 593.000000 0.395424 0.228647
1111.000000 593.000000 0.472866 0.234529
1147.000000 594.000000 0.517211 0.239323
1008.000000 595.000000 0.356171 0.228029
1010.000000 595.000000 0.358324 0.228169
1112.000000 596.000000 0.474365 0.237787
1137.000000 596.000000 0.504931 0.240375
1148.000000 596.000000 0.518690 0.241576
1007.000000 597.000000 0.355234 0.229984
1110.000000 597.000000 0.472059 0.238643
917.000000 598.000000 0.262013 0.225673
927.000000 598.000000 0.272070 0.226173
1153.000000 598.000000 0.525235 0.244286
1010.000000 599.000000 0.358607 0.232223
1076.000000 599.000000 0.432213 0.237522
1209.000000 599.000000 0.599084 0.252251
1125.000000 600.000000 0.490558 0.243356
1147.000000 600.000000 0.517878 0.245758
933.000000 601.000000 0.278295 0.229461
1141.000000 601.000000 0.510462 0.246159
791.000000 602.000000 0.140085 0.224946
845.000000 602.000000 0.191509 0.226576
1248.000000 602.000000 0.654074 0.260954
940.000000 603.000000 0.285520 0.231829
1121.000000 603.000000 0.485987 0.246124
1147.000000 603.000000 0.518219 0.248985
1149.000000 603.000000 0.520743 0.249214
1211.000000 603.000000 0.602351 0.256955
100.000000 604.000000 -0.559760 0.253773
934.000000 604.000000 0.279470 0.232496
1121.000000 606.000000 0.486307 0.249318
786.000000 608.000000 0.135525 0.230631
1106.000000 608.000000 0.468374 0.249864
1223.000000 608.000000 0.619611 0.264186
1225.000000 608.000000 0.622398 0.264467
1097.000000 609.000000 0.457743 0.250004
1099.000000 609.000000 0.460119 0.250206
1104.000000 609.000000 0.466082 0.250717
1133.000000 609.000000 0.501399 0.253846
1139.000000 609.000000 0.508867 0.254529
586.000000 610.000000 -0.049586 0.230977
982.000000 610.000000 0.329496 0.241430
1120.000000 610.000000 0.485519 0.253477
1128.000000 610.000000 0.495330 0.254359
1221.000000 610.000000 0.617110 0.266150
203.000000 611.000000 -0.433749 0.249975
1099.000000 611.000000 0.460323 0.252322
1017.000000 612.000000 0.367164 0.246006
1091.000000 612.000000 0.450949 0.252569
102.000000 613.000000 -0.558277 0.263388
1131.000000 613.000000 0.499374 0.257918
1133.000000 613.000000 0.501854 0.258147
75.000000 614.000000 -0.594442 0.268093
1087.000000 614.000000 0.446443 0.254279
839.000000 615.000000 0.186194 0.239079
898.000000 615.000000 0.243881 0.241577
1117.000000 615.000000 0.482411 0.258493
1122.000000 615.000000 0.488517 0.259049
1124.000000 615.000000 0.490970 0.259274
861.000000 616.000000 0.207536 0.240910
1136.000000 616.000000 0.505935 0.261731
986.000000 619.000000 0.334354 0.250851
185.000000 620.000000 -0.455714 0.261259
1021.000000 620.000000 0.372174 0.254556
1023.000000 620.000000 0.374368 0.254720
1088.000000 620.000000 0.448227 0.260726
866.000000 621.000000 0.212623 0.246059
1008.000000 622.000000 0.358168 0.255574
1081.000000 622.000000 0.440220 0.262129
921.000000 623.000000 0.267349 0.250764
1105.000000 623.000000 0.468774 0.265731
904.000000 624.000000 0.250316 0.250847
88.000000 625.000000 -0.578440 0.278559
950.000000 625.000000 0.297086 0.254514
965.000000 626.000000 0.312730 0.256516
1080.000000 626.000000 0.439460 0.266264
1093.000000 626.000000 0.454768 0.267631
1104.000000 626.000000 0.467904 0.268833
1188.000000 626.000000 0.574382 0.279411
85.000000 627.000000 -0.582747 0.281216
1023.000000 627.000000 0.374954 0.261968
1181.000000 627.000000 0.565203 0.279550
974.000000 629.000000 0.322381 0.260203
1077.000000 629.000000 0.436268 0.269139
1113.000000 629.000000 0.479127 0.273080
972.000000 631.000000 0.320418 0.262105
1077.000000 631.000000 0.436476 0.271263
1190.000000 631.000000 0.577771 0.285288
721.000000 632.000000 0.075194 0.252668
737.000000 632.000000 0.090112 0.252938
961.000000 632.000000 0.308965 0.262356
864.000000 634.000000 0.211239 0.258888
998.000000 634.000000 0.348319 0.267157
1009.000000 634.000000 0.360225 0.268055
773.000000 635.000000 0.123959 0.256674
1076.000000 635.000000 0.435729 0.275416
1095.000000 635.000000 0.458135 0.277486
1102.000000 635.000000 0.466517 0.278281
998.000000 637.000000 0.348560 0.270262
1076.000000 637.000000 0.435941 0.277549
1223.000000 637.000000 0.623911 0.297042
1274.000000 637.000000 0.697203 0.305216
974.000000 638.000000 0.323036 0.269432
1225.000000 638.000000 0.626869 0.298500
897.000000 639.000000 0.244117 0.265532
1073.000000 639.000000 0.432657 0.279364
1096.000000 639.000000 0.459783 0.281904
899.000000 640.000000 0.246171 0.266650
916.000000 640.000000 0.263271 0.267616
1141.000000 640.000000 0.515198 0.288532
1205.000000 640.000000 0.599451 0.297675
1062.000000 641.000000 0.420138 0.280342
1077.000000 641.000000 0.437540 0.281932
1086.000000 641.000000 0.448123 0.282925
1089.000000 641.000000 0.451676 0.283262
1098.000000 641.000000 0.462408 0.284294
1271.000000 642.000000 0.693612 0.310582
866.000000 643.000000 0.213616 0.267986
975.000000 643.000000 0.324470 0.274660
1209.000000 643.000000 0.605411 0.301711
985.000000 644.000000 0.335177 0.276472
1071.000000 644.000000 0.430866 0.284495
908.000000 645.000000 0.255489 0.272217
1000.000000 645.000000 0.351382 0.278741
1090.000000 646.000000 0.453435 0.288770
1062.000000 647.000000 0.420766 0.286741
881.000000 648.000000 0.228669 0.273766
1064.000000 648.000000 0.423181 0.288024
1075.000000 648.000000 0.435970 0.289225
860.000000 649.000000 0.208011 0.273734
826.000000 650.000000 0.174985 0.273271
1202.000000 650.000000 0.596900 0.308608
1100.000000 651.000000 0.466003 0.295384
1090.000000 652.000000 0.454138 0.295270
981.000000 653.000000 0.331632 0.285504
1085.000000 653.000000 0.448314 0.295765
1072.000000 654.000000 0.433135 0.295352
1065.000000 655.000000 0.425101 0.295648
268.000000 656.000000 -0.364821 0.291177
882.000000 657.000000 0.230141 0.282943
1030.000000 657.000000 0.385474 0.294121
1042.000000 657.000000 0.398972 0.295334
1053.000000 658.000000 0.411601 0.297564
1039.000000 659.000000 0.395787 0.297162
1042.000000 659.000000 0.399179 0.297473
1045.000000 659.000000 0.402582 0.297786
1049.000000 659.000000 0.407136 0.298210
176.000000 660.000000 -0.471112 0.305489
858.000000 660.000000 0.206575 0.284752
947.000000 660.000000 0.296374 0.290152
1034.000000 660.000000 0.390258 0.297719
1054.000000 660.000000 0.412964 0.299823
1058.000000 661.000000 0.417674 0.301339
859.000000 662.000000 0.207657 0.286831
891.000000 662.000000 0.239403 0.288547
911.000000 662.000000 0.259554 0.289759
927.000000 663.000000 0.275935 0.291842
930.000000 663.000000 0.279015 0.292048
1055.000000 663.000000 0.414441 0.303165
970.000000 664.000000 0.320830 0.296096
986.000000 664.000000 0.337910 0.297442
1053.000000 665.000000 0.412365 0.305102
1058.000000 666.000000 0.418233 0.306743
1173.000000 666.000000 0.560375 0.322307
1210.000000 666.000000 0.610529 0.328351
1052.000000 667.000000 0.411439 0.307152
1072.000000 667.000000 0.434640 0.309452
1152.000000 668.000000 0.533205 0.321345
1188.000000 668.000000 0.580765 0.327007
563.000000 669.000000 -0.071717 0.289176
941.000000 669.000000 0.290804 0.299061
1073.000000 669.000000 0.436053 0.311754
901.000000 670.000000 0.249939 0.297366
1020.000000 670.000000 0.375625 0.306991
1034.000000 670.000000 0.391295 0.308436
1172.000000 670.000000 0.559683 0.326721
982.000000 671.000000 0.334224 0.304475
1074.000000 671.000000 0.437471 0.314061
1269.000000 671.000000 0.695632 0.344534
1036.000000 672.000000 0.393765 0.310803
889.000000 673.000000 0.238047 0.299724
913.000000 673.000000 0.262303 0.301245
1033.000000 673.000000 0.390486 0.311561
1149.000000 673.000000 0.530092 0.326556
408.000000 674.000000 -0.220707 0.299680
882.000000 674.000000 0.231098 0.300340
1049.000000 675.000000 0.408897 0.315487
1272.000000 675.000000 0.700734 0.349845
1049.000000 677.000000 0.409125 0.317662
1037.000000 678.000000 0.395550 0.317401
1170.000000 678.000000 0.558322 0.335580
773.000000 679.000000 0.125206 0.300614
865.000000 679.000000 0.214465 0.304530
1041.000000 679.000000 0.400206 0.318931
1028.000000 680.000000 0.385609 0.318586
1035.000000 680.000000 0.393505 0.319349
1041.000000 681.000000 0.400432 0.321107
1078.000000 681.000000 0.443445 0.325561
949.000000 682.000000 0.300154 0.313307
734.000000 683.000000 0.088324 0.303636
1121.000000 683.000000 0.496060 0.333691
894.000000 684.000000 0.243760 0.311427
967.000000 684.000000 0.319332 0.316936
1038.000000 684.000000 0.397356 0.324036
736.000000 685.000000 0.090258 0.305708
787.000000 685.000000 0.138788 0.307182
892.000000 685.000000 0.241807 0.312340
1040.000000 685.000000 0.399747 0.325354
1137.000000 686.000000 0.516704 0.339504
1275.000000 686.000000 0.707103 0.363598
665.000000 687.000000 0.023562 0.306718
1050.000000 687.000000 0.411444 0.328713
1062.000000 688.000000 0.425492 0.331278
1275.000000 688.000000 0.707465 0.366011
664.000000 689.000000 0.022637 0.308739
899.000000 689.000000 0.249146 0.316973
466.000000 691.000000 -0.164674 0.314319
1059.000000 691.000000 0.422365 0.334221
947.000000 692.000000 0.298875 0.323732
970.000000 692.000000 0.323247 0.325736
465.000000 693.000000 -0.165731 0.316423
430.000000 694.000000 -0.200021 0.319144
1054.000000 694.000000 0.416923 0.336918
1013.000000 695.000000 0.370450 0.333257
415.000000 696.000000 -0.214993 0.322059
1020.000000 696.000000 0.378381 0.335117
1065.000000 696.000000 0.430024 0.340534
1054.000000 697.000000 0.417297 0.340243
818.000000 698.000000 0.169263 0.321797
914.000000 698.000000 0.265087 0.327500
1017.000000 698.000000 0.375243 0.336972
867.000000 700.000000 0.217657 0.326459
999.000000 700.000000 0.355488 0.337213
1011.000000 700.000000 0.368768 0.338498
795.000000 701.000000 0.147085 0.323925
1008.000000 702.000000 0.365652 0.340359
910.000000 703.000000 0.261353 0.332503
988.000000 703.000000 0.343747 0.339341
992.000000 703.000000 0.348118 0.339752
1001.000000 703.000000 0.358010 0.340697
1161.000000 703.000000 0.550623 0.363078
65.000000 705.000000 -0.623096 0.374807
282.000000 705.000000 -0.354290 0.342372
1002.000000 705.000000 0.359329 0.342992
1016.000000 705.000000 0.374910 0.344542
1158.000000 705.000000 0.547017 0.364900
799.000000 706.000000 0.151157 0.329274
1010.000000 706.000000 0.368318 0.344967
1160.000000 706.000000 0.549824 0.366419
624.000000 707.000000 -0.014877 0.327070
905.000000 708.000000 0.256599 0.337449
1009.000000 708.000000 0.367427 0.347056
1016.000000 708.000000 0.375252 0.347849
1158.000000 708.000000 0.547538 0.368417
880.000000 710.000000 0.231333 0.337819
1004.000000 710.000000 0.362091 0.348700
1013.000000 711.000000 0.372235 0.350819
1055.000000 711.000000 0.420269 0.356009
640.000000 712.000000 0.000172 0.332192
909.000000 712.000000 0.261004 0.342019
986.000000 712.000000 0.342493 0.348960
1004.000000 713.000000 0.362425 0.352007
1144.000000 713.000000 0.530111 0.371857
297.000000 714.000000 -0.338825 0.350653
371.000000 714.000000 -0.260667 0.344028
452.000000 716.000000 -0.179511 0.341005
661.000000 716.000000 0.019973 0.336391
901.000000 716.000000 0.253099 0.345695
