126.000000 5.000000 -0.542358 -0.374209
301.000000 5.000000 -0.334535 -0.349982
318.000000 5.000000 -0.316229 -0.348303
881.000000 6.000000 0.232576 -0.340787
358.000000 7.000000 -0.273964 -0.342626
927.000000 7.000000 0.279667 -0.343176
1025.000000 7.000000 0.385939 -0.353090
1133.000000 8.000000 0.515728 -0.367468
1024.000000 9.000000 0.384566 -0.350748
948.000000 10.000000 0.301439 -0.341752
307.000000 11.000000 -0.327452 -0.342839
1045.000000 11.000000 0.408334 -0.351109
1125.000000 11.000000 0.505051 -0.362670
381.000000 12.000000 -0.249955 -0.335543
797.000000 12.000000 0.149280 -0.329935
1121.000000 12.000000 0.499838 -0.360872
185.000000 13.000000 -0.466561 -0.355436
301.000000 13.000000 -0.333731 -0.341255
458.000000 13.000000 -0.173160 -0.329930
339.000000 14.000000 -0.293187 -0.336685
1038.000000 14.000000 0.399904 -0.346891
299.000000 15.000000 -0.335697 -0.339281
786.000000 15.000000 0.138535 -0.326385
1257.000000 15.000000 0.684420 -0.381939
381.000000 16.000000 -0.249672 -0.331301
202.000000 17.000000 -0.445504 -0.348494
294.000000 17.000000 -0.340921 -0.337607
392.000000 17.000000 -0.238452 -0.329493
400.000000 18.000000 -0.230325 -0.327918
210.000000 19.000000 -0.435738 -0.345167
1045.000000 20.000000 0.407208 -0.341094
325.000000 21.000000 -0.307323 -0.330389
389.000000 22.000000 -0.241151 -0.324427
282.000000 25.000000 -0.353207 -0.330144
97.000000 27.000000 -0.577007 -0.353456
356.000000 27.000000 -0.274474 -0.321492
352.000000 28.000000 -0.278528 -0.320739
375.000000 28.000000 -0.254942 -0.319071
279.000000 29.000000 -0.356090 -0.326122
1070.000000 29.000000 0.435214 -0.334262
97.000000 30.000000 -0.576487 -0.349949
295.000000 30.000000 -0.338569 -0.323477
994.000000 30.000000 0.348942 -0.324521
346.000000 31.000000 -0.284511 -0.318032
96.000000 32.000000 -0.577489 -0.347787
1005.000000 33.000000 0.360703 -0.322391
990.000000 36.000000 0.344005 -0.317690
1001.000000 36.000000 0.356005 -0.318759
219.000000 37.000000 -0.422909 -0.324065
1006.000000 37.000000 0.361399 -0.318183
1129.000000 37.000000 0.506055 -0.333520
286.000000 38.000000 -0.347564 -0.315762
1108.000000 38.000000 0.479758 -0.329345
343.000000 39.000000 -0.287010 -0.309843
1042.000000 39.000000 0.401523 -0.319870
1059.000000 39.000000 0.421090 -0.321854
1011.000000 40.000000 0.366613 -0.315462
1022.000000 41.000000 0.378732 -0.315520
1054.000000 41.000000 0.415062 -0.319072
1130.000000 41.000000 0.506721 -0.329142
267.000000 42.000000 -0.367990 -0.313335
1037.000000 42.000000 0.395502 -0.316052
265.000000 43.000000 -0.370100 -0.312463
282.000000 43.000000 -0.351440 -0.310802
1078.000000 44.000000 0.442762 -0.318692
1093.000000 44.000000 0.460683 -0.320617
272.000000 45.000000 -0.362185 -0.309628
1096.000000 45.000000 0.464173 -0.319904
266.000000 46.000000 -0.368695 -0.309149
348.000000 46.000000 -0.281322 -0.302153
258.000000 48.000000 -0.377360 -0.307809
347.000000 48.000000 -0.282209 -0.300142
252.000000 49.000000 -0.383950 -0.307350
350.000000 49.000000 -0.279048 -0.298888
936.000000 49.000000 0.285732 -0.299441
973.000000 49.000000 0.324558 -0.302358
1044.000000 49.000000 0.402686 -0.309245
1106.000000 49.000000 0.475795 -0.316798
937.000000 51.000000 0.286621 -0.297433
973.000000 51.000000 0.324389 -0.300253
1032.000000 51.000000 0.388890 -0.305805
1269.000000 51.000000 0.695297 -0.340824
217.000000 52.000000 -0.423462 -0.307923
229.000000 52.000000 -0.409645 -0.306572
1045.000000 52.000000 0.403497 -0.306115
239.000000 53.000000 -0.398157 -0.304413
1081.000000 53.000000 0.445202 -0.309186
264.000000 54.000000 -0.370118 -0.300808
218.000000 55.000000 -0.421963 -0.304556
1114.000000 55.000000 0.484803 -0.311215
1133.000000 56.000000 0.508333 -0.312719
103.000000 57.000000 -0.564038 -0.317827
239.000000 57.000000 -0.397736 -0.300119
869.000000 57.000000 0.217540 -0.287032
1051.000000 57.000000 0.409805 -0.301380
86.000000 58.000000 -0.586665 -0.319377
126.000000 58.000000 -0.533810 -0.313210
211.000000 58.000000 -0.429745 -0.302104
214.000000 58.000000 -0.426257 -0.301762
250.000000 58.000000 -0.385271 -0.297925
1116.000000 58.000000 0.486866 -0.308159
1165.000000 58.000000 0.549170 -0.315168
234.000000 59.000000 -0.403191 -0.298500
1024.000000 59.000000 0.379131 -0.296442
1265.000000 59.000000 0.688046 -0.330622
242.000000 60.000000 -0.394042 -0.296600
1118.000000 60.000000 0.489068 -0.306212
245.000000 61.000000 -0.390569 -0.295229
1004.000000 61.000000 0.356911 -0.292434
1074.000000 61.000000 0.435999 -0.299642
1154.000000 62.000000 0.534260 -0.309012
908.000000 63.000000 0.256172 -0.283118
1066.000000 63.000000 0.426436 -0.296569
1071.000000 63.000000 0.432259 -0.297133
1126.000000 63.000000 0.498594 -0.303963
960.000000 64.000000 0.309614 -0.285640
1109.000000 64.000000 0.477495 -0.300629
237.000000 65.000000 -0.399171 -0.291775
239.000000 65.000000 -0.396914 -0.291572
1032.000000 66.000000 0.387369 -0.289790
1114.000000 66.000000 0.483357 -0.299072
1060.000000 67.000000 0.419056 -0.291608
247.000000 68.000000 -0.387637 -0.287593
245.000000 69.000000 -0.389776 -0.286728
250.000000 69.000000 -0.384194 -0.286245
143.000000 70.000000 -0.510481 -0.297427
918.000000 70.000000 0.265870 -0.276582
229.000000 71.000000 -0.407627 -0.286199
244.000000 71.000000 -0.390702 -0.284707
270.000000 71.000000 -0.361960 -0.282300
294.000000 71.000000 -0.336045 -0.280273
1122.000000 71.000000 0.492570 -0.294608
249.000000 72.000000 -0.385022 -0.283171
260.000000 72.000000 -0.372837 -0.282148
977.000000 72.000000 0.326936 -0.278656
1159.000000 72.000000 0.539285 -0.298526
1071.000000 74.000000 0.431036 -0.285294
218.000000 75.000000 -0.419790 -0.283073
221.000000 75.000000 -0.416348 -0.282762
262.000000 75.000000 -0.370366 -0.278819
1023.000000 75.000000 0.376501 -0.279431
1225.000000 75.000000 0.627962 -0.305198
1078.000000 76.000000 0.438993 -0.283916
1110.000000 76.000000 0.477215 -0.287632
228.000000 77.000000 -0.408158 -0.279926
962.000000 77.000000 0.310748 -0.272366
1097.000000 77.000000 0.461395 -0.284995
234.000000 79.000000 -0.401167 -0.277219
1135.000000 79.000000 0.507730 -0.287500
255.000000 80.000000 -0.377629 -0.274208
1086.000000 80.000000 0.447965 -0.280508
1137.000000 80.000000 0.510111 -0.286661
1188.000000 80.000000 0.576365 -0.293765
233.000000 81.000000 -0.402102 -0.275205
1199.000000 81.000000 0.591076 -0.294281
260.000000 82.000000 -0.371944 -0.271674
1037.000000 82.000000 0.391430 -0.273371
1110.000000 82.000000 0.476491 -0.281114
1070.000000 83.000000 0.428916 -0.275576
203.000000 84.000000 -0.436205 -0.275053
226.000000 84.000000 -0.409739 -0.272718
230.000000 84.000000 -0.405203 -0.272331
967.000000 84.000000 0.315485 -0.265541
1073.000000 84.000000 0.432294 -0.274825
1154.000000 84.000000 0.531177 -0.284498
222.000000 85.000000 -0.414196 -0.272054
1128.000000 85.000000 0.498232 -0.280042
952.000000 88.000000 0.299574 -0.260425
1074.000000 88.000000 0.433040 -0.270675
22.000000 90.000000 -0.671179 -0.292779
1198.000000 90.000000 0.588383 -0.283976
1005.000000 91.000000 0.355435 -0.261223
1151.000000 91.000000 0.526416 -0.276393
1216.000000 91.000000 0.612910 -0.285511
270.000000 92.000000 -0.360186 -0.260453
1059.000000 93.000000 0.415257 -0.263893
1123.000000 93.000000 0.491082 -0.270747
1175.000000 93.000000 0.557242 -0.277377
1199.000000 93.000000 0.589304 -0.280750
32.000000 94.000000 -0.656171 -0.286615
201.000000 94.000000 -0.437500 -0.264637
252.000000 94.000000 -0.379715 -0.259876
1075.000000 94.000000 0.433589 -0.264417
1088.000000 94.000000 0.448808 -0.265759
227.000000 95.000000 -0.407558 -0.261058
1155.000000 95.000000 0.531014 -0.272519
1273.000000 95.000000 0.693824 -0.289735
156.000000 96.000000 -0.491076 -0.267398
1269.000000 96.000000 0.687796 -0.287949
167.000000 97.000000 -0.477549 -0.265069
198.000000 97.000000 -0.440693 -0.261765
221.000000 97.000000 -0.414181 -0.259522
165.000000 98.000000 -0.479862 -0.264220
1028.000000 98.000000 0.380001 -0.255876
1214.000000 98.000000 0.609107 -0.277301
197.000000 99.000000 -0.441659 -0.259751
231.000000 99.000000 -0.402679 -0.256513
1108.000000 99.000000 0.472122 -0.262581
1141.000000 99.000000 0.512749 -0.266402
1241.000000 99.000000 0.646844 -0.280184
292.000000 100.000000 -0.335966 -0.250569
1027.000000 100.000000 0.378730 -0.253722
1030.000000 100.000000 0.382042 -0.253974
1105.000000 100.000000 0.468401 -0.261184
1134.000000 101.000000 0.503752 -0.263395
1192.000000 102.000000 0.578593 -0.269709
218.000000 103.000000 -0.417040 -0.253521
1248.000000 103.000000 0.656251 -0.276671
228.000000 104.000000 -0.405612 -0.251573
641.000000 104.000000 0.001076 -0.235226
1105.000000 104.000000 0.467971 -0.256919
212.000000 105.000000 -0.423715 -0.251985
1240.000000 105.000000 0.644522 -0.273199
898.000000 106.000000 0.243805 -0.239274
1188.000000 106.000000 0.572701 -0.264730
1204.000000 106.000000 0.594259 -0.266907
55.000000 107.000000 -0.621770 -0.268429
183.000000 107.000000 -0.457318 -0.252709
1181.000000 107.000000 0.563278 -0.262701
1226.000000 107.000000 0.624481 -0.268892
985.000000 110.000000 0.332630 -0.240313
1172.000000 110.000000 0.551078 -0.258249
1249.000000 110.000000 0.656647 -0.268837
269.000000 111.000000 -0.359798 -0.241026
1065.000000 111.000000 0.420433 -0.245610
1100.000000 112.000000 0.461164 -0.247914
1186.000000 112.000000 0.569250 -0.257844
191.000000 114.000000 -0.447202 -0.244543
215.000000 114.000000 -0.419466 -0.242328
228.000000 115.000000 -0.404660 -0.240168
1106.000000 115.000000 0.468024 -0.245352
1117.000000 115.000000 0.481289 -0.246491
1262.000000 117.000000 0.674414 -0.262756
227.000000 118.000000 -0.405533 -0.237155
1041.000000 118.000000 0.392760 -0.236315
1175.000000 118.000000 0.553999 -0.249880
961.000000 119.000000 0.306944 -0.229724
1258.000000 119.000000 0.668321 -0.259904
251.000000 120.000000 -0.378719 -0.233190
1102.000000 120.000000 0.462747 -0.239678
1167.000000 120.000000 0.543357 -0.246737
24.000000 121.000000 -0.663674 -0.257014
253.000000 121.000000 -0.376452 -0.232019
1046.000000 121.000000 0.398095 -0.233635
1185.000000 121.000000 0.566781 -0.247838
1260.000000 121.000000 0.670935 -0.257915
199.000000 122.000000 -0.437139 -0.235439
1117.000000 122.000000 0.480563 -0.239068
1112.000000 123.000000 0.474423 -0.237507
1115.000000 123.000000 0.478042 -0.237808
1179.000000 123.000000 0.558628 -0.244918
1190.000000 123.000000 0.573170 -0.246271
178.000000 127.000000 -0.461284 -0.232154
1063.000000 127.000000 0.416762 -0.228856
1114.000000 127.000000 0.476436 -0.233489
1235.000000 128.000000 0.634201 -0.246570
1257.000000 128.000000 0.665610 -0.249561
1026.000000 129.000000 0.375373 -0.223931
219.000000 130.000000 -0.413568 -0.225458
1128.000000 130.000000 0.493157 -0.231723
1228.000000 130.000000 0.624114 -0.243412
1257.000000 130.000000 0.665335 -0.247302
130.000000 131.000000 -0.519458 -0.232755
1181.000000 131.000000 0.560298 -0.236459
1183.000000 131.000000 0.562928 -0.236694
1202.000000 131.000000 0.588269 -0.238993
1205.000000 131.000000 0.592329 -0.239365
1241.000000 131.000000 0.642284 -0.244016
929.000000 132.000000 0.273559 -0.215093
1235.000000 132.000000 0.633670 -0.242104
1109.000000 134.000000 0.469757 -0.225659
1150.000000 134.000000 0.520083 -0.229761
215.000000 135.000000 -0.417695 -0.220647
236.000000 135.000000 -0.394139 -0.219026
126.000000 137.000000 -0.523859 -0.226780
1080.000000 137.000000 0.435403 -0.219966
1224.000000 137.000000 0.617644 -0.235135
1146.000000 138.000000 0.514640 -0.225085
1214.000000 138.000000 0.603729 -0.232788
215.000000 139.000000 -0.417378 -0.216548
254.000000 139.000000 -0.374070 -0.213688
1069.000000 139.000000 0.422612 -0.217005
1132.000000 139.000000 0.497168 -0.222617
1017.000000 140.000000 0.364825 -0.212189
1073.000000 140.000000 0.427103 -0.216301
1226.000000 140.000000 0.620046 -0.232071
1271.000000 141.000000 0.684230 -0.236761
181.000000 142.000000 -0.456385 -0.216262
1048.000000 142.000000 0.398707 -0.212331
1074.000000 142.000000 0.428088 -0.214328
175.000000 143.000000 -0.463383 -0.215748
1058.000000 143.000000 0.409835 -0.212058
1139.000000 144.000000 0.505317 -0.218031
1179.000000 144.000000 0.556200 -0.222187
1221.000000 144.000000 0.612624 -0.227048
189.000000 145.000000 -0.446764 -0.212483
1225.000000 145.000000 0.618040 -0.226434
1237.000000 146.000000 0.634699 -0.226804
1247.000000 146.000000 0.648875 -0.228052
1265.000000 146.000000 0.674815 -0.230345
142.000000 147.000000 -0.502899 -0.214592
1163.000000 149.000000 0.535005 -0.215140
141.000000 150.000000 -0.503848 -0.211534
177.000000 150.000000 -0.460416 -0.208326
208.000000 150.000000 -0.424481 -0.205847
1094.000000 150.000000 0.450600 -0.207727
1268.000000 150.000000 0.678677 -0.226235
134.000000 151.000000 -0.512428 -0.211148
1165.000000 151.000000 0.537358 -0.213217
1191.000000 151.000000 0.571221 -0.215965
138.000000 152.000000 -0.507367 -0.209716
1255.000000 152.000000 0.659585 -0.222370
132.000000 154.000000 -0.514633 -0.208180
1074.000000 154.000000 0.427154 -0.202052
163.000000 156.000000 -0.476558 -0.203302
1153.000000 156.000000 0.521634 -0.206733
1199.000000 156.000000 0.581329 -0.211445
1235.000000 156.000000 0.630679 -0.215526
1086.000000 157.000000 0.440729 -0.199903
1197.000000 157.000000 0.578548 -0.210150
171.000000 158.000000 -0.466850 -0.200565
1051.000000 159.000000 0.400850 -0.195339
1201.000000 159.000000 0.583684 -0.208424
1242.000000 159.000000 0.640190 -0.213045
1071.000000 161.000000 0.423218 -0.194711
1244.000000 161.000000 0.642790 -0.211074
140.000000 162.000000 -0.503984 -0.199062
145.000000 162.000000 -0.497843 -0.198622
1098.000000 162.000000 0.454324 -0.195714
1177.000000 162.000000 0.551713 -0.202724
1179.000000 162.000000 0.554311 -0.202924
1153.000000 163.000000 0.520974 -0.199364
145.000000 164.000000 -0.497669 -0.196541
177.000000 164.000000 -0.459281 -0.193913
1181.000000 164.000000 0.556716 -0.200994
218.000000 165.000000 -0.412097 -0.189915
147.000000 166.000000 -0.495054 -0.194291
1144.000000 166.000000 0.509466 -0.195407
1181.000000 166.000000 0.556518 -0.198865
1183.000000 166.000000 0.559129 -0.199063
1253.000000 166.000000 0.655040 -0.206599
1276.000000 166.000000 0.688437 -0.209288
160.000000 167.000000 -0.479241 -0.192178
218.000000 167.000000 -0.411963 -0.187899
153.000000 168.000000 -0.487596 -0.191716
1064.000000 168.000000 0.414806 -0.187143
179.000000 169.000000 -0.456549 -0.188639
1017.000000 169.000000 0.363042 -0.183233
1079.000000 170.000000 0.431711 -0.186152
1187.000000 170.000000 0.563975 -0.195197
1240.000000 170.000000 0.636113 -0.200733
1256.000000 170.000000 0.658888 -0.202524
167.000000 171.000000 -0.470563 -0.187507
225.000000 171.000000 -0.403876 -0.183422
213.000000 173.000000 -0.417190 -0.182188
137.000000 174.000000 -0.506648 -0.186825
1187.000000 174.000000 0.563588 -0.190943
1202.000000 174.000000 0.583470 -0.192407
1269.000000 174.000000 0.677260 -0.199566
1116.000000 175.000000 0.474625 -0.183773
139.000000 177.000000 -0.503937 -0.183546
1118.000000 177.000000 0.476865 -0.181873
1190.000000 177.000000 0.567245 -0.188041
139.000000 180.000000 -0.503694 -0.180439
159.000000 180.000000 -0.479424 -0.178883
168.000000 180.000000 -0.468698 -0.178215
175.000000 180.000000 -0.460436 -0.177708
950.000000 180.000000 0.292627 -0.169214
173.000000 181.000000 -0.462718 -0.176832
1126.000000 181.000000 0.486184 -0.178376
145.000000 182.000000 -0.496192 -0.177899
175.000000 182.000000 -0.460294 -0.175672
1168.000000 183.000000 0.538182 -0.179719
162.000000 184.000000 -0.475540 -0.174565
147.000000 185.000000 -0.493527 -0.174655
151.000000 185.000000 -0.488678 -0.174353
153.000000 185.000000 -0.486263 -0.174204
1097.000000 185.000000 0.451472 -0.172194
1142.000000 185.000000 0.505404 -0.175495
1168.000000 185.000000 0.538010 -0.177625
1257.000000 185.000000 0.658690 -0.186124
142.000000 186.000000 -0.499545 -0.174007
142.000000 188.000000 -0.499393 -0.171947
1089.000000 188.000000 0.441992 -0.168627
1200.000000 188.000000 0.579464 -0.177283
158.000000 189.000000 -0.479961 -0.169743
1138.000000 189.000000 0.500178 -0.171058
163.000000 190.000000 -0.473920 -0.168369
204.000000 190.000000 -0.426290 -0.165685
1149.000000 190.000000 0.513676 -0.170871
82.000000 191.000000 -0.575437 -0.173741
1241.000000 191.000000 0.635329 -0.177955
164.000000 192.000000 -0.472592 -0.166262
247.000000 192.000000 -0.378491 -0.161273
41.000000 193.000000 -0.631023 -0.175385
81.000000 193.000000 -0.576585 -0.171711
137.000000 193.000000 -0.505145 -0.167174
1272.000000 193.000000 0.679599 -0.178878
37.000000 194.000000 -0.636531 -0.174687
86.000000 194.000000 -0.569899 -0.170221
147.000000 194.000000 -0.492862 -0.165415
970.000000 194.000000 0.312471 -0.156492
1175.000000 194.000000 0.546224 -0.168791
1217.000000 194.000000 0.601813 -0.172444
1245.000000 194.000000 0.640677 -0.175092
140.000000 196.000000 -0.501246 -0.163868
142.000000 196.000000 -0.498802 -0.163724
1222.000000 196.000000 0.608462 -0.170762
1147.000000 197.000000 0.510663 -0.163489
1241.000000 197.000000 0.634749 -0.171457
1087.000000 198.000000 0.439059 -0.158437
1141.000000 199.000000 0.503120 -0.160993
1095.000000 200.000000 0.448175 -0.156915
1160.000000 200.000000 0.526667 -0.161363
1205.000000 200.000000 0.585078 -0.164993
985.000000 201.000000 0.327682 -0.150332
1076.000000 201.000000 0.426318 -0.154785
1168.000000 201.000000 0.536714 -0.160935
158.000000 202.000000 -0.479068 -0.156496
49.000000 203.000000 -0.618986 -0.163884
122.000000 203.000000 -0.523006 -0.157970
1170.000000 203.000000 0.539108 -0.159009
133.000000 204.000000 -0.509273 -0.156153
1269.000000 204.000000 0.674142 -0.166499
1276.000000 204.000000 0.684368 -0.167166
51.000000 205.000000 -0.616052 -0.161567
74.000000 205.000000 -0.584871 -0.159617
1063.000000 205.000000 0.411453 -0.150086
122.000000 206.000000 -0.522789 -0.154875
54.000000 207.000000 -0.611758 -0.159172
1165.000000 207.000000 0.532457 -0.154486
1276.000000 207.000000 0.684083 -0.163870
62.000000 209.000000 -0.600682 -0.156371
128.000000 210.000000 -0.515038 -0.150339
1275.000000 211.000000 0.682247 -0.159391
55.000000 212.000000 -0.609969 -0.153760
136.000000 212.000000 -0.505040 -0.147753
200.000000 212.000000 -0.429571 -0.143946
1125.000000 212.000000 0.482823 -0.146652
1169.000000 212.000000 0.537169 -0.149599
1211.000000 212.000000 0.592139 -0.152789
1196.000000 213.000000 0.572063 -0.150558
1108.000000 214.000000 0.462513 -0.143606
1168.000000 214.000000 0.535757 -0.147459
170.000000 215.000000 -0.464048 -0.142612
180.000000 215.000000 -0.452368 -0.142044
177.000000 216.000000 -0.455801 -0.141210
1004.000000 216.000000 0.346952 -0.136575
1171.000000 216.000000 0.539432 -0.145601
1210.000000 216.000000 0.590476 -0.148484
1240.000000 216.000000 0.631653 -0.150905
101.000000 217.000000 -0.548612 -0.144991
1165.000000 217.000000 0.531749 -0.144153
1264.000000 217.000000 0.665714 -0.151866
118.000000 218.000000 -0.526969 -0.142794
1179.000000 218.000000 0.549538 -0.144090
105.000000 219.000000 -0.543352 -0.142641
1193.000000 219.000000 0.567667 -0.144053
1247.000000 219.000000 0.641252 -0.148265
101.000000 220.000000 -0.548402 -0.141881
149.000000 220.000000 -0.488737 -0.138798
1002.000000 220.000000 0.344691 -0.132627
1261.000000 220.000000 0.661133 -0.148355
104.000000 221.000000 -0.544492 -0.140641
1084.000000 221.000000 0.434339 -0.135296
1156.000000 221.000000 0.520184 -0.139444
101.000000 222.000000 -0.548265 -0.139810
85.000000 223.000000 -0.568945 -0.139878
148.000000 223.000000 -0.489765 -0.135818
142.000000 224.000000 -0.496967 -0.135158
1158.000000 224.000000 0.522490 -0.136496
180.000000 225.000000 -0.451829 -0.132045
187.000000 225.000000 -0.443747 -0.131686
181.000000 227.000000 -0.450568 -0.129998
193.000000 227.000000 -0.436773 -0.129400
1091.000000 227.000000 0.442054 -0.129684
85.000000 228.000000 -0.568599 -0.134667
106.000000 228.000000 -0.541480 -0.133283
198.000000 228.000000 -0.431033 -0.128167
1160.000000 228.000000 0.524743 -0.132522
1172.000000 228.000000 0.539901 -0.133277
1024.000000 229.000000 0.367688 -0.124759
1070.000000 229.000000 0.418106 -0.126700
1249.000000 229.000000 0.643281 -0.137684
120.000000 230.000000 -0.523704 -0.130360
1084.000000 230.000000 0.433895 -0.126364
1207.000000 230.000000 0.585424 -0.133539
1242.000000 230.000000 0.633343 -0.136080
95.000000 231.000000 -0.555392 -0.130891
117.000000 232.000000 -0.527337 -0.128493
1242.000000 232.000000 0.633193 -0.133944
107.000000 233.000000 -0.539896 -0.128074
195.000000 233.000000 -0.434208 -0.123359
138.000000 234.000000 -0.501262 -0.125247
918.000000 234.000000 0.258907 -0.116664
94.000000 235.000000 -0.556431 -0.126816
1104.000000 236.000000 0.456658 -0.121362
1118.000000 236.000000 0.473116 -0.122056
1262.000000 236.000000 0.661299 -0.131146
185.000000 237.000000 -0.445466 -0.119858
1208.000000 237.000000 0.586286 -0.126276
1270.000000 237.000000 0.672790 -0.130665
8.000000 238.000000 -0.674166 -0.129563
92.000000 238.000000 -0.558833 -0.123838
965.000000 238.000000 0.305834 -0.114130
1152.000000 238.000000 0.514192 -0.121843
64.000000 239.000000 -0.595757 -0.124574
135.000000 239.000000 -0.504654 -0.120345
1178.000000 239.000000 0.546886 -0.122318
1185.000000 239.000000 0.555904 -0.122739
1099.000000 240.000000 0.450660 -0.117144
1142.000000 240.000000 0.501787 -0.119271
1084.000000 241.000000 0.433394 -0.115483
1096.000000 241.000000 0.447146 -0.116015
1054.000000 242.000000 0.399767 -0.113270
1194.000000 243.000000 0.567381 -0.119144
1276.000000 244.000000 0.681023 -0.123523
1183.000000 245.000000 0.552965 -0.116430
1048.000000 246.000000 0.393028 -0.109145
1092.000000 246.000000 0.442323 -0.110886
83.000000 247.000000 -0.570022 -0.115061
1270.000000 247.000000 0.672069 -0.119858
1111.000000 248.000000 0.464287 -0.109730
1193.000000 249.000000 0.565720 -0.112873
1213.000000 249.000000 0.592232 -0.114044
1166.000000 250.000000 0.531025 -0.110373
1255.000000 250.000000 0.650300 -0.115628
1091.000000 251.000000 0.440968 -0.105903
1201.000000 251.000000 0.576121 -0.111257
21.000000 252.000000 -0.654507 -0.113608
1173.000000 252.000000 0.539777 -0.108695
1260.000000 252.000000 0.657311 -0.113814
1201.000000 253.000000 0.576008 -0.109182
1276.000000 253.000000 0.680405 -0.113784
108.000000 254.000000 -0.537452 -0.106502
1067.000000 254.000000 0.413726 -0.102034
104.000000 255.000000 -0.542476 -0.105683
1043.000000 255.000000 0.387260 -0.100230
1105.000000 256.000000 0.456933 -0.101524
1050.000000 257.000000 0.394834 -0.098521
69.000000 258.000000 -0.587915 -0.104432
1065.000000 259.000000 0.411322 -0.097080
1186.000000 259.000000 0.556082 -0.102188
1218.000000 259.000000 0.598396 -0.103884
108.000000 260.000000 -0.537157 -0.100381
1076.000000 260.000000 0.423594 -0.096485
91.000000 262.000000 -0.558801 -0.099158
1251.000000 262.000000 0.643883 -0.102591
105.000000 263.000000 -0.540815 -0.097464
1188.000000 263.000000 0.558472 -0.098177
77.000000 264.000000 -0.576989 -0.097792
103.000000 264.000000 -0.543310 -0.096536
138.000000 264.000000 -0.499807 -0.094992
52.000000 265.000000 -0.610487 -0.098038
79.000000 265.000000 -0.574305 -0.096659
1190.000000 265.000000 0.560970 -0.096218
137.000000 266.000000 -0.500939 -0.093025
1249.000000 266.000000 0.640831 -0.098232
99.000000 267.000000 -0.548274 -0.093656
1276.000000 267.000000 0.679543 -0.098684
51.000000 268.000000 -0.611697 -0.094948
1265.000000 268.000000 0.663530 -0.096989
53.000000 269.000000 -0.608916 -0.093799
1153.000000 270.000000 0.513886 -0.089483
1267.000000 270.000000 0.666304 -0.094959
65.000000 271.000000 -0.592599 -0.091125
1187.000000 271.000000 0.556802 -0.089920
56.000000 272.000000 -0.604688 -0.090517
1068.000000 272.000000 0.414243 -0.084505
126.000000 273.000000 -0.514124 -0.086425
1061.000000 273.000000 0.406442 -0.083326
1267.000000 273.000000 0.666143 -0.091750
84.000000 274.000000 -0.567336 -0.087154
1118.000000 274.000000 0.471491 -0.084160
1125.000000 274.000000 0.479789 -0.084407
1143.000000 274.000000 0.501465 -0.085067
95.000000 275.000000 -0.553051 -0.085656
85.000000 276.000000 -0.565946 -0.085055
1180.000000 276.000000 0.547582 -0.084506
1220.000000 276.000000 0.600240 -0.086254
1272.000000 276.000000 0.673227 -0.088798
63.000000 278.000000 -0.594960 -0.083948
1248.000000 278.000000 0.638803 -0.085475
1123.000000 279.000000 0.477239 -0.079366
1209.000000 279.000000 0.585331 -0.082649
1198.000000 280.000000 0.570743 -0.081153
1272.000000 280.000000 0.673026 -0.084513
1178.000000 281.000000 0.544826 -0.079330
1180.000000 281.000000 0.547381 -0.079407
1241.000000 281.000000 0.628859 -0.081984
1103.000000 282.000000 0.453695 -0.075767
50.000000 283.000000 -0.612357 -0.079309
1153.000000 283.000000 0.513395 -0.076390
1255.000000 283.000000 0.648465 -0.080511
1271.000000 284.000000 0.671384 -0.080184
113.000000 285.000000 -0.529830 -0.074797
1105.000000 285.000000 0.455926 -0.072871
1257.000000 285.000000 0.651219 -0.078481
105.000000 286.000000 -0.539870 -0.074067
116.000000 286.000000 -0.526045 -0.073683
1122.000000 286.000000 0.475831 -0.072386
45.000000 289.000000 -0.618967 -0.073247
1100.000000 289.000000 0.450029 -0.068797
1153.000000 290.000000 0.513162 -0.069354
1202.000000 290.000000 0.575614 -0.071023
1204.000000 292.000000 0.578182 -0.069037
1135.000000 293.000000 0.491149 -0.065813
1144.000000 293.000000 0.502045 -0.066073
1209.000000 293.000000 0.584779 -0.068185
1213.000000 293.000000 0.590119 -0.068328
1137.000000 294.000000 0.493531 -0.064873
38.000000 295.000000 -0.628412 -0.067234
40.000000 296.000000 -0.625601 -0.066113
60.000000 296.000000 -0.598283 -0.065401
1129.000000 296.000000 0.483872 -0.062664
956.000000 297.000000 0.295474 -0.058251
1212.000000 297.000000 0.588642 -0.064161
38.000000 298.000000 -0.628303 -0.064089
1216.000000 298.000000 0.593969 -0.063262
986.000000 300.000000 0.325946 -0.055866
1204.000000 300.000000 0.577913 -0.060809
46.000000 304.000000 -0.617056 -0.057550
1123.000000 304.000000 0.476537 -0.054588
1138.000000 304.000000 0.494476 -0.054939
1140.000000 306.000000 0.496847 -0.052995
1149.000000 308.000000 0.507757 -0.051208
1121.000000 309.000000 0.474062 -0.049603
1258.000000 309.000000 0.651741 -0.053110
1238.000000 310.000000 0.623616 -0.051470
1127.000000 311.000000 0.481136 -0.047748
1169.000000 311.000000 0.532504 -0.048659
1206.000000 311.000000 0.580244 -0.049564
1255.000000 312.000000 0.647389 -0.049855
1243.000000 313.000000 0.630483 -0.048470
24.000000 314.000000 -0.647422 -0.047715
1125.000000 315.000000 0.478681 -0.043753
14.000000 316.000000 -0.661605 -0.045869
141.000000 316.000000 -0.494609 -0.042989
1062.000000 317.000000 0.406596 -0.040775
1204.000000 317.000000 0.577455 -0.043358
31.000000 318.000000 -0.637466 -0.043329
36.000000 318.000000 -0.630487 -0.043208
1053.000000 318.000000 0.396694 -0.039687
9.000000 319.000000 -0.668716 -0.042815
39.000000 319.000000 -0.626298 -0.042091
30.000000 320.000000 -0.638820 -0.041254
48.000000 320.000000 -0.613885 -0.040844
4.000000 322.000000 -0.675878 -0.039744
12.000000 323.000000 -0.664304 -0.038500
1128.000000 324.000000 0.482098 -0.034905
68.000000 325.000000 -0.586806 -0.035269
93.000000 326.000000 -0.554120 -0.033807
1146.000000 326.000000 0.503751 -0.033188
23.000000 327.000000 -0.648534 -0.034046
17.000000 328.000000 -0.657042 -0.033107
91.000000 328.000000 -0.556659 -0.031810
12.000000 329.000000 -0.664181 -0.032143
1071.000000 329.000000 0.416427 -0.029298
1117.000000 329.000000 0.469021 -0.029824
1053.000000 330.000000 0.396556 -0.028153
1035.000000 331.000000 0.377048 -0.027031
1074.000000 331.000000 0.419753 -0.027394
1146.000000 332.000000 0.503669 -0.027211
30.000000 333.000000 -0.638567 -0.027620
64.000000 333.000000 -0.592008 -0.027108
1147.000000 334.000000 0.504865 -0.025231
103.000000 335.000000 -0.541240 -0.024557
1261.000000 335.000000 0.655430 -0.025716
240.000000 336.000000 -0.381820 -0.022281
1155.000000 336.000000 0.514652 -0.023324
20.000000 337.000000 -0.652624 -0.023562
1203.000000 337.000000 0.575792 -0.022858
24.000000 338.000000 -0.646942 -0.022456
59.000000 338.000000 -0.598651 -0.022022
1177.000000 338.000000 0.542156 -0.021550
1192.000000 339.000000 0.561394 -0.020694
1209.000000 340.000000 0.583695 -0.019852
1086.000000 341.000000 0.433167 -0.017800
1172.000000 342.000000 0.535790 -0.017468
1230.000000 343.000000 0.611977 -0.016967
11.000000 344.000000 -0.665406 -0.016272
1148.000000 344.000000 0.505993 -0.015279
1195.000000 344.000000 0.565246 -0.015633
1090.000000 345.000000 0.437681 -0.013937
1172.000000 345.000000 0.535767 -0.014446
1229.000000 345.000000 0.610592 -0.014885
1204.000000 346.000000 0.577024 -0.013660
1197.000000 349.000000 0.567820 -0.010552
6.000000 352.000000 -0.672560 -0.007827
1180.000000 352.000000 0.545873 -0.007427
1197.000000 352.000000 0.567805 -0.007494
1016.000000 354.000000 0.356719 -0.005048
1187.000000 354.000000 0.554834 -0.005426
4.000000 355.000000 -0.675446 -0.004648
1251.000000 355.000000 0.641064 -0.004581
1208.000000 356.000000 0.582267 -0.003439
1223.000000 357.000000 0.602370 -0.002437
1145.000000 361.000000 0.502283 0.001649
4.000000 362.000000 -0.675440 0.002791
497.000000 362.000000 -0.129466 0.002444
1143.000000 362.000000 0.499854 0.002642
1183.000000 363.000000 0.549693 0.003695
1258.000000 363.000000 0.650970 0.003825
1190.000000 365.000000 0.558702 0.005737
1202.000000 365.000000 0.574348 0.005769
80.000000 366.000000 -0.570680 0.006778
188.000000 368.000000 -0.439249 0.008429
1072.000000 368.000000 0.417390 0.008376
1142.000000 368.000000 0.498655 0.008600
1131.000000 369.000000 0.485426 0.009550
1227.000000 369.000000 0.607825 0.009980
1270.000000 369.000000 0.668200 0.010210
53.000000 370.000000 -0.606659 0.011004
1128.000000 370.000000 0.481853 0.010525
1177.000000 370.000000 0.542066 0.010751
1209.000000 370.000000 0.583618 0.010916
1108.000000 371.000000 0.458348 0.011422
1211.000000 371.000000 0.586283 0.011954
1129.000000 372.000000 0.483054 0.012505
1189.000000 372.000000 0.557441 0.012842
1095.000000 373.000000 0.443375 0.013315
1266.000000 373.000000 0.662461 0.014421
1073.000000 374.000000 0.418529 0.014177
1217.000000 374.000000 0.594329 0.015080
1029.000000 381.000000 0.370570 0.020645
1162.000000 381.000000 0.523295 0.021705
1222.000000 381.000000 0.601137 0.022349
1232.000000 382.000000 0.614776 0.023506
1235.000000 389.000000 0.619004 0.030828
1070.000000 390.000000 0.415308 0.029617
1138.000000 390.000000 0.494004 0.030408
1217.000000 391.000000 0.594538 0.032599
1271.000000 391.000000 0.669917 0.033572
1162.000000 392.000000 0.523431 0.032739
144.000000 393.000000 -0.490829 0.033332
1112.000000 394.000000 0.463210 0.034012
1257.000000 394.000000 0.649893 0.036472
1263.000000 394.000000 0.658455 0.036594
1065.000000 395.000000 0.409815 0.034390
1012.000000 396.000000 0.352688 0.034766
1077.000000 396.000000 0.423197 0.035504
1241.000000 396.000000 0.627441 0.038241
1081.000000 398.000000 0.427719 0.037497
281.000000 400.000000 -0.338639 0.038402
1188.000000 400.000000 0.556518 0.041274
919.000000 401.000000 0.258525 0.038614
1242.000000 402.000000 0.628968 0.044538
192.000000 405.000000 -0.435068 0.044381
1254.000000 405.000000 0.645896 0.047995
1153.000000 407.000000 0.512565 0.047608
1008.000000 409.000000 0.348643 0.047054
1262.000000 411.000000 0.657459 0.054564
1265.000000 412.000000 0.661794 0.055718
1269.000000 412.000000 0.667558 0.055844
1238.000000 413.000000 0.623713 0.055933
1241.000000 413.000000 0.627878 0.056025
287.000000 415.000000 -0.332612 0.052505
1118.000000 415.000000 0.470620 0.054793
1170.000000 415.000000 0.533921 0.056055
1238.000000 415.000000 0.623775 0.058025
1247.000000 415.000000 0.636324 0.058312
1116.000000 416.000000 0.468291 0.055735
1240.000000 416.000000 0.626582 0.059135
1260.000000 417.000000 0.654795 0.060854
287.000000 418.000000 -0.332656 0.055341
1187.000000 418.000000 0.555672 0.059569
1255.000000 418.000000 0.647712 0.061740
1226.000000 421.000000 0.607480 0.063888
152.000000 423.000000 -0.481878 0.062906
1252.000000 424.000000 0.643681 0.067967
1260.000000 424.000000 0.655049 0.068272
1116.000000 425.000000 0.468510 0.064618
1198.000000 425.000000 0.570193 0.067070
1208.000000 425.000000 0.583391 0.067411
1175.000000 426.000000 0.540563 0.067333
1185.000000 427.000000 0.553377 0.068677
1194.000000 427.000000 0.565034 0.068983
1232.000000 427.000000 0.615910 0.070358
1124.000000 428.000000 0.478041 0.067804
1167.000000 428.000000 0.530528 0.069101
1262.000000 428.000000 0.658070 0.072597
1276.000000 428.000000 0.678311 0.073178
1033.000000 429.000000 0.375501 0.066558
1274.000000 429.000000 0.675439 0.074164
1127.000000 430.000000 0.481667 0.069874
1256.000000 430.000000 0.649590 0.074470
1258.000000 431.000000 0.652479 0.075614
661.000000 432.000000 0.019079 0.065576
1089.000000 433.000000 0.437487 0.071764
1092.000000 433.000000 0.440910 0.071845
1152.000000 433.000000 0.512042 0.073649
1203.000000 433.000000 0.577059 0.075471
1228.000000 433.000000 0.610661 0.076464
1037.000000 434.000000 0.379914 0.071445
1150.000000 434.000000 0.509616 0.074587
1205.000000 434.000000 0.579743 0.076579
1124.000000 435.000000 0.478249 0.074748
1168.000000 435.000000 0.532023 0.076216
1133.000000 436.000000 0.489032 0.076029
932.000000 437.000000 0.271750 0.072274
1026.000000 437.000000 0.368182 0.074073
1066.000000 439.000000 0.411776 0.076994
1226.000000 443.000000 0.608365 0.086816
1205.000000 445.000000 0.580206 0.087934
1216.000000 445.000000 0.594901 0.088437
994.000000 446.000000 0.334714 0.081935
1055.000000 446.000000 0.399813 0.083482
1138.000000 446.000000 0.495410 0.086192
1199.000000 446.000000 0.572330 0.088697
1117.000000 447.000000 0.470363 0.086426
1121.000000 447.000000 0.475091 0.086568
1132.000000 447.000000 0.488213 0.086969
1082.000000 448.000000 0.429980 0.086239
1211.000000 448.000000 0.588333 0.091318
1243.000000 448.000000 0.632099 0.092895
1263.000000 448.000000 0.660446 0.093939
1135.000000 450.000000 0.491938 0.090082
1230.000000 450.000000 0.614183 0.094337
886.000000 451.000000 0.227063 0.084594
776.000000 452.000000 0.123713 0.084243
1060.000000 452.000000 0.405502 0.089453
1062.000000 452.000000 0.407715 0.089515
1135.000000 452.000000 0.492016 0.092083
1217.000000 452.000000 0.596587 0.095769
1095.000000 454.000000 0.445006 0.092568
1051.000000 455.000000 0.395690 0.092088
1220.000000 456.000000 0.600850 0.100097
1080.000000 457.000000 0.428018 0.094989
324.000000 459.000000 -0.295694 0.093354
1239.000000 459.000000 0.627114 0.104293
322.000000 460.000000 -0.297733 0.094343
1250.000000 460.000000 0.642599 0.105991
1236.000000 463.000000 0.623178 0.108343
1057.000000 464.000000 0.402580 0.101030
1214.000000 464.000000 0.593187 0.108120
876.000000 465.000000 0.217673 0.097437
982.000000 465.000000 0.322777 0.099712
1002.000000 465.000000 0.343539 0.100263
1175.000000 465.000000 0.542187 0.107051
1248.000000 465.000000 0.640078 0.111186
1275.000000 465.000000 0.678824 0.112894
1256.000000 466.000000 0.651481 0.112752
983.000000 467.000000 0.323861 0.101643
1067.000000 467.000000 0.413781 0.104314
1154.000000 467.000000 0.515906 0.108034
1003.000000 469.000000 0.344703 0.104123
1087.000000 469.000000 0.436415 0.107048
1101.000000 469.000000 0.452513 0.107624
1251.000000 469.000000 0.644570 0.115634
1254.000000 469.000000 0.648826 0.115828
1103.000000 470.000000 0.454877 0.108701
1124.000000 470.000000 0.479595 0.109632
1151.000000 470.000000 0.512345 0.110926
1207.000000 470.000000 0.584161 0.113972
1215.000000 470.000000 0.594884 0.114447
1255.000000 471.000000 0.650380 0.118031
1086.000000 472.000000 0.435397 0.109966
1148.000000 472.000000 0.508749 0.112801
1217.000000 472.000000 0.597705 0.116662
1022.000000 473.000000 0.364922 0.108567
1272.000000 475.000000 0.675127 0.123493
1188.000000 476.000000 0.559516 0.119077
1243.000000 476.000000 0.633761 0.122561
1257.000000 476.000000 0.653571 0.123520
1098.000000 477.000000 0.449388 0.115429
1076.000000 478.000000 0.424309 0.115462
1270.000000 478.000000 0.672434 0.126593
991.000000 479.000000 0.332487 0.113336
1090.000000 479.000000 0.440268 0.117054
1088.000000 480.000000 0.438023 0.117955
1049.000000 481.000000 0.394409 0.117305
1103.000000 481.000000 0.455373 0.119636
1153.000000 481.000000 0.515399 0.122201
1142.000000 482.000000 0.501917 0.122613
1193.000000 482.000000 0.566401 0.125595
1260.000000 482.000000 0.658293 0.130178
49.000000 483.000000 -0.616323 0.129022
1017.000000 483.000000 0.359940 0.118050
1077.000000 483.000000 0.425653 0.120431
984.000000 484.000000 0.325392 0.117902
1207.000000 484.000000 0.585038 0.128585
1017.000000 485.000000 0.360012 0.119982
950.000000 486.000000 0.290783 0.118791
1109.000000 486.000000 0.462627 0.124916
1188.000000 486.000000 0.560131 0.129427
1214.000000 486.000000 0.594565 0.131154
1016.000000 487.000000 0.359021 0.121880
1185.000000 487.000000 0.556301 0.130271
1141.000000 488.000000 0.501028 0.128639
1203.000000 488.000000 0.579980 0.132499
267.000000 489.000000 -0.355372 0.123642
1201.000000 489.000000 0.577394 0.133408
938.000000 490.000000 0.278862 0.122249
928.000000 491.000000 0.268935 0.122924
1194.000000 491.000000 0.568300 0.135019
967.000000 492.000000 0.308191 0.125011
1074.000000 492.000000 0.422676 0.129178
1091.000000 492.000000 0.442028 0.129999
1192.000000 492.000000 0.565747 0.135924
1093.000000 493.000000 0.444380 0.131094
1188.000000 493.000000 0.560593 0.136693
1248.000000 494.000000 0.642118 0.142160
1203.000000 495.000000 0.580468 0.139826
1112.000000 496.000000 0.466681 0.135095
1235.000000 497.000000 0.624129 0.144346
1038.000000 498.000000 0.383103 0.133451
1059.000000 500.000000 0.406267 0.136364
1092.000000 500.000000 0.443589 0.138019
1004.000000 501.000000 0.346856 0.134968
1042.000000 501.000000 0.387593 0.136562
957.000000 502.000000 0.298343 0.134241
1226.000000 504.000000 0.612249 0.151088
1115.000000 505.000000 0.470741 0.144326
1069.000000 506.000000 0.417735 0.142785
1137.000000 508.000000 0.497365 0.148737
1038.000000 509.000000 0.383600 0.144222
1154.000000 509.000000 0.518385 0.150901
1114.000000 510.000000 0.469858 0.149314
1208.000000 510.000000 0.588291 0.155994
918.000000 511.000000 0.259601 0.141592
1131.000000 511.000000 0.490274 0.151403
45.000000 512.000000 -0.624106 0.160210
1047.000000 512.000000 0.393589 0.147606
1233.000000 512.000000 0.622592 0.160221
1123.000000 513.000000 0.480770 0.152919
182.000000 515.000000 -0.450652 0.153275
1157.000000 515.000000 0.522558 0.157295
1163.000000 516.000000 0.530178 0.158771
1193.000000 516.000000 0.568848 0.161103
1239.000000 516.000000 0.631316 0.165052
1041.000000 517.000000 0.387261 0.152233
1091.000000 517.000000 0.443394 0.154972
1230.000000 517.000000 0.618873 0.165318
1259.000000 517.000000 0.659791 0.167982
1261.000000 518.000000 0.662764 0.169262
1104.000000 519.000000 0.458635 0.157783
1150.000000 521.000000 0.514266 0.162974
1155.000000 521.000000 0.520498 0.163347
1240.000000 521.000000 0.633177 0.170537
1068.000000 522.000000 0.417476 0.158632
1021.000000 523.000000 0.365893 0.157143
994.000000 524.000000 0.337309 0.156869
1113.000000 525.000000 0.469640 0.164449
1140.000000 525.000000 0.502213 0.166355
1082.000000 526.000000 0.433598 0.163461
1165.000000 526.000000 0.533482 0.169310
228.000000 527.000000 -0.399269 0.162609
1243.000000 527.000000 0.637971 0.177319
1265.000000 527.000000 0.669427 0.179505
1144.000000 528.000000 0.507361 0.169745
1262.000000 528.000000 0.665188 0.180299
1165.000000 529.000000 0.533724 0.172435
1220.000000 531.000000 0.606403 0.179416
961.000000 532.000000 0.303519 0.163224
1007.000000 533.000000 0.351439 0.166266
1009.000000 533.000000 0.353563 0.166364
1055.000000 533.000000 0.403566 0.168844
1185.000000 533.000000 0.559805 0.178328
1108.000000 534.000000 0.464343 0.173259
1170.000000 534.000000 0.540512 0.178078
1201.000000 534.000000 0.581010 0.180836
932.000000 535.000000 0.274321 0.164986
1006.000000 535.000000 0.350476 0.168178
1128.000000 535.000000 0.488332 0.175740
1151.000000 535.000000 0.516596 0.177541
1173.000000 535.000000 0.544443 0.179384
1210.000000 535.000000 0.593187 0.182749
1061.000000 536.000000 0.410442 0.172197
1063.000000 537.000000 0.412746 0.173320
1176.000000 537.000000 0.548480 0.181748
1157.000000 539.000000 0.524444 0.182202
1178.000000 539.000000 0.551242 0.184032
1003.000000 540.000000 0.347547 0.172936
1029.000000 541.000000 0.375466 0.175306
1180.000000 544.000000 0.554293 0.189496
1220.000000 544.000000 0.607690 0.193413
168.000000 545.000000 -0.469103 0.184651
1226.000000 545.000000 0.616056 0.195117
1109.000000 546.000000 0.466403 0.185587
866.000000 548.000000 0.209986 0.175227
1012.000000 549.000000 0.357600 0.182282
1202.000000 549.000000 0.583802 0.196958
1184.000000 550.000000 0.560076 0.196240
1113.000000 551.000000 0.471546 0.191029
1210.000000 551.000000 0.594785 0.199932
1154.000000 552.000000 0.521809 0.195538
201.000000 553.000000 -0.431257 0.190387
1039.000000 553.000000 0.387091 0.187842
1129.000000 554.000000 0.491067 0.195438
1184.000000 554.000000 0.560470 0.200497
1250.000000 554.000000 0.650769 0.207593
984.000000 555.000000 0.328331 0.186707
1041.000000 555.000000 0.389416 0.189970
1051.000000 555.000000 0.400483 0.190615
1094.000000 555.000000 0.449449 0.193657
819.000000 556.000000 0.165363 0.181578
1134.000000 557.000000 0.497432 0.198986
1175.000000 557.000000 0.549056 0.202798
1245.000000 557.000000 0.643998 0.210325
1095.000000 558.000000 0.450847 0.196804
1177.000000 558.000000 0.551747 0.204060
1186.000000 558.000000 0.563495 0.204967
650.000000 560.000000 0.009277 0.183236
1178.000000 560.000000 0.553246 0.206289
1164.000000 561.000000 0.535317 0.205961
1175.000000 561.000000 0.549455 0.207052
1198.000000 561.000000 0.579701 0.209440
1101.000000 562.000000 0.458204 0.201386
1158.000000 563.000000 0.527885 0.207493
911.000000 564.000000 0.254522 0.192158
1071.000000 564.000000 0.423618 0.201112
1118.000000 564.000000 0.478610 0.204874
1057.000000 565.000000 0.407868 0.201114
1120.000000 565.000000 0.481107 0.206087
1161.000000 566.000000 0.531987 0.210963
1165.000000 567.000000 0.537191 0.212426
1228.000000 567.000000 0.621277 0.219339
1111.000000 568.000000 0.470565 0.208420
660.000000 569.000000 0.018432 0.191726
1089.000000 570.000000 0.444802 0.208644
1143.000000 570.000000 0.509738 0.213429
1164.000000 570.000000 0.536217 0.215514
1149.000000 571.000000 0.517328 0.215068
1233.000000 572.000000 0.628857 0.225442
722.000000 573.000000 0.075326 0.195952
1064.000000 573.000000 0.416343 0.209756
1169.000000 573.000000 0.542944 0.219233
1069.000000 574.000000 0.422097 0.211160
1114.000000 574.000000 0.474685 0.214920
1160.000000 574.000000 0.531526 0.219360
1240.000000 575.000000 0.639081 0.229626
1011.000000 576.000000 0.358132 0.209098
1217.000000 576.000000 0.607143 0.227905
1197.000000 577.000000 0.580145 0.226636
990.000000 578.000000 0.335903 0.209803
240.000000 579.000000 -0.389311 0.213961
1089.000000 579.000000 0.445550 0.217923
1275.000000 579.000000 0.690109 0.238627
235.000000 581.000000 -0.394989 0.216352
927.000000 581.000000 0.271237 0.209423
1099.000000 581.000000 0.457457 0.220864
1023.000000 582.000000 0.371502 0.215927
1178.000000 582.000000 0.555599 0.229879
989.000000 583.000000 0.335149 0.214731
1021.000000 583.000000 0.369396 0.216799
1060.000000 584.000000 0.412669 0.220689
1187.000000 585.000000 0.567773 0.234161
1234.000000 585.000000 0.631895 0.239974
1256.000000 585.000000 0.663230 0.242871
943.000000 586.000000 0.287668 0.215131
1168.000000 587.000000 0.543181 0.234141
970.000000 588.000000 0.315548 0.218590
1053.000000 588.000000 0.405098 0.224234
1134.000000 588.000000 0.500376 0.231553
975.000000 589.000000 0.320816 0.219880
1145.000000 590.000000 0.514267 0.234832
1185.000000 590.000000 0.565721 0.239360
243.000000 591.000000 -0.386879 0.225935
446.000000 591.000000 -0.180219 0.215477
1269.000000 591.000000 0.682934 0.251425
257.000000 592.000000 -0.371609 0.225926
957.000000 593.000000 0.302381 0.222824
1126.000000 593.000000 0.491054 0.236031
1075.000000 594.000000 0.430617 0.232241
1269.000000 594.000000 0.683352 0.254837
257.000000 595.000000 -0.371826 0.228972
929.000000 595.000000 0.273936 0.223307
1038.000000 595.000000 0.388915 0.230227
1053.000000 595.000000 0.405659 0.231417
1078.000000 595.000000 0.434167 0.233543
1056.000000 596.000000 0.409122 0.232692
1101.000000 596.000000 0.461211 0.236711
1103.000000 596.000000 0.463590 0.236904
1095.000000 597.000000 0.454204 0.237187
1255.000000 597.000000 0.663431 0.256280
1092.000000 598.000000 0.450765 0.237951
1111.000000 598.000000 0.473361 0.239797
1082.000000 599.000000 0.439165 0.238066
1031.000000 601.000000 0.381648 0.235823
1074.000000 601.000000 0.430086 0.239423
1081.000000 601.000000 0.438187 0.240061
236.000000 603.000000 -0.395579 0.238770
1088.000000 603.000000 0.446543 0.242809
1265.000000 604.000000 0.678936 0.265671
1092.000000 605.000000 0.451436 0.245293
1125.000000 605.000000 0.491093 0.248682
97.000000 606.000000 -0.563955 0.256340
1058.000000 606.000000 0.412235 0.243199
937.000000 607.000000 0.282685 0.235650
1044.000000 607.000000 0.396557 0.243038
935.000000 608.000000 0.280706 0.236537
916.000000 609.000000 0.261562 0.236519
1184.000000 609.000000 0.566764 0.260030
918.000000 610.000000 0.263623 0.237616
1064.000000 611.000000 0.419513 0.248936
1117.000000 611.000000 0.481973 0.254219
1241.000000 612.000000 0.645522 0.271280
1266.000000 612.000000 0.681575 0.274983
388.000000 613.000000 -0.237413 0.239231
705.000000 613.000000 0.060096 0.233998
1116.000000 613.000000 0.480975 0.256245
1204.000000 614.000000 0.594292 0.268252
390.000000 615.000000 -0.235529 0.241119
1130.000000 615.000000 0.498366 0.259956
902.000000 616.000000 0.247912 0.242768
1128.000000 616.000000 0.496008 0.260803
1196.000000 616.000000 0.583733 0.269378
1209.000000 616.000000 0.601399 0.271187
355.000000 617.000000 -0.270602 0.244884
1091.000000 617.000000 0.451456 0.257855
1248.000000 617.000000 0.656266 0.278012
1246.000000 618.000000 0.653550 0.278854
1266.000000 618.000000 0.682482 0.281888
934.000000 619.000000 0.280312 0.247490
993.000000 619.000000 0.341807 0.251358
1128.000000 619.000000 0.496355 0.264035
954.000000 620.000000 0.300902 0.249711
1242.000000 620.000000 0.648136 0.280535
1249.000000 620.000000 0.658155 0.281595
1251.000000 620.000000 0.661031 0.281899
1266.000000 620.000000 0.682788 0.284195
369.000000 621.000000 -0.256725 0.248129
1223.000000 621.000000 0.621480 0.278836
1246.000000 621.000000 0.654004 0.282284
1253.000000 621.000000 0.664066 0.283352
1257.000000 621.000000 0.669849 0.283965
1239.000000 622.000000 0.644167 0.282364
1224.000000 623.000000 0.623173 0.281249
1270.000000 624.000000 0.689261 0.289440
1240.000000 625.000000 0.646046 0.285945
1262.000000 625.000000 0.677729 0.289350
267.000000 626.000000 -0.363324 0.259958
988.000000 626.000000 0.336991 0.258152
1259.000000 626.000000 0.673524 0.290037
1266.000000 626.000000 0.683720 0.291133
806.000000 627.000000 0.155002 0.249749
984.000000 627.000000 0.332811 0.258881
1263.000000 627.000000 0.679499 0.291820
317.000000 628.000000 -0.310264 0.258301
1110.000000 629.000000 0.475484 0.272734
1231.000000 629.000000 0.633908 0.289136
855.000000 631.000000 0.202319 0.255507
1234.000000 631.000000 0.638455 0.291887
1084.000000 632.000000 0.444780 0.273067
1227.000000 633.000000 0.628896 0.293090
1251.000000 633.000000 0.663056 0.296864
446.000000 634.000000 -0.181703 0.257576
998.000000 634.000000 0.348319 0.267157
1243.000000 634.000000 0.651730 0.296747
823.000000 635.000000 0.171531 0.258219
1098.000000 636.000000 0.461832 0.278900
1103.000000 636.000000 0.467835 0.279474
1135.000000 636.000000 0.507132 0.283361
1230.000000 636.000000 0.633586 0.296994
279.000000 637.000000 -0.351217 0.270365
930.000000 637.000000 0.277313 0.265420
940.000000 637.000000 0.287555 0.266052
1105.000000 637.000000 0.470363 0.280787
1225.000000 638.000000 0.626869 0.298500
309.000000 639.000000 -0.319414 0.270113
807.000000 639.000000 0.156344 0.261626
819.000000 639.000000 0.167834 0.262042
951.000000 639.000000 0.299043 0.268821
1268.000000 639.000000 0.688724 0.306579
119.000000 640.000000 -0.539752 0.290953
946.000000 641.000000 0.294003 0.270527
1223.000000 641.000000 0.624541 0.301624
1269.000000 641.000000 0.690516 0.309082
717.000000 642.000000 0.071620 0.262412
976.000000 643.000000 0.325528 0.274736
1265.000000 643.000000 0.684994 0.310766
796.000000 644.000000 0.146015 0.266228
1266.000000 645.000000 0.686786 0.313274
331.000000 647.000000 -0.297017 0.276763
1268.000000 647.000000 0.690044 0.315953
132.000000 648.000000 -0.524175 0.298052
1151.000000 648.000000 0.529014 0.298748
1217.000000 648.000000 0.617283 0.308706
903.000000 649.000000 0.250689 0.275989
974.000000 649.000000 0.323873 0.280790
467.000000 650.000000 -0.162100 0.272722
323.000000 651.000000 -0.305621 0.281449
470.000000 651.000000 -0.159259 0.273614
982.000000 651.000000 0.332536 0.283502
1217.000000 651.000000 0.617768 0.312159
1233.000000 651.000000 0.640252 0.314786
1231.000000 652.000000 0.637586 0.315615
147.000000 653.000000 -0.505911 0.301559
1030.000000 653.000000 0.385081 0.289874
134.000000 656.000000 -0.522740 0.306682
136.000000 656.000000 -0.520196 0.306402
1093.000000 657.000000 0.458324 0.301074
1153.000000 657.000000 0.532868 0.309095
847.000000 658.000000 0.195708 0.282208
1060.000000 658.000000 0.419649 0.298327
723.000000 660.000000 0.077523 0.280320
1148.000000 661.000000 0.527019 0.312860
693.000000 662.000000 0.049507 0.281875
726.000000 662.000000 0.080371 0.282367
1044.000000 662.000000 0.401763 0.300898
1158.000000 662.000000 0.540077 0.315462
140.000000 663.000000 -0.516110 0.313659
1059.000000 665.000000 0.419275 0.305773
407.000000 666.000000 -0.221264 0.291541
1008.000000 666.000000 0.361982 0.301553
1194.000000 666.000000 0.588568 0.325686
986.000000 667.000000 0.338172 0.300603
847.000000 669.000000 0.196222 0.293367
1141.000000 669.000000 0.519239 0.320836
438.000000 670.000000 -0.190978 0.294073
604.000000 671.000000 -0.033401 0.290679
167.000000 672.000000 -0.483674 0.319944
1018.000000 673.000000 0.373706 0.310002
1109.000000 673.000000 0.479788 0.320780
1117.000000 674.000000 0.489793 0.323003
994.000000 675.000000 0.347545 0.309805
1120.000000 675.000000 0.493659 0.324546
1192.000000 676.000000 0.587516 0.336920
1143.000000 678.000000 0.523144 0.331319
129.000000 679.000000 -0.532553 0.333368
834.000000 679.000000 0.183987 0.302965
998.000000 679.000000 0.352280 0.314452
126.000000 680.000000 -0.536587 0.334977
1002.000000 680.000000 0.356753 0.315911
1005.000000 680.000000 0.360046 0.316207
1244.000000 681.000000 0.661171 0.351971
82.000000 682.000000 -0.595469 0.344545
1166.000000 682.000000 0.553686 0.339533
754.000000 683.000000 0.107254 0.304124
1221.000000 684.000000 0.629026 0.351368
959.000000 685.000000 0.310931 0.317308
459.000000 686.000000 -0.171252 0.309482
1223.000000 687.000000 0.632384 0.355284
1190.000000 688.000000 0.586859 0.350565
939.000000 689.000000 0.290261 0.319900
398.000000 690.000000 -0.231615 0.316817
1187.000000 691.000000 0.583311 0.353555
1236.000000 691.000000 0.651554 0.362435
998.000000 692.000000 0.353565 0.328429
1182.000000 692.000000 0.576724 0.353852
508.000000 693.000000 -0.124328 0.314805
717.000000 693.000000 0.072483 0.313452
1120.000000 693.000000 0.496298 0.344881
393.000000 694.000000 -0.236890 0.321310
502.000000 694.000000 -0.130102 0.316028
745.000000 694.000000 0.099001 0.315096
1177.000000 694.000000 0.570347 0.355322
1087.000000 695.000000 0.456068 0.342363
1175.000000 695.000000 0.567841 0.356144
511.000000 696.000000 -0.121556 0.317787
1184.000000 696.000000 0.580128 0.358895
1217.000000 696.000000 0.625603 0.364883
194.000000 697.000000 -0.454304 0.344204
1187.000000 697.000000 0.584373 0.360605
992.000000 698.000000 0.347606 0.334318
1173.000000 698.000000 0.565688 0.359308
1055.000000 699.000000 0.418713 0.342591
1083.000000 699.000000 0.451811 0.346308
1132.000000 700.000000 0.512536 0.354765
724.000000 701.000000 0.079258 0.321776
1049.000000 701.000000 0.412002 0.344058
1111.000000 701.000000 0.486290 0.352639
1136.000000 701.000000 0.517802 0.356562
1140.000000 701.000000 0.522933 0.357214
1169.000000 701.000000 0.560877 0.362125
483.000000 702.000000 -0.148674 0.324975
1167.000000 702.000000 0.558392 0.362949
1174.000000 702.000000 0.567729 0.364179
1177.000000 702.000000 0.571754 0.364711
191.000000 703.000000 -0.458757 0.351390
381.000000 703.000000 -0.249638 0.331587
772.000000 703.000000 0.125026 0.325149
1164.000000 703.000000 0.554588 0.363598
1198.000000 703.000000 0.600501 0.369703
977.000000 704.000000 0.331907 0.339329
1176.000000 704.000000 0.570767 0.366890
799.000000 705.000000 0.151116 0.328235
824.000000 705.000000 0.175449 0.329357
980.000000 705.000000 0.335252 0.340710
1154.000000 705.000000 0.541767 0.364212
1173.000000 705.000000 0.566923 0.367533
1072.000000 706.000000 0.439635 0.352674
1166.000000 706.000000 0.557766 0.367470
1227.000000 706.000000 0.641580 0.378747
194.000000 707.000000 -0.455707 0.355493
833.000000 707.000000 0.184375 0.331896
1193.000000 707.000000 0.594375 0.373538
529.000000 708.000000 -0.104730 0.329617
1157.000000 708.000000 0.546222 0.368243
509.000000 709.000000 -0.123897 0.331275
532.000000 709.000000 -0.101897 0.330568
1156.000000 710.000000 0.545256 0.370416
1169.000000 710.000000 0.562471 0.372718
826.000000 711.000000 0.177704 0.335732
1167.000000 711.000000 0.559985 0.373541
219.000000 713.000000 -0.426795 0.358808
947.000000 713.000000 0.300695 0.346257
1135.000000 713.000000 0.518502 0.370328
1167.000000 713.000000 0.560344 0.375906
1238.000000 713.000000 0.658583 0.389334
1222.000000 714.000000 0.636048 0.387447
690.000000 715.000000 0.047342 0.335629
755.000000 715.000000 0.109126 0.337051
1218.000000 715.000000 0.630607 0.387882
1224.000000 715.000000 0.639066 0.389045
930.000000 716.000000 0.283090 0.348012
1027.000000 716.000000 0.388626 0.358037
1164.000000 716.000000 0.556894 0.378918
1166.000000 716.000000 0.559555 0.379280
1211.000000 716.000000 0.620988 0.387738
1214.000000 716.000000 0.625186 0.388317
