27.000000 3.000000 -0.679335 -0.395267
353.000000 4.000000 -0.279403 -0.346262
919.000000 5.000000 0.271521 -0.344672
1065.000000 5.000000 0.432522 -0.360518
189.000000 6.000000 -0.462728 -0.362832
1021.000000 6.000000 0.381532 -0.353723
233.000000 7.000000 -0.410421 -0.355601
48.000000 9.000000 -0.648159 -0.383921
37.000000 10.000000 -0.663638 -0.384821
1074.000000 10.000000 0.442520 -0.356110
370.000000 11.000000 -0.261276 -0.337413
931.000000 11.000000 0.283504 -0.339210
1023.000000 11.000000 0.383198 -0.348412
1156.000000 11.000000 0.545043 -0.367885
928.000000 12.000000 0.280297 -0.337891
971.000000 12.000000 0.325781 -0.341731
951.000000 13.000000 0.304344 -0.338784
51.000000 15.000000 -0.642765 -0.376109
53.000000 15.000000 -0.639938 -0.375730
957.000000 17.000000 0.310345 -0.335016
358.000000 18.000000 -0.273097 -0.330875
841.000000 18.000000 0.191960 -0.325747
1077.000000 21.000000 0.444580 -0.344125
10.000000 22.000000 -0.700351 -0.375360
302.000000 23.000000 -0.331682 -0.330339
341.000000 25.000000 -0.290185 -0.324778
362.000000 25.000000 -0.268448 -0.323156
366.000000 25.000000 -0.264344 -0.322863
764.000000 25.000000 0.117098 -0.315325
297.000000 26.000000 -0.336789 -0.327585
905.000000 26.000000 0.255553 -0.321290
1071.000000 26.000000 0.436786 -0.337731
1132.000000 27.000000 0.511383 -0.345369
978.000000 28.000000 0.331788 -0.325129
294.000000 29.000000 -0.339746 -0.324646
345.000000 29.000000 -0.285704 -0.320222
1007.000000 29.000000 0.363322 -0.326922
1005.000000 30.000000 0.361010 -0.325632
111.000000 32.000000 -0.557474 -0.345251
115.000000 32.000000 -0.552197 -0.344587
837.000000 32.000000 0.187321 -0.311024
881.000000 33.000000 0.230840 -0.312399
5.000000 34.000000 -0.705453 -0.361774
314.000000 34.000000 -0.317847 -0.317479
949.000000 34.000000 0.300438 -0.316191
318.000000 35.000000 -0.313520 -0.316073
336.000000 36.000000 -0.294523 -0.313539
117.000000 37.000000 -0.548753 -0.338495
255.000000 37.000000 -0.381853 -0.319968
108.000000 38.000000 -0.560453 -0.338811
138.000000 38.000000 -0.521416 -0.334044
1136.000000 38.000000 0.514771 -0.333442
336.000000 39.000000 -0.294288 -0.310381
875.000000 39.000000 0.224486 -0.305824
1038.000000 39.000000 0.396969 -0.319419
325.000000 40.000000 -0.305721 -0.310204
1133.000000 40.000000 0.510662 -0.330720
207.000000 41.000000 -0.436449 -0.321136
340.000000 42.000000 -0.289895 -0.306924
948.000000 42.000000 0.298747 -0.307676
244.000000 43.000000 -0.393577 -0.314660
350.000000 43.000000 -0.279478 -0.305138
1056.000000 44.000000 0.417022 -0.316031
1139.000000 46.000000 0.517385 -0.324828
335.000000 47.000000 -0.294714 -0.302071
366.000000 47.000000 -0.262814 -0.299866
1030.000000 47.000000 0.387062 -0.309896
1018.000000 48.000000 0.373558 -0.307586
1103.000000 49.000000 0.472136 -0.316397
1045.000000 50.000000 0.403716 -0.308274
1111.000000 50.000000 0.481788 -0.316361
1114.000000 50.000000 0.485481 -0.316770
1138.000000 52.000000 0.515231 -0.317919
1173.000000 53.000000 0.560494 -0.322097
1144.000000 54.000000 0.522583 -0.316545
1249.000000 54.000000 0.665691 -0.333742
1112.000000 55.000000 0.482343 -0.310947
1179.000000 55.000000 0.568160 -0.320763
1198.000000 55.000000 0.593824 -0.323842
348.000000 56.000000 -0.280615 -0.291772
1159.000000 56.000000 0.541636 -0.316522
1169.000000 56.000000 0.554736 -0.318053
1070.000000 58.000000 0.431664 -0.302432
1130.000000 58.000000 0.504281 -0.310066
1132.000000 58.000000 0.506793 -0.310345
346.000000 59.000000 -0.282464 -0.288810
744.000000 59.000000 0.097251 -0.280421
366.000000 60.000000 -0.261972 -0.286461
1117.000000 60.000000 0.487833 -0.306079
355.000000 61.000000 -0.273104 -0.286142
991.000000 61.000000 0.342816 -0.291282
715.000000 62.000000 0.069991 -0.276884
1071.000000 62.000000 0.432373 -0.298214
346.000000 63.000000 -0.282191 -0.284686
318.000000 64.000000 -0.311187 -0.285663
1046.000000 64.000000 0.403357 -0.293337
1162.000000 64.000000 0.544347 -0.307938
281.000000 65.000000 -0.350528 -0.287627
1147.000000 66.000000 0.524690 -0.303526
1183.000000 66.000000 0.571783 -0.308850
1017.000000 67.000000 0.370615 -0.287299
1115.000000 67.000000 0.484456 -0.298102
961.000000 68.000000 0.310362 -0.281573
964.000000 68.000000 0.313512 -0.281799
405.000000 69.000000 -0.222433 -0.275085
1072.000000 69.000000 0.432751 -0.290774
1112.000000 69.000000 0.480525 -0.295525
1236.000000 69.000000 0.644497 -0.313943
326.000000 70.000000 -0.302384 -0.278872
1199.000000 71.000000 0.592615 -0.305646
312.000000 72.000000 -0.316887 -0.277835
1014.000000 72.000000 0.366858 -0.281764
1105.000000 72.000000 0.471631 -0.291378
364.000000 73.000000 -0.263197 -0.273301
930.000000 73.000000 0.277911 -0.274278
979.000000 73.000000 0.328982 -0.277776
1109.000000 73.000000 0.476365 -0.290778
323.000000 74.000000 -0.305224 -0.274970
1124.000000 74.000000 0.494660 -0.291571
378.000000 75.000000 -0.248980 -0.270458
890.000000 75.000000 0.237427 -0.269890
1146.000000 76.000000 0.522030 -0.292269
323.000000 78.000000 -0.304941 -0.270864
1163.000000 78.000000 0.543628 -0.292395
1171.000000 79.000000 0.553942 -0.292413
1254.000000 79.000000 0.668672 -0.305288
339.000000 80.000000 -0.288255 -0.267740
1175.000000 80.000000 0.559065 -0.291867
1193.000000 80.000000 0.583095 -0.294509
1235.000000 80.000000 0.641276 -0.301045
331.000000 81.000000 -0.296436 -0.267247
342.000000 84.000000 -0.284920 -0.263478
1149.000000 85.000000 0.524649 -0.282730
1167.000000 85.000000 0.547862 -0.285161
1018.000000 86.000000 0.370016 -0.267484
1227.000000 86.000000 0.629028 -0.292889
1262.000000 86.000000 0.679152 -0.298445
322.000000 87.000000 -0.305362 -0.261733
1132.000000 87.000000 0.502960 -0.278358
1214.000000 87.000000 0.610745 -0.289749
1231.000000 87.000000 0.634506 -0.292368
1252.000000 87.000000 0.664489 -0.295684
315.000000 89.000000 -0.312520 -0.260171
1191.000000 89.000000 0.579078 -0.284085
1207.000000 89.000000 0.600802 -0.286429
7.000000 90.000000 -0.693010 -0.295144
12.000000 90.000000 -0.685701 -0.294354
429.000000 90.000000 -0.197970 -0.252969
1194.000000 90.000000 0.582973 -0.283396
912.000000 91.000000 0.258577 -0.254971
1112.000000 91.000000 0.477866 -0.271622
11.000000 92.000000 -0.686846 -0.292191
950.000000 92.000000 0.297244 -0.256232
1194.000000 92.000000 0.582686 -0.281153
326.000000 93.000000 -0.300817 -0.255368
1090.000000 93.000000 0.451276 -0.267037
1189.000000 94.000000 0.575683 -0.278205
1079.000000 95.000000 0.438145 -0.263764
1204.000000 95.000000 0.595817 -0.279226
1107.000000 96.000000 0.471248 -0.265682
1157.000000 96.000000 0.533450 -0.271679
1243.000000 96.000000 0.650155 -0.283918
395.000000 97.000000 -0.230939 -0.247514
1042.000000 97.000000 0.395659 -0.258130
165.000000 99.000000 -0.479750 -0.263147
900.000000 99.000000 0.246141 -0.246333
1075.000000 99.000000 0.433089 -0.259135
1131.000000 100.000000 0.500142 -0.264123
338.000000 101.000000 -0.287974 -0.246546
421.000000 102.000000 -0.205254 -0.241427
347.000000 103.000000 -0.278679 -0.244016
440.000000 103.000000 -0.186831 -0.239715
1147.000000 104.000000 0.519707 -0.261699
900.000000 105.000000 0.245843 -0.240364
1213.000000 106.000000 0.606581 -0.268165
1256.000000 106.000000 0.667329 -0.274441
1201.000000 107.000000 0.590046 -0.265380
1223.000000 107.000000 0.620292 -0.268462
193.000000 108.000000 -0.445442 -0.250655
347.000000 108.000000 -0.278399 -0.239014
1256.000000 108.000000 0.667031 -0.272153
1262.000000 108.000000 0.675737 -0.273048
335.000000 110.000000 -0.290516 -0.237693
1023.000000 110.000000 0.373524 -0.243097
1052.000000 110.000000 0.405755 -0.245496
187.000000 111.000000 -0.452192 -0.248086
341.000000 111.000000 -0.284333 -0.236352
431.000000 111.000000 -0.195218 -0.232199
1218.000000 111.000000 0.612782 -0.263265
1248.000000 111.000000 0.655065 -0.267554
1071.000000 113.000000 0.427134 -0.244071
1138.000000 113.000000 0.507348 -0.250923
159.000000 115.000000 -0.485300 -0.246714
335.000000 115.000000 -0.290231 -0.232697
410.000000 115.000000 -0.215440 -0.229089
1145.000000 116.000000 0.515774 -0.248493
1156.000000 116.000000 0.529705 -0.249767
1143.000000 117.000000 0.513149 -0.247190
416.000000 119.000000 -0.209444 -0.224937
1150.000000 119.000000 0.521737 -0.245834
1160.000000 119.000000 0.534466 -0.246992
1259.000000 119.000000 0.669770 -0.260047
1056.000000 120.000000 0.409416 -0.235490
1146.000000 120.000000 0.516579 -0.244306
394.000000 121.000000 -0.230852 -0.223865
1110.000000 121.000000 0.472217 -0.239417
1151.000000 121.000000 0.522774 -0.243796
1141.000000 122.000000 0.510089 -0.241607
1249.000000 122.000000 0.654926 -0.255230
163.000000 123.000000 -0.479624 -0.237821
273.000000 123.000000 -0.354629 -0.228546
391.000000 123.000000 -0.233717 -0.222032
1134.000000 123.000000 0.501278 -0.239781
1247.000000 123.000000 0.651923 -0.253822
1276.000000 123.000000 0.694050 -0.257912
323.000000 124.000000 -0.302031 -0.224404
326.000000 124.000000 -0.298946 -0.224235
968.000000 124.000000 0.313908 -0.225141
1146.000000 124.000000 0.516133 -0.240016
1012.000000 125.000000 0.360446 -0.226989
1210.000000 125.000000 0.599897 -0.246612
1020.000000 126.000000 0.369046 -0.226543
1157.000000 126.000000 0.529828 -0.239096
1161.000000 126.000000 0.534937 -0.239549
1254.000000 126.000000 0.661556 -0.251407
1256.000000 128.000000 0.664165 -0.249423
321.000000 129.000000 -0.303809 -0.219543
1187.000000 130.000000 0.568330 -0.238258
1264.000000 130.000000 0.675490 -0.248262
387.000000 131.000000 -0.237317 -0.214373
1087.000000 132.000000 0.443958 -0.225742
1092.000000 133.000000 0.449715 -0.225147
1271.000000 133.000000 0.685305 -0.245820
157.000000 134.000000 -0.485802 -0.226819
1095.000000 134.000000 0.453149 -0.224375
1090.000000 135.000000 0.447197 -0.222893
390.000000 136.000000 -0.234164 -0.209376
299.000000 137.000000 -0.326186 -0.212842
1097.000000 137.000000 0.455236 -0.221435
1100.000000 137.000000 0.458777 -0.221703
155.000000 138.000000 -0.487845 -0.222807
1023.000000 139.000000 0.371399 -0.213600
1155.000000 139.000000 0.525870 -0.224959
1089.000000 140.000000 0.445596 -0.217629
396.000000 141.000000 -0.228091 -0.204284
1087.000000 142.000000 0.443097 -0.215394
1251.000000 142.000000 0.655104 -0.233024
137.000000 143.000000 -0.509476 -0.219293
325.000000 143.000000 -0.298954 -0.205478
366.000000 143.000000 -0.257591 -0.203552
1009.000000 143.000000 0.356016 -0.208659
1109.000000 143.000000 0.468931 -0.216266
1139.000000 143.000000 0.505416 -0.219086
1160.000000 143.000000 0.531800 -0.221220
1186.000000 143.000000 0.565498 -0.224043
1206.000000 143.000000 0.592228 -0.226348
260.000000 144.000000 -0.367225 -0.208254
309.000000 144.000000 -0.315380 -0.205334
1012.000000 144.000000 0.359173 -0.207847
1112.000000 144.000000 0.472429 -0.215494
1189.000000 144.000000 0.569349 -0.223300
316.000000 145.000000 -0.308093 -0.203973
1096.000000 146.000000 0.453279 -0.212022
310.000000 147.000000 -0.314183 -0.202316
1016.000000 147.000000 0.363290 -0.205096
1057.000000 147.000000 0.408411 -0.207912
1117.000000 147.000000 0.478163 -0.212818
137.000000 148.000000 -0.508988 -0.214019
1120.000000 148.000000 0.481692 -0.212046
1142.000000 148.000000 0.508650 -0.214106
1123.000000 149.000000 0.485233 -0.211274
1244.000000 149.000000 0.644231 -0.224345
135.000000 150.000000 -0.511279 -0.212105
302.000000 150.000000 -0.322325 -0.199781
1219.000000 150.000000 0.609151 -0.220228
1227.000000 150.000000 0.620216 -0.221175
1231.000000 150.000000 0.625791 -0.221654
278.000000 151.000000 -0.347501 -0.200142
1236.000000 151.000000 0.632680 -0.221154
282.000000 152.000000 -0.343202 -0.198916
1117.000000 152.000000 0.477719 -0.207613
1221.000000 153.000000 0.611555 -0.217180
311.000000 155.000000 -0.312734 -0.194383
1227.000000 156.000000 0.619510 -0.214592
284.000000 157.000000 -0.340805 -0.193845
1225.000000 157.000000 0.616621 -0.213267
261.000000 158.000000 -0.365267 -0.194185
1227.000000 158.000000 0.619280 -0.212403
264.000000 159.000000 -0.361981 -0.193010
284.000000 159.000000 -0.340695 -0.191867
1229.000000 160.000000 0.621831 -0.210443
133.000000 161.000000 -0.512738 -0.200737
296.000000 161.000000 -0.327996 -0.189251
1246.000000 162.000000 0.645513 -0.210204
278.000000 163.000000 -0.346818 -0.188242
284.000000 163.000000 -0.340477 -0.187915
288.000000 163.000000 -0.336268 -0.187701
298.000000 163.000000 -0.325808 -0.187181
1228.000000 163.000000 0.620102 -0.207051
1235.000000 163.000000 0.629870 -0.207840
259.000000 164.000000 -0.367065 -0.188331
1136.000000 164.000000 0.499764 -0.196790
256.000000 165.000000 -0.370245 -0.187513
1063.000000 165.000000 0.413883 -0.190102
1192.000000 165.000000 0.571066 -0.201035
1241.000000 165.000000 0.638084 -0.206328
1251.000000 165.000000 0.652293 -0.207473
1075.000000 167.000000 0.427349 -0.188911
1258.000000 168.000000 0.661995 -0.204963
284.000000 169.000000 -0.340159 -0.182001
1191.000000 169.000000 0.569341 -0.196658
940.000000 170.000000 0.282926 -0.178482
1166.000000 170.000000 0.536789 -0.193200
293.000000 171.000000 -0.330620 -0.179579
345.000000 171.000000 -0.277406 -0.177242
1275.000000 172.000000 0.686269 -0.202473
292.000000 174.000000 -0.331516 -0.176688
1268.000000 176.000000 0.675578 -0.197236
309.000000 177.000000 -0.313743 -0.172959
287.000000 178.000000 -0.336554 -0.173014
1163.000000 178.000000 0.532252 -0.184525
1167.000000 178.000000 0.537342 -0.184877
172.000000 179.000000 -0.464041 -0.178944
1250.000000 179.000000 0.649307 -0.191962
264.000000 180.000000 -0.360807 -0.172214
268.000000 180.000000 -0.356536 -0.172006
1221.000000 180.000000 0.608629 -0.187861
275.000000 181.000000 -0.349049 -0.170666
1171.000000 181.000000 0.542193 -0.182079
303.000000 182.000000 -0.319709 -0.168361
1211.000000 182.000000 0.594800 -0.184722
1218.000000 182.000000 0.604321 -0.185408
1266.000000 182.000000 0.672011 -0.190381
1115.000000 183.000000 0.472831 -0.175501
1177.000000 183.000000 0.549739 -0.180505
1216.000000 183.000000 0.601493 -0.184136
280.000000 184.000000 -0.343620 -0.167479
287.000000 184.000000 -0.336266 -0.167146
1255.000000 184.000000 0.655924 -0.187011
1183.000000 185.000000 0.557345 -0.178929
1140.000000 187.000000 0.502786 -0.173273
279.000000 188.000000 -0.344482 -0.163614
1201.000000 188.000000 0.580797 -0.177375
169.000000 189.000000 -0.466874 -0.168970
308.000000 189.000000 -0.314249 -0.161347
1190.000000 189.000000 0.566146 -0.175326
284.000000 190.000000 -0.339132 -0.161429
1131.000000 191.000000 0.491491 -0.168480
160.000000 192.000000 -0.477357 -0.166539
270.000000 192.000000 -0.353812 -0.160129
322.000000 192.000000 -0.299809 -0.157880
1039.000000 192.000000 0.385617 -0.161678
1046.000000 195.000000 0.393133 -0.159085
303.000000 197.000000 -0.319068 -0.153809
1179.000000 197.000000 0.551134 -0.165979
1212.000000 197.000000 0.594757 -0.168791
147.000000 198.000000 -0.492578 -0.161320
276.000000 198.000000 -0.347185 -0.153992
281.000000 199.000000 -0.341878 -0.152797
1193.000000 199.000000 0.569232 -0.165034
6.000000 200.000000 -0.680328 -0.171144
1046.000000 200.000000 0.392869 -0.154141
1096.000000 200.000000 0.449335 -0.156976
3.000000 202.000000 -0.684515 -0.169237
272.000000 203.000000 -0.351188 -0.149299
282.000000 203.000000 -0.340656 -0.148867
1122.000000 203.000000 0.479804 -0.155599
1217.000000 204.000000 0.600925 -0.161776
1258.000000 204.000000 0.658244 -0.165463
6.000000 205.000000 -0.679850 -0.165658
8.000000 205.000000 -0.676939 -0.165470
10.000000 205.000000 -0.674034 -0.165283
1005.000000 205.000000 0.348464 -0.147294
1128.000000 205.000000 0.486884 -0.153960
1189.000000 205.000000 0.563492 -0.158402
1248.000000 205.000000 0.643886 -0.163454
137.000000 206.000000 -0.504216 -0.153824
1053.000000 206.000000 0.400280 -0.148574
1126.000000 206.000000 0.484408 -0.152811
1150.000000 206.000000 0.513731 -0.154440
1195.000000 206.000000 0.571294 -0.157831
4.000000 209.000000 -0.682395 -0.161461
6.000000 209.000000 -0.679478 -0.161277
9.000000 209.000000 -0.675115 -0.161003
11.000000 209.000000 -0.672215 -0.160820
269.000000 209.000000 -0.354104 -0.143590
280.000000 209.000000 -0.342504 -0.143130
1042.000000 209.000000 0.388034 -0.145072
1237.000000 209.000000 0.628054 -0.158161
14.000000 210.000000 -0.667788 -0.159458
208.000000 210.000000 -0.420632 -0.145510
210.000000 211.000000 -0.418331 -0.144413
257.000000 211.000000 -0.366803 -0.142162
1112.000000 211.000000 0.467404 -0.146866
1246.000000 211.000000 0.640520 -0.156794
16.000000 212.000000 -0.664726 -0.157103
18.000000 212.000000 -0.661852 -0.156925
21.000000 212.000000 -0.657552 -0.156661
24.000000 212.000000 -0.653269 -0.156397
6.000000 213.000000 -0.679116 -0.156903
68.000000 213.000000 -0.592259 -0.151649
13.000000 214.000000 -0.668875 -0.155192
78.000000 215.000000 -0.578758 -0.148765
9.000000 216.000000 -0.674490 -0.153365
11.000000 216.000000 -0.671592 -0.153191
16.000000 216.000000 -0.664376 -0.152758
18.000000 216.000000 -0.661502 -0.152585
23.000000 216.000000 -0.654349 -0.152157
25.000000 216.000000 -0.651500 -0.151986
247.000000 216.000000 -0.377341 -0.137720
1048.000000 217.000000 0.394232 -0.137495
7.000000 218.000000 -0.677221 -0.151359
20.000000 218.000000 -0.658465 -0.150248
246.000000 218.000000 -0.378335 -0.135810
1213.000000 218.000000 0.594362 -0.146605
1211.000000 219.000000 0.591590 -0.145396
7.000000 220.000000 -0.677050 -0.149180
10.000000 220.000000 -0.672696 -0.148925
1119.000000 220.000000 0.475172 -0.138200
245.000000 221.000000 -0.379287 -0.132924
1043.000000 221.000000 0.388572 -0.133345
1121.000000 221.000000 0.477496 -0.137307
243.000000 222.000000 -0.381410 -0.132034
157.000000 223.000000 -0.478975 -0.135300
161.000000 223.000000 -0.474218 -0.135074
278.000000 223.000000 -0.344055 -0.129666
1047.000000 223.000000 0.392862 -0.131563
1228.000000 223.000000 0.614424 -0.142468
1252.000000 223.000000 0.648012 -0.144370
1050.000000 225.000000 0.396068 -0.129735
1220.000000 225.000000 0.603319 -0.139740
1225.000000 226.000000 0.610075 -0.139055
104.000000 227.000000 -0.544094 -0.134443
1005.000000 227.000000 0.347585 -0.125977
1143.000000 227.000000 0.503739 -0.132515
1263.000000 227.000000 0.663437 -0.140942
1269.000000 227.000000 0.672118 -0.141426
1225.000000 228.000000 0.609926 -0.136937
274.000000 231.000000 -0.347966 -0.122095
200.000000 234.000000 -0.428488 -0.122142
1234.000000 234.000000 0.621893 -0.131230
1241.000000 234.000000 0.631645 -0.131737
274.000000 235.000000 -0.347827 -0.118241
1083.000000 235.000000 0.432523 -0.121368
1175.000000 238.000000 0.543108 -0.123168
172.000000 239.000000 -0.460442 -0.118478
271.000000 239.000000 -0.350848 -0.114492
1162.000000 239.000000 0.526597 -0.121386
1201.000000 239.000000 0.576845 -0.123735
1265.000000 239.000000 0.665400 -0.128133
1267.000000 239.000000 0.668291 -0.128280
1258.000000 242.000000 0.655125 -0.124401
271.000000 244.000000 -0.350684 -0.109683
1084.000000 244.000000 0.433266 -0.112522
1254.000000 244.000000 0.649280 -0.121979
1257.000000 245.000000 0.653487 -0.121114
1157.000000 247.000000 0.519914 -0.112959
1143.000000 249.000000 0.502550 -0.110225
1045.000000 250.000000 0.389608 -0.105149
1151.000000 251.000000 0.512274 -0.108596
1172.000000 251.000000 0.538559 -0.109666
1234.000000 252.000000 0.620692 -0.112170
103.000000 255.000000 -0.543748 -0.105734
1104.000000 255.000000 0.455811 -0.102475
1109.000000 258.000000 0.461520 -0.099702
1249.000000 258.000000 0.641292 -0.106725
1234.000000 259.000000 0.620276 -0.104786
1274.000000 259.000000 0.677102 -0.107181
234.000000 260.000000 -0.389774 -0.095428
1228.000000 260.000000 0.611957 -0.103393
1259.000000 260.000000 0.655380 -0.105194
1028.000000 261.000000 0.370880 -0.093964
1108.000000 261.000000 0.460232 -0.096686
198.000000 262.000000 -0.429628 -0.094676
1143.000000 262.000000 0.501950 -0.097122
1172.000000 262.000000 0.538010 -0.098432
1274.000000 262.000000 0.676919 -0.103950
1107.000000 263.000000 0.458989 -0.094666
1129.000000 263.000000 0.484986 -0.095532
195.000000 264.000000 -0.432955 -0.092819
1171.000000 264.000000 0.536650 -0.096346
1246.000000 264.000000 0.636719 -0.100185
191.000000 265.000000 -0.437466 -0.091976
1114.000000 265.000000 0.467108 -0.092948
1044.000000 266.000000 0.388003 -0.089611
1105.000000 266.000000 0.456548 -0.091622
1182.000000 266.000000 0.550586 -0.094813
1228.000000 267.000000 0.611579 -0.096050
233.000000 268.000000 -0.390620 -0.087716
1166.000000 268.000000 0.530165 -0.092055
220.000000 269.000000 -0.404837 -0.087131
1127.000000 269.000000 0.482358 -0.089462
1113.000000 270.000000 0.465748 -0.087951
238.000000 271.000000 -0.385106 -0.084677
1170.000000 271.000000 0.535075 -0.089179
1239.000000 271.000000 0.626558 -0.092415
1242.000000 271.000000 0.630739 -0.092569
203.000000 273.000000 -0.423635 -0.083751
236.000000 273.000000 -0.387219 -0.082802
1144.000000 273.000000 0.502722 -0.086108
1173.000000 273.000000 0.538788 -0.087271
1203.000000 273.000000 0.577633 -0.088585
1175.000000 274.000000 0.541286 -0.086337
1268.000000 274.000000 0.667535 -0.090732
204.000000 276.000000 -0.422423 -0.080794
209.000000 276.000000 -0.416832 -0.080649
1187.000000 276.000000 0.556585 -0.084798
1239.000000 276.000000 0.626309 -0.087151
180.000000 278.000000 -0.449637 -0.079559
220.000000 278.000000 -0.404580 -0.078400
1094.000000 278.000000 0.443445 -0.079427
1155.000000 278.000000 0.516046 -0.081496
205.000000 280.000000 -0.421189 -0.076867
226.000000 281.000000 -0.397909 -0.075338
1131.000000 281.000000 0.486716 -0.077642
1265.000000 283.000000 0.662763 -0.080973
1270.000000 283.000000 0.669982 -0.081207
1095.000000 284.000000 0.444415 -0.073567
1168.000000 284.000000 0.532044 -0.075911
1183.000000 284.000000 0.551112 -0.076463
1258.000000 284.000000 0.652689 -0.079587
1169.000000 286.000000 0.533232 -0.073922
1173.000000 286.000000 0.538285 -0.074063
242.000000 288.000000 -0.380365 -0.068215
1093.000000 288.000000 0.442014 -0.069590
1185.000000 288.000000 0.553537 -0.072456
1216.000000 288.000000 0.594332 -0.073617
199.000000 289.000000 -0.427689 -0.068257
220.000000 289.000000 -0.404303 -0.067749
228.000000 289.000000 -0.395529 -0.067565
235.000000 289.000000 -0.387910 -0.067408
1179.000000 289.000000 0.545809 -0.071226
1206.000000 292.000000 0.580830 -0.069109
1200.000000 293.000000 0.572874 -0.067868
202.000000 294.000000 -0.424196 -0.063317
222.000000 295.000000 -0.401969 -0.061906
212.000000 297.000000 -0.412969 -0.060184
203.000000 298.000000 -0.422985 -0.059406
218.000000 298.000000 -0.406310 -0.059091
1193.000000 298.000000 0.563555 -0.062513
228.000000 299.000000 -0.395318 -0.057927
219.000000 300.000000 -0.405167 -0.057138
1171.000000 301.000000 0.535279 -0.058808
226.000000 302.000000 -0.397446 -0.055075
187.000000 304.000000 -0.440946 -0.053899
1234.000000 305.000000 0.618239 -0.056571
198.000000 306.000000 -0.428440 -0.051732
210.000000 306.000000 -0.415013 -0.051508
1206.000000 306.000000 0.580379 -0.054702
1213.000000 306.000000 0.589696 -0.054903
1215.000000 307.000000 0.592346 -0.053928
1243.000000 307.000000 0.630657 -0.054758
1246.000000 307.000000 0.634851 -0.054850
200.000000 310.000000 -0.426117 -0.047808
1115.000000 310.000000 0.466980 -0.048495
1188.000000 311.000000 0.556711 -0.049111
1194.000000 312.000000 0.564464 -0.048239
1244.000000 313.000000 0.631879 -0.048497
1225.000000 314.000000 0.605663 -0.046954
1204.000000 315.000000 0.577501 -0.045409
4.000000 316.000000 -0.676028 -0.046135
96.000000 316.000000 -0.550466 -0.043895
196.000000 316.000000 -0.430521 -0.042046
1186.000000 316.000000 0.554017 -0.043980
1192.000000 317.000000 0.561749 -0.043093
246.000000 318.000000 -0.375554 -0.039419
209.000000 319.000000 -0.415915 -0.038946
1171.000000 320.000000 0.534832 -0.039624
1212.000000 320.000000 0.588008 -0.040451
186.000000 321.000000 -0.441790 -0.037328
1149.000000 321.000000 0.507494 -0.038223
103.000000 323.000000 -0.541418 -0.036672
106.000000 323.000000 -0.537626 -0.036619
191.000000 323.000000 -0.436075 -0.035311
245.000000 323.000000 -0.376566 -0.034655
1112.000000 323.000000 0.463246 -0.035655
1220.000000 323.000000 0.598684 -0.037524
1239.000000 323.000000 0.624679 -0.037916
1212.000000 324.000000 0.587927 -0.036335
1271.000000 324.000000 0.670016 -0.037554
111.000000 325.000000 -0.531306 -0.034520
113.000000 326.000000 -0.528787 -0.033482
173.000000 326.000000 -0.456662 -0.032620
1203.000000 326.000000 0.575955 -0.034116
1268.000000 327.000000 0.665618 -0.034305
117.000000 328.000000 -0.523773 -0.031413
1258.000000 328.000000 0.651271 -0.033052
25.000000 330.000000 -0.645651 -0.030852
134.000000 330.000000 -0.502856 -0.029180
1214.000000 330.000000 0.590493 -0.030195
1275.000000 330.000000 0.675701 -0.031251
1257.000000 331.000000 0.649794 -0.029871
182.000000 332.000000 -0.446227 -0.026649
1212.000000 332.000000 0.587790 -0.028107
1220.000000 332.000000 0.598524 -0.028227
125.000000 333.000000 -0.513818 -0.026301
184.000000 333.000000 -0.443928 -0.025654
1214.000000 333.000000 0.590447 -0.027108
201.000000 334.000000 -0.424676 -0.024521
1119.000000 334.000000 0.471315 -0.024926
1132.000000 334.000000 0.486744 -0.025064
122.000000 335.000000 -0.517490 -0.024337
1261.000000 335.000000 0.655430 -0.025716
1270.000000 335.000000 0.668365 -0.025852
1151.000000 337.000000 0.509724 -0.022283
1240.000000 337.000000 0.625826 -0.023322
167.000000 338.000000 -0.463503 -0.020922
150.000000 339.000000 -0.483518 -0.020084
1144.000000 339.000000 0.501161 -0.020223
1240.000000 340.000000 0.625789 -0.020193
1061.000000 341.000000 0.405248 -0.017638
1158.000000 342.000000 0.518301 -0.017351
109.000000 343.000000 -0.533595 -0.016438
187.000000 344.000000 -0.440420 -0.014917
216.000000 344.000000 -0.407924 -0.014758
1265.000000 344.000000 0.661048 -0.016254
21.000000 345.000000 -0.651114 -0.015124
184.000000 345.000000 -0.443836 -0.013960
1154.000000 345.000000 0.513342 -0.014323
161.000000 346.000000 -0.470466 -0.013108
183.000000 347.000000 -0.444969 -0.012017
1156.000000 347.000000 0.515795 -0.012337
1214.000000 347.000000 0.590298 -0.012705
1256.000000 347.000000 0.648175 -0.013012
1260.000000 347.000000 0.653866 -0.013043
1196.000000 348.000000 0.566521 -0.011565
1254.000000 348.000000 0.645334 -0.011946
1035.000000 350.000000 0.376938 -0.008896
1113.000000 352.000000 0.464158 -0.007197
1196.000000 354.000000 0.566494 -0.005452
1271.000000 354.000000 0.669632 -0.005700
958.000000 355.000000 0.297045 -0.004030
131.000000 356.000000 -0.506316 -0.003327
1252.000000 356.000000 0.642471 -0.003534
171.000000 357.000000 -0.458761 -0.002286
181.000000 357.000000 -0.447230 -0.002275
1100.000000 357.000000 0.449079 -0.002278
1196.000000 357.000000 0.566487 -0.002396
1260.000000 357.000000 0.653819 -0.002498
73.000000 358.000000 -0.579863 -0.001386
131.000000 358.000000 -0.506313 -0.001336
135.000000 358.000000 -0.501449 -0.001333
1170.000000 358.000000 0.533197 -0.001354
1181.000000 358.000000 0.547134 -0.001364
1216.000000 359.000000 0.592932 -0.000368
1222.000000 360.000000 0.601014 0.000662
1242.000000 360.000000 0.628455 0.000664
164.000000 362.000000 -0.466913 0.002615
1148.000000 362.000000 0.505939 0.002647
1258.000000 363.000000 0.650970 0.003825
1109.000000 364.000000 0.459489 0.004569
1177.000000 364.000000 0.542045 0.004695
1109.000000 367.000000 0.459495 0.007508
1213.000000 367.000000 0.588931 0.007855
1208.000000 369.000000 0.582285 0.009886
1172.000000 370.000000 0.535739 0.010726
1199.000000 370.000000 0.570431 0.010863
186.000000 371.000000 -0.441536 0.011355
1146.000000 372.000000 0.503532 0.012594
1032.000000 374.000000 0.373739 0.013989
1171.000000 374.000000 0.534503 0.014747
996.000000 375.000000 0.335844 0.014789
1181.000000 375.000000 0.547190 0.015827
1146.000000 376.000000 0.503557 0.016575
1203.000000 377.000000 0.575733 0.018042
89.000000 378.000000 -0.559067 0.018935
1169.000000 378.000000 0.532018 0.018757
1008.000000 379.000000 0.348361 0.018624
147.000000 380.000000 -0.487091 0.020427
146.000000 382.000000 -0.488304 0.022415
129.000000 384.000000 -0.508884 0.024572
1258.000000 384.000000 0.651141 0.025948
984.000000 386.000000 0.323530 0.025087
1235.000000 387.000000 0.618972 0.028747
123.000000 388.000000 -0.516298 0.028637
1115.000000 388.000000 0.466645 0.028154
153.000000 389.000000 -0.480041 0.029258
1176.000000 392.000000 0.541023 0.032952
1178.000000 392.000000 0.543564 0.032984
1246.000000 393.000000 0.634356 0.035203
1163.000000 394.000000 0.524708 0.034762
1230.000000 394.000000 0.612225 0.035938
1159.000000 395.000000 0.519751 0.035701
135.000000 396.000000 -0.501734 0.036446
1174.000000 396.000000 0.538555 0.036959
1018.000000 397.000000 0.359022 0.035778
1031.000000 397.000000 0.372846 0.035919
1221.000000 401.000000 0.600127 0.043005
1142.000000 403.000000 0.499047 0.043394
63.000000 404.000000 -0.593678 0.045964
977.000000 405.000000 0.316532 0.042896
112.000000 406.000000 -0.530270 0.046886
1252.000000 406.000000 0.643095 0.048994
117.000000 409.000000 -0.524098 0.049793
1140.000000 409.000000 0.496745 0.049327
1246.000000 409.000000 0.634740 0.051980
1008.000000 410.000000 0.348656 0.048003
966.000000 412.000000 0.305429 0.049344
1078.000000 412.000000 0.424569 0.051044
1223.000000 413.000000 0.603147 0.055485
1213.000000 415.000000 0.589735 0.057259
1215.000000 416.000000 0.592445 0.058351
1219.000000 416.000000 0.597826 0.058473
1271.000000 417.000000 0.670619 0.061235
60.000000 418.000000 -0.598095 0.060512
64.000000 418.000000 -0.592724 0.060386
107.000000 418.000000 -0.536849 0.059116
732.000000 418.000000 0.083289 0.053062
118.000000 422.000000 -0.523189 0.062840
1167.000000 422.000000 0.530343 0.063040
82.000000 423.000000 -0.569083 0.064955
186.000000 423.000000 -0.442252 0.062063
1187.000000 423.000000 0.555824 0.064665
1230.000000 423.000000 0.613018 0.066110
1239.000000 423.000000 0.625433 0.066433
121.000000 424.000000 -0.519526 0.064765
1089.000000 425.000000 0.437284 0.063941
1174.000000 427.000000 0.539327 0.068315
1271.000000 428.000000 0.671040 0.072969
1199.000000 429.000000 0.571644 0.071209
1202.000000 429.000000 0.575590 0.071317
1245.000000 429.000000 0.634029 0.072963
1215.000000 430.000000 0.592924 0.072832
1227.000000 431.000000 0.609214 0.074338
29.000000 432.000000 -0.641279 0.076284
1207.000000 432.000000 0.582317 0.074594
86.000000 434.000000 -0.564257 0.076081
1114.000000 434.000000 0.466413 0.073454
1117.000000 435.000000 0.469969 0.074533
1212.000000 435.000000 0.589099 0.077891
1197.000000 436.000000 0.569285 0.078323
89.000000 437.000000 -0.560481 0.079038
1018.000000 437.000000 0.359676 0.073894
21.000000 438.000000 -0.652860 0.082988
113.000000 438.000000 -0.529952 0.079148
1231.000000 438.000000 0.614987 0.081816
1276.000000 438.000000 0.678761 0.083897
1170.000000 439.000000 0.534690 0.080343
1191.000000 439.000000 0.561578 0.081163
1125.000000 440.000000 0.479598 0.079748
1023.000000 441.000000 0.365077 0.077836
1195.000000 442.000000 0.566913 0.084406
1238.000000 442.000000 0.624838 0.086330
169.000000 443.000000 -0.462439 0.082200
1198.000000 443.000000 0.570885 0.085563
108.000000 444.000000 -0.536471 0.085422
168.000000 445.000000 -0.463673 0.084211
1120.000000 445.000000 0.473836 0.084546
1211.000000 445.000000 0.588193 0.088206
1134.000000 446.000000 0.490581 0.086044
1148.000000 446.000000 0.507593 0.086572
1191.000000 446.000000 0.561872 0.088342
1089.000000 447.000000 0.437900 0.085483
1103.000000 447.000000 0.453997 0.085943
1119.000000 447.000000 0.472724 0.086497
1211.000000 447.000000 0.588286 0.090280
1106.000000 448.000000 0.457516 0.087033
1228.000000 448.000000 0.611340 0.092141
1271.000000 448.000000 0.671995 0.094368
1148.000000 449.000000 0.507710 0.089589
1163.000000 449.000000 0.526292 0.090202
1185.000000 449.000000 0.554237 0.091152
1198.000000 449.000000 0.571153 0.091743
1194.000000 450.000000 0.565961 0.092588
89.000000 451.000000 -0.561075 0.093387
1074.000000 451.000000 0.421061 0.088918
1215.000000 451.000000 0.593843 0.094628
108.000000 453.000000 -0.536852 0.094571
1110.000000 453.000000 0.462360 0.092123
1154.000000 453.000000 0.515265 0.093869
1047.000000 455.000000 0.391317 0.091966
1137.000000 455.000000 0.494554 0.095170
1165.000000 455.000000 0.529059 0.096375
107.000000 456.000000 -0.538252 0.097671
963.000000 456.000000 0.303152 0.090714
1045.000000 456.000000 0.389167 0.092873
1049.000000 456.000000 0.393532 0.092996
1128.000000 456.000000 0.483767 0.095804
1161.000000 456.000000 0.524096 0.097211
1051.000000 457.000000 0.395752 0.094028
1224.000000 457.000000 0.606340 0.101357
102.000000 458.000000 -0.544696 0.099946
1255.000000 458.000000 0.649570 0.104157
987.000000 460.000000 0.327803 0.095084
1143.000000 460.000000 0.502057 0.100450
1070.000000 461.000000 0.416916 0.098555
1160.000000 461.000000 0.523077 0.102237
1204.000000 461.000000 0.579668 0.104449
1125.000000 462.000000 0.480433 0.101675
1078.000000 463.000000 0.425974 0.100801
1198.000000 463.000000 0.571853 0.106200
1236.000000 463.000000 0.623178 0.108343
109.000000 464.000000 -0.536108 0.105731
1135.000000 465.000000 0.492568 0.105120
1264.000000 465.000000 0.662877 0.112189
1232.000000 466.000000 0.617824 0.111269
1183.000000 467.000000 0.552542 0.109521
1200.000000 468.000000 0.574763 0.111489
991.000000 471.000000 0.332246 0.105683
1180.000000 471.000000 0.548900 0.113469
1138.000000 472.000000 0.496531 0.112304
1151.000000 474.000000 0.512549 0.114981
1100.000000 476.000000 0.451659 0.114526
1232.000000 476.000000 0.618455 0.121827
83.000000 478.000000 -0.570340 0.121570
1171.000000 478.000000 0.537805 0.120150
1267.000000 478.000000 0.668086 0.126377
990.000000 479.000000 0.331449 0.113304
1276.000000 480.000000 0.681324 0.129196
973.000000 481.000000 0.313987 0.114699
1069.000000 483.000000 0.416653 0.120084
1119.000000 483.000000 0.474275 0.122417
1206.000000 483.000000 0.583638 0.127473
1273.000000 483.000000 0.677168 0.132226
72.000000 484.000000 -0.585259 0.128517
1089.000000 484.000000 0.439349 0.121961
1118.000000 485.000000 0.473190 0.124372
1225.000000 485.000000 0.609442 0.130864
80.000000 486.000000 -0.574791 0.130078
82.000000 486.000000 -0.572158 0.129947
955.000000 486.000000 0.295826 0.118933
921.000000 487.000000 0.261904 0.118964
1084.000000 487.000000 0.433777 0.124701
1147.000000 487.000000 0.508327 0.127966
1164.000000 487.000000 0.529486 0.128965
1192.000000 487.000000 0.565413 0.130724
1125.000000 488.000000 0.481686 0.127756
80.000000 489.000000 -0.574990 0.133205
1108.000000 489.000000 0.461607 0.127866
1248.000000 489.000000 0.641731 0.136798
1261.000000 489.000000 0.660257 0.137797
1087.000000 490.000000 0.437344 0.127817
736.000000 492.000000 0.087359 0.120581
1170.000000 492.000000 0.537382 0.134473
1204.000000 493.000000 0.581656 0.137801
1231.000000 493.000000 0.618277 0.139778
1245.000000 493.000000 0.637806 0.140853
1137.000000 494.000000 0.496499 0.134496
1156.000000 494.000000 0.519893 0.135644
1201.000000 494.000000 0.577742 0.138636
1163.000000 496.000000 0.528789 0.138139
1070.000000 497.000000 0.418411 0.133929
1104.000000 497.000000 0.457348 0.135662
1110.000000 497.000000 0.464381 0.135989
1161.000000 497.000000 0.526339 0.139037
1198.000000 497.000000 0.573986 0.141561
41.000000 498.000000 -0.628504 0.145561
50.000000 498.000000 -0.616049 0.144856
1020.000000 498.000000 0.363708 0.132696
1175.000000 498.000000 0.544152 0.140995
1180.000000 498.000000 0.550573 0.141337
1210.000000 498.000000 0.590043 0.143490
1272.000000 498.000000 0.676909 0.148447
54.000000 499.000000 -0.610639 0.145608
1023.000000 499.000000 0.366959 0.133791
1198.000000 500.000000 0.574204 0.144701
1231.000000 501.000000 0.618901 0.148295
1182.000000 502.000000 0.553435 0.145630
1073.000000 503.000000 0.422086 0.140016
1179.000000 503.000000 0.549635 0.146455
1063.000000 504.000000 0.410914 0.140504
1003.000000 505.000000 0.345961 0.138802
1223.000000 505.000000 0.608216 0.151908
1237.000000 505.000000 0.627563 0.153061
1090.000000 506.000000 0.441611 0.143900
1193.000000 506.000000 0.568064 0.150612
1203.000000 506.000000 0.581290 0.151378
1211.000000 506.000000 0.592003 0.152006
1075.000000 507.000000 0.424552 0.144089
1146.000000 507.000000 0.508332 0.148307
1159.000000 507.000000 0.524498 0.149188
1205.000000 507.000000 0.584036 0.152588
1220.000000 507.000000 0.604280 0.153790
1040.000000 508.000000 0.385732 0.143335
1149.000000 508.000000 0.512105 0.149532
1178.000000 508.000000 0.548710 0.151579
1266.000000 508.000000 0.669062 0.158819
1203.000000 509.000000 0.581526 0.154538
1244.000000 509.000000 0.637718 0.157955
1225.000000 510.000000 0.611371 0.157398
1250.000000 510.000000 0.646292 0.159562
376.000000 512.000000 -0.245454 0.142090
1154.000000 512.000000 0.518594 0.153988
1209.000000 512.000000 0.589797 0.158190
1050.000000 513.000000 0.396942 0.148741
918.000000 515.000000 0.259722 0.145393
1219.000000 515.000000 0.603587 0.162217
1130.000000 517.000000 0.489463 0.157453
1237.000000 517.000000 0.628608 0.165948
1057.000000 518.000000 0.404951 0.154049
1128.000000 519.000000 0.487182 0.159358
1065.000000 520.000000 0.413993 0.156471
1225.000000 520.000000 0.612243 0.168085
1050.000000 521.000000 0.397356 0.156647
1030.000000 522.000000 0.375544 0.156604
1234.000000 523.000000 0.624976 0.172134
1252.000000 523.000000 0.650343 0.173847
1201.000000 525.000000 0.580198 0.171278
1201.000000 528.000000 0.580464 0.174459
1239.000000 530.000000 0.632639 0.180180
1265.000000 530.000000 0.669732 0.182801
1097.000000 531.000000 0.451234 0.169460
1146.000000 531.000000 0.510064 0.172998
1155.000000 531.000000 0.521275 0.173709
1148.000000 532.000000 0.512623 0.174190
1165.000000 532.000000 0.533971 0.175565
1189.000000 532.000000 0.564951 0.177626
1227.000000 532.000000 0.616125 0.181166
1245.000000 532.000000 0.641292 0.182950
983.000000 534.000000 0.326275 0.166111
1112.000000 534.000000 0.469078 0.173542
1190.000000 534.000000 0.566443 0.179831
1003.000000 536.000000 0.347347 0.169010
1142.000000 537.000000 0.505595 0.178890
6.000000 538.000000 -0.682184 0.192329
1243.000000 538.000000 0.639080 0.189282
1055.000000 539.000000 0.403924 0.174832
1085.000000 539.000000 0.437876 0.176749
827.000000 540.000000 0.172550 0.166619
1111.000000 540.000000 0.468327 0.179596
1146.000000 540.000000 0.510785 0.182325
1169.000000 540.000000 0.539753 0.184284
731.000000 541.000000 0.083244 0.165951
5.000000 542.000000 -0.684080 0.196871
1178.000000 543.000000 0.551606 0.188254
1106.000000 544.000000 0.462704 0.183315
1153.000000 544.000000 0.519849 0.187079
1273.000000 544.000000 0.682894 0.199133
1197.000000 545.000000 0.576730 0.192180
1199.000000 545.000000 0.579393 0.192376
1203.000000 546.000000 0.584840 0.193843
1241.000000 546.000000 0.637107 0.197804
1254.000000 546.000000 0.655588 0.199228
1007.000000 547.000000 0.352157 0.180035
1098.000000 547.000000 0.453523 0.185787
1183.000000 547.000000 0.558481 0.192957
1275.000000 548.000000 0.686279 0.203811
1100.000000 549.000000 0.456015 0.187977
1156.000000 549.000000 0.524055 0.192572
1211.000000 549.000000 0.595932 0.197880
1240.000000 549.000000 0.636026 0.200977
1052.000000 550.000000 0.401271 0.185658
1054.000000 550.000000 0.403498 0.185787
1266.000000 550.000000 0.673361 0.205003
1195.000000 551.000000 0.574668 0.198394
1239.000000 551.000000 0.634838 0.203056
1055.000000 552.000000 0.404744 0.187861
1075.000000 552.000000 0.427312 0.189216
1200.000000 552.000000 0.581431 0.199973
1217.000000 552.000000 0.604419 0.201751
1096.000000 553.000000 0.451632 0.191764
1152.000000 553.000000 0.519389 0.196406
1174.000000 553.000000 0.547374 0.198457
1224.000000 553.000000 0.614147 0.203590
1264.000000 553.000000 0.670803 0.208104
1108.000000 554.000000 0.465838 0.193718
1202.000000 554.000000 0.584315 0.202328
973.000000 555.000000 0.316892 0.186154
1248.000000 555.000000 0.648032 0.208467
954.000000 556.000000 0.297416 0.186229
1026.000000 556.000000 0.373084 0.190041
1152.000000 556.000000 0.519662 0.199553
1210.000000 556.000000 0.595314 0.205330
1244.000000 556.000000 0.642464 0.209109
8.000000 557.000000 -0.681417 0.213220
1186.000000 557.000000 0.563393 0.203899
1154.000000 558.000000 0.522360 0.201840
1254.000000 559.000000 0.657076 0.213588
1032.000000 560.000000 0.379863 0.194407
1127.000000 560.000000 0.489149 0.201498
1241.000000 560.000000 0.638682 0.213166
402.000000 561.000000 -0.221623 0.187994
1083.000000 562.000000 0.437221 0.199973
1089.000000 562.000000 0.444167 0.200435
1105.000000 562.000000 0.462928 0.201712
1128.000000 562.000000 0.490541 0.203667
1209.000000 562.000000 0.594611 0.211716
1245.000000 562.000000 0.644583 0.215842
966.000000 563.000000 0.310058 0.193655
981.000000 563.000000 0.325616 0.194428
1185.000000 563.000000 0.562698 0.210214
1193.000000 563.000000 0.573258 0.211059
1248.000000 563.000000 0.648970 0.217305
1138.000000 564.000000 0.502979 0.206656
1234.000000 564.000000 0.629301 0.216748
1250.000000 564.000000 0.651945 0.218653
1253.000000 564.000000 0.656240 0.219015
966.000000 565.000000 0.310159 0.195620
969.000000 565.000000 0.313257 0.195772
1042.000000 565.000000 0.391172 0.200078
1239.000000 565.000000 0.636448 0.218441
1259.000000 565.000000 0.664998 0.220859
1070.000000 566.000000 0.422628 0.203074
1129.000000 566.000000 0.492117 0.207928
1142.000000 566.000000 0.508115 0.209126
1072.000000 567.000000 0.424982 0.204242
1143.000000 568.000000 0.509546 0.211323
1145.000000 568.000000 0.512036 0.211514
1252.000000 568.000000 0.655295 0.223339
1094.000000 569.000000 0.450555 0.208023
1104.000000 569.000000 0.462327 0.208857
1249.000000 570.000000 0.651250 0.225192
47.000000 571.000000 -0.627426 0.224072
1075.000000 571.000000 0.428717 0.208558
1079.000000 572.000000 0.433389 0.209896
1166.000000 573.000000 0.539088 0.218918
1196.000000 573.000000 0.578351 0.222183
1230.000000 573.000000 0.624783 0.226180
1059.000000 574.000000 0.410772 0.210399
1266.000000 575.000000 0.676412 0.232936
1270.000000 575.000000 0.682252 0.233454
974.000000 576.000000 0.319028 0.206898
1124.000000 576.000000 0.486947 0.217927
952.000000 577.000000 0.296390 0.206716
1160.000000 577.000000 0.531838 0.222556
893.000000 578.000000 0.237305 0.205024
1162.000000 579.000000 0.534601 0.224902
1164.000000 579.000000 0.537160 0.225116
1276.000000 579.000000 0.691581 0.238759
56.000000 580.000000 -0.616025 0.232893
1268.000000 580.000000 0.679983 0.238831
963.000000 581.000000 0.307903 0.211246
1083.000000 581.000000 0.438744 0.219481
1148.000000 581.000000 0.517083 0.225565
1183.000000 581.000000 0.562037 0.229365
1177.000000 582.000000 0.554294 0.229766
1064.000000 583.000000 0.417121 0.219982
1070.000000 583.000000 0.423953 0.220465
1168.000000 583.000000 0.542735 0.229839
1148.000000 584.000000 0.517395 0.228756
1227.000000 584.000000 0.621970 0.237964
1238.000000 584.000000 0.637402 0.239379
1247.000000 584.000000 0.650182 0.240555
58.000000 585.000000 -0.613886 0.238160
1062.000000 585.000000 0.415012 0.221873
1167.000000 585.000000 0.541668 0.231877
1161.000000 586.000000 0.534080 0.232288
1163.000000 586.000000 0.536640 0.232508
366.000000 588.000000 -0.258104 0.215613
1148.000000 588.000000 0.517818 0.233019
1133.000000 589.000000 0.499244 0.232510
1156.000000 589.000000 0.528038 0.234955
1199.000000 589.000000 0.584259 0.239964
1244.000000 589.000000 0.646569 0.245758
1221.000000 590.000000 0.614408 0.243843
1180.000000 591.000000 0.559258 0.239853
1195.000000 591.000000 0.579138 0.241662
1269.000000 591.000000 0.682934 0.251425
1130.000000 594.000000 0.496066 0.237505
141.000000 595.000000 -0.506399 0.239316
1120.000000 595.000000 0.483940 0.237536
643.000000 597.000000 0.002907 0.218273
1103.000000 597.000000 0.463687 0.237955
1174.000000 597.000000 0.552125 0.245657
1191.000000 597.000000 0.574538 0.247738
906.000000 598.000000 0.251027 0.225148
1088.000000 598.000000 0.446072 0.237576
935.000000 599.000000 0.280217 0.227581
1184.000000 599.000000 0.565495 0.249057
1189.000000 599.000000 0.572125 0.249681
661.000000 600.000000 0.019446 0.221179
1209.000000 600.000000 0.599215 0.253359
1217.000000 600.000000 0.610198 0.254423
1134.000000 601.000000 0.501751 0.245388
1214.000000 601.000000 0.606200 0.255134
1181.000000 602.000000 0.561910 0.251965
126.000000 603.000000 -0.526107 0.249564
1177.000000 603.000000 0.556779 0.252561
1171.000000 604.000000 0.549067 0.252912
1041.000000 605.000000 0.393044 0.240727
1185.000000 605.000000 0.567574 0.255759
1250.000000 605.000000 0.657371 0.264640
1043.000000 606.000000 0.395356 0.241923
1188.000000 606.000000 0.571687 0.257244
1247.000000 607.000000 0.653359 0.266477
1269.000000 607.000000 0.685220 0.269690
894.000000 609.000000 0.239627 0.235443
899.000000 609.000000 0.244586 0.235678
1056.000000 609.000000 0.410231 0.246138
1213.000000 609.000000 0.605913 0.263914
1189.000000 610.000000 0.573541 0.261785
1211.000000 610.000000 0.603304 0.264755
1056.000000 611.000000 0.410407 0.248216
1059.000000 611.000000 0.413813 0.248484
1155.000000 611.000000 0.529307 0.258580
1213.000000 611.000000 0.606190 0.266150
1245.000000 611.000000 0.651080 0.270730
1190.000000 613.000000 0.575274 0.265236
959.000000 614.000000 0.305700 0.243972
1244.000000 614.000000 0.650093 0.273995
962.000000 615.000000 0.308878 0.245170
1163.000000 616.000000 0.540196 0.265023
1205.000000 616.000000 0.595932 0.270625
1221.000000 616.000000 0.617965 0.272898
1242.000000 617.000000 0.647685 0.277114
822.000000 619.000000 0.170015 0.242411
869.000000 619.000000 0.215471 0.244209
1186.000000 619.000000 0.570747 0.271346
1200.000000 619.000000 0.589555 0.273278
1240.000000 619.000000 0.645137 0.279094
825.000000 620.000000 0.172921 0.243494
1018.000000 620.000000 0.368890 0.254312
1167.000000 621.000000 0.546020 0.271025
1182.000000 621.000000 0.565705 0.273022
1187.000000 621.000000 0.572353 0.273704
1236.000000 622.000000 0.639909 0.281911
1139.000000 624.000000 0.510647 0.270763
1237.000000 624.000000 0.641630 0.284344
1078.000000 625.000000 0.437024 0.265000
1082.000000 626.000000 0.441800 0.266471
1162.000000 627.000000 0.540327 0.276977
1184.000000 627.000000 0.569187 0.279967
847.000000 628.000000 0.194421 0.252200
1038.000000 628.000000 0.391674 0.264321
1082.000000 628.000000 0.442009 0.268596
1179.000000 628.000000 0.562694 0.280385
1000.000000 629.000000 0.350076 0.262154
1252.000000 630.000000 0.664022 0.293557
1019.000000 632.000000 0.370984 0.266821
1093.000000 632.000000 0.455420 0.274045
1194.000000 632.000000 0.583299 0.286989
1171.000000 633.000000 0.552856 0.284838
99.000000 634.000000 -0.565065 0.287060
1016.000000 634.000000 0.367866 0.268645
949.000000 636.000000 0.296770 0.265624
1203.000000 636.000000 0.596108 0.292834
1209.000000 637.000000 0.604484 0.294878
1033.000000 638.000000 0.387005 0.274335
1036.000000 639.000000 0.390449 0.275665
1089.000000 639.000000 0.451450 0.281111
1023.000000 640.000000 0.376091 0.275521
890.000000 641.000000 0.237244 0.267175
767.000000 642.000000 0.118479 0.263422
902.000000 642.000000 0.249286 0.268836
1025.000000 642.000000 0.378484 0.277799
791.000000 643.000000 0.141227 0.265080
1260.000000 643.000000 0.677707 0.309941
763.000000 645.000000 0.114783 0.266288
1215.000000 645.000000 0.614023 0.304943
866.000000 646.000000 0.213759 0.271000
1226.000000 647.000000 0.629712 0.309009
1215.000000 648.000000 0.614502 0.308385
1252.000000 648.000000 0.666943 0.314455
803.000000 649.000000 0.152858 0.271431
815.000000 649.000000 0.164356 0.271854
1249.000000 650.000000 0.662951 0.316289
1028.000000 651.000000 0.382658 0.287563
1111.000000 651.000000 0.479350 0.296747
1247.000000 653.000000 0.660577 0.319459
1043.000000 655.000000 0.399898 0.293302
422.000000 656.000000 -0.205974 0.280623
1055.000000 656.000000 0.413678 0.295633
1194.000000 656.000000 0.586952 0.314202
872.000000 657.000000 0.220223 0.282413
1042.000000 657.000000 0.398972 0.295334
1080.000000 657.000000 0.442871 0.299518
1083.000000 657.000000 0.446416 0.299872
1051.000000 659.000000 0.409420 0.298423
1187.000000 659.000000 0.577969 0.316523
1133.000000 661.000000 0.507958 0.310721
913.000000 662.000000 0.261583 0.289886
1026.000000 662.000000 0.381504 0.299047
1089.000000 662.000000 0.454153 0.306047
561.000000 664.000000 -0.073508 0.284211
723.000000 664.000000 0.077594 0.284308
933.000000 664.000000 0.282171 0.293291
1087.000000 664.000000 0.452014 0.307989
839.000000 665.000000 0.188222 0.288930
685.000000 667.000000 0.042095 0.286774
821.000000 668.000000 0.170877 0.291196
935.000000 669.000000 0.284591 0.298622
942.000000 669.000000 0.291842 0.299135
1212.000000 670.000000 0.613984 0.333345
1218.000000 670.000000 0.622348 0.334377
881.000000 672.000000 0.229984 0.298224
842.000000 673.000000 0.191520 0.297207
347.000000 674.000000 -0.282391 0.303561
839.000000 674.000000 0.188635 0.298087
1027.000000 676.000000 0.384059 0.314158
936.000000 677.000000 0.286215 0.307042
1139.000000 678.000000 0.518031 0.330711
937.000000 679.000000 0.287403 0.309213
887.000000 680.000000 0.236464 0.306836
1098.000000 680.000000 0.467315 0.327084
1100.000000 680.000000 0.469746 0.327356
1122.000000 680.000000 0.496871 0.330453
1211.000000 682.000000 0.614686 0.347222
1274.000000 682.000000 0.704916 0.358601
360.000000 683.000000 -0.269668 0.312028
881.000000 683.000000 0.230631 0.309581
998.000000 684.000000 0.352767 0.319810
1123.000000 684.000000 0.498709 0.335116
920.000000 685.000000 0.270297 0.314245
1274.000000 685.000000 0.705457 0.362212
586.000000 686.000000 -0.050394 0.305958
954.000000 687.000000 0.305821 0.319008
1275.000000 687.000000 0.707284 0.364804
1116.000000 690.000000 0.490857 0.340875
1269.000000 690.000000 0.699052 0.367332
1276.000000 690.000000 0.709293 0.368609
1016.000000 691.000000 0.373361 0.329226
855.000000 692.000000 0.205274 0.317426
885.000000 692.000000 0.235201 0.319197
1274.000000 692.000000 0.706729 0.370664
779.000000 693.000000 0.131396 0.315091
913.000000 693.000000 0.263695 0.322147
1190.000000 693.000000 0.587740 0.356431
1243.000000 693.000000 0.661942 0.366132
1266.000000 693.000000 0.695226 0.370404
1269.000000 693.000000 0.699603 0.370957
1271.000000 693.000000 0.702524 0.371324
743.000000 694.000000 0.097103 0.315045
785.000000 694.000000 0.137188 0.316328
1019.000000 694.000000 0.377039 0.332821
1235.000000 694.000000 0.650685 0.365840
502.000000 695.000000 -0.130136 0.317054
954.000000 698.000000 0.306765 0.330731
956.000000 698.000000 0.308882 0.330907
1258.000000 698.000000 0.684524 0.374961
1262.000000 698.000000 0.690332 0.375709
1270.000000 700.000000 0.702357 0.379625
1078.000000 701.000000 0.446098 0.347868
835.000000 702.000000 0.186085 0.326775
796.000000 703.000000 0.148132 0.326037
924.000000 704.000000 0.275863 0.334641
1157.000000 704.000000 0.545530 0.363558
1266.000000 706.000000 0.697650 0.386175
803.000000 707.000000 0.155078 0.330484
852.000000 707.000000 0.203139 0.332926
1178.000000 707.000000 0.573997 0.370792
801.000000 709.000000 0.153223 0.332482
956.000000 709.000000 0.309874 0.342748
805.000000 710.000000 0.157151 0.333699
893.000000 711.000000 0.244570 0.339773
960.000000 711.000000 0.314322 0.345288
1254.000000 711.000000 0.681198 0.389986
1259.000000 711.000000 0.688433 0.390943
1238.000000 713.000000 0.658583 0.389334
1047.000000 714.000000 0.411346 0.358329
1257.000000 714.000000 0.686112 0.394222
1230.000000 715.000000 0.647569 0.390211
957.000000 716.000000 0.311593 0.350439
