402.000000 3.000000 -0.229292 -0.343664
420.000000 3.000000 -0.211229 -0.342513
437.000000 3.000000 -0.194329 -0.341519
439.000000 3.000000 -0.192350 -0.341408
1190.000000 3.000000 0.592119 -0.383576
400.000000 4.000000 -0.231243 -0.342733
427.000000 4.000000 -0.204193 -0.341034
1013.000000 4.000000 0.372764 -0.355000
252.000000 5.000000 -0.388891 -0.355456
1021.000000 5.000000 0.381652 -0.354835
421.000000 6.000000 -0.210049 -0.339274
425.000000 6.000000 -0.206065 -0.339036
432.000000 6.000000 -0.199113 -0.338632
36.000000 7.000000 -0.665645 -0.388656
380.000000 7.000000 -0.251336 -0.340938
400.000000 7.000000 -0.231042 -0.339543
423.000000 7.000000 -0.207997 -0.338098
394.000000 8.000000 -0.237036 -0.338885
433.000000 8.000000 -0.198009 -0.336467
1030.000000 8.000000 0.391499 -0.352584
1242.000000 8.000000 0.664131 -0.387567
401.000000 9.000000 -0.229902 -0.337356
11.000000 10.000000 -0.701133 -0.389768
22.000000 10.000000 -0.685202 -0.387687
58.000000 10.000000 -0.633843 -0.380799
385.000000 10.000000 -0.246026 -0.337384
3.000000 11.000000 -0.712581 -0.390040
392.000000 11.000000 -0.238855 -0.335838
400.000000 11.000000 -0.230778 -0.335304
434.000000 11.000000 -0.196853 -0.333256
439.000000 11.000000 -0.191915 -0.332984
11.000000 12.000000 -0.700758 -0.387328
16.000000 12.000000 -0.693504 -0.386388
38.000000 12.000000 -0.661825 -0.382206
58.000000 12.000000 -0.633462 -0.378390
69.000000 13.000000 -0.617887 -0.375110
379.000000 13.000000 -0.251922 -0.334624
391.000000 13.000000 -0.239731 -0.333787
944.000000 13.000000 0.296955 -0.338166
307.000000 14.000000 -0.327161 -0.339584
420.000000 14.000000 -0.210570 -0.330900
70.000000 15.000000 -0.616121 -0.372530
310.000000 15.000000 -0.323843 -0.338214
398.000000 15.000000 -0.232531 -0.331208
438.000000 15.000000 -0.192688 -0.328847
945.000000 15.000000 0.297834 -0.336104
381.000000 16.000000 -0.249672 -0.331301
422.000000 16.000000 -0.208465 -0.328684
434.000000 16.000000 -0.196581 -0.328015
384.000000 17.000000 -0.246553 -0.330035
392.000000 17.000000 -0.238452 -0.329493
437.000000 17.000000 -0.193568 -0.326809
1146.000000 17.000000 0.530966 -0.359169
388.000000 20.000000 -0.242295 -0.326598
392.000000 20.000000 -0.238253 -0.326333
1141.000000 21.000000 0.523848 -0.353707
379.000000 22.000000 -0.251287 -0.325104
382.000000 22.000000 -0.248240 -0.324898
411.000000 22.000000 -0.219065 -0.323046
418.000000 22.000000 -0.212095 -0.322636
425.000000 23.000000 -0.205096 -0.321199
428.000000 23.000000 -0.202128 -0.321035
1103.000000 24.000000 0.475619 -0.344405
377.000000 25.000000 -0.253114 -0.322084
390.000000 25.000000 -0.239944 -0.321212
511.000000 26.000000 -0.121476 -0.314405
994.000000 26.000000 0.349341 -0.328838
394.000000 27.000000 -0.235786 -0.318862
398.000000 27.000000 -0.231767 -0.318611
402.000000 27.000000 -0.227758 -0.318364
914.000000 27.000000 0.264682 -0.320879
380.000000 28.000000 -0.249862 -0.318730
383.000000 28.000000 -0.246822 -0.318529
388.000000 28.000000 -0.241767 -0.318201
407.000000 29.000000 -0.222640 -0.315980
907.000000 29.000000 0.257382 -0.318277
389.000000 30.000000 -0.240630 -0.316046
415.000000 30.000000 -0.214619 -0.314478
376.000000 31.000000 -0.253720 -0.315858
383.000000 31.000000 -0.246623 -0.315391
393.000000 31.000000 -0.236539 -0.314749
398.000000 31.000000 -0.231520 -0.314439
401.000000 31.000000 -0.228516 -0.314257
407.000000 31.000000 -0.222523 -0.313900
971.000000 31.000000 0.324000 -0.321273
1207.000000 31.000000 0.610360 -0.353410
953.000000 32.000000 0.304809 -0.318641
384.000000 33.000000 -0.245482 -0.313238
389.000000 33.000000 -0.240438 -0.312917
408.000000 33.000000 -0.221410 -0.311766
383.000000 35.000000 -0.246363 -0.311218
389.000000 35.000000 -0.240312 -0.310835
406.000000 35.000000 -0.223286 -0.309808
409.000000 35.000000 -0.220299 -0.309636
397.000000 36.000000 -0.232218 -0.309304
392.000000 37.000000 -0.237172 -0.308571
383.000000 38.000000 -0.246170 -0.308097
386.000000 39.000000 -0.243082 -0.306868
383.000000 40.000000 -0.246043 -0.306020
1081.000000 40.000000 0.446831 -0.323486
1089.000000 40.000000 0.456397 -0.324527
1039.000000 41.000000 0.397882 -0.317358
1090.000000 42.000000 0.457335 -0.322440
424.000000 43.000000 -0.205019 -0.300580
49.000000 46.000000 -0.639923 -0.339578
1150.000000 46.000000 0.531491 -0.326490
1164.000000 46.000000 0.549724 -0.328673
376.000000 47.000000 -0.252668 -0.299216
389.000000 47.000000 -0.239575 -0.298413
392.000000 47.000000 -0.236569 -0.298234
386.000000 48.000000 -0.242527 -0.297563
421.000000 50.000000 -0.207617 -0.293570
387.000000 51.000000 -0.241343 -0.294416
92.000000 52.000000 -0.579534 -0.325299
391.000000 53.000000 -0.237218 -0.292128
1010.000000 53.000000 0.364229 -0.301465
960.000000 54.000000 0.310388 -0.296050
253.000000 55.000000 -0.382223 -0.300826
392.000000 55.000000 -0.236103 -0.290022
405.000000 55.000000 -0.223164 -0.289301
1157.000000 55.000000 0.539186 -0.317351
1051.000000 56.000000 0.409914 -0.302457
349.000000 57.000000 -0.279519 -0.290669
372.000000 58.000000 -0.256022 -0.288138
4.000000 59.000000 -0.702519 -0.332060
980.000000 59.000000 0.331183 -0.292444
372.000000 60.000000 -0.255899 -0.286087
382.000000 60.000000 -0.245828 -0.285487
392.000000 60.000000 -0.235820 -0.284913
1071.000000 60.000000 0.432602 -0.300379
1157.000000 60.000000 0.538438 -0.311705
1159.000000 60.000000 0.541035 -0.312002
980.000000 61.000000 0.331016 -0.290351
1047.000000 62.000000 0.404704 -0.295582
841.000000 63.000000 0.189789 -0.279609
998.000000 63.000000 0.350208 -0.289792
406.000000 65.000000 -0.221649 -0.279081
1068.000000 66.000000 0.428426 -0.293559
986.000000 72.000000 0.336526 -0.279373
853.000000 75.000000 0.200953 -0.268077
1037.000000 75.000000 0.392095 -0.280747
99.000000 78.000000 -0.566176 -0.294675
1019.000000 80.000000 0.371638 -0.273830
1083.000000 81.000000 0.444316 -0.279103
39.000000 82.000000 -0.648065 -0.299321
1064.000000 84.000000 0.421881 -0.273895
1168.000000 85.000000 0.549167 -0.285299
947.000000 86.000000 0.294535 -0.262131
1003.000000 86.000000 0.353675 -0.266230
1078.000000 87.000000 0.437807 -0.272156
384.000000 88.000000 -0.242286 -0.257040
1137.000000 88.000000 0.509087 -0.277892
1077.000000 89.000000 0.436430 -0.269924
1152.000000 89.000000 0.527953 -0.278721
1254.000000 89.000000 0.667060 -0.293689
388.000000 90.000000 -0.238208 -0.254834
1103.000000 90.000000 0.467104 -0.271672
1142.000000 90.000000 0.515125 -0.276337
410.000000 91.000000 -0.216461 -0.252791
964.000000 93.000000 0.311718 -0.256143
1145.000000 93.000000 0.518536 -0.273436
395.000000 94.000000 -0.231081 -0.250499
1085.000000 94.000000 0.445276 -0.265444
1140.000000 94.000000 0.512105 -0.271719
1265.000000 95.000000 0.682100 -0.288482
28.000000 96.000000 -0.661599 -0.284935
1002.000000 96.000000 0.351801 -0.255836
1205.000000 96.000000 0.597037 -0.278246
391.000000 97.000000 -0.234892 -0.247704
9.000000 98.000000 -0.688835 -0.285553
1202.000000 98.000000 0.592661 -0.275572
1205.000000 98.000000 0.596750 -0.276000
60.000000 100.000000 -0.615833 -0.275596
1138.000000 101.000000 0.508745 -0.263870
4.000000 102.000000 -0.695548 -0.281693
1019.000000 102.000000 0.369782 -0.251004
1077.000000 102.000000 0.435115 -0.256170
1136.000000 102.000000 0.506127 -0.262550
1167.000000 102.000000 0.545590 -0.266382
1185.000000 102.000000 0.569244 -0.268757
1150.000000 103.000000 0.523631 -0.263151
1176.000000 103.000000 0.557216 -0.266454
5.000000 104.000000 -0.693778 -0.279231
1124.000000 104.000000 0.491039 -0.259007
1146.000000 104.000000 0.518443 -0.261578
1104.000000 107.000000 0.466455 -0.253624
1111.000000 107.000000 0.474874 -0.254366
371.000000 110.000000 -0.254134 -0.235765
1101.000000 110.000000 0.462559 -0.250132
1138.000000 111.000000 0.507576 -0.253074
1140.000000 111.000000 0.510075 -0.253303
1164.000000 111.000000 0.540572 -0.256159
1204.000000 111.000000 0.593574 -0.261338
1116.000000 112.000000 0.480393 -0.249575
1173.000000 112.000000 0.552131 -0.256186
386.000000 113.000000 -0.239088 -0.232085
273.000000 114.000000 -0.355265 -0.237677
276.000000 114.000000 -0.352041 -0.237461
1041.000000 114.000000 0.393086 -0.240431
1206.000000 114.000000 0.595891 -0.258274
1261.000000 114.000000 0.673396 -0.266034
1084.000000 116.000000 0.441918 -0.242144
1224.000000 116.000000 0.620420 -0.258498
1154.000000 117.000000 0.527041 -0.248452
1245.000000 117.000000 0.649908 -0.260318
994.000000 118.000000 0.341635 -0.232829
1052.000000 118.000000 0.405072 -0.237219
1060.000000 118.000000 0.414117 -0.237898
1069.000000 119.000000 0.424297 -0.237647
1179.000000 119.000000 0.559117 -0.249281
956.000000 120.000000 0.301720 -0.228431
1088.000000 120.000000 0.446218 -0.238335
1090.000000 120.000000 0.448563 -0.238523
1152.000000 120.000000 0.524155 -0.244986
1079.000000 121.000000 0.435642 -0.236462
1170.000000 121.000000 0.547123 -0.246009
1037.000000 122.000000 0.388003 -0.231895
1104.000000 122.000000 0.464935 -0.237770
1159.000000 122.000000 0.532837 -0.243634
381.000000 123.000000 -0.243584 -0.222466
1060.000000 123.000000 0.413691 -0.232730
1081.000000 123.000000 0.437781 -0.234561
1125.000000 123.000000 0.490202 -0.238832
968.000000 124.000000 0.313908 -0.225141
1061.000000 125.000000 0.414657 -0.230751
1181.000000 125.000000 0.561013 -0.242981
1184.000000 125.000000 0.564967 -0.243345
1224.000000 125.000000 0.619199 -0.248449
1013.000000 127.000000 0.361387 -0.225034
1071.000000 127.000000 0.425893 -0.229531
1157.000000 127.000000 0.529715 -0.238021
1273.000000 127.000000 0.689071 -0.252921
1135.000000 129.000000 0.501881 -0.233503
1223.000000 129.000000 0.617282 -0.243870
1056.000000 130.000000 0.408594 -0.225198
1194.000000 131.000000 0.577522 -0.238012
1216.000000 131.000000 0.607351 -0.240752
1129.000000 132.000000 0.494181 -0.229709
1201.000000 132.000000 0.586796 -0.237773
1254.000000 132.000000 0.660735 -0.244639
1059.000000 133.000000 0.411739 -0.222360
1177.000000 133.000000 0.554826 -0.233827
1155.000000 134.000000 0.526403 -0.230297
1201.000000 134.000000 0.586552 -0.235583
28.000000 135.000000 -0.656027 -0.240691
975.000000 135.000000 0.320549 -0.214581
1069.000000 135.000000 0.422935 -0.221114
1071.000000 135.000000 0.425221 -0.221278
1161.000000 135.000000 0.533932 -0.229878
1075.000000 136.000000 0.429725 -0.220579
1203.000000 136.000000 0.589008 -0.233638
214.000000 137.000000 -0.418670 -0.218676
1249.000000 138.000000 0.652759 -0.237238
1237.000000 139.000000 0.635580 -0.234570
213.000000 140.000000 -0.419568 -0.215681
1100.000000 140.000000 0.458510 -0.218584
16.000000 141.000000 -0.672517 -0.235528
389.000000 141.000000 -0.234948 -0.204553
1144.000000 141.000000 0.511833 -0.221699
1031.000000 142.000000 0.379925 -0.211121
1124.000000 142.000000 0.487096 -0.218691
1273.000000 142.000000 0.687031 -0.235894
363.000000 143.000000 -0.260579 -0.203682
1208.000000 143.000000 0.594941 -0.226584
1056.000000 144.000000 0.407510 -0.210889
1086.000000 144.000000 0.441769 -0.213249
1202.000000 144.000000 0.586708 -0.224789
1123.000000 145.000000 0.485600 -0.215455
208.000000 146.000000 -0.424788 -0.209932
1169.000000 146.000000 0.543013 -0.218964
1221.000000 146.000000 0.612382 -0.224851
1256.000000 146.000000 0.661778 -0.229192
1236.000000 147.000000 0.633167 -0.225574
1187.000000 148.000000 0.566261 -0.218760
1123.000000 149.000000 0.485233 -0.211274
1230.000000 151.000000 0.624275 -0.220434
60.000000 152.000000 -0.609056 -0.217909
1262.000000 152.000000 0.669696 -0.223240
1272.000000 152.000000 0.684275 -0.224494
1229.000000 153.000000 0.622643 -0.218117
1249.000000 153.000000 0.650861 -0.220520
1079.000000 154.000000 0.432885 -0.202432
1261.000000 154.000000 0.667998 -0.220881
1272.000000 154.000000 0.684025 -0.222247
1161.000000 155.000000 0.531852 -0.208569
1220.000000 155.000000 0.609946 -0.214879
1232.000000 155.000000 0.626595 -0.216273
1165.000000 157.000000 0.536755 -0.206844
1183.000000 157.000000 0.560042 -0.208669
369.000000 158.000000 -0.253997 -0.188861
1027.000000 158.000000 0.374507 -0.194780
46.000000 159.000000 -0.627623 -0.211861
198.000000 159.000000 -0.435245 -0.197421
1029.000000 160.000000 0.376559 -0.192906
1268.000000 161.000000 0.677318 -0.213920
156.000000 162.000000 -0.484470 -0.197678
1270.000000 162.000000 0.680118 -0.213043
56.000000 166.000000 -0.612984 -0.203107
1229.000000 166.000000 0.621158 -0.203888
1273.000000 166.000000 0.684033 -0.208933
1173.000000 167.000000 0.546051 -0.197027
45.000000 168.000000 -0.628008 -0.202128
1158.000000 168.000000 0.526814 -0.194570
1161.000000 168.000000 0.530612 -0.194845
63.000000 170.000000 -0.602974 -0.198028
1165.000000 170.000000 0.535514 -0.193108
311.000000 171.000000 -0.311958 -0.178715
366.000000 171.000000 -0.256473 -0.176432
1100.000000 171.000000 0.455981 -0.186655
1161.000000 171.000000 0.530338 -0.191691
927.000000 174.000000 0.269716 -0.174093
1068.000000 175.000000 0.418855 -0.180355
1159.000000 175.000000 0.527450 -0.187317
1087.000000 176.000000 0.440491 -0.180629
1239.000000 178.000000 0.633841 -0.191885
1177.000000 179.000000 0.550097 -0.184719
1148.000000 180.000000 0.513236 -0.181162
1172.000000 181.000000 0.543476 -0.182167
225.000000 182.000000 -0.403197 -0.172417
354.000000 182.000000 -0.267986 -0.166296
1207.000000 182.000000 0.589400 -0.184335
365.000000 183.000000 -0.257035 -0.164947
916.000000 183.000000 0.258444 -0.165037
370.000000 184.000000 -0.252065 -0.163820
48.000000 185.000000 -0.622060 -0.183349
1183.000000 185.000000 0.557345 -0.178929
1237.000000 185.000000 0.630311 -0.184066
1258.000000 185.000000 0.660128 -0.186228
1222.000000 186.000000 0.609407 -0.181497
1260.000000 186.000000 0.662903 -0.185340
1225.000000 187.000000 0.613437 -0.180712
1196.000000 188.000000 0.574150 -0.176920
1113.000000 189.000000 0.470022 -0.169234
1201.000000 189.000000 0.580706 -0.176312
1125.000000 191.000000 0.484234 -0.168044
1251.000000 191.000000 0.649490 -0.178947
1265.000000 191.000000 0.669615 -0.180364
1110.000000 192.000000 0.466259 -0.165975
1234.000000 192.000000 0.625428 -0.176192
1249.000000 192.000000 0.646544 -0.177659
17.000000 194.000000 -0.664980 -0.176643
124.000000 194.000000 -0.521181 -0.167126
377.000000 194.000000 -0.244867 -0.154059
1110.000000 194.000000 0.466124 -0.163944
1237.000000 194.000000 0.629425 -0.174319
15.000000 195.000000 -0.667764 -0.175746
120.000000 195.000000 -0.526115 -0.166399
1112.000000 195.000000 0.468424 -0.163063
1176.000000 195.000000 0.547428 -0.167827
364.000000 196.000000 -0.257592 -0.152560
1117.000000 196.000000 0.474298 -0.162384
1244.000000 196.000000 0.639071 -0.172826
1255.000000 196.000000 0.654708 -0.173891
1117.000000 198.000000 0.474163 -0.160350
986.000000 199.000000 0.328805 -0.152312
1205.000000 200.000000 0.585078 -0.164993
1246.000000 200.000000 0.641517 -0.168681
1126.000000 201.000000 0.484741 -0.157902
1130.000000 201.000000 0.489570 -0.158174
1251.000000 201.000000 0.648518 -0.168067
1264.000000 201.000000 0.667175 -0.169304
1255.000000 202.000000 0.654132 -0.167357
1268.000000 202.000000 0.672879 -0.168594
1275.000000 203.000000 0.682998 -0.168170
204.000000 204.000000 -0.425473 -0.151694
364.000000 204.000000 -0.257343 -0.144947
368.000000 204.000000 -0.253403 -0.144827
1257.000000 204.000000 0.656809 -0.165369
335.000000 206.000000 -0.286155 -0.143967
1140.000000 206.000000 0.501403 -0.153746
1254.000000 206.000000 0.652331 -0.162919
1117.000000 207.000000 0.473578 -0.151218
1183.000000 207.000000 0.555520 -0.155839
374.000000 208.000000 -0.247396 -0.140861
1256.000000 208.000000 0.655008 -0.160930
1211.000000 210.000000 0.592300 -0.154905
1210.000000 212.000000 0.590792 -0.152709
1117.000000 213.000000 0.473207 -0.145148
331.000000 214.000000 -0.289915 -0.136458
394.000000 214.000000 -0.227764 -0.134670
1213.000000 215.000000 0.594597 -0.149776
342.000000 219.000000 -0.278727 -0.131354
1274.000000 219.000000 0.680073 -0.150553
6.000000 221.000000 -0.678420 -0.148175
337.000000 221.000000 -0.283669 -0.129603
341.000000 221.000000 -0.279667 -0.129484
357.000000 221.000000 -0.263764 -0.129028
1057.000000 221.000000 0.403977 -0.133980
218.000000 222.000000 -0.408850 -0.133149
361.000000 222.000000 -0.259788 -0.127973
1237.000000 222.000000 0.626972 -0.144238
1239.000000 223.000000 0.629685 -0.143328
360.000000 224.000000 -0.260721 -0.126110
1125.000000 224.000000 0.482105 -0.134508
32.000000 227.000000 -0.640696 -0.139584
1110.000000 227.000000 0.464139 -0.130663
1180.000000 227.000000 0.550210 -0.134831
1187.000000 228.000000 0.559201 -0.134260
1198.000000 229.000000 0.573541 -0.133964
1097.000000 230.000000 0.448824 -0.126997
1204.000000 231.000000 0.581355 -0.132284
1158.000000 234.000000 0.521880 -0.126263
1208.000000 234.000000 0.586486 -0.129416
347.000000 235.000000 -0.273302 -0.116058
443.000000 236.000000 -0.180541 -0.113131
1210.000000 236.000000 0.589030 -0.127455
378.000000 237.000000 -0.242761 -0.113436
1235.000000 238.000000 0.622997 -0.127054
1133.000000 239.000000 0.490909 -0.119809
1165.000000 241.000000 0.530254 -0.119512
1222.000000 241.000000 0.604917 -0.123001
1247.000000 241.000000 0.639574 -0.124699
359.000000 242.000000 -0.261260 -0.109169
1038.000000 242.000000 0.382283 -0.112668
369.000000 243.000000 -0.251418 -0.108006
1247.000000 244.000000 0.639367 -0.121499
1239.000000 246.000000 0.628019 -0.118838
28.000000 247.000000 -0.644900 -0.118491
1115.000000 247.000000 0.469038 -0.110907
433.000000 249.000000 -0.189780 -0.101240
1268.000000 249.000000 0.669033 -0.117566
429.000000 250.000000 -0.193551 -0.100375
1244.000000 250.000000 0.634752 -0.114916
357.000000 251.000000 -0.263031 -0.100759
1255.000000 251.000000 0.650235 -0.114560
27.000000 252.000000 -0.645989 -0.113225
360.000000 253.000000 -0.260035 -0.098820
1164.000000 253.000000 0.528356 -0.107213
1177.000000 253.000000 0.544822 -0.107881
1088.000000 255.000000 0.437379 -0.101840
1235.000000 255.000000 0.621895 -0.109063
1265.000000 255.000000 0.664305 -0.110918
1268.000000 255.000000 0.668639 -0.111109
358.000000 257.000000 -0.261921 -0.095112
1041.000000 257.000000 0.385021 -0.098227
1019.000000 258.000000 0.361366 -0.096586
1226.000000 258.000000 0.609332 -0.105380
1153.000000 259.000000 0.514363 -0.100594
316.000000 260.000000 -0.303785 -0.093197
1172.000000 260.000000 0.538105 -0.100472
1235.000000 261.000000 0.621546 -0.102735
412.000000 262.000000 -0.209532 -0.089517
1071.000000 262.000000 0.417913 -0.094356
1181.000000 262.000000 0.549492 -0.098862
1250.000000 263.000000 0.642411 -0.101472
210.000000 264.000000 -0.416086 -0.092312
215.000000 264.000000 -0.410524 -0.092150
1155.000000 264.000000 0.516614 -0.095627
1179.000000 264.000000 0.546833 -0.096719
1275.000000 264.000000 0.678258 -0.101856
1238.000000 265.000000 0.625485 -0.098685
347.000000 266.000000 -0.272607 -0.086894
1138.000000 267.000000 0.495665 -0.091892
1219.000000 267.000000 0.599324 -0.095586
1240.000000 267.000000 0.628159 -0.096684
1199.000000 268.000000 0.572592 -0.093560
361.000000 269.000000 -0.258748 -0.083831
414.000000 269.000000 -0.207525 -0.083010
1019.000000 269.000000 0.361061 -0.086027
1250.000000 269.000000 0.642079 -0.095104
182.000000 270.000000 -0.447595 -0.087367
1221.000000 270.000000 0.601883 -0.092556
1144.000000 271.000000 0.502800 -0.088117
1265.000000 271.000000 0.663365 -0.093781
181.000000 272.000000 -0.448678 -0.085431
185.000000 272.000000 -0.444084 -0.085299
1188.000000 273.000000 0.558008 -0.087914
1172.000000 275.000000 0.537438 -0.085196
1161.000000 276.000000 0.523575 -0.083743
417.000000 277.000000 -0.204567 -0.075582
1101.000000 277.000000 0.451535 -0.080629
1118.000000 277.000000 0.471389 -0.081184
185.000000 278.000000 -0.443894 -0.079405
1168.000000 280.000000 0.532192 -0.079964
1273.000000 280.000000 0.674480 -0.084562
1075.000000 283.000000 0.421756 -0.073992
179.000000 284.000000 -0.450610 -0.073689
351.000000 284.000000 -0.268344 -0.069991
1176.000000 285.000000 0.542128 -0.075186
363.000000 286.000000 -0.256520 -0.067952
1054.000000 286.000000 0.398388 -0.070547
334.000000 287.000000 -0.285166 -0.067448
336.000000 288.000000 -0.283156 -0.066481
1250.000000 288.000000 0.641168 -0.075001
341.000000 289.000000 -0.278167 -0.065471
1170.000000 289.000000 0.534389 -0.070918
1189.000000 291.000000 0.558596 -0.069535
199.000000 293.000000 -0.427591 -0.064360
329.000000 294.000000 -0.290059 -0.060968
1276.000000 295.000000 0.678180 -0.068633
166.000000 296.000000 -0.465379 -0.062228
1183.000000 297.000000 0.550666 -0.063220
337.000000 298.000000 -0.282019 -0.057117
1167.000000 298.000000 0.530331 -0.061724
1088.000000 300.000000 0.436020 -0.057734
1199.000000 300.000000 0.571331 -0.060653
1202.000000 300.000000 0.575275 -0.060746
162.000000 301.000000 -0.469945 -0.057394
1259.000000 301.000000 0.653429 -0.061606
311.000000 302.000000 -0.308080 -0.053716
1172.000000 302.000000 0.536514 -0.057824
289.000000 304.000000 -0.330553 -0.052137
311.000000 304.000000 -0.308054 -0.051837
162.000000 305.000000 -0.469854 -0.053448
1131.000000 306.000000 0.486016 -0.052789
1181.000000 306.000000 0.547845 -0.054015
1194.000000 307.000000 0.564593 -0.053345
316.000000 308.000000 -0.302945 -0.048021
307.000000 309.000000 -0.312052 -0.047190
1266.000000 309.000000 0.663194 -0.053355
287.000000 310.000000 -0.332537 -0.046497
1194.000000 310.000000 0.564514 -0.050281
1192.000000 311.000000 0.561889 -0.049210
285.000000 313.000000 -0.334567 -0.043688
1134.000000 313.000000 0.489463 -0.045906
1268.000000 314.000000 0.665929 -0.048104
1187.000000 315.000000 0.555327 -0.045018
325.000000 316.000000 -0.293801 -0.040434
1232.000000 316.000000 0.615180 -0.045052
321.000000 318.000000 -0.297799 -0.038602
1150.000000 319.000000 0.508754 -0.040237
1139.000000 320.000000 0.495354 -0.039046
208.000000 321.000000 -0.417001 -0.037025
1246.000000 323.000000 0.634432 -0.038065
1156.000000 325.000000 0.516033 -0.034340
294.000000 326.000000 -0.325158 -0.031336
307.000000 326.000000 -0.311881 -0.031229
1126.000000 326.000000 0.479690 -0.032899
1136.000000 326.000000 0.491643 -0.033041
298.000000 327.000000 -0.321050 -0.030362
305.000000 327.000000 -0.313907 -0.030307
1019.000000 327.000000 0.360034 -0.030698
1202.000000 327.000000 0.574621 -0.033075
1219.000000 327.000000 0.597259 -0.033373
294.000000 328.000000 -0.325142 -0.029454
313.000000 328.000000 -0.305784 -0.029308
310.000000 329.000000 -0.308814 -0.028393
1186.000000 329.000000 0.553775 -0.030777
1247.000000 330.000000 0.635697 -0.030749
1249.000000 330.000000 0.638505 -0.030784
1171.000000 331.000000 0.534652 -0.028537
1192.000000 333.000000 0.561467 -0.026799
1156.000000 334.000000 0.515909 -0.025335
1177.000000 334.000000 0.542202 -0.025589
314.000000 335.000000 -0.304727 -0.022748
334.000000 335.000000 -0.284666 -0.022638
1200.000000 335.000000 0.571874 -0.024866
1210.000000 335.000000 0.585083 -0.024996
1217.000000 335.000000 0.594442 -0.025090
1186.000000 336.000000 0.553680 -0.023675
1237.000000 336.000000 0.621684 -0.024325
163.000000 337.000000 -0.468186 -0.021939
300.000000 337.000000 -0.318937 -0.020952
1209.000000 337.000000 0.583729 -0.022930
159.000000 338.000000 -0.472874 -0.020991
1231.000000 338.000000 0.613401 -0.022167
301.000000 339.000000 -0.317906 -0.019069
1057.000000 339.000000 0.400863 -0.019536
334.000000 340.000000 -0.284642 -0.017981
159.000000 341.000000 -0.472849 -0.018039
1066.000000 343.000000 0.410760 -0.015741
1228.000000 343.000000 0.609244 -0.016949
1190.000000 344.000000 0.558758 -0.015593
200.000000 345.000000 -0.425720 -0.013875
1089.000000 345.000000 0.436544 -0.013932
284.000000 346.000000 -0.335343 -0.012556
1245.000000 348.000000 0.632679 -0.011883
1238.000000 349.000000 0.622938 -0.010793
279.000000 351.000000 -0.340512 -0.007854
958.000000 352.000000 0.297049 -0.006832
1217.000000 352.000000 0.594291 -0.007577
1221.000000 352.000000 0.599679 -0.007594
1258.000000 354.000000 0.650978 -0.005654
1148.000000 356.000000 0.505941 -0.003328
177.000000 357.000000 -0.451826 -0.002279
1221.000000 357.000000 0.599664 -0.002434
1227.000000 357.000000 0.607804 -0.002443
1234.000000 358.000000 0.617386 -0.001415
1238.000000 359.000000 0.622905 -0.000378
34.000000 360.000000 -0.632766 0.000664
985.000000 360.000000 0.324469 0.000641
1245.000000 361.000000 0.632639 0.001710
1272.000000 361.000000 0.671070 0.001728
1220.000000 362.000000 0.598314 0.002725
31.000000 363.000000 -0.636959 0.003804
238.000000 364.000000 -0.383892 0.004468
37.000000 365.000000 -0.628601 0.005879
240.000000 365.000000 -0.381738 0.005420
40.000000 366.000000 -0.624449 0.006912
1276.000000 367.000000 0.676897 0.008115
37.000000 368.000000 -0.628613 0.009009
1201.000000 369.000000 0.573049 0.009852
1205.000000 369.000000 0.578316 0.009871
43.000000 370.000000 -0.620329 0.011061
277.000000 370.000000 -0.342596 0.010087
36.000000 371.000000 -0.630018 0.012145
100.000000 371.000000 -0.544927 0.011766
343.000000 371.000000 -0.275681 0.010856
1159.000000 371.000000 0.519495 0.011665
40.000000 372.000000 -0.624480 0.013161
44.000000 372.000000 -0.618966 0.013134
111.000000 372.000000 -0.531056 0.012712
1117.000000 372.000000 0.468861 0.012445
976.000000 373.000000 0.315284 0.012835
41.000000 374.000000 -0.623114 0.015237
46.000000 374.000000 -0.616235 0.015197
52.000000 374.000000 -0.608044 0.015149
99.000000 374.000000 -0.546218 0.014803
1256.000000 374.000000 0.648185 0.015394
1258.000000 375.000000 0.651036 0.016464
39.000000 376.000000 -0.625896 0.017337
45.000000 376.000000 -0.617624 0.017282
1249.000000 376.000000 0.638319 0.017432
1276.000000 377.000000 0.676971 0.018758
50.000000 378.000000 -0.610803 0.019310
55.000000 378.000000 -0.604010 0.019259
1222.000000 378.000000 0.601105 0.019250
43.000000 379.000000 -0.620404 0.020421
53.000000 379.000000 -0.606732 0.020314
48.000000 380.000000 -0.613555 0.021405
42.000000 382.000000 -0.621816 0.023555
38.000000 383.000000 -0.627360 0.024649
138.000000 383.000000 -0.497933 0.023484
306.000000 384.000000 -0.312833 0.023137
1253.000000 384.000000 0.644051 0.025876
543.000000 387.000000 -0.087464 0.025021
1169.000000 387.000000 0.532115 0.027812
1235.000000 387.000000 0.618972 0.028747
542.000000 389.000000 -0.088376 0.026830
1147.000000 389.000000 0.504906 0.029530
1218.000000 389.000000 0.595850 0.030553
1156.000000 390.000000 0.515965 0.030649
1178.000000 390.000000 0.543533 0.030962
1251.000000 390.000000 0.641324 0.032148
227.000000 392.000000 -0.395986 0.031350
1223.000000 392.000000 0.602653 0.033736
1233.000000 392.000000 0.616303 0.033915
261.000000 394.000000 -0.359517 0.032920
336.000000 394.000000 -0.282735 0.032286
1185.000000 397.000000 0.552598 0.038168
1081.000000 398.000000 0.427719 0.037497
1199.000000 400.000000 0.570822 0.041499
304.000000 402.000000 -0.315012 0.040048
1253.000000 402.000000 0.644404 0.044809
1252.000000 404.000000 0.643042 0.046889
1153.000000 406.000000 0.512544 0.046607
1155.000000 407.000000 0.515030 0.047651
271.000000 408.000000 -0.349160 0.046096
1085.000000 409.000000 0.432409 0.048254
1152.000000 409.000000 0.511379 0.049588
1186.000000 411.000000 0.554192 0.052416
1074.000000 412.000000 0.420084 0.050971
1152.000000 412.000000 0.511448 0.052591
236.000000 413.000000 -0.386489 0.051385
139.000000 414.000000 -0.497243 0.054286
229.000000 415.000000 -0.394126 0.053427
232.000000 415.000000 -0.390861 0.053374
259.000000 415.000000 -0.361899 0.052926
265.000000 417.000000 -0.355594 0.054734
1076.000000 417.000000 0.422420 0.055862
1092.000000 418.000000 0.440545 0.057169
1232.000000 418.000000 0.615592 0.060965
1236.000000 418.000000 0.621104 0.061097
1218.000000 419.000000 0.596572 0.061548
254.000000 420.000000 -0.367291 0.057779
275.000000 420.000000 -0.345154 0.057424
1212.000000 422.000000 0.588619 0.064452
251.000000 424.000000 -0.370562 0.061656
1209.000000 425.000000 0.584721 0.067446
1258.000000 425.000000 0.652234 0.069255
260.000000 427.000000 -0.361051 0.064351
1089.000000 427.000000 0.437332 0.065896
1123.000000 427.000000 0.476827 0.066785
1098.000000 429.000000 0.447684 0.068084
1127.000000 429.000000 0.481638 0.068881
1216.000000 429.000000 0.594230 0.071834
1220.000000 430.000000 0.599661 0.073023
1271.000000 432.000000 0.671212 0.077242
1112.000000 433.000000 0.464040 0.072408
1146.000000 434.000000 0.504716 0.074455
261.000000 438.000000 -0.360220 0.074835
1180.000000 438.000000 0.547358 0.079708
1184.000000 438.000000 0.552489 0.079863
240.000000 439.000000 -0.382697 0.076284
275.000000 439.000000 -0.345512 0.075482
1177.000000 439.000000 0.543566 0.080611
1118.000000 440.000000 0.471305 0.079518
240.000000 441.000000 -0.382746 0.078209
1164.000000 441.000000 0.527224 0.082141
1229.000000 441.000000 0.612377 0.084864
1263.000000 442.000000 0.660138 0.087539
242.000000 443.000000 -0.380638 0.080084
1205.000000 443.000000 0.580117 0.085867
1216.000000 443.000000 0.594809 0.086358
1202.000000 444.000000 0.576193 0.086768
1270.000000 444.000000 0.670335 0.090029
254.000000 446.000000 -0.367848 0.082662
1058.000000 446.000000 0.403116 0.083567
1171.000000 446.000000 0.536230 0.087490
245.000000 448.000000 -0.377538 0.084818
1188.000000 448.000000 0.558068 0.090261
1205.000000 448.000000 0.580343 0.091036
269.000000 449.000000 -0.352037 0.085159
938.000000 449.000000 0.277911 0.083611
1186.000000 449.000000 0.555527 0.091197
1208.000000 451.000000 0.584473 0.094285
1246.000000 451.000000 0.636459 0.096222
1182.000000 452.000000 0.550511 0.094088
1196.000000 453.000000 0.568719 0.095772
1237.000000 454.000000 0.624057 0.098908
230.000000 455.000000 -0.393996 0.092006
1059.000000 455.000000 0.404490 0.092338
1062.000000 455.000000 0.407809 0.092434
1186.000000 455.000000 0.555805 0.097349
1203.000000 455.000000 0.578033 0.098181
241.000000 456.000000 -0.382076 0.092642
1258.000000 456.000000 0.653729 0.102198
247.000000 457.000000 -0.375640 0.093430
960.000000 457.000000 0.300138 0.091592
1262.000000 457.000000 0.659513 0.103498
232.000000 460.000000 -0.391969 0.096788
242.000000 460.000000 -0.381116 0.096475
307.000000 461.000000 -0.312973 0.095643
263.000000 462.000000 -0.358720 0.097772
1174.000000 462.000000 0.540763 0.103932
935.000000 463.000000 0.275210 0.096696
1041.000000 464.000000 0.385071 0.100492
1174.000000 464.000000 0.540863 0.105977
184.000000 465.000000 -0.445864 0.103390
1266.000000 465.000000 0.665760 0.112316
1020.000000 467.000000 0.362597 0.102720
1100.000000 467.000000 0.451272 0.105601
1186.000000 467.000000 0.556415 0.109682
1143.000000 468.000000 0.502425 0.108513
233.000000 469.000000 -0.391179 0.105487
253.000000 469.000000 -0.369578 0.104816
1184.000000 469.000000 0.553939 0.111632
1272.000000 469.000000 0.674716 0.117013
231.000000 470.000000 -0.393397 0.106529
289.000000 470.000000 -0.331718 0.104681
1095.000000 470.000000 0.445624 0.108363
234.000000 471.000000 -0.390159 0.107394
243.000000 471.000000 -0.380394 0.107082
1120.000000 471.000000 0.474883 0.110449
1247.000000 471.000000 0.639050 0.117506
279.000000 472.000000 -0.342184 0.106888
1138.000000 472.000000 0.496531 0.112304
1245.000000 472.000000 0.636301 0.118439
236.000000 473.000000 -0.388052 0.109266
985.000000 473.000000 0.326092 0.107420
1219.000000 474.000000 0.600537 0.118883
1257.000000 475.000000 0.653502 0.122448
1078.000000 476.000000 0.426483 0.113576
46.000000 477.000000 -0.620048 0.122878
218.000000 477.000000 -0.407969 0.113840
1276.000000 477.000000 0.681105 0.125943
1250.000000 478.000000 0.643758 0.125174
156.000000 479.000000 -0.479234 0.118565
320.000000 479.000000 -0.300230 0.112380
1111.000000 480.000000 0.464680 0.119020
155.000000 481.000000 -0.480526 0.120622
1082.000000 482.000000 0.431274 0.119665
161.000000 483.000000 -0.473497 0.122326
1135.000000 483.000000 0.493456 0.123249
1147.000000 483.000000 0.508102 0.123901
1185.000000 483.000000 0.556049 0.126132
1248.000000 483.000000 0.641286 0.130377
178.000000 484.000000 -0.453623 0.122490
1216.000000 484.000000 0.597129 0.129189
1264.000000 485.000000 0.664269 0.133710
215.000000 486.000000 -0.411672 0.122786
1184.000000 487.000000 0.555007 0.130207
1207.000000 487.000000 0.585239 0.131725
703.000000 488.000000 0.057251 0.116687
1217.000000 488.000000 0.598759 0.133467
1238.000000 489.000000 0.627693 0.136046
84.000000 490.000000 -0.569798 0.133979
1154.000000 490.000000 0.517159 0.131432
987.000000 491.000000 0.328727 0.124710
1082.000000 492.000000 0.431737 0.129559
1255.000000 492.000000 0.651901 0.140562
70.000000 493.000000 -0.588547 0.138084
1231.000000 493.000000 0.618277 0.139778
208.000000 494.000000 -0.419860 0.130978
233.000000 494.000000 -0.392151 0.129854
230.000000 495.000000 -0.395482 0.130964
1116.000000 496.000000 0.471408 0.135316
1196.000000 496.000000 0.571276 0.140373
1047.000000 497.000000 0.392885 0.132866
1211.000000 498.000000 0.591387 0.143565
1096.000000 499.000000 0.448155 0.137233
1112.000000 500.000000 0.466904 0.139115
1211.000000 501.000000 0.591614 0.146727
1198.000000 503.000000 0.574426 0.147845
1203.000000 503.000000 0.581059 0.148223
1210.000000 503.000000 0.590423 0.148760
202.000000 504.000000 -0.427119 0.141175
1067.000000 505.000000 0.415439 0.141693
1148.000000 505.000000 0.510668 0.146392
1218.000000 506.000000 0.601475 0.152566
1227.000000 506.000000 0.613788 0.153300
67.000000 507.000000 -0.593628 0.153060
187.000000 507.000000 -0.444410 0.144968
1186.000000 507.000000 0.558988 0.151130
1222.000000 507.000000 0.607011 0.153954
1246.000000 507.000000 0.640365 0.155974
1163.000000 508.000000 0.529599 0.150498
1193.000000 509.000000 0.568293 0.153755
1217.000000 510.000000 0.600443 0.156730
1255.000000 512.000000 0.653595 0.162176
1112.000000 514.000000 0.467739 0.153233
1224.000000 514.000000 0.610340 0.161581
1087.000000 515.000000 0.438672 0.152732
1172.000000 515.000000 0.541538 0.158410
1263.000000 515.000000 0.665366 0.166177
120.000000 516.000000 -0.525467 0.158408
1218.000000 516.000000 0.602310 0.163196
1141.000000 518.000000 0.502936 0.159237
1144.000000 519.000000 0.506696 0.160477
127.000000 520.000000 -0.517019 0.162024
233.000000 521.000000 -0.393436 0.156399
1100.000000 521.000000 0.454083 0.159550
1238.000000 521.000000 0.630374 0.170351
1262.000000 521.000000 0.664494 0.172635
1272.000000 521.000000 0.679011 0.173612
1130.000000 522.000000 0.489807 0.162561
1200.000000 523.000000 0.578693 0.169073
1274.000000 523.000000 0.682133 0.176010
1109.000000 524.000000 0.464840 0.163166
1231.000000 525.000000 0.620993 0.174007
1260.000000 525.000000 0.662003 0.176813
259.000000 527.000000 -0.365525 0.160986
1209.000000 527.000000 0.591094 0.174116
1225.000000 527.000000 0.612887 0.175594
226.000000 528.000000 -0.401538 0.163713
1181.000000 528.000000 0.554169 0.172718
1244.000000 529.000000 0.639579 0.179588
1255.000000 529.000000 0.655223 0.180687
1263.000000 529.000000 0.666735 0.181497
222.000000 530.000000 -0.406093 0.165930
224.000000 530.000000 -0.403870 0.165815
196.000000 532.000000 -0.435564 0.169507
1163.000000 535.000000 0.531684 0.178531
1171.000000 535.000000 0.541877 0.179211
984.000000 536.000000 0.327407 0.168106
989.000000 536.000000 0.332623 0.168337
1153.000000 536.000000 0.519176 0.178743
1249.000000 537.000000 0.647480 0.188815
1261.000000 537.000000 0.664679 0.190081
1223.000000 538.000000 0.611202 0.187241
1171.000000 539.000000 0.542225 0.183410
1176.000000 540.000000 0.548747 0.184907
1185.000000 540.000000 0.560437 0.185725
124.000000 541.000000 -0.522425 0.184042
174.000000 541.000000 -0.461717 0.180120
204.000000 541.000000 -0.427017 0.178052
1230.000000 541.000000 0.621183 0.191196
127.000000 542.000000 -0.518756 0.184831
1141.000000 542.000000 0.504767 0.183990
1187.000000 543.000000 0.563334 0.189091
1212.000000 543.000000 0.596677 0.191523
1260.000000 543.000000 0.663884 0.196583
1276.000000 543.000000 0.687182 0.198357
1097.000000 544.000000 0.452136 0.182657
1226.000000 544.000000 0.615951 0.194034
1272.000000 544.000000 0.681430 0.199021
97.000000 545.000000 -0.557249 0.190649
1060.000000 545.000000 0.409883 0.181152
1124.000000 545.000000 0.484269 0.185722
1127.000000 545.000000 0.487898 0.185960
1138.000000 545.000000 0.501321 0.186854
1190.000000 545.000000 0.567467 0.191502
1015.000000 546.000000 0.360646 0.179480
1228.000000 546.000000 0.618930 0.196413
1257.000000 547.000000 0.660006 0.200664
1204.000000 548.000000 0.586383 0.196088
1232.000000 548.000000 0.624705 0.199014
187.000000 549.000000 -0.447101 0.187328
1194.000000 549.000000 0.573142 0.196156
1157.000000 551.000000 0.525495 0.194760
1030.000000 555.000000 0.377371 0.189286
1202.000000 555.000000 0.584419 0.203404
1199.000000 556.000000 0.580508 0.204166
1126.000000 558.000000 0.487762 0.199334
1013.000000 559.000000 0.359239 0.192254
1179.000000 559.000000 0.554445 0.205325
1212.000000 559.000000 0.598355 0.208794
1176.000000 560.000000 0.550650 0.206088
1247.000000 560.000000 0.647190 0.213868
170.000000 561.000000 -0.467991 0.200941
1128.000000 562.000000 0.490541 0.203667
1144.000000 562.000000 0.510226 0.205113
115.000000 563.000000 -0.535808 0.207986
1040.000000 563.000000 0.388833 0.197933
1141.000000 563.000000 0.506596 0.205885
1217.000000 563.000000 0.605627 0.213696
102.000000 566.000000 -0.552823 0.212487
1045.000000 566.000000 0.394559 0.201290
1274.000000 566.000000 0.686968 0.223835
268.000000 567.000000 -0.358081 0.200058
1084.000000 567.000000 0.438763 0.205166
165.000000 568.000000 -0.474543 0.208606
1190.000000 569.000000 0.569930 0.217194
1255.000000 569.000000 0.659726 0.224824
261.000000 570.000000 -0.365793 0.203488
975.000000 570.000000 0.319740 0.201017
1071.000000 570.000000 0.424069 0.207227
165.000000 571.000000 -0.474805 0.211722
1266.000000 572.000000 0.676027 0.229565
1191.000000 573.000000 0.571697 0.221621
1235.000000 573.000000 0.631786 0.226791
1263.000000 573.000000 0.671792 0.230305
985.000000 574.000000 0.330409 0.205533
1106.000000 574.000000 0.465131 0.214210
1244.000000 574.000000 0.644625 0.229016
1240.000000 575.000000 0.639081 0.229626
1246.000000 575.000000 0.647596 0.230380
118.000000 576.000000 -0.533302 0.221494
176.000000 576.000000 -0.462149 0.215951
376.000000 576.000000 -0.247656 0.203459
1169.000000 576.000000 0.543263 0.222441
1189.000000 576.000000 0.569384 0.224639
1201.000000 576.000000 0.585395 0.226013
1196.000000 577.000000 0.578808 0.226521
1217.000000 577.000000 0.607264 0.229003
134.000000 578.000000 -0.513348 0.221983
1187.000000 578.000000 0.566966 0.226576
979.000000 579.000000 0.324411 0.210156
923.000000 580.000000 0.267174 0.208258
1096.000000 580.000000 0.453834 0.219561
1020.000000 584.000000 0.368379 0.217740
1233.000000 584.000000 0.630361 0.238732
1253.000000 584.000000 0.658777 0.241348
1198.000000 585.000000 0.582429 0.235468
1200.000000 585.000000 0.585117 0.235709
1258.000000 585.000000 0.666118 0.243138
1124.000000 586.000000 0.487908 0.228434
1088.000000 587.000000 0.445076 0.226122
809.000000 588.000000 0.156718 0.211906
999.000000 588.000000 0.346065 0.220368
1139.000000 588.000000 0.506569 0.232069
1169.000000 588.000000 0.544585 0.235332
1202.000000 588.000000 0.588179 0.239238
1230.000000 588.000000 0.626675 0.242791
1238.000000 588.000000 0.637926 0.243841
1240.000000 588.000000 0.640755 0.244106
151.000000 589.000000 -0.493451 0.231910
267.000000 589.000000 -0.360569 0.222192
1144.000000 589.000000 0.512908 0.233659
1162.000000 589.000000 0.535692 0.235620
1165.000000 590.000000 0.539655 0.237034
1209.000000 590.000000 0.597924 0.242309
1260.000000 590.000000 0.669691 0.249052
206.000000 591.000000 -0.428496 0.228895
794.000000 591.000000 0.142637 0.214410
1098.000000 591.000000 0.457184 0.231192
1174.000000 591.000000 0.551416 0.239148
796.000000 592.000000 0.144546 0.215421
1113.000000 592.000000 0.475173 0.233672
798.000000 593.000000 0.146457 0.216435
1238.000000 593.000000 0.638593 0.249434
162.000000 594.000000 -0.480573 0.236089
209.000000 594.000000 -0.425315 0.231740
1267.000000 594.000000 0.680429 0.254557
1122.000000 595.000000 0.486374 0.237739
1143.000000 595.000000 0.512303 0.239956
139.000000 597.000000 -0.509101 0.241666
1056.000000 597.000000 0.409204 0.233723
1212.000000 597.000000 0.602925 0.250429
135.000000 599.000000 -0.514314 0.244244
143.000000 599.000000 -0.504348 0.243369
1135.000000 599.000000 0.502773 0.243360
1210.000000 600.000000 0.600582 0.253491
1111.000000 601.000000 0.473664 0.242966
66.000000 602.000000 -0.605091 0.255955
1033.000000 602.000000 0.383932 0.237004
1209.000000 602.000000 0.599480 0.255577
1023.000000 603.000000 0.373022 0.237254
1211.000000 603.000000 0.602351 0.256955
1251.000000 603.000000 0.658521 0.262514
165.000000 605.000000 -0.478068 0.247421
1042.000000 605.000000 0.394158 0.240810
1239.000000 605.000000 0.641672 0.263067
1113.000000 607.000000 0.476697 0.249532
1156.000000 607.000000 0.530102 0.254358
1203.000000 609.000000 0.592248 0.262547
838.000000 610.000000 0.185053 0.234144
1187.000000 610.000000 0.570877 0.261523
1204.000000 611.000000 0.593879 0.264908
159.000000 612.000000 -0.486096 0.255515
1115.000000 612.000000 0.479652 0.255069
1207.000000 612.000000 0.598105 0.266435
30.000000 613.000000 -0.657090 0.273393
612.000000 613.000000 -0.025631 0.233692
1134.000000 613.000000 0.503096 0.258262
1200.000000 613.000000 0.588725 0.266588
955.000000 614.000000 0.301560 0.243722
1143.000000 614.000000 0.514465 0.260394
1165.000000 614.000000 0.542528 0.263087
1171.000000 615.000000 0.550450 0.264948
1188.000000 616.000000 0.573006 0.268290
1048.000000 617.000000 0.401905 0.253747
1051.000000 617.000000 0.405287 0.254015
1243.000000 619.000000 0.649411 0.279544
1263.000000 619.000000 0.678258 0.282582
1152.000000 620.000000 0.526589 0.268012
1226.000000 622.000000 0.625822 0.280413
1093.000000 623.000000 0.454448 0.264435
1154.000000 623.000000 0.529520 0.271544
1222.000000 623.000000 0.620381 0.280952
1240.000000 624.000000 0.645893 0.284801
144.000000 625.000000 -0.506083 0.271246
1102.000000 625.000000 0.465392 0.267541
1122.000000 625.000000 0.489662 0.269811
1036.000000 627.000000 0.389352 0.263098
1103.000000 627.000000 0.466814 0.269794
1212.000000 627.000000 0.607112 0.283996
1226.000000 627.000000 0.626573 0.286093
414.000000 628.000000 -0.212526 0.252931
1141.000000 628.000000 0.513656 0.275370
889.000000 629.000000 0.235635 0.255081
1221.000000 629.000000 0.619887 0.287611
1255.000000 630.000000 0.668356 0.294030
1121.000000 632.000000 0.489263 0.277269
1225.000000 632.000000 0.625935 0.291638
1261.000000 632.000000 0.677378 0.297299
143.000000 634.000000 -0.508444 0.281176
1217.000000 634.000000 0.615084 0.292689
1029.000000 635.000000 0.382283 0.270827
1050.000000 635.000000 0.405833 0.272786
1159.000000 636.000000 0.537656 0.286521
1145.000000 637.000000 0.519868 0.285753
1237.000000 637.000000 0.643654 0.299250
1252.000000 637.000000 0.665139 0.301655
140.000000 638.000000 -0.512717 0.285942
1131.000000 638.000000 0.502387 0.285043
1249.000000 638.000000 0.660977 0.302330
1170.000000 639.000000 0.552385 0.291384
1245.000000 640.000000 0.655555 0.304000
1235.000000 642.000000 0.641616 0.304695
1242.000000 642.000000 0.651585 0.305829
1275.000000 642.000000 0.699490 0.311240
440.000000 643.000000 -0.187857 0.266768
1211.000000 643.000000 0.608170 0.302023
64.000000 644.000000 -0.613948 0.303597
95.000000 644.000000 -0.571825 0.298861
1181.000000 644.000000 0.567640 0.298584
1275.000000 644.000000 0.699819 0.313589
971.000000 645.000000 0.320394 0.276421
42.000000 646.000000 -0.645106 0.309421
1232.000000 646.000000 0.638013 0.308830
1259.000000 646.000000 0.676750 0.313282
379.000000 647.000000 -0.248121 0.273749
1149.000000 647.000000 0.526313 0.297357
1197.000000 649.000000 0.589925 0.306682
1269.000000 649.000000 0.691842 0.318471
116.000000 650.000000 -0.545051 0.302536
126.000000 651.000000 -0.532268 0.302228
1150.000000 651.000000 0.528152 0.301952
110.000000 652.000000 -0.553177 0.305657
1028.000000 652.000000 0.382754 0.288621
1199.000000 652.000000 0.593119 0.310420
1207.000000 655.000000 0.604565 0.315141
852.000000 656.000000 0.200503 0.280418
958.000000 656.000000 0.307557 0.286822
1250.000000 657.000000 0.665576 0.324655
967.000000 658.000000 0.317175 0.289592
1194.000000 658.000000 0.587271 0.316492
1075.000000 659.000000 0.437220 0.301105
1083.000000 661.000000 0.446894 0.304225
1230.000000 662.000000 0.637855 0.327090
813.000000 663.000000 0.162957 0.285826
895.000000 664.000000 0.243531 0.290830
756.000000 666.000000 0.108704 0.287025
1248.000000 666.000000 0.664250 0.334903
354.000000 667.000000 -0.274700 0.295794
1121.000000 667.000000 0.493783 0.315743
1262.000000 667.000000 0.684707 0.338541
757.000000 668.000000 0.109701 0.289058
1117.000000 668.000000 0.488961 0.316307
352.000000 669.000000 -0.276890 0.298005
989.000000 669.000000 0.341582 0.302982
809.000000 670.000000 0.159374 0.292744
987.000000 670.000000 0.339514 0.303860
995.000000 670.000000 0.348167 0.304585
1258.000000 670.000000 0.679418 0.341399
1228.000000 671.000000 0.636584 0.337288
1266.000000 672.000000 0.691423 0.345196
934.000000 673.000000 0.283849 0.302715
995.000000 673.000000 0.348445 0.307770
891.000000 674.000000 0.240115 0.300876
883.000000 676.000000 0.232215 0.302460
483.000000 677.000000 -0.147723 0.299335
483.000000 681.000000 -0.147869 0.303404
1115.000000 681.000000 0.488305 0.330570
1024.000000 682.000000 0.381335 0.320321
509.000000 683.000000 -0.123061 0.304565
686.000000 683.000000 0.043195 0.302850
466.000000 685.000000 -0.164421 0.308157
1026.000000 685.000000 0.383903 0.323790
91.000000 688.000000 -0.584269 0.349999
1062.000000 692.000000 0.425994 0.335705
779.000000 696.000000 0.131500 0.318172
1167.000000 697.000000 0.557526 0.357099
946.000000 698.000000 0.298329 0.330041
1104.000000 698.000000 0.477190 0.348178
992.000000 699.000000 0.347708 0.335403
1074.000000 699.000000 0.441059 0.345077
1089.000000 699.000000 0.459041 0.347147
832.000000 700.000000 0.183039 0.324540
894.000000 703.000000 0.245026 0.331357
918.000000 704.000000 0.269659 0.334172
961.000000 704.000000 0.314737 0.337808
894.000000 705.000000 0.245165 0.333473
891.000000 706.000000 0.242189 0.334325
823.000000 708.000000 0.174616 0.332442
928.000000 708.000000 0.280338 0.339240
721.000000 710.000000 0.076605 0.330986
739.000000 710.000000 0.093709 0.331407
73.000000 711.000000 -0.613099 0.380492
340.000000 713.000000 -0.292782 0.345482
976.000000 714.000000 0.331822 0.350120
831.000000 715.000000 0.182823 0.340193
834.000000 715.000000 0.185779 0.340352
918.000000 715.000000 0.270526 0.345942
945.000000 716.000000 0.298852 0.349327
1120.000000 716.000000 0.499917 0.371336
