36.000000 3.000000 -0.666418 -0.393526
39.000000 3.000000 -0.662130 -0.392944
57.000000 3.000000 -0.636597 -0.389450
310.000000 3.000000 -0.325009 -0.351264
383.000000 3.000000 -0.248566 -0.344993
944.000000 3.000000 0.297842 -0.348968
1265.000000 3.000000 0.698326 -0.398119
418.000000 4.000000 -0.213165 -0.341575
435.000000 4.000000 -0.196253 -0.340574
887.000000 4.000000 0.238790 -0.343331
269.000000 5.000000 -0.369747 -0.353447
415.000000 5.000000 -0.216103 -0.340700
451.000000 5.000000 -0.180415 -0.338661
1137.000000 5.000000 0.521367 -0.371643
308.000000 6.000000 -0.326866 -0.348186
313.000000 6.000000 -0.321489 -0.347696
390.000000 6.000000 -0.241227 -0.341289
437.000000 6.000000 -0.194162 -0.338352
447.000000 6.000000 -0.184297 -0.337815
939.000000 6.000000 0.292307 -0.345276
942.000000 6.000000 0.295464 -0.345540
945.000000 6.000000 0.298628 -0.345807
947.000000 6.000000 0.300741 -0.345987
1189.000000 6.000000 0.590185 -0.379795
387.000000 7.000000 -0.244204 -0.340435
415.000000 7.000000 -0.215979 -0.338582
963.000000 7.000000 0.317675 -0.346392
1191.000000 7.000000 0.592733 -0.378975
1259.000000 7.000000 0.688850 -0.392070
412.000000 9.000000 -0.218856 -0.336652
454.000000 9.000000 -0.177269 -0.334308
962.000000 9.000000 0.316414 -0.344123
1246.000000 9.000000 0.669685 -0.387125
25.000000 10.000000 -0.680873 -0.387116
308.000000 10.000000 -0.326473 -0.343829
376.000000 10.000000 -0.255203 -0.338033
32.000000 11.000000 -0.670611 -0.384564
382.000000 11.000000 -0.249008 -0.336534
388.000000 11.000000 -0.242909 -0.336112
414.000000 11.000000 -0.216733 -0.334417
35.000000 12.000000 -0.666118 -0.382778
386.000000 12.000000 -0.244869 -0.335190
324.000000 13.000000 -0.309095 -0.339076
397.000000 13.000000 -0.233670 -0.333385
1047.000000 13.000000 0.410393 -0.349130
82.000000 14.000000 -0.599734 -0.371493
372.000000 14.000000 -0.259002 -0.334071
391.000000 14.000000 -0.239664 -0.332729
437.000000 14.000000 -0.193727 -0.329947
324.000000 15.000000 -0.308914 -0.336921
396.000000 15.000000 -0.234547 -0.331339
399.000000 15.000000 -0.231524 -0.331143
26.000000 16.000000 -0.678293 -0.379641
342.000000 16.000000 -0.289879 -0.334291
30.000000 17.000000 -0.672345 -0.377674
355.000000 17.000000 -0.276276 -0.332172
433.000000 17.000000 -0.197514 -0.327024
441.000000 17.000000 -0.189629 -0.326600
911.000000 17.000000 0.262340 -0.331233
371.000000 18.000000 -0.259733 -0.329899
392.000000 18.000000 -0.238385 -0.328438
398.000000 18.000000 -0.232337 -0.328047
439.000000 19.000000 -0.191493 -0.324618
20.000000 20.000000 -0.686207 -0.375924
388.000000 20.000000 -0.242295 -0.326598
395.000000 20.000000 -0.235228 -0.326137
398.000000 20.000000 -0.232208 -0.325944
435.000000 20.000000 -0.195380 -0.323785
443.000000 20.000000 -0.187509 -0.323371
1006.000000 21.000000 0.363061 -0.335512
442.000000 23.000000 -0.188340 -0.320303
1027.000000 23.000000 0.386321 -0.335649
1037.000000 23.000000 0.397674 -0.336813
337.000000 24.000000 -0.294446 -0.326168
408.000000 25.000000 -0.221880 -0.320090
439.000000 25.000000 -0.191185 -0.318379
29.000000 26.000000 -0.672097 -0.367007
429.000000 26.000000 -0.200979 -0.317862
436.000000 26.000000 -0.194083 -0.317495
1000.000000 26.000000 0.355917 -0.329448
58.000000 27.000000 -0.630659 -0.360445
403.000000 27.000000 -0.226757 -0.318304
1038.000000 27.000000 0.398343 -0.332531
407.000000 28.000000 -0.222699 -0.317021
998.000000 28.000000 0.353518 -0.327080
28.000000 29.000000 -0.672981 -0.363587
24.000000 30.000000 -0.678567 -0.363123
350.000000 30.000000 -0.280444 -0.318780
401.000000 30.000000 -0.228576 -0.315298
826.000000 30.000000 0.176667 -0.312563
58.000000 31.000000 -0.629929 -0.355693
405.000000 31.000000 -0.224518 -0.314018
407.000000 32.000000 -0.222464 -0.312862
411.000000 32.000000 -0.218481 -0.312631
415.000000 32.000000 -0.214507 -0.312404
1011.000000 32.000000 0.367436 -0.324091
38.000000 33.000000 -0.657896 -0.356962
73.000000 33.000000 -0.608683 -0.350635
352.000000 33.000000 -0.278151 -0.315469
401.000000 33.000000 -0.228396 -0.312178
428.000000 33.000000 -0.201596 -0.310666
344.000000 35.000000 -0.286278 -0.313970
348.000000 35.000000 -0.282134 -0.313666
350.000000 35.000000 -0.280067 -0.313516
425.000000 35.000000 -0.204449 -0.308758
900.000000 35.000000 0.249859 -0.311524
19.000000 36.000000 -0.684707 -0.356838
402.000000 36.000000 -0.227218 -0.309006
415.000000 36.000000 -0.214284 -0.308265
419.000000 36.000000 -0.210323 -0.308046
15.000000 37.000000 -0.690334 -0.356364
348.000000 37.000000 -0.281984 -0.311565
410.000000 37.000000 -0.219191 -0.307510
421.000000 37.000000 -0.208292 -0.306907
428.000000 37.000000 -0.201389 -0.306541
1027.000000 37.000000 0.384761 -0.320379
1078.000000 37.000000 0.443651 -0.326421
341.000000 38.000000 -0.289162 -0.311045
404.000000 38.000000 -0.225106 -0.306819
42.000000 39.000000 -0.651101 -0.349097
346.000000 39.000000 -0.283903 -0.309617
407.000000 39.000000 -0.222061 -0.305614
367.000000 40.000000 -0.262267 -0.307072
1080.000000 40.000000 0.445642 -0.323358
343.000000 41.000000 -0.286859 -0.307746
408.000000 41.000000 -0.220954 -0.303494
424.000000 41.000000 -0.205122 -0.302633
432.000000 42.000000 -0.197206 -0.301203
444.000000 42.000000 -0.185467 -0.300631
1054.000000 42.000000 0.414945 -0.317980
400.000000 43.000000 -0.228806 -0.301888
417.000000 43.000000 -0.211925 -0.300946
427.000000 43.000000 -0.202067 -0.300428
1102.000000 43.000000 0.471724 -0.322929
5.000000 44.000000 -0.703667 -0.349765
1160.000000 44.000000 0.544797 -0.330327
399.000000 45.000000 -0.229689 -0.299885
438.000000 45.000000 -0.191186 -0.297845
442.000000 45.000000 -0.187280 -0.297658
501.000000 45.000000 -0.130420 -0.295376
1039.000000 45.000000 0.397440 -0.313022
1098.000000 45.000000 0.466594 -0.320169
1205.000000 45.000000 0.605125 -0.336627
115.000000 47.000000 -0.549780 -0.327355
406.000000 47.000000 -0.222607 -0.297434
409.000000 47.000000 -0.219630 -0.297270
411.000000 47.000000 -0.217648 -0.297162
1098.000000 47.000000 0.466329 -0.317952
401.000000 48.000000 -0.227524 -0.296687
403.000000 48.000000 -0.225533 -0.296575
437.000000 49.000000 -0.191975 -0.293812
274.000000 50.000000 -0.359511 -0.304105
410.000000 50.000000 -0.218477 -0.294142
128.000000 52.000000 -0.532124 -0.319682
133.000000 52.000000 -0.525704 -0.318939
432.000000 52.000000 -0.196723 -0.290993
915.000000 52.000000 0.263972 -0.294870
408.000000 53.000000 -0.220298 -0.291182
121.000000 54.000000 -0.540875 -0.318471
133.000000 54.000000 -0.525410 -0.316686
261.000000 55.000000 -0.373336 -0.300035
404.000000 55.000000 -0.224156 -0.289355
417.000000 55.000000 -0.211303 -0.288675
423.000000 55.000000 -0.205401 -0.288376
426.000000 55.000000 -0.202457 -0.288230
993.000000 55.000000 0.345503 -0.297773
391.000000 56.000000 -0.237045 -0.289056
414.000000 56.000000 -0.214210 -0.287810
420.000000 56.000000 -0.208300 -0.287508
428.000000 56.000000 -0.200449 -0.287119
1159.000000 56.000000 0.541636 -0.316522
395.000000 57.000000 -0.232996 -0.287807
403.000000 57.000000 -0.225040 -0.287368
401.000000 58.000000 -0.226971 -0.286457
407.000000 58.000000 -0.221023 -0.286137
1074.000000 58.000000 0.436348 -0.302897
318.000000 59.000000 -0.311570 -0.290858
388.000000 59.000000 -0.239873 -0.286161
415.000000 59.000000 -0.213072 -0.284709
398.000000 60.000000 -0.229844 -0.284582
391.000000 61.000000 -0.236762 -0.283950
395.000000 61.000000 -0.232774 -0.283728
407.000000 61.000000 -0.220866 -0.283087
438.000000 61.000000 -0.190455 -0.281599
982.000000 61.000000 0.333153 -0.290517
419.000000 62.000000 -0.208988 -0.281469
422.000000 62.000000 -0.206043 -0.281325
441.000000 62.000000 -0.187494 -0.280459
401.000000 63.000000 -0.226704 -0.281370
403.000000 63.000000 -0.224721 -0.281264
426.000000 63.000000 -0.202077 -0.280124
7.000000 64.000000 -0.697272 -0.325627
32.000000 64.000000 -0.661025 -0.321384
906.000000 64.000000 0.254092 -0.281974
261.000000 65.000000 -0.372381 -0.289432
425.000000 65.000000 -0.202962 -0.278151
24.000000 66.000000 -0.672204 -0.320393
390.000000 66.000000 -0.237482 -0.278917
420.000000 66.000000 -0.207814 -0.277377
1150.000000 66.000000 0.528533 -0.303952
422.000000 67.000000 -0.205806 -0.276274
114.000000 68.000000 -0.547905 -0.303721
382.000000 68.000000 -0.245366 -0.277333
386.000000 68.000000 -0.241364 -0.277108
399.000000 68.000000 -0.228424 -0.276405
433.000000 68.000000 -0.195015 -0.274767
401.000000 69.000000 -0.226390 -0.275289
393.000000 70.000000 -0.234277 -0.274698
891.000000 70.000000 0.238695 -0.275004
1116.000000 70.000000 0.485301 -0.294936
1265.000000 70.000000 0.686165 -0.317644
400.000000 71.000000 -0.227277 -0.273319
411.000000 71.000000 -0.216416 -0.272768
434.000000 71.000000 -0.193911 -0.271710
1164.000000 71.000000 0.545930 -0.300364
376.000000 72.000000 -0.251157 -0.273612
383.000000 72.000000 -0.244141 -0.273217
21.000000 73.000000 -0.675372 -0.312699
250.000000 73.000000 -0.383815 -0.282022
392.000000 73.000000 -0.235111 -0.271717
397.000000 73.000000 -0.230146 -0.271455
414.000000 73.000000 -0.213370 -0.270610
1158.000000 74.000000 0.537707 -0.296151
249.000000 75.000000 -0.384739 -0.280008
419.000000 75.000000 -0.208372 -0.268366
438.000000 75.000000 -0.189855 -0.267534
817.000000 75.000000 0.166110 -0.266623
400.000000 76.000000 -0.227022 -0.268277
422.000000 76.000000 -0.205392 -0.267227
434.000000 76.000000 -0.193697 -0.266702
389.000000 77.000000 -0.237884 -0.267838
398.000000 77.000000 -0.228951 -0.267372
26.000000 78.000000 -0.667326 -0.306048
60.000000 78.000000 -0.619159 -0.300592
85.000000 78.000000 -0.584904 -0.296747
791.000000 78.000000 0.141179 -0.262778
925.000000 78.000000 0.272492 -0.268867
1159.000000 78.000000 0.538440 -0.291835
381.000000 79.000000 -0.245756 -0.266249
384.000000 79.000000 -0.242760 -0.266087
392.000000 79.000000 -0.234797 -0.265666
21.000000 80.000000 -0.674224 -0.304535
392.000000 81.000000 -0.234694 -0.263654
420.000000 81.000000 -0.207122 -0.262313
426.000000 82.000000 -0.201224 -0.261052
954.000000 82.000000 0.302053 -0.266678
5.000000 83.000000 -0.697058 -0.303626
9.000000 83.000000 -0.691200 -0.302981
383.000000 83.000000 -0.243544 -0.262112
411.000000 83.000000 -0.215846 -0.260723
133.000000 84.000000 -0.521253 -0.283307
380.000000 84.000000 -0.246485 -0.261266
19.000000 85.000000 -0.676315 -0.299046
56.000000 85.000000 -0.623640 -0.293213
65.000000 86.000000 -0.610996 -0.290698
378.000000 86.000000 -0.248377 -0.259362
1073.000000 86.000000 0.432085 -0.272697
14.000000 87.000000 -0.683262 -0.297521
16.000000 87.000000 -0.680352 -0.297203
1047.000000 87.000000 0.402203 -0.269057
398.000000 88.000000 -0.228406 -0.256341
395.000000 89.000000 -0.231322 -0.255487
402.000000 89.000000 -0.224414 -0.255151
405.000000 89.000000 -0.221462 -0.255011
388.000000 90.000000 -0.238208 -0.254834
408.000000 90.000000 -0.218468 -0.253877
423.000000 90.000000 -0.203804 -0.253218
390.000000 91.000000 -0.236174 -0.253735
416.000000 91.000000 -0.210590 -0.252525
382.000000 92.000000 -0.244072 -0.253137
394.000000 92.000000 -0.232165 -0.252541
981.000000 92.000000 0.329665 -0.258360
402.000000 93.000000 -0.224227 -0.251166
376.000000 94.000000 -0.249953 -0.251447
390.000000 94.000000 -0.236027 -0.250740
409.000000 94.000000 -0.217307 -0.249853
385.000000 95.000000 -0.240937 -0.249989
383.000000 96.000000 -0.242875 -0.249092
397.000000 97.000000 -0.228966 -0.247420
165.000000 98.000000 -0.479862 -0.264220
390.000000 99.000000 -0.235785 -0.245762
392.000000 99.000000 -0.233807 -0.245667
1003.000000 99.000000 0.352648 -0.252832
1025.000000 99.000000 0.376610 -0.254590
384.000000 100.000000 -0.241683 -0.245058
54.000000 101.000000 -0.624028 -0.275340
387.000000 101.000000 -0.238660 -0.243918
426.000000 102.000000 -0.200399 -0.241228
987.000000 102.000000 0.335308 -0.248580
1028.000000 102.000000 0.379666 -0.251738
1039.000000 102.000000 0.391867 -0.252668
1049.000000 102.000000 0.403078 -0.253546
1014.000000 104.000000 0.364171 -0.248551
1085.000000 106.000000 0.444054 -0.252745
424.000000 107.000000 -0.202143 -0.236387
1031.000000 107.000000 0.382566 -0.246825
1117.000000 108.000000 0.482038 -0.253947
391.000000 109.000000 -0.234332 -0.235806
393.000000 109.000000 -0.232359 -0.235716
1193.000000 109.000000 0.578987 -0.262077
375.000000 110.000000 -0.250145 -0.235569
423.000000 110.000000 -0.202997 -0.233481
996.000000 110.000000 0.344323 -0.241079
1143.000000 110.000000 0.513952 -0.254728
1205.000000 112.000000 0.594799 -0.260362
1207.000000 112.000000 0.597525 -0.260633
1148.000000 113.000000 0.519901 -0.252073
389.000000 114.000000 -0.236080 -0.230963
393.000000 115.000000 -0.232093 -0.229802
1212.000000 115.000000 0.603961 -0.257972
49.000000 116.000000 -0.628880 -0.259159
407.000000 116.000000 -0.218327 -0.228229
1086.000000 116.000000 0.444255 -0.242333
1133.000000 117.000000 0.500689 -0.246078
392.000000 118.000000 -0.232947 -0.226895
1087.000000 118.000000 0.445235 -0.240334
1188.000000 118.000000 0.571138 -0.251503
1179.000000 120.000000 0.558994 -0.248189
1147.000000 121.000000 0.517725 -0.243344
1246.000000 121.000000 0.650772 -0.255939
351.000000 122.000000 -0.273606 -0.224883
395.000000 122.000000 -0.229828 -0.222843
1140.000000 122.000000 0.508841 -0.241498
960.000000 124.000000 0.305616 -0.224671
1016.000000 124.000000 0.364846 -0.228286
1147.000000 124.000000 0.517391 -0.240126
968.000000 125.000000 0.313848 -0.224142
1161.000000 125.000000 0.535051 -0.240627
1234.000000 125.000000 0.633196 -0.249791
73.000000 126.000000 -0.594478 -0.244851
410.000000 126.000000 -0.215009 -0.218334
1125.000000 126.000000 0.489892 -0.235652
1206.000000 126.000000 0.594317 -0.244994
1193.000000 127.000000 0.576675 -0.242263
390.000000 128.000000 -0.234490 -0.217180
1114.000000 129.000000 0.476239 -0.231384
1174.000000 130.000000 0.551262 -0.236725
1210.000000 130.000000 0.599257 -0.241093
1251.000000 133.000000 0.656288 -0.243111
1094.000000 134.000000 0.451974 -0.224286
1263.000000 134.000000 0.673489 -0.243600
965.000000 135.000000 0.310161 -0.214012
991.000000 135.000000 0.337351 -0.215540
46.000000 136.000000 -0.630413 -0.237234
1051.000000 136.000000 0.402508 -0.218666
1063.000000 137.000000 0.415948 -0.218578
1276.000000 137.000000 0.692109 -0.241958
1174.000000 139.000000 0.550240 -0.227014
1201.000000 139.000000 0.585950 -0.230120
394.000000 140.000000 -0.230086 -0.205331
1046.000000 141.000000 0.396554 -0.213201
1087.000000 141.000000 0.443181 -0.216426
1206.000000 141.000000 0.592465 -0.228531
1258.000000 144.000000 0.664921 -0.231687
1072.000000 145.000000 0.425561 -0.211094
1176.000000 145.000000 0.552181 -0.220785
1126.000000 147.000000 0.489062 -0.213640
1161.000000 147.000000 0.532659 -0.217063
1131.000000 148.000000 0.495077 -0.213059
101.000000 149.000000 -0.554611 -0.216604
1205.000000 149.000000 0.590178 -0.219697
1145.000000 150.000000 0.512191 -0.212289
1181.000000 150.000000 0.558163 -0.215958
98.000000 151.000000 -0.558307 -0.214779
101.000000 151.000000 -0.554400 -0.214462
1208.000000 151.000000 0.594010 -0.217865
1181.000000 152.000000 0.557950 -0.213813
1128.000000 153.000000 0.490950 -0.207551
1261.000000 153.000000 0.668122 -0.221998
1270.000000 154.000000 0.681097 -0.221998
1096.000000 155.000000 0.452535 -0.202744
42.000000 156.000000 -0.633568 -0.215620
1064.000000 157.000000 0.415571 -0.198267
1126.000000 157.000000 0.488159 -0.203203
1259.000000 157.000000 0.664738 -0.217291
1272.000000 157.000000 0.683653 -0.218882
396.000000 158.000000 -0.227475 -0.187866
208.000000 160.000000 -0.423743 -0.195671
1239.000000 160.000000 0.635837 -0.211594
1153.000000 161.000000 0.521160 -0.201467
1197.000000 161.000000 0.578122 -0.205844
178.000000 162.000000 -0.458262 -0.195886
1079.000000 162.000000 0.432285 -0.194275
1186.000000 162.000000 0.563461 -0.203631
1229.000000 162.000000 0.621604 -0.208256
1199.000000 163.000000 0.580581 -0.203904
1174.000000 164.000000 0.547631 -0.200304
1191.000000 165.000000 0.569743 -0.200933
1266.000000 165.000000 0.673928 -0.209223
1276.000000 165.000000 0.688556 -0.210406
1198.000000 166.000000 0.578934 -0.200578
1234.000000 166.000000 0.628132 -0.204443
1201.000000 167.000000 0.582841 -0.199813
1081.000000 168.000000 0.434146 -0.188322
1131.000000 170.000000 0.493133 -0.190130
1265.000000 170.000000 0.671893 -0.203550
31.000000 171.000000 -0.647381 -0.200386
1098.000000 172.000000 0.453563 -0.185486
1272.000000 172.000000 0.681871 -0.202130
1167.000000 173.000000 0.537791 -0.190133
1275.000000 173.000000 0.686154 -0.201359
391.000000 175.000000 -0.231781 -0.171734
1125.000000 175.000000 0.485443 -0.184476
1148.000000 175.000000 0.513656 -0.186365
1152.000000 176.000000 0.518563 -0.185664
1245.000000 177.000000 0.642416 -0.193616
1236.000000 178.000000 0.629632 -0.191569
1167.000000 179.000000 0.537254 -0.183827
1260.000000 179.000000 0.663649 -0.193040
5.000000 180.000000 -0.683850 -0.193316
1099.000000 181.000000 0.454085 -0.176392
392.000000 184.000000 -0.230526 -0.163119
1185.000000 185.000000 0.559953 -0.179107
22.000000 186.000000 -0.658609 -0.184897
1164.000000 187.000000 0.532753 -0.175197
242.000000 189.000000 -0.384088 -0.164500
1164.000000 189.000000 0.532588 -0.173111
1171.000000 189.000000 0.541507 -0.173691
379.000000 194.000000 -0.242908 -0.153999
1194.000000 195.000000 0.570889 -0.169337
1178.000000 196.000000 0.549925 -0.166944
1057.000000 197.000000 0.405195 -0.157700
1264.000000 198.000000 0.667466 -0.172586
1096.000000 199.000000 0.449397 -0.157983
1161.000000 200.000000 0.527926 -0.161438
1190.000000 200.000000 0.565207 -0.163733
1154.000000 201.000000 0.519070 -0.159880
1258.000000 203.000000 0.658338 -0.166551
1194.000000 205.000000 0.570056 -0.158802
1208.000000 205.000000 0.588677 -0.159951
369.000000 206.000000 -0.252360 -0.142899
1215.000000 206.000000 0.598039 -0.159478
1241.000000 206.000000 0.633920 -0.161741
1244.000000 206.000000 0.638141 -0.162010
1047.000000 207.000000 0.393613 -0.147285
34.000000 209.000000 -0.639369 -0.158760
989.000000 210.000000 0.331480 -0.141787
1210.000000 210.000000 0.590954 -0.154824
1249.000000 210.000000 0.644855 -0.158137
1269.000000 210.000000 0.673583 -0.159936
220.000000 211.000000 -0.407159 -0.143902
239.000000 211.000000 -0.386250 -0.142980
1119.000000 211.000000 0.475709 -0.147293
1049.000000 212.000000 0.395568 -0.142459
1271.000000 212.000000 0.676313 -0.157933
1022.000000 214.000000 0.366160 -0.139266
1252.000000 214.000000 0.648767 -0.154078
1275.000000 214.000000 0.681975 -0.156106
384.000000 215.000000 -0.237444 -0.133978
1135.000000 215.000000 0.494712 -0.144232
21.000000 216.000000 -0.657205 -0.152328
215.000000 217.000000 -0.412430 -0.138223
1118.000000 217.000000 0.474157 -0.141169
925.000000 218.000000 0.266249 -0.131970
1232.000000 218.000000 0.620344 -0.148108
1082.000000 219.000000 0.432161 -0.137182
1125.000000 219.000000 0.482397 -0.139561
377.000000 220.000000 -0.244140 -0.129443
1264.000000 220.000000 0.665457 -0.148609
1134.000000 222.000000 0.493068 -0.137058
1138.000000 222.000000 0.497929 -0.137299
1047.000000 224.000000 0.392818 -0.130583
1149.000000 226.000000 0.511181 -0.133893
1219.000000 227.000000 0.601810 -0.137552
379.000000 230.000000 -0.241946 -0.119983
259.000000 231.000000 -0.363851 -0.122642
1102.000000 231.000000 0.454575 -0.126249
1146.000000 231.000000 0.507188 -0.128623
1177.000000 231.000000 0.546097 -0.130503
1160.000000 233.000000 0.524440 -0.127403
375.000000 234.000000 -0.245754 -0.116319
1134.000000 234.000000 0.492384 -0.124909
232.000000 235.000000 -0.392849 -0.119800
1092.000000 235.000000 0.442816 -0.121784
1236.000000 235.000000 0.624598 -0.130311
325.000000 236.000000 -0.295300 -0.115701
53.000000 237.000000 -0.610819 -0.127416
319.000000 237.000000 -0.301338 -0.114920
1126.000000 237.000000 0.482596 -0.121461
1248.000000 237.000000 0.641269 -0.129043
385.000000 238.000000 -0.235935 -0.112347
1086.000000 238.000000 0.435806 -0.118537
1160.000000 238.000000 0.524149 -0.122294
1220.000000 239.000000 0.602328 -0.124973
63.000000 242.000000 -0.596910 -0.121493
54.000000 243.000000 -0.609052 -0.121023
1256.000000 243.000000 0.652198 -0.123188
64.000000 244.000000 -0.595436 -0.119334
1096.000000 244.000000 0.447012 -0.113040
70.000000 245.000000 -0.587333 -0.117917
1045.000000 245.000000 0.389787 -0.110008
1128.000000 245.000000 0.484591 -0.113521
1161.000000 245.000000 0.525012 -0.115207
1188.000000 245.000000 0.559436 -0.116719
1225.000000 245.000000 0.608752 -0.118985
60.000000 246.000000 -0.600708 -0.117489
66.000000 246.000000 -0.592624 -0.117118
1130.000000 246.000000 0.486944 -0.112613
1206.000000 246.000000 0.583048 -0.116752
1231.000000 246.000000 0.616927 -0.118317
4.000000 247.000000 -0.679335 -0.120116
363.000000 247.000000 -0.257214 -0.104384
1213.000000 248.000000 0.592293 -0.115089
7.000000 249.000000 -0.674838 -0.117752
287.000000 249.000000 -0.333805 -0.104404
1217.000000 249.000000 0.597625 -0.114285
399.000000 250.000000 -0.222179 -0.100872
1151.000000 250.000000 0.512324 -0.109609
1220.000000 250.000000 0.601628 -0.113419
1106.000000 253.000000 0.458222 -0.104542
1093.000000 254.000000 0.443142 -0.103022
1223.000000 254.000000 0.605468 -0.109403
1243.000000 254.000000 0.633099 -0.110607
1272.000000 255.000000 0.674442 -0.111366
1230.000000 256.000000 0.614934 -0.107713
1234.000000 257.000000 0.620392 -0.106894
1120.000000 258.000000 0.474469 -0.100152
1257.000000 258.000000 0.652645 -0.107209
1249.000000 259.000000 0.641232 -0.105662
5.000000 260.000000 -0.677036 -0.106027
374.000000 260.000000 -0.246195 -0.092002
137.000000 261.000000 -0.501150 -0.098049
1276.000000 261.000000 0.679898 -0.105148
1251.000000 262.000000 0.643883 -0.102591
382.000000 264.000000 -0.238350 -0.088134
1201.000000 264.000000 0.575423 -0.097790
1254.000000 264.000000 0.648021 -0.100637
1264.000000 264.000000 0.662317 -0.101212
140.000000 265.000000 -0.497340 -0.093905
1163.000000 265.000000 0.526533 -0.094968
1086.000000 266.000000 0.434699 -0.090950
373.000000 268.000000 -0.247030 -0.084559
1050.000000 270.000000 0.394430 -0.085916
1150.000000 271.000000 0.510149 -0.088354
1159.000000 271.000000 0.521283 -0.088719
33.000000 272.000000 -0.636400 -0.091661
1209.000000 273.000000 0.585600 -0.088861
1232.000000 273.000000 0.616769 -0.089961
1235.000000 273.000000 0.620910 -0.090109
214.000000 274.000000 -0.411327 -0.082450
221.000000 274.000000 -0.403588 -0.082250
351.000000 274.000000 -0.268505 -0.079332
407.000000 275.000000 -0.214124 -0.077556
986.000000 275.000000 0.326404 -0.079522
1245.000000 275.000000 0.634735 -0.088498
1276.000000 275.000000 0.679104 -0.090079
1184.000000 276.000000 0.552716 -0.084672
1262.000000 276.000000 0.658793 -0.088288
1214.000000 277.000000 0.592106 -0.084942
1176.000000 278.000000 0.542395 -0.082306
342.000000 279.000000 -0.277332 -0.074808
1247.000000 279.000000 0.637349 -0.084371
1259.000000 280.000000 0.654302 -0.083883
1213.000000 281.000000 0.590590 -0.080750
1248.000000 281.000000 0.638661 -0.082305
1260.000000 282.000000 0.655637 -0.081804
1230.000000 283.000000 0.613558 -0.079398
1275.000000 283.000000 0.677247 -0.081442
353.000000 284.000000 -0.266371 -0.069961
1136.000000 284.000000 0.492629 -0.074815
1165.000000 284.000000 0.528277 -0.075804
369.000000 285.000000 -0.250670 -0.068799
962.000000 285.000000 0.301712 -0.069614
1269.000000 285.000000 0.668441 -0.079023
352.000000 286.000000 -0.267327 -0.068110
372.000000 286.000000 -0.247733 -0.067829
1014.000000 286.000000 0.355370 -0.069653
5.000000 287.000000 -0.675611 -0.077056
1141.000000 287.000000 0.498582 -0.071980
373.000000 288.000000 -0.246733 -0.065958
1148.000000 289.000000 0.507052 -0.070199
1041.000000 290.000000 0.384134 -0.066395
1136.000000 290.000000 0.492441 -0.068831
1153.000000 293.000000 0.513070 -0.066341
1183.000000 293.000000 0.550794 -0.067291
1185.000000 294.000000 0.553332 -0.066339
1220.000000 294.000000 0.599500 -0.067545
16.000000 298.000000 -0.659313 -0.064888
456.000000 298.000000 -0.167632 -0.055917
1090.000000 298.000000 0.438341 -0.059732
1171.000000 298.000000 0.535365 -0.061841
10.000000 299.000000 -0.667892 -0.064047
1222.000000 300.000000 0.602000 -0.061389
1261.000000 301.000000 0.656286 -0.061677
7.000000 302.000000 -0.672115 -0.060960
1172.000000 303.000000 0.536486 -0.056813
1188.000000 303.000000 0.556923 -0.057259
1213.000000 303.000000 0.589786 -0.057998
1234.000000 304.000000 0.618270 -0.057615
372.000000 307.000000 -0.247491 -0.048352
381.000000 307.000000 -0.238760 -0.048267
1155.000000 308.000000 0.515133 -0.051348
1168.000000 308.000000 0.531318 -0.051661
1182.000000 308.000000 0.549072 -0.052011
1200.000000 308.000000 0.572411 -0.052483
1233.000000 310.000000 0.616713 -0.051328
1273.000000 310.000000 0.673284 -0.052507
445.000000 311.000000 -0.177833 -0.044103
1274.000000 312.000000 0.674677 -0.050405
439.000000 313.000000 -0.183451 -0.042310
452.000000 313.000000 -0.171271 -0.042233
394.000000 314.000000 -0.226172 -0.041697
1196.000000 315.000000 0.567000 -0.045223
1212.000000 316.000000 0.588097 -0.044569
1123.000000 318.000000 0.476257 -0.040753
430.000000 319.000000 -0.191888 -0.036870
1195.000000 320.000000 0.565588 -0.040096
1268.000000 320.000000 0.665773 -0.041733
370.000000 321.000000 -0.249320 -0.035409
1108.000000 321.000000 0.458616 -0.037559
40.000000 322.000000 -0.624847 -0.038937
1192.000000 322.000000 0.561647 -0.037998
426.000000 324.000000 -0.195637 -0.032312
1199.000000 324.000000 0.570736 -0.036090
34.000000 325.000000 -0.633118 -0.035927
36.000000 325.000000 -0.630332 -0.035887
41.000000 325.000000 -0.623402 -0.035787
331.000000 326.000000 -0.287713 -0.031046
35.000000 327.000000 -0.631685 -0.033815
1100.000000 327.000000 0.449281 -0.031574
1194.000000 327.000000 0.564156 -0.032940
1198.000000 327.000000 0.569374 -0.033007
1208.000000 327.000000 0.582549 -0.033179
331.000000 329.000000 -0.287692 -0.028248
1126.000000 329.000000 0.479650 -0.029936
1224.000000 329.000000 0.603986 -0.031393
1245.000000 330.000000 0.632897 -0.030714
363.000000 331.000000 -0.256084 -0.026197
336.000000 332.000000 -0.282692 -0.025421
1199.000000 332.000000 0.570605 -0.027916
1186.000000 334.000000 0.553705 -0.025704
1205.000000 334.000000 0.578469 -0.025955
1209.000000 334.000000 0.583767 -0.026009
358.000000 335.000000 -0.260957 -0.022518
1202.000000 335.000000 0.574501 -0.024892
223.000000 336.000000 -0.400282 -0.022408
1153.000000 337.000000 0.512180 -0.022304
1213.000000 337.000000 0.589057 -0.022979
430.000000 338.000000 -0.191807 -0.019482
209.000000 339.000000 -0.415705 -0.019622
1174.000000 339.000000 0.538344 -0.020510
1153.000000 340.000000 0.512151 -0.019308
1164.000000 340.000000 0.525773 -0.019408
1151.000000 341.000000 0.509687 -0.018293
1209.000000 341.000000 0.583684 -0.018826
195.000000 342.000000 -0.431363 -0.016812
406.000000 343.000000 -0.214545 -0.014968
1188.000000 344.000000 0.556176 -0.015577
1176.000000 346.000000 0.540818 -0.013466
1191.000000 346.000000 0.560037 -0.013568
1150.000000 347.000000 0.508420 -0.012302
1193.000000 347.000000 0.562624 -0.012565
1196.000000 347.000000 0.566527 -0.012584
1200.000000 347.000000 0.571757 -0.012611
366.000000 348.000000 -0.253091 -0.010458
1160.000000 349.000000 0.520733 -0.010357
1148.000000 350.000000 0.505959 -0.009303
1225.000000 350.000000 0.605107 -0.009680
1230.000000 350.000000 0.611924 -0.009707
349.000000 352.000000 -0.269748 -0.006785
356.000000 352.000000 -0.262865 -0.006774
369.000000 352.000000 -0.250161 -0.006755
1225.000000 352.000000 0.605098 -0.007611
331.000000 355.000000 -0.287593 -0.004019
351.000000 355.000000 -0.267775 -0.004000
1177.000000 355.000000 0.542046 -0.004388
1035.000000 356.000000 0.376926 -0.003171
1216.000000 356.000000 0.592936 -0.003455
1133.000000 357.000000 0.487802 -0.002314
1149.000000 357.000000 0.507161 -0.002333
343.000000 358.000000 -0.275668 -0.001220
1239.000000 358.000000 0.624290 -0.001420
1135.000000 361.000000 0.490199 0.001644
324.000000 362.000000 -0.294593 0.002505
1262.000000 362.000000 0.656674 0.002776
1269.000000 362.000000 0.666732 0.002785
352.000000 363.000000 -0.266790 0.003418
1253.000000 363.000000 0.643882 0.003815
1024.000000 365.000000 0.365184 0.005398
1143.000000 365.000000 0.499859 0.005622
1146.000000 365.000000 0.503505 0.005629
1230.000000 367.000000 0.611912 0.007922
1232.000000 367.000000 0.614652 0.007930
1236.000000 367.000000 0.620156 0.007946
309.000000 368.000000 -0.309725 0.008131
327.000000 368.000000 -0.291595 0.008097
1002.000000 368.000000 0.342055 0.008199
1080.000000 369.000000 0.426349 0.009368
1104.000000 369.000000 0.453706 0.009450
342.000000 370.000000 -0.276668 0.009929
339.000000 371.000000 -0.279644 0.010866
1142.000000 371.000000 0.498668 0.011580
301.000000 373.000000 -0.317875 0.012840
390.000000 373.000000 -0.229857 0.012598
1236.000000 373.000000 0.620190 0.014189
1242.000000 373.000000 0.628505 0.014234
1254.000000 373.000000 0.645344 0.014326
323.000000 374.000000 -0.295618 0.013705
331.000000 374.000000 -0.287613 0.013680
335.000000 375.000000 -0.283630 0.014599
1228.000000 375.000000 0.609229 0.016202
1240.000000 375.000000 0.625742 0.016305
1266.000000 376.000000 0.662487 0.017595
1272.000000 376.000000 0.671149 0.017654
1124.000000 377.000000 0.477145 0.017409
1174.000000 377.000000 0.538311 0.017792
1268.000000 377.000000 0.665377 0.018675
1235.000000 378.000000 0.618856 0.019382
329.000000 380.000000 -0.289632 0.019280
1083.000000 380.000000 0.429786 0.020049
1086.000000 380.000000 0.433177 0.020070
338.000000 383.000000 -0.280681 0.022032
355.000000 384.000000 -0.263898 0.022879
1270.000000 385.000000 0.668368 0.027184
1264.000000 386.000000 0.659743 0.028150
1274.000000 387.000000 0.674197 0.029373
1166.000000 388.000000 0.528367 0.028778
1265.000000 388.000000 0.661211 0.030283
1117.000000 389.000000 0.469002 0.029161
225.000000 391.000000 -0.398160 0.030410
30.000000 392.000000 -0.638658 0.034190
321.000000 392.000000 -0.297721 0.030529
1238.000000 392.000000 0.623200 0.034007
315.000000 393.000000 -0.303774 0.031509
175.000000 394.000000 -0.454355 0.033896
311.000000 394.000000 -0.307828 0.032477
1180.000000 394.000000 0.546144 0.035039
1238.000000 394.000000 0.623238 0.036093
1260.000000 394.000000 0.654165 0.036533
313.000000 395.000000 -0.305811 0.033398
333.000000 398.000000 -0.285754 0.036038
328.000000 400.000000 -0.290765 0.037947
332.000000 400.000000 -0.286768 0.037912
1165.000000 400.000000 0.527308 0.040826
352.000000 401.000000 -0.266957 0.038674
1184.000000 401.000000 0.551392 0.042209
1201.000000 401.000000 0.573468 0.042565
1251.000000 401.000000 0.641555 0.043708
318.000000 402.000000 -0.300825 0.039909
1164.000000 402.000000 0.526098 0.042818
1263.000000 402.000000 0.658639 0.045061
1117.000000 403.000000 0.469206 0.042942
318.000000 404.000000 -0.300845 0.041782
338.000000 404.000000 -0.280830 0.041588
1194.000000 404.000000 0.564379 0.045477
1220.000000 405.000000 0.598871 0.047119
216.000000 406.000000 -0.408239 0.044969
351.000000 406.000000 -0.267986 0.043329
1185.000000 406.000000 0.552784 0.047308
1238.000000 406.000000 0.623514 0.048618
1250.000000 406.000000 0.640274 0.048940
5.000000 408.000000 -0.674695 0.051701
1195.000000 409.000000 0.565801 0.050605
1216.000000 409.000000 0.593587 0.051150
1248.000000 409.000000 0.637545 0.052037
176.000000 410.000000 -0.453459 0.049549
1197.000000 410.000000 0.568438 0.051678
1251.000000 412.000000 0.641857 0.055282
3.000000 413.000000 -0.677753 0.057095
1271.000000 413.000000 0.670484 0.056973
1173.000000 414.000000 0.537681 0.055123
1212.000000 414.000000 0.588369 0.056198
1242.000000 414.000000 0.629302 0.057104
3.000000 415.000000 -0.677819 0.059230
301.000000 415.000000 -0.318226 0.052311
350.000000 415.000000 -0.269063 0.051710
1270.000000 415.000000 0.669102 0.059070
1227.000000 416.000000 0.608681 0.058722
299.000000 418.000000 -0.320313 0.055165
1233.000000 418.000000 0.616967 0.060998
308.000000 420.000000 -0.311162 0.056919
1223.000000 420.000000 0.603366 0.062748
299.000000 421.000000 -0.320357 0.057993
1227.000000 421.000000 0.608844 0.063922
1270.000000 421.000000 0.669315 0.065462
209.000000 422.000000 -0.416294 0.060575
227.000000 422.000000 -0.396440 0.060204
313.000000 427.000000 -0.306194 0.063427
1068.000000 427.000000 0.413700 0.065396
1143.000000 427.000000 0.500841 0.067356
1235.000000 427.000000 0.620044 0.070472
301.000000 428.000000 -0.318423 0.064564
1110.000000 428.000000 0.461563 0.067419
1119.000000 428.000000 0.472124 0.067664
935.000000 429.000000 0.274601 0.064845
1247.000000 429.000000 0.636833 0.073044
299.000000 430.000000 -0.320503 0.066485
333.000000 430.000000 -0.286127 0.065934
1176.000000 430.000000 0.541966 0.071425
190.000000 432.000000 -0.437916 0.070766
331.000000 434.000000 -0.288189 0.069712
1138.000000 434.000000 0.494994 0.074195
1216.000000 435.000000 0.594465 0.078053
52.000000 436.000000 -0.609597 0.079508
296.000000 436.000000 -0.323690 0.072210
945.000000 436.000000 0.284659 0.071547
1126.000000 436.000000 0.480659 0.075804
1274.000000 437.000000 0.675798 0.082729
1231.000000 438.000000 0.614987 0.081816
50.000000 439.000000 -0.612457 0.082726
55.000000 440.000000 -0.605689 0.083548
50.000000 441.000000 -0.612547 0.084816
58.000000 441.000000 -0.601668 0.084457
1228.000000 441.000000 0.611007 0.084818
1112.000000 442.000000 0.464318 0.081302
1124.000000 442.000000 0.478476 0.081703
1168.000000 442.000000 0.532284 0.083309
1205.000000 442.000000 0.580073 0.084835
118.000000 443.000000 -0.523895 0.084015
563.000000 443.000000 -0.069466 0.075682
1207.000000 443.000000 0.582771 0.085956
1221.000000 443.000000 0.601563 0.086586
1235.000000 443.000000 0.620729 0.087238
4.000000 444.000000 -0.677600 0.090221
1071.000000 444.000000 0.417488 0.081998
62.000000 445.000000 -0.596454 0.088436
118.000000 445.000000 -0.523973 0.086037
1205.000000 445.000000 0.580206 0.087934
54.000000 446.000000 -0.607324 0.089853
60.000000 446.000000 -0.599195 0.089569
330.000000 446.000000 -0.289400 0.080991
3.000000 447.000000 -0.679211 0.093495
56.000000 447.000000 -0.604654 0.090801
1238.000000 447.000000 0.625081 0.091589
1230.000000 448.000000 0.614083 0.092240
60.000000 449.000000 -0.599338 0.092692
65.000000 449.000000 -0.592614 0.092451
68.000000 449.000000 -0.588602 0.092307
71.000000 449.000000 -0.584607 0.092165
213.000000 450.000000 -0.412572 0.087670
328.000000 450.000000 -0.291483 0.084790
1137.000000 450.000000 0.494353 0.090159
63.000000 451.000000 -0.595396 0.094627
1108.000000 451.000000 0.459951 0.090070
54.000000 452.000000 -0.607620 0.096122
58.000000 452.000000 -0.602190 0.095919
1000.000000 452.000000 0.341101 0.087791
74.000000 453.000000 -0.580821 0.096161
1118.000000 453.000000 0.471763 0.092422
62.000000 454.000000 -0.596892 0.097801
72.000000 454.000000 -0.583522 0.097296
1132.000000 455.000000 0.488523 0.094966
1166.000000 455.000000 0.530315 0.096420
1248.000000 455.000000 0.639491 0.100568
58.000000 457.000000 -0.602450 0.101139
1146.000000 457.000000 0.505592 0.097560
1235.000000 457.000000 0.621449 0.101959
1173.000000 458.000000 0.539298 0.099799
55.000000 459.000000 -0.606630 0.103393
62.000000 459.000000 -0.597155 0.103013
227.000000 460.000000 -0.397437 0.096949
1184.000000 460.000000 0.553468 0.102382
1125.000000 461.000000 0.480390 0.100675
282.000000 462.000000 -0.338767 0.097238
1135.000000 463.000000 0.492478 0.103111
1138.000000 463.000000 0.496109 0.103245
1196.000000 463.000000 0.569226 0.106093
1264.000000 463.000000 0.662751 0.110044
1190.000000 464.000000 0.561444 0.106806
245.000000 465.000000 -0.378038 0.101212
1074.000000 465.000000 0.421544 0.102614
1207.000000 466.000000 0.583930 0.109808
1094.000000 467.000000 0.444350 0.105356
1227.000000 467.000000 0.611010 0.112021
325.000000 468.000000 -0.294897 0.101831
326.000000 470.000000 -0.293939 0.103697
1215.000000 470.000000 0.594884 0.114447
1220.000000 470.000000 0.601646 0.114749
1114.000000 471.000000 0.467790 0.110178
1239.000000 471.000000 0.627841 0.116989
1207.000000 472.000000 0.584280 0.116055
1252.000000 472.000000 0.646183 0.118901
1225.000000 473.000000 0.608643 0.118210
1230.000000 473.000000 0.615503 0.118528
292.000000 474.000000 -0.328729 0.108414
1258.000000 474.000000 0.654862 0.121445
1090.000000 475.000000 0.440094 0.113097
1094.000000 475.000000 0.444686 0.113269
1134.000000 475.000000 0.491835 0.115130
1219.000000 475.000000 0.600600 0.119933
1072.000000 476.000000 0.419725 0.113330
135.000000 477.000000 -0.504465 0.117613
288.000000 478.000000 -0.332993 0.112358
1192.000000 479.000000 0.564907 0.122422
173.000000 480.000000 -0.459250 0.118744
257.000000 481.000000 -0.365712 0.116271
338.000000 481.000000 -0.282182 0.113795
1045.000000 481.000000 0.390032 0.117149
960.000000 482.000000 0.300772 0.115275
1224.000000 482.000000 0.607867 0.127627
924.000000 483.000000 0.264768 0.115268
1195.000000 483.000000 0.569086 0.126761
1260.000000 483.000000 0.658366 0.131255
252.000000 484.000000 -0.371170 0.119356
255.000000 484.000000 -0.367957 0.119246
347.000000 484.000000 -0.273291 0.116398
1225.000000 484.000000 0.609373 0.129807
288.000000 485.000000 -0.333215 0.119065
1150.000000 485.000000 0.511912 0.126102
1234.000000 486.000000 0.621913 0.132562
296.000000 487.000000 -0.324996 0.120722
1107.000000 487.000000 0.460334 0.125815
1050.000000 488.000000 0.395790 0.124184
1163.000000 488.000000 0.528288 0.129929
1240.000000 488.000000 0.630411 0.135129
1059.000000 489.000000 0.405767 0.125547
1098.000000 489.000000 0.449955 0.127361
1028.000000 492.000000 0.372042 0.127186
1065.000000 492.000000 0.412577 0.128763
1030.000000 493.000000 0.374235 0.128239
1141.000000 493.000000 0.501317 0.133715
1200.000000 493.000000 0.576346 0.137520
281.000000 494.000000 -0.340822 0.127958
1062.000000 494.000000 0.409324 0.130595
1146.000000 494.000000 0.507508 0.135031
265.000000 495.000000 -0.357718 0.129522
1033.000000 496.000000 0.377598 0.131285
1119.000000 496.000000 0.474969 0.135484
288.000000 497.000000 -0.333628 0.130595
1119.000000 500.000000 0.475198 0.139516
1238.000000 500.000000 0.628547 0.147791
979.000000 501.000000 0.320803 0.134035
1100.000000 501.000000 0.452904 0.139449
1168.000000 502.000000 0.535506 0.144651
1249.000000 502.000000 0.644184 0.150843
1003.000000 503.000000 0.345881 0.136865
1056.000000 503.000000 0.403082 0.139177
1179.000000 503.000000 0.549635 0.146455
896.000000 504.000000 0.237827 0.134359
1100.000000 504.000000 0.453070 0.142455
1157.000000 504.000000 0.521789 0.145965
1276.000000 504.000000 0.683273 0.155343
920.000000 505.000000 0.261402 0.135957
264.000000 506.000000 -0.359224 0.140238
268.000000 506.000000 -0.354977 0.140071
298.000000 506.000000 -0.323590 0.138894
1251.000000 506.000000 0.647362 0.155327
1120.000000 507.000000 0.476806 0.146648
1183.000000 507.000000 0.555093 0.150907
1253.000000 507.000000 0.650296 0.156582
263.000000 509.000000 -0.360417 0.143201
1077.000000 509.000000 0.426924 0.146184
1114.000000 510.000000 0.469858 0.149314
1195.000000 510.000000 0.571003 0.154959
1070.000000 511.000000 0.419121 0.147798
266.000000 512.000000 -0.357355 0.145992
1217.000000 512.000000 0.600610 0.158855
283.000000 513.000000 -0.339464 0.146243
994.000000 513.000000 0.336840 0.146187
1135.000000 514.000000 0.495327 0.154728
1269.000000 515.000000 0.674061 0.166741
1040.000000 516.000000 0.386118 0.151198
1118.000000 516.000000 0.474989 0.155641
1134.000000 516.000000 0.494246 0.156704
1157.000000 516.000000 0.522631 0.158328
1234.000000 516.000000 0.624335 0.164602
292.000000 517.000000 -0.330237 0.149748
280.000000 518.000000 -0.342821 0.151223
987.000000 518.000000 0.329743 0.150744
1220.000000 518.000000 0.605212 0.165502
246.000000 520.000000 -0.379196 0.154752
1114.000000 520.000000 0.470493 0.159439
1196.000000 520.000000 0.573134 0.165563
1239.000000 520.000000 0.631682 0.169365
1257.000000 520.000000 0.657204 0.171061
1173.000000 521.000000 0.543283 0.164736
1175.000000 521.000000 0.545849 0.164895
1191.000000 521.000000 0.566630 0.166198
1180.000000 522.000000 0.552375 0.166343
1272.000000 522.000000 0.679110 0.174711
1208.000000 523.000000 0.589391 0.169771
1070.000000 524.000000 0.419845 0.160742
268.000000 525.000000 -0.355820 0.158591
270.000000 525.000000 -0.353695 0.158497
1152.000000 525.000000 0.517056 0.167256
1180.000000 525.000000 0.552622 0.169486
1240.000000 525.000000 0.633556 0.174862
1122.000000 526.000000 0.480445 0.166087
1162.000000 526.000000 0.529684 0.169071
1216.000000 526.000000 0.600478 0.173687
287.000000 527.000000 -0.335879 0.159670
1183.000000 527.000000 0.556681 0.171837
1194.000000 527.000000 0.571091 0.172782
1201.000000 527.000000 0.580374 0.173398
257.000000 528.000000 -0.367722 0.162068
1187.000000 528.000000 0.561982 0.173231
1181.000000 529.000000 0.554254 0.173769
1190.000000 529.000000 0.566000 0.174546
1221.000000 529.000000 0.607582 0.177364
1231.000000 529.000000 0.621374 0.178318
1252.000000 529.000000 0.650935 0.180385
1112.000000 530.000000 0.468797 0.169467
1166.000000 530.000000 0.535076 0.173560
247.000000 531.000000 -0.378676 0.165540
1092.000000 531.000000 0.445426 0.169130
1156.000000 532.000000 0.522609 0.174828
266.000000 533.000000 -0.358339 0.166530
951.000000 533.000000 0.293382 0.163787
962.000000 533.000000 0.304582 0.164232
1035.000000 533.000000 0.381549 0.167716
1108.000000 534.000000 0.464343 0.173259
313.000000 535.000000 -0.309307 0.166310
950.000000 535.000000 0.292448 0.165678
277.000000 536.000000 -0.346811 0.168928
1110.000000 536.000000 0.466850 0.175439
1155.000000 536.000000 0.521681 0.178908
1127.000000 537.000000 0.487273 0.177720
275.000000 538.000000 -0.349025 0.170989
1111.000000 538.000000 0.468180 0.177553
1212.000000 538.000000 0.596183 0.186155
1043.000000 539.000000 0.390645 0.174119
1201.000000 539.000000 0.581480 0.186163
1225.000000 539.000000 0.614058 0.188521
1246.000000 540.000000 0.643535 0.191780
912.000000 541.000000 0.254647 0.170025
1144.000000 541.000000 0.508390 0.183199
1261.000000 541.000000 0.665109 0.194487
345.000000 542.000000 -0.277152 0.171778
1232.000000 542.000000 0.624069 0.192489
1122.000000 543.000000 0.481701 0.183505
1150.000000 543.000000 0.516012 0.185780
1153.000000 543.000000 0.519763 0.186035
1156.000000 543.000000 0.523528 0.186293
1267.000000 543.000000 0.674025 0.197356
1148.000000 544.000000 0.513605 0.186652
1223.000000 544.000000 0.611813 0.193722
142.000000 545.000000 -0.500451 0.186700
1204.000000 545.000000 0.586082 0.192871
1234.000000 545.000000 0.627175 0.195961
138.000000 546.000000 -0.505449 0.188068
918.000000 546.000000 0.260773 0.175047
1032.000000 546.000000 0.379013 0.180441
20.000000 547.000000 -0.662891 0.200743
908.000000 547.000000 0.250909 0.175643
1133.000000 547.000000 0.495360 0.188515
240.000000 548.000000 -0.387273 0.182805
954.000000 548.000000 0.297056 0.178439
20.000000 549.000000 -0.663115 0.202951
264.000000 549.000000 -0.361322 0.182410
1186.000000 549.000000 0.562598 0.195370
1273.000000 549.000000 0.683461 0.204696
18.000000 550.000000 -0.666107 0.204282
271.000000 550.000000 -0.353899 0.183014
981.000000 550.000000 0.324951 0.181648
1133.000000 550.000000 0.495609 0.191624
1167.000000 550.000000 0.538100 0.194625
1176.000000 550.000000 0.549672 0.195470
70.000000 551.000000 -0.593613 0.199715
180.000000 551.000000 -0.455411 0.189886
235.000000 551.000000 -0.392954 0.186108
269.000000 551.000000 -0.356086 0.184112
1100.000000 551.000000 0.456166 0.190022
183.000000 552.000000 -0.451979 0.190682
1194.000000 552.000000 0.573442 0.199363
1223.000000 552.000000 0.612658 0.202395
1247.000000 552.000000 0.646267 0.205049
25.000000 553.000000 -0.656398 0.206802
68.000000 553.000000 -0.596526 0.202080
187.000000 554.000000 -0.447470 0.192425
1187.000000 554.000000 0.564404 0.200796
1168.000000 555.000000 0.539851 0.199999
1253.000000 555.000000 0.655174 0.209043
1256.000000 555.000000 0.659480 0.209391
28.000000 556.000000 -0.652459 0.209770
326.000000 556.000000 -0.296945 0.186154
1194.000000 556.000000 0.573851 0.203647
1235.000000 556.000000 0.629781 0.208084
1249.000000 556.000000 0.649572 0.209685
1201.000000 557.000000 0.583289 0.205452
1210.000000 557.000000 0.595421 0.206411
20.000000 558.000000 -0.664150 0.212915
238.000000 558.000000 -0.390092 0.192930
1233.000000 558.000000 0.627208 0.210048
1237.000000 558.000000 0.632815 0.210505
1258.000000 558.000000 0.662712 0.212952
1145.000000 559.000000 0.511193 0.202059
1163.000000 559.000000 0.533848 0.203748
1252.000000 559.000000 0.654210 0.213351
1256.000000 559.000000 0.659950 0.213825
222.000000 560.000000 -0.407986 0.196005
173.000000 561.000000 -0.464434 0.200696
193.000000 561.000000 -0.441044 0.199120
243.000000 561.000000 -0.384793 0.195618
259.000000 561.000000 -0.367395 0.194620
277.000000 561.000000 -0.348131 0.193566
1165.000000 561.000000 0.536593 0.206059
1256.000000 561.000000 0.660188 0.216045
256.000000 562.000000 -0.370698 0.195801
1161.000000 562.000000 0.531594 0.206727
109.000000 563.000000 -0.543483 0.208580
1046.000000 563.000000 0.395463 0.198333
255.000000 564.000000 -0.371905 0.197862
1147.000000 564.000000 0.514150 0.207495
1218.000000 564.000000 0.607112 0.214899
1225.000000 564.000000 0.616763 0.215701
1239.000000 564.000000 0.636329 0.217338
1162.000000 565.000000 0.533161 0.210002
1256.000000 565.000000 0.660672 0.220492
95.000000 566.000000 -0.561945 0.213217
225.000000 566.000000 -0.405047 0.201861
233.000000 566.000000 -0.396145 0.201308
1139.000000 566.000000 0.504400 0.208845
1148.000000 566.000000 0.515590 0.209695
1218.000000 566.000000 0.607340 0.217080
1098.000000 567.000000 0.455082 0.206291
237.000000 568.000000 -0.391856 0.203052
1216.000000 568.000000 0.604828 0.219033
1236.000000 568.000000 0.632583 0.221391
1262.000000 568.000000 0.669710 0.224579
154.000000 569.000000 -0.487887 0.210620
180.000000 569.000000 -0.456835 0.208368
1085.000000 569.000000 0.440078 0.207296
95.000000 570.000000 -0.562371 0.217509
1245.000000 571.000000 0.645673 0.225808
1175.000000 572.000000 0.550595 0.218799
1183.000000 572.000000 0.561034 0.219661
1271.000000 572.000000 0.683328 0.230204
213.000000 573.000000 -0.419064 0.209849
228.000000 573.000000 -0.402196 0.208739
1236.000000 573.000000 0.633191 0.226914
1248.000000 573.000000 0.650196 0.228405
233.000000 574.000000 -0.396703 0.209395
1073.000000 574.000000 0.426663 0.211472
214.000000 575.000000 -0.418083 0.211814
245.000000 576.000000 -0.383599 0.210576
1061.000000 576.000000 0.413178 0.212588
1070.000000 576.000000 0.423393 0.213284
1205.000000 576.000000 0.590789 0.226480
214.000000 577.000000 -0.418237 0.213857
1148.000000 578.000000 0.516775 0.222380
235.000000 579.000000 -0.394843 0.214321
967.000000 579.000000 0.311929 0.209484
1054.000000 581.000000 0.405678 0.217156
19.000000 582.000000 -0.668583 0.239847
1153.000000 582.000000 0.523483 0.227151
1227.000000 583.000000 0.621843 0.236856
18.000000 584.000000 -0.670293 0.242230
1180.000000 584.000000 0.558442 0.232267
1216.000000 585.000000 0.606875 0.237679
1261.000000 585.000000 0.670462 0.243541
263.000000 586.000000 -0.364682 0.219436
267.000000 586.000000 -0.360366 0.219166
1153.000000 586.000000 0.523909 0.231419
1270.000000 586.000000 0.683712 0.245887
1131.000000 587.000000 0.496577 0.230188
1209.000000 587.000000 0.597548 0.239007
1217.000000 587.000000 0.608502 0.240012
147.000000 588.000000 -0.498257 0.231256
1105.000000 588.000000 0.465210 0.228709
1065.000000 589.000000 0.418743 0.226227
1239.000000 589.000000 0.639472 0.245091
1030.000000 590.000000 0.379719 0.224527
1037.000000 590.000000 0.387428 0.225047
1207.000000 590.000000 0.595202 0.242057
980.000000 591.000000 0.326169 0.222180
1179.000000 591.000000 0.557947 0.239734
1183.000000 591.000000 0.563202 0.240209
1214.000000 591.000000 0.604889 0.244048
1017.000000 592.000000 0.365682 0.225622
1072.000000 592.000000 0.426994 0.229911
1011.000000 593.000000 0.359263 0.226214
1120.000000 593.000000 0.483738 0.235421
1125.000000 594.000000 0.489933 0.236988
1132.000000 594.000000 0.498530 0.237714
1140.000000 594.000000 0.508448 0.238563
1212.000000 594.000000 0.602534 0.247107
247.000000 595.000000 -0.382773 0.229712
253.000000 595.000000 -0.376192 0.229265
972.000000 595.000000 0.318045 0.225695
1034.000000 595.000000 0.384494 0.229920
1046.000000 596.000000 0.397892 0.231880
1133.000000 596.000000 0.499976 0.239947
250.000000 597.000000 -0.379627 0.231527
1087.000000 598.000000 0.444903 0.237483
1246.000000 599.000000 0.650790 0.257280
1047.000000 600.000000 0.399334 0.236071
1242.000000 600.000000 0.645228 0.257849
1265.000000 600.000000 0.678360 0.261105
224.000000 601.000000 -0.408867 0.237701
221.000000 602.000000 -0.412342 0.238988
1028.000000 602.000000 0.378425 0.236615
1276.000000 602.000000 0.694770 0.264976
212.000000 603.000000 -0.422666 0.240807
224.000000 603.000000 -0.409036 0.239767
1018.000000 603.000000 0.367567 0.236877
525.000000 604.000000 -0.106054 0.226047
967.000000 604.000000 0.313387 0.234410
1180.000000 604.000000 0.560844 0.254030
1264.000000 605.000000 0.677624 0.266668
207.000000 606.000000 -0.428670 0.244378
1200.000000 607.000000 0.587914 0.259924
232.000000 608.000000 -0.400464 0.244259
997.000000 608.000000 0.345287 0.240439
1021.000000 608.000000 0.371219 0.242216
1257.000000 608.000000 0.667898 0.269071
719.000000 609.000000 0.073006 0.230310
202.000000 610.000000 -0.434812 0.249022
209.000000 610.000000 -0.426737 0.248369
1240.000000 610.000000 0.643809 0.268866
1046.000000 611.000000 0.399135 0.247344
224.000000 612.000000 -0.409817 0.249097
236.000000 612.000000 -0.396327 0.248057
825.000000 612.000000 0.172653 0.235656
1167.000000 613.000000 0.544993 0.262245
1170.000000 614.000000 0.549019 0.263722
1172.000000 614.000000 0.551627 0.263978
1220.000000 614.000000 0.616288 0.270503
1048.000000 615.000000 0.401728 0.251667
815.000000 616.000000 0.163231 0.239244
1027.000000 616.000000 0.378439 0.250919
215.000000 617.000000 -0.420508 0.255132
1142.000000 617.000000 0.513566 0.263524
1052.000000 618.000000 0.406507 0.255147
1140.000000 618.000000 0.511174 0.264369
1163.000000 618.000000 0.540450 0.267214
1197.000000 618.000000 0.585358 0.271744
1208.000000 618.000000 0.600313 0.273286
1266.000000 618.000000 0.682482 0.281888
1272.000000 618.000000 0.691269 0.282804
1058.000000 619.000000 0.413405 0.256741
226.000000 620.000000 -0.408273 0.257254
1185.000000 620.000000 0.569552 0.272320
1203.000000 620.000000 0.593771 0.274819
1161.000000 621.000000 0.538253 0.270248
203.000000 622.000000 -0.434816 0.261543
1197.000000 622.000000 0.585917 0.276209
1226.000000 622.000000 0.625822 0.280413
1230.000000 623.000000 0.631587 0.282146
1078.000000 625.000000 0.437024 0.265000
1098.000000 625.000000 0.460608 0.267104
1183.000000 625.000000 0.567580 0.277601
840.000000 627.000000 0.187607 0.250936
1053.000000 627.000000 0.408471 0.264657
1090.000000 627.000000 0.451321 0.268376
1141.000000 628.000000 0.513656 0.275370
1214.000000 628.000000 0.610021 0.285424
1232.000000 628.000000 0.635165 0.288148
1046.000000 629.000000 0.400743 0.266099
222.000000 630.000000 -0.413752 0.268117
953.000000 630.000000 0.300513 0.259781
1139.000000 630.000000 0.511391 0.277304
198.000000 631.000000 -0.441563 0.271593
218.000000 631.000000 -0.418417 0.269561
1070.000000 631.000000 0.428343 0.270543
1097.000000 631.000000 0.460074 0.273416
1141.000000 631.000000 0.514035 0.278650
1148.000000 631.000000 0.522896 0.279547
1193.000000 631.000000 0.581805 0.285720
1271.000000 631.000000 0.691831 0.297730
824.000000 632.000000 0.172383 0.255285
1187.000000 632.000000 0.573896 0.285978
1215.000000 632.000000 0.612006 0.290110
1242.000000 632.000000 0.649985 0.294286
1099.000000 633.000000 0.462689 0.275787
1142.000000 633.000000 0.515551 0.280968
1203.000000 633.000000 0.595659 0.289441
1270.000000 633.000000 0.690684 0.299900
1102.000000 634.000000 0.466402 0.277203
1253.000000 634.000000 0.666101 0.298339
144.000000 635.000000 -0.507319 0.282144
149.000000 635.000000 -0.501088 0.281518
839.000000 635.000000 0.186953 0.258825
1264.000000 635.000000 0.682230 0.301266
195.000000 636.000000 -0.445616 0.277248
666.000000 636.000000 0.024210 0.256017
1251.000000 636.000000 0.663535 0.300335
1260.000000 636.000000 0.676566 0.301784
1268.000000 636.000000 0.688237 0.303076
242.000000 637.000000 -0.391844 0.273584
649.000000 637.000000 0.008484 0.256936
669.000000 637.000000 0.026992 0.257011
1025.000000 639.000000 0.378212 0.274654
1068.000000 639.000000 0.426854 0.278837
1126.000000 639.000000 0.496296 0.285506
147.000000 640.000000 -0.504208 0.287238
1129.000000 640.000000 0.500149 0.286979
1079.000000 642.000000 0.439992 0.283223
1212.000000 642.000000 0.609395 0.301038
1250.000000 642.000000 0.663067 0.307134
193.000000 643.000000 -0.448746 0.284978
201.000000 643.000000 -0.439339 0.284092
203.000000 643.000000 -0.437001 0.283873
1161.000000 643.000000 0.541213 0.294577
1039.000000 645.000000 0.394386 0.282279
1122.000000 645.000000 0.492104 0.291566
226.000000 646.000000 -0.410782 0.284653
1133.000000 647.000000 0.506054 0.295192
1169.000000 647.000000 0.552222 0.300196
164.000000 648.000000 -0.484213 0.293848
1246.000000 648.000000 0.658303 0.313456
869.000000 649.000000 0.216858 0.274168
1037.000000 650.000000 0.392628 0.287379
1264.000000 650.000000 0.684700 0.318808
1065.000000 651.000000 0.424662 0.291348
1251.000000 651.000000 0.666002 0.317794
1263.000000 654.000000 0.683918 0.323344
1270.000000 654.000000 0.694151 0.324533
187.000000 655.000000 -0.457266 0.298663
1174.000000 655.000000 0.559999 0.309958
1268.000000 655.000000 0.691392 0.325374
461.000000 657.000000 -0.168128 0.279956
1211.000000 657.000000 0.610416 0.318098
1249.000000 657.000000 0.664135 0.324484
1262.000000 657.000000 0.682972 0.326709
1073.000000 658.000000 0.434760 0.299790
172.000000 659.000000 -0.475841 0.304900
1155.000000 659.000000 0.535742 0.311635
1263.000000 659.000000 0.684773 0.329242
269.000000 660.000000 -0.364094 0.295310
170.000000 661.000000 -0.478536 0.307359
1080.000000 661.000000 0.443344 0.303866
1210.000000 661.000000 0.609692 0.322555
258.000000 662.000000 -0.376412 0.298477
293.000000 662.000000 -0.338239 0.295276
1155.000000 663.000000 0.536335 0.316143
196.000000 664.000000 -0.447647 0.307391
920.000000 664.000000 0.268840 0.292403
1245.000000 664.000000 0.659587 0.332022
266.000000 665.000000 -0.367862 0.300894
1180.000000 665.000000 0.569533 0.322273
1228.000000 665.000000 0.635542 0.330254
147.000000 667.000000 -0.507843 0.317143
206.000000 667.000000 -0.436218 0.309466
984.000000 667.000000 0.336022 0.300428
166.000000 668.000000 -0.484361 0.315632
173.000000 668.000000 -0.475793 0.314698
380.000000 668.000000 -0.248352 0.295140
1132.000000 668.000000 0.507688 0.318407
1247.000000 668.000000 0.663162 0.337089
11.000000 669.000000 -0.693650 0.341679
135.000000 669.000000 -0.523339 0.321124
234.000000 669.000000 -0.404095 0.308451
12.000000 671.000000 -0.692543 0.343884
1122.000000 671.000000 0.495585 0.320348
1067.000000 672.000000 0.429382 0.314313
1275.000000 672.000000 0.704604 0.346787
173.000000 674.000000 -0.476594 0.321356
196.000000 674.000000 -0.448882 0.318357
1260.000000 674.000000 0.683035 0.346513
63.000000 675.000000 -0.620466 0.339647
997.000000 676.000000 0.350903 0.311152
1166.000000 677.000000 0.552875 0.333783
1228.000000 677.000000 0.637643 0.344352
770.000000 678.000000 0.122317 0.299509
1036.000000 678.000000 0.394417 0.317291
117.000000 679.000000 -0.548150 0.335255
129.000000 679.000000 -0.532553 0.333368
887.000000 679.000000 0.236403 0.305800
1148.000000 679.000000 0.529725 0.333226
356.000000 680.000000 -0.273558 0.309176
934.000000 681.000000 0.284443 0.311084
1113.000000 682.000000 0.485972 0.331408
1158.000000 682.000000 0.543181 0.338237
181.000000 683.000000 -0.468077 0.330302
237.000000 684.000000 -0.402351 0.324395
253.000000 684.000000 -0.384250 0.322616
61.000000 685.000000 -0.625020 0.351760
414.000000 685.000000 -0.215362 0.310687
1139.000000 686.000000 0.519257 0.339814
58.000000 687.000000 -0.629579 0.354664
999.000000 687.000000 0.354158 0.323135
462.000000 688.000000 -0.168426 0.311405
739.000000 689.000000 0.093189 0.309844
989.000000 689.000000 0.343445 0.324304
734.000000 690.000000 0.088481 0.310747
759.000000 691.000000 0.112229 0.312411
1116.000000 693.000000 0.491303 0.344280
862.000000 694.000000 0.212326 0.319898
906.000000 695.000000 0.256680 0.323754
1027.000000 696.000000 0.386257 0.335906
1175.000000 696.000000 0.568015 0.357314
1017.000000 697.000000 0.375132 0.335878
1019.000000 698.000000 0.377483 0.337194
1047.000000 699.000000 0.409441 0.341589
1054.000000 699.000000 0.417549 0.342464
476.000000 700.000000 -0.155363 0.323188
1035.000000 701.000000 0.395919 0.342345
1146.000000 701.000000 0.530675 0.358204
1191.000000 701.000000 0.590539 0.366048
472.000000 702.000000 -0.159325 0.325430
1054.000000 702.000000 0.417931 0.345804
61.000000 703.000000 -0.628315 0.373162
176.000000 703.000000 -0.477030 0.353569
842.000000 703.000000 0.193027 0.328183
1202.000000 706.000000 0.606576 0.374020
164.000000 707.000000 -0.492500 0.359970
173.000000 707.000000 -0.481326 0.358586
615.000000 707.000000 -0.023344 0.327115
652.000000 707.000000 0.011456 0.327062
807.000000 707.000000 0.158963 0.330657
1188.000000 708.000000 0.587729 0.373804
1056.000000 709.000000 0.421174 0.353894
172.000000 710.000000 -0.483021 0.362178
791.000000 710.000000 0.143578 0.333112
1059.000000 710.000000 0.424821 0.355417
728.000000 711.000000 0.083272 0.332174
920.000000 711.000000 0.272276 0.341808
128.000000 713.000000 -0.539434 0.372866
895.000000 713.000000 0.246749 0.342047
1200.000000 713.000000 0.605130 0.382021
891.000000 714.000000 0.242749 0.342827
889.000000 715.000000 0.240787 0.343753
1094.000000 716.000000 0.467616 0.367236
1117.000000 716.000000 0.496139 0.370848
