273.000000 3.000000 -0.365515 -0.355205
1029.000000 4.000000 0.390852 -0.356923
1223.000000 6.000000 0.637459 -0.386305
1070.000000 7.000000 0.438175 -0.358948
13.000000 9.000000 -0.698419 -0.390612
24.000000 10.000000 -0.682315 -0.387306
969.000000 11.000000 0.323727 -0.342623
1258.000000 12.000000 0.686442 -0.385779
874.000000 13.000000 0.225065 -0.332911
358.000000 14.000000 -0.273408 -0.335135
1000.000000 14.000000 0.357179 -0.342517
1010.000000 14.000000 0.368268 -0.343611
1255.000000 14.000000 0.681714 -0.382773
364.000000 18.000000 -0.266914 -0.330418
1226.000000 18.000000 0.639400 -0.372408
1132.000000 19.000000 0.512650 -0.354559
718.000000 21.000000 0.073530 -0.318274
1062.000000 21.000000 0.426840 -0.342131
1259.000000 21.000000 0.686186 -0.375038
17.000000 24.000000 -0.689809 -0.371645
1112.000000 25.000000 0.486580 -0.344597
177.000000 26.000000 -0.474441 -0.341858
282.000000 29.000000 -0.352804 -0.325820
178.000000 35.000000 -0.471951 -0.331596
49.000000 37.000000 -0.641526 -0.350208
828.000000 37.000000 0.178295 -0.305459
1124.000000 37.000000 0.499766 -0.332777
8.000000 38.000000 -0.700352 -0.356424
1124.000000 39.000000 0.499472 -0.330517
265.000000 40.000000 -0.370404 -0.315687
339.000000 40.000000 -0.291087 -0.309098
341.000000 40.000000 -0.289009 -0.308945
1057.000000 40.000000 0.418650 -0.320519
108.000000 41.000000 -0.559962 -0.335353
12.000000 42.000000 -0.693802 -0.350914
262.000000 42.000000 -0.373526 -0.313842
271.000000 42.000000 -0.363579 -0.312937
274.000000 42.000000 -0.360282 -0.312641
1058.000000 43.000000 0.419454 -0.317357
18.000000 44.000000 -0.684719 -0.347455
1216.000000 44.000000 0.620577 -0.339711
20.000000 45.000000 -0.681639 -0.345907
23.000000 45.000000 -0.677296 -0.345373
83.000000 45.000000 -0.592883 -0.334876
264.000000 45.000000 -0.371006 -0.310419
267.000000 45.000000 -0.367690 -0.310120
269.000000 45.000000 -0.365485 -0.309922
420.000000 45.000000 -0.208858 -0.298736
1055.000000 45.000000 0.415751 -0.314825
879.000000 46.000000 0.228072 -0.298836
275.000000 47.000000 -0.358702 -0.307204
1034.000000 47.000000 0.391566 -0.310320
8.000000 48.000000 -0.698574 -0.344455
1121.000000 48.000000 0.494432 -0.319973
16.000000 49.000000 -0.686737 -0.341855
97.000000 49.000000 -0.573308 -0.327937
1020.000000 49.000000 0.375679 -0.306717
4.000000 51.000000 -0.703902 -0.341577
396.000000 51.000000 -0.232338 -0.293892
702.000000 51.000000 0.057995 -0.287656
56.000000 53.000000 -0.628852 -0.330155
106.000000 53.000000 -0.560689 -0.321919
1224.000000 53.000000 0.630230 -0.330561
31.000000 54.000000 -0.664177 -0.333303
52.000000 54.000000 -0.634301 -0.329672
82.000000 54.000000 -0.592746 -0.324629
284.000000 54.000000 -0.348253 -0.298941
1178.000000 54.000000 0.566985 -0.321747
1265.000000 54.000000 0.688919 -0.336551
403.000000 55.000000 -0.225148 -0.289409
1168.000000 55.000000 0.553574 -0.319035
271.000000 56.000000 -0.362231 -0.298018
274.000000 56.000000 -0.358949 -0.297739
409.000000 56.000000 -0.219149 -0.288069
409.000000 58.000000 -0.219044 -0.286032
1044.000000 58.000000 0.401715 -0.299553
55.000000 59.000000 -0.629236 -0.323332
419.000000 59.000000 -0.209135 -0.284510
262.000000 60.000000 -0.371750 -0.294628
269.000000 60.000000 -0.364050 -0.293970
321.000000 60.000000 -0.308345 -0.289587
1081.000000 60.000000 0.444358 -0.301549
72.000000 61.000000 -0.605286 -0.318196
258.000000 61.000000 -0.376077 -0.293950
271.000000 61.000000 -0.361767 -0.292729
1235.000000 61.000000 0.644423 -0.323097
259.000000 63.000000 -0.374779 -0.291735
304.000000 63.000000 -0.326041 -0.287795
271.000000 64.000000 -0.361494 -0.289566
9.000000 66.000000 -0.694008 -0.322927
1054.000000 66.000000 0.412271 -0.292038
6.000000 67.000000 -0.698229 -0.322253
263.000000 67.000000 -0.369992 -0.287136
266.000000 67.000000 -0.366696 -0.286861
269.000000 67.000000 -0.363410 -0.286589
271.000000 67.000000 -0.361224 -0.286410
961.000000 67.000000 0.310437 -0.282608
990.000000 67.000000 0.341228 -0.284913
1226.000000 67.000000 0.630677 -0.314602
1056.000000 68.000000 0.414351 -0.290110
270.000000 69.000000 -0.362137 -0.284398
915.000000 69.000000 0.262889 -0.277417
190.000000 70.000000 -0.453054 -0.291533
1047.000000 70.000000 0.403875 -0.287040
1053.000000 70.000000 0.410707 -0.287658
1259.000000 70.000000 0.677420 -0.316633
322.000000 71.000000 -0.306482 -0.278130
988.000000 71.000000 0.338749 -0.280576
1164.000000 71.000000 0.545930 -0.300364
1267.000000 71.000000 0.688922 -0.316804
1270.000000 71.000000 0.693317 -0.317308
64.000000 72.000000 -0.614556 -0.306836
982.000000 72.000000 0.332254 -0.279051
1053.000000 72.000000 0.410500 -0.285525
1205.000000 72.000000 0.600665 -0.305447
405.000000 73.000000 -0.222232 -0.271048
410.000000 73.000000 -0.217303 -0.270802
901.000000 73.000000 0.248534 -0.272521
950.000000 73.000000 0.298522 -0.275623
972.000000 73.000000 0.321563 -0.277234
188.000000 74.000000 -0.454967 -0.287439
917.000000 74.000000 0.264610 -0.272445
1276.000000 74.000000 0.701635 -0.314779
190.000000 75.000000 -0.452477 -0.286130
194.000000 75.000000 -0.447744 -0.285676
354.000000 75.000000 -0.273226 -0.271878
402.000000 75.000000 -0.225095 -0.269184
1181.000000 75.000000 0.567750 -0.298362
1208.000000 75.000000 0.604318 -0.302491
413.000000 76.000000 -0.214210 -0.267643
424.000000 76.000000 -0.203438 -0.267137
430.000000 76.000000 -0.197587 -0.266873
899.000000 76.000000 0.246361 -0.269370
1251.000000 76.000000 0.664830 -0.308287
190.000000 77.000000 -0.452249 -0.283974
405.000000 77.000000 -0.222034 -0.267023
410.000000 77.000000 -0.217110 -0.266781
1265.000000 78.000000 0.684832 -0.308262
187.000000 79.000000 -0.455584 -0.282160
192.000000 79.000000 -0.449657 -0.281597
431.000000 79.000000 -0.196486 -0.263832
960.000000 79.000000 0.308513 -0.270169
1259.000000 79.000000 0.675923 -0.306107
38.000000 80.000000 -0.649808 -0.301789
424.000000 80.000000 -0.203261 -0.263135
886.000000 80.000000 0.233187 -0.264641
1233.000000 80.000000 0.638441 -0.300725
193.000000 81.000000 -0.448254 -0.279339
435.000000 81.000000 -0.192517 -0.261669
1150.000000 81.000000 0.526457 -0.287277
1262.000000 81.000000 0.679962 -0.304266
406.000000 82.000000 -0.220807 -0.261959
427.000000 82.000000 -0.200250 -0.261009
881.000000 82.000000 0.228131 -0.262379
191.000000 83.000000 -0.450396 -0.277415
416.000000 83.000000 -0.210945 -0.260495
867.000000 83.000000 0.214291 -0.260706
1174.000000 83.000000 0.557318 -0.288369
1190.000000 83.000000 0.578608 -0.290681
189.000000 84.000000 -0.452651 -0.276563
409.000000 84.000000 -0.217763 -0.259816
876.000000 84.000000 0.223096 -0.260130
1226.000000 84.000000 0.627936 -0.295022
1249.000000 84.000000 0.660645 -0.298674
185.000000 85.000000 -0.457288 -0.275934
414.000000 85.000000 -0.212813 -0.258588
1117.000000 87.000000 0.484431 -0.276530
33.000000 88.000000 -0.655674 -0.293357
188.000000 88.000000 -0.453397 -0.272390
411.000000 88.000000 -0.215617 -0.255733
1121.000000 88.000000 0.489218 -0.275925
1171.000000 88.000000 0.552677 -0.282380
185.000000 89.000000 -0.456846 -0.271648
422.000000 89.000000 -0.204821 -0.254254
1124.000000 89.000000 0.492792 -0.275201
1158.000000 89.000000 0.535652 -0.279512
183.000000 90.000000 -0.459115 -0.270796
286.000000 90.000000 -0.343103 -0.261256
419.000000 91.000000 -0.207661 -0.252395
1143.000000 91.000000 0.516261 -0.275370
1224.000000 91.000000 0.624051 -0.286722
844.000000 92.000000 0.191492 -0.250771
1151.000000 92.000000 0.526287 -0.275295
1196.000000 92.000000 0.585386 -0.281440
1217.000000 92.000000 0.614147 -0.284528
32.000000 93.000000 -0.656326 -0.287763
280.000000 94.000000 -0.349230 -0.257604
409.000000 94.000000 -0.217307 -0.249853
843.000000 94.000000 0.190446 -0.248754
1224.000000 94.000000 0.623597 -0.283310
414.000000 95.000000 -0.212370 -0.248642
1176.000000 95.000000 0.558285 -0.275296
29.000000 96.000000 -0.660163 -0.284781
276.000000 96.000000 -0.353380 -0.255857
31.000000 97.000000 -0.657143 -0.283329
46.000000 97.000000 -0.635835 -0.281059
416.000000 97.000000 -0.210332 -0.246574
1125.000000 97.000000 0.493075 -0.266659
1190.000000 97.000000 0.576603 -0.274999
281.000000 98.000000 -0.347851 -0.253422
1123.000000 98.000000 0.490497 -0.265348
1160.000000 98.000000 0.537051 -0.269871
165.000000 99.000000 -0.479750 -0.263147
287.000000 99.000000 -0.341359 -0.251953
31.000000 100.000000 -0.656688 -0.279894
412.000000 100.000000 -0.214110 -0.243776
275.000000 101.000000 -0.354074 -0.250802
282.000000 101.000000 -0.346555 -0.250276
419.000000 101.000000 -0.207241 -0.242495
1186.000000 101.000000 0.570710 -0.270001
1198.000000 101.000000 0.586814 -0.271653
288.000000 102.000000 -0.340075 -0.248817
1191.000000 102.000000 0.577252 -0.269572
9.000000 103.000000 -0.688071 -0.279779
31.000000 103.000000 -0.656237 -0.276467
284.000000 103.000000 -0.344269 -0.248086
304.000000 103.000000 -0.323086 -0.246683
307.000000 103.000000 -0.319939 -0.246482
1146.000000 103.000000 0.518564 -0.262664
282.000000 104.000000 -0.346334 -0.247212
302.000000 104.000000 -0.325120 -0.245804
396.000000 104.000000 -0.229629 -0.240524
399.000000 104.000000 -0.226677 -0.240389
967.000000 104.000000 0.314117 -0.245184
1193.000000 104.000000 0.579662 -0.267623
1232.000000 104.000000 0.633342 -0.273155
290.000000 105.000000 -0.337734 -0.245618
313.000000 105.000000 -0.313539 -0.244065
393.000000 105.000000 -0.232541 -0.239671
1152.000000 105.000000 0.525929 -0.261220
370.000000 106.000000 -0.255334 -0.239787
375.000000 106.000000 -0.250341 -0.239537
399.000000 106.000000 -0.226588 -0.238412
1132.000000 106.000000 0.500685 -0.257768
1172.000000 106.000000 0.551587 -0.262634
1229.000000 106.000000 0.628829 -0.270454
323.000000 107.000000 -0.303036 -0.241419
362.000000 107.000000 -0.263303 -0.239204
291.000000 108.000000 -0.336463 -0.242500
299.000000 108.000000 -0.328008 -0.241954
309.000000 108.000000 -0.317518 -0.241294
312.000000 108.000000 -0.314388 -0.241101
314.000000 108.000000 -0.312305 -0.240974
364.000000 108.000000 -0.261242 -0.238105
377.000000 108.000000 -0.248251 -0.237454
391.000000 108.000000 -0.234377 -0.236795
1263.000000 108.000000 0.677193 -0.273197
27.000000 109.000000 -0.661084 -0.270216
32.000000 109.000000 -0.653922 -0.269485
284.000000 109.000000 -0.343838 -0.241975
374.000000 109.000000 -0.251190 -0.236609
1069.000000 109.000000 0.425202 -0.248063
1266.000000 109.000000 0.681420 -0.272498
312.000000 110.000000 -0.314261 -0.239085
394.000000 110.000000 -0.231329 -0.234684
400.000000 110.000000 -0.225431 -0.234421
402.000000 110.000000 -0.223469 -0.234335
1028.000000 110.000000 0.379015 -0.243493
1227.000000 110.000000 0.625451 -0.265656
27.000000 111.000000 -0.660792 -0.267939
360.000000 111.000000 -0.265105 -0.235329
365.000000 111.000000 -0.260086 -0.235073
404.000000 111.000000 -0.221467 -0.233265
752.000000 111.000000 0.103669 -0.229550
1152.000000 111.000000 0.525205 -0.254707
1249.000000 111.000000 0.656500 -0.267700
302.000000 112.000000 -0.324588 -0.237712
348.000000 112.000000 -0.277165 -0.234969
399.000000 112.000000 -0.226326 -0.232494
25.000000 113.000000 -0.663376 -0.265953
317.000000 113.000000 -0.308878 -0.235757
365.000000 113.000000 -0.259985 -0.233089
831.000000 113.000000 0.178211 -0.229670
1186.000000 113.000000 0.569121 -0.256743
314.000000 114.000000 -0.311930 -0.234937
828.000000 114.000000 0.175306 -0.228597
301.000000 115.000000 -0.325443 -0.234752
312.000000 115.000000 -0.313948 -0.234056
363.000000 115.000000 -0.261890 -0.231207
1017.000000 115.000000 0.366591 -0.237520
287.000000 116.000000 -0.340159 -0.234669
33.000000 117.000000 -0.651346 -0.260273
1107.000000 117.000000 0.469019 -0.243339
1180.000000 117.000000 0.560681 -0.251592
1105.000000 118.000000 0.466524 -0.242082
260.000000 119.000000 -0.368963 -0.233536
271.000000 119.000000 -0.357059 -0.232740
313.000000 119.000000 -0.312663 -0.229984
1264.000000 119.000000 0.677037 -0.260764
1068.000000 120.000000 0.423063 -0.236521
1161.000000 120.000000 0.535631 -0.246027
35.000000 122.000000 -0.647800 -0.254352
1128.000000 122.000000 0.493985 -0.240209
1243.000000 122.000000 0.646353 -0.254393
37.000000 123.000000 -0.644822 -0.252952
246.000000 123.000000 -0.383988 -0.230507
303.000000 123.000000 -0.322842 -0.226586
409.000000 123.000000 -0.216098 -0.221300
1185.000000 123.000000 0.566534 -0.245651
244.000000 124.000000 -0.386116 -0.229638
259.000000 124.000000 -0.369685 -0.228523
347.000000 124.000000 -0.277544 -0.223108
1103.000000 124.000000 0.463548 -0.235571
1135.000000 124.000000 0.502409 -0.238823
1271.000000 124.000000 0.686557 -0.256060
275.000000 125.000000 -0.352347 -0.226388
1119.000000 125.000000 0.482684 -0.236099
1124.000000 125.000000 0.488773 -0.236608
247.000000 126.000000 -0.382660 -0.227371
310.000000 126.000000 -0.315362 -0.223163
411.000000 126.000000 -0.214036 -0.218296
415.000000 126.000000 -0.210150 -0.218146
132.000000 127.000000 -0.517377 -0.236812
409.000000 127.000000 -0.215944 -0.217398
876.000000 127.000000 0.221215 -0.217654
1028.000000 127.000000 0.377709 -0.226110
1246.000000 127.000000 0.649942 -0.249179
236.000000 128.000000 -0.394669 -0.226165
242.000000 128.000000 -0.388021 -0.225708
1244.000000 128.000000 0.646953 -0.247783
1255.000000 128.000000 0.662722 -0.249286
1259.000000 128.000000 0.668504 -0.249837
233.000000 129.000000 -0.397930 -0.225375
248.000000 129.000000 -0.381339 -0.224243
274.000000 129.000000 -0.353149 -0.222419
293.000000 129.000000 -0.332968 -0.221194
415.000000 129.000000 -0.210040 -0.215227
434.000000 129.000000 -0.191699 -0.214564
1269.000000 129.000000 0.682926 -0.250087
243.000000 130.000000 -0.386767 -0.223595
437.000000 130.000000 -0.188786 -0.213497
239.000000 131.000000 -0.391113 -0.222875
272.000000 131.000000 -0.355159 -0.220538
276.000000 131.000000 -0.350876 -0.220273
287.000000 131.000000 -0.339178 -0.219565
409.000000 131.000000 -0.215793 -0.213505
1261.000000 131.000000 0.670991 -0.246719
35.000000 132.000000 -0.646446 -0.243126
236.000000 132.000000 -0.394364 -0.222082
249.000000 132.000000 -0.380024 -0.221122
416.000000 132.000000 -0.208961 -0.212277
1089.000000 132.000000 0.446292 -0.225919
1205.000000 132.000000 0.592205 -0.238267
244.000000 133.000000 -0.385444 -0.220470
276.000000 133.000000 -0.350746 -0.218262
292.000000 133.000000 -0.333774 -0.217252
307.000000 133.000000 -0.318072 -0.216360
1125.000000 133.000000 0.489186 -0.228253
190.000000 134.000000 -0.446536 -0.223772
413.000000 134.000000 -0.211797 -0.210444
416.000000 134.000000 -0.208890 -0.210337
433.000000 134.000000 -0.192496 -0.209758
1092.000000 134.000000 0.449626 -0.224108
1122.000000 134.000000 0.485434 -0.226904
1221.000000 134.000000 0.613866 -0.238072
242.000000 135.000000 -0.387502 -0.218584
1007.000000 135.000000 0.354387 -0.216558
284.000000 136.000000 -0.342042 -0.214745
295.000000 136.000000 -0.330438 -0.214075
305.000000 136.000000 -0.319981 -0.213490
414.000000 136.000000 -0.210756 -0.208470
435.000000 136.000000 -0.190512 -0.207762
437.000000 136.000000 -0.188594 -0.207699
1038.000000 136.000000 0.388051 -0.217695
416.000000 137.000000 -0.208784 -0.207431
1127.000000 137.000000 0.491235 -0.224234
1226.000000 137.000000 0.620424 -0.235388
34.000000 138.000000 -0.647081 -0.236551
187.000000 138.000000 -0.449692 -0.219887
245.000000 138.000000 -0.383984 -0.215326
987.000000 138.000000 0.332948 -0.212300
242.000000 139.000000 -0.387213 -0.214526
435.000000 139.000000 -0.190417 -0.204868
256.000000 140.000000 -0.371827 -0.212543
298.000000 140.000000 -0.327058 -0.209916
30.000000 141.000000 -0.652389 -0.233718
247.000000 141.000000 -0.381578 -0.212150
265.000000 141.000000 -0.362024 -0.210941
1109.000000 141.000000 0.469112 -0.218349
1202.000000 141.000000 0.587060 -0.228057
1157.000000 142.000000 0.528091 -0.221972
257.000000 143.000000 -0.370540 -0.209456
305.000000 143.000000 -0.319587 -0.206542
1086.000000 143.000000 0.441852 -0.214279
1218.000000 143.000000 0.608610 -0.227783
260.000000 144.000000 -0.367225 -0.208254
31.000000 145.000000 -0.650455 -0.229131
71.000000 146.000000 -0.594757 -0.223182
253.000000 146.000000 -0.374687 -0.206704
1178.000000 146.000000 0.554677 -0.219929
1134.000000 148.000000 0.498760 -0.213341
1189.000000 148.000000 0.568903 -0.218980
1016.000000 149.000000 0.363163 -0.203093
1175.000000 149.000000 0.550453 -0.216391
1087.000000 150.000000 0.442440 -0.207158
1173.000000 150.000000 0.547756 -0.215110
1205.000000 150.000000 0.590064 -0.218610
242.000000 151.000000 -0.386382 -0.202406
295.000000 151.000000 -0.329577 -0.199174
245.000000 152.000000 -0.383025 -0.201200
982.000000 152.000000 0.326901 -0.198112
1227.000000 152.000000 0.619978 -0.218978
1264.000000 153.000000 0.672474 -0.222370
15.000000 154.000000 -0.672319 -0.221086
244.000000 155.000000 -0.383924 -0.198252
299.000000 155.000000 -0.325182 -0.195006
1247.000000 155.000000 0.647765 -0.218060
1255.000000 155.000000 0.659216 -0.219030
1262.000000 155.000000 0.669324 -0.219888
242.000000 156.000000 -0.386052 -0.197378
411.000000 156.000000 -0.212980 -0.189285
416.000000 156.000000 -0.208150 -0.189124
1197.000000 157.000000 0.578548 -0.210150
250.000000 158.000000 -0.377179 -0.194861
406.000000 158.000000 -0.217756 -0.187528
417.000000 158.000000 -0.207123 -0.187176
1132.000000 158.000000 0.495388 -0.202692
1255.000000 160.000000 0.658613 -0.213476
281.000000 161.000000 -0.343753 -0.190054
406.000000 161.000000 -0.217658 -0.184650
1132.000000 161.000000 0.495123 -0.199565
1240.000000 161.000000 0.637131 -0.210609
274.000000 162.000000 -0.351120 -0.189454
409.000000 164.000000 -0.214658 -0.181681
1192.000000 166.000000 0.570964 -0.199965
253.000000 167.000000 -0.373373 -0.185700
101.000000 168.000000 -0.552689 -0.196354
1244.000000 168.000000 0.641988 -0.203372
255.000000 169.000000 -0.371091 -0.183594
1224.000000 169.000000 0.613903 -0.200078
1268.000000 169.000000 0.676374 -0.205007
406.000000 171.000000 -0.217342 -0.175084
1150.000000 171.000000 0.516496 -0.190711
286.000000 172.000000 -0.337902 -0.178949
410.000000 172.000000 -0.213447 -0.174009
389.000000 173.000000 -0.233797 -0.173712
1112.000000 173.000000 0.470009 -0.185518
1151.000000 173.000000 0.517571 -0.188709
406.000000 174.000000 -0.217251 -0.172222
414.000000 174.000000 -0.209533 -0.171987
1178.000000 174.000000 0.551852 -0.190092
1275.000000 174.000000 0.686041 -0.200246
412.000000 175.000000 -0.211430 -0.171093
258.000000 176.000000 -0.367460 -0.176486
1098.000000 176.000000 0.453271 -0.181408
407.000000 177.000000 -0.216196 -0.169335
412.000000 177.000000 -0.211372 -0.169190
415.000000 177.000000 -0.208484 -0.169104
1257.000000 177.000000 0.659546 -0.194916
384.000000 178.000000 -0.238519 -0.169094
1055.000000 179.000000 0.404015 -0.175518
1254.000000 179.000000 0.655023 -0.192391
1257.000000 179.000000 0.659329 -0.192715
411.000000 181.000000 -0.212222 -0.165416
429.000000 181.000000 -0.194959 -0.164933
1233.000000 181.000000 0.625128 -0.187998
1246.000000 181.000000 0.643408 -0.189349
118.000000 182.000000 -0.529687 -0.180089
406.000000 182.000000 -0.217016 -0.164608
431.000000 182.000000 -0.193025 -0.163935
437.000000 182.000000 -0.187310 -0.163787
1205.000000 182.000000 0.586712 -0.184143
1202.000000 183.000000 0.582597 -0.182791
1233.000000 183.000000 0.624924 -0.185830
104.000000 184.000000 -0.547354 -0.179194
394.000000 184.000000 -0.228582 -0.163059
406.000000 184.000000 -0.216959 -0.162709
426.000000 184.000000 -0.197749 -0.162170
973.000000 184.000000 0.315982 -0.166312
1256.000000 184.000000 0.657359 -0.187116
266.000000 185.000000 -0.358412 -0.167191
306.000000 185.000000 -0.316480 -0.165313
389.000000 185.000000 -0.233417 -0.162258
1275.000000 185.000000 0.684827 -0.188030
407.000000 186.000000 -0.215938 -0.160783
877.000000 186.000000 0.220184 -0.160940
404.000000 187.000000 -0.218806 -0.159918
265.000000 188.000000 -0.359329 -0.164294
293.000000 188.000000 -0.329816 -0.162970
407.000000 188.000000 -0.215883 -0.158886
1149.000000 188.000000 0.513833 -0.172942
1221.000000 188.000000 0.607842 -0.179250
1217.000000 189.000000 0.602279 -0.177795
1186.000000 190.000000 0.560818 -0.173920
1189.000000 190.000000 0.564745 -0.174182
408.000000 191.000000 -0.214838 -0.156018
1144.000000 191.000000 0.507406 -0.169452
1147.000000 191.000000 0.511117 -0.169682
1176.000000 191.000000 0.547760 -0.172016
295.000000 192.000000 -0.327560 -0.158992
401.000000 192.000000 -0.221567 -0.155261
406.000000 192.000000 -0.216738 -0.155125
1117.000000 192.000000 0.474573 -0.166457
1165.000000 193.000000 0.533531 -0.169023
1188.000000 193.000000 0.563175 -0.170932
1260.000000 193.000000 0.662186 -0.177664
1117.000000 194.000000 0.474434 -0.164419
1161.000000 195.000000 0.528312 -0.166626
406.000000 196.000000 -0.216632 -0.151342
1157.000000 196.000000 0.523202 -0.165278
1152.000000 197.000000 0.516873 -0.163863
1172.000000 197.000000 0.542132 -0.165414
1190.000000 197.000000 0.565456 -0.166889
550.000000 198.000000 -0.081824 -0.146955
1145.000000 198.000000 0.508117 -0.162312
1087.000000 199.000000 0.438998 -0.157433
279.000000 200.000000 -0.343936 -0.151912
1085.000000 200.000000 0.436642 -0.156310
1129.000000 200.000000 0.488429 -0.159126
1157.000000 200.000000 0.522898 -0.161137
1192.000000 204.000000 0.567505 -0.159692
1268.000000 204.000000 0.672688 -0.166404
414.000000 205.000000 -0.208717 -0.142656
1221.000000 206.000000 0.606207 -0.159989
1252.000000 206.000000 0.649478 -0.162736
1271.000000 206.000000 0.676866 -0.164497
1143.000000 207.000000 0.505015 -0.152927
1152.000000 207.000000 0.516145 -0.153552
1083.000000 208.000000 0.433892 -0.148192
990.000000 209.000000 0.332561 -0.142793
1146.000000 209.000000 0.508573 -0.151082
1180.000000 209.000000 0.551485 -0.153523
1213.000000 210.000000 0.594999 -0.155068
1120.000000 211.000000 0.476902 -0.147355
1159.000000 211.000000 0.524609 -0.149924
1253.000000 211.000000 0.650454 -0.157410
1187.000000 213.000000 0.560264 -0.149877
1043.000000 215.000000 0.388844 -0.139227
385.000000 216.000000 -0.236445 -0.133010
389.000000 216.000000 -0.232560 -0.132910
1170.000000 216.000000 0.538158 -0.145531
1217.000000 216.000000 0.599933 -0.149034
108.000000 217.000000 -0.539668 -0.144503
416.000000 217.000000 -0.206530 -0.131346
294.000000 218.000000 -0.327560 -0.133896
258.000000 219.000000 -0.365391 -0.134327
390.000000 219.000000 -0.231517 -0.130062
425.000000 219.000000 -0.197900 -0.129286
465.000000 219.000000 -0.160152 -0.128559
291.000000 220.000000 -0.330598 -0.132080
1233.000000 220.000000 0.621570 -0.146055
390.000000 222.000000 -0.231445 -0.127242
406.000000 222.000000 -0.216007 -0.126879
418.000000 222.000000 -0.204514 -0.126624
1004.000000 222.000000 0.346719 -0.130770
1216.000000 222.000000 0.598113 -0.142610
292.000000 223.000000 -0.329453 -0.129159
404.000000 224.000000 -0.217886 -0.125049
412.000000 224.000000 -0.210210 -0.124878
415.000000 224.000000 -0.207339 -0.124816
907.000000 224.000000 0.248351 -0.125813
145.000000 225.000000 -0.493271 -0.133968
385.000000 225.000000 -0.236226 -0.124541
407.000000 225.000000 -0.214983 -0.124048
143.000000 226.000000 -0.495636 -0.133071
148.000000 226.000000 -0.489591 -0.132783
296.000000 226.000000 -0.325210 -0.126139
392.000000 226.000000 -0.229416 -0.123440
282.000000 227.000000 -0.339721 -0.125664
294.000000 227.000000 -0.327243 -0.125247
509.000000 227.000000 -0.119186 -0.120555
1144.000000 227.000000 0.504965 -0.132574
1185.000000 227.000000 0.556671 -0.135164
40.000000 228.000000 -0.629413 -0.137902
284.000000 228.000000 -0.337597 -0.124631
388.000000 228.000000 -0.233245 -0.121654
280.000000 229.000000 -0.341742 -0.123809
282.000000 229.000000 -0.339650 -0.123739
377.000000 229.000000 -0.243919 -0.120970
386.000000 229.000000 -0.235162 -0.120761
342.000000 230.000000 -0.278412 -0.120920
148.000000 231.000000 -0.489311 -0.127730
285.000000 231.000000 -0.336451 -0.121713
346.000000 231.000000 -0.274401 -0.119865
379.000000 231.000000 -0.241923 -0.119044
376.000000 232.000000 -0.244825 -0.118174
148.000000 233.000000 -0.489202 -0.125712
346.000000 233.000000 -0.274348 -0.117974
1125.000000 233.000000 0.481609 -0.125434
292.000000 234.000000 -0.329081 -0.118602
343.000000 234.000000 -0.277308 -0.117107
375.000000 234.000000 -0.245754 -0.116319
379.000000 235.000000 -0.241832 -0.115289
420.000000 235.000000 -0.202353 -0.114456
349.000000 236.000000 -0.271291 -0.115063
427.000000 236.000000 -0.195678 -0.113400
1202.000000 236.000000 0.578364 -0.126927
287.000000 237.000000 -0.334171 -0.115888
351.000000 237.000000 -0.269283 -0.114069
376.000000 237.000000 -0.244711 -0.113480
347.000000 238.000000 -0.273226 -0.113226
421.000000 238.000000 -0.201347 -0.111646
995.000000 238.000000 0.336727 -0.115046
275.000000 239.000000 -0.346641 -0.114359
349.000000 239.000000 -0.271216 -0.112232
283.000000 240.000000 -0.338239 -0.113140
416.000000 240.000000 -0.206076 -0.109874
1252.000000 240.000000 0.646718 -0.126120
424.000000 241.000000 -0.198441 -0.108805
91.000000 242.000000 -0.559887 -0.119763
342.000000 242.000000 -0.278100 -0.109575
418.000000 242.000000 -0.204134 -0.107979
1196.000000 242.000000 0.570065 -0.120303
309.000000 243.000000 -0.311337 -0.109498
88.000000 244.000000 -0.563667 -0.117873
272.000000 244.000000 -0.349632 -0.109651
275.000000 244.000000 -0.346480 -0.109556
338.000000 244.000000 -0.282040 -0.107786
422.000000 244.000000 -0.200291 -0.106052
1231.000000 244.000000 0.617057 -0.120430
342.000000 245.000000 -0.278027 -0.106745
1223.000000 245.000000 0.606021 -0.118857
285.000000 246.000000 -0.335971 -0.107331
415.000000 246.000000 -0.206925 -0.104313
417.000000 247.000000 -0.205001 -0.103350
424.000000 247.000000 -0.198341 -0.103234
309.000000 249.000000 -0.311173 -0.103794
1199.000000 249.000000 0.573596 -0.113218
1217.000000 250.000000 0.597564 -0.113238
1252.000000 250.000000 0.646037 -0.115432
50.000000 251.000000 -0.614020 -0.112852
270.000000 251.000000 -0.351519 -0.102991
291.000000 251.000000 -0.329604 -0.102381
418.000000 251.000000 -0.203983 -0.099621
423.000000 251.000000 -0.199227 -0.099541
1151.000000 251.000000 0.512274 -0.108596
1236.000000 251.000000 0.623526 -0.113350
293.000000 252.000000 -0.327509 -0.101372
427.000000 252.000000 -0.195416 -0.098553
270.000000 253.000000 -0.351459 -0.101072
1202.000000 253.000000 0.577330 -0.109239
1210.000000 253.000000 0.587974 -0.109693
1272.000000 253.000000 0.674572 -0.113521
42.000000 254.000000 -0.624865 -0.110174
390.000000 254.000000 -0.230782 -0.097307
414.000000 254.000000 -0.207747 -0.096902
1204.000000 254.000000 0.579923 -0.108313
1206.000000 254.000000 0.582580 -0.108425
36.000000 255.000000 -0.633152 -0.109479
46.000000 255.000000 -0.619278 -0.108880
271.000000 255.000000 -0.350348 -0.099125
289.000000 255.000000 -0.331564 -0.098621
425.000000 255.000000 -0.197268 -0.095805
1212.000000 255.000000 0.590539 -0.107723
287.000000 256.000000 -0.333609 -0.097722
293.000000 256.000000 -0.327401 -0.097562
307.000000 256.000000 -0.313033 -0.097202
391.000000 256.000000 -0.229781 -0.095427
417.000000 256.000000 -0.204856 -0.095000
1206.000000 256.000000 0.582469 -0.106346
279.000000 257.000000 -0.341908 -0.096985
292.000000 258.000000 -0.328382 -0.095684
302.000000 258.000000 -0.318096 -0.095429
304.000000 258.000000 -0.316049 -0.095379
1085.000000 258.000000 0.433848 -0.098774
1092.000000 258.000000 0.441839 -0.099036
1153.000000 258.000000 0.514410 -0.101605
37.000000 259.000000 -0.631519 -0.105185
309.000000 259.000000 -0.310920 -0.094309
386.000000 259.000000 -0.234561 -0.092721
392.000000 259.000000 -0.228764 -0.092618
271.000000 260.000000 -0.350207 -0.094336
307.000000 260.000000 -0.312935 -0.093409
447.000000 260.000000 -0.176434 -0.090885
1252.000000 260.000000 0.645416 -0.104777
299.000000 261.000000 -0.321098 -0.092655
312.000000 261.000000 -0.307821 -0.092344
1203.000000 261.000000 0.578220 -0.100998
1227.000000 261.000000 0.610532 -0.102288
284.000000 262.000000 -0.336566 -0.092080
224.000000 263.000000 -0.400617 -0.092834
291.000000 263.000000 -0.329288 -0.090951
304.000000 263.000000 -0.315928 -0.090637
308.000000 264.000000 -0.311822 -0.089597
314.000000 264.000000 -0.305721 -0.089461
390.000000 264.000000 -0.230611 -0.088002
437.000000 264.000000 -0.185794 -0.087324
1269.000000 264.000000 0.669536 -0.101503
316.000000 265.000000 -0.303672 -0.088472
1056.000000 265.000000 0.401165 -0.090945
1205.000000 265.000000 0.580666 -0.096956
1262.000000 265.000000 0.659386 -0.100027
40.000000 266.000000 -0.626954 -0.097626
312.000000 266.000000 -0.307707 -0.087615
435.000000 266.000000 -0.187655 -0.085505
1272.000000 266.000000 0.673772 -0.099529
290.000000 267.000000 -0.330224 -0.087172
427.000000 267.000000 -0.195204 -0.084685
460.000000 267.000000 -0.164179 -0.084292
40.000000 268.000000 -0.626848 -0.095518
186.000000 268.000000 -0.443072 -0.089199
286.000000 268.000000 -0.334341 -0.086316
42.000000 269.000000 -0.624024 -0.094361
426.000000 269.000000 -0.196126 -0.082852
422.000000 270.000000 -0.199905 -0.081980
453.000000 271.000000 -0.170680 -0.080692
191.000000 273.000000 -0.437200 -0.084124
299.000000 273.000000 -0.320822 -0.081276
426.000000 273.000000 -0.196076 -0.079162
41.000000 275.000000 -0.625108 -0.088102
397.000000 275.000000 -0.223706 -0.077691
419.000000 275.000000 -0.202691 -0.077403
429.000000 275.000000 -0.193213 -0.077282
979.000000 275.000000 0.319208 -0.079374
309.000000 277.000000 -0.310527 -0.077288
320.000000 277.000000 -0.299384 -0.077077
1271.000000 277.000000 0.671724 -0.087676
44.000000 278.000000 -0.620819 -0.084810
161.000000 278.000000 -0.471772 -0.080167
414.000000 278.000000 -0.207409 -0.074695
1268.000000 278.000000 0.667330 -0.086455
1265.000000 279.000000 0.662954 -0.085238
160.000000 280.000000 -0.472886 -0.078217
1141.000000 280.000000 0.498815 -0.078982
277.000000 281.000000 -0.343411 -0.074152
280.000000 281.000000 -0.340284 -0.074089
310.000000 282.000000 -0.309415 -0.072553
47.000000 283.000000 -0.616467 -0.079439
1241.000000 283.000000 0.628769 -0.079880
415.000000 284.000000 -0.206387 -0.069148
49.000000 286.000000 -0.613599 -0.076219
276.000000 286.000000 -0.344353 -0.069417
1217.000000 286.000000 0.595757 -0.075731
1261.000000 286.000000 0.656885 -0.077597
455.000000 287.000000 -0.168654 -0.065993
1054.000000 287.000000 0.398364 -0.069581
26.000000 288.000000 -0.645498 -0.075081
49.000000 288.000000 -0.613517 -0.074131
460.000000 288.000000 -0.163978 -0.065035
1234.000000 288.000000 0.618850 -0.074336
284.000000 289.000000 -0.335970 -0.066415
450.000000 289.000000 -0.173313 -0.064204
975.000000 289.000000 0.314849 -0.066070
1172.000000 289.000000 0.536915 -0.070986
1190.000000 289.000000 0.559962 -0.071614
1242.000000 289.000000 0.629906 -0.073615
24.000000 290.000000 -0.648242 -0.073049
281.000000 290.000000 -0.339066 -0.065522
332.000000 290.000000 -0.287117 -0.064669
335.000000 290.000000 -0.284123 -0.064625
455.000000 291.000000 -0.168620 -0.062330
1216.000000 291.000000 0.594217 -0.070508
1222.000000 291.000000 0.602319 -0.070735
329.000000 292.000000 -0.290088 -0.062841
50.000000 293.000000 -0.611956 -0.068878
285.000000 293.000000 -0.334862 -0.062606
1273.000000 293.000000 0.673894 -0.070650
412.000000 294.000000 -0.209136 -0.059965
1231.000000 294.000000 0.614488 -0.067948
1271.000000 294.000000 0.670950 -0.069501
412.000000 296.000000 -0.209117 -0.058123
424.000000 296.000000 -0.197725 -0.058011
1155.000000 296.000000 0.515448 -0.063388
1196.000000 296.000000 0.567531 -0.064656
1247.000000 296.000000 0.636629 -0.066448
9.000000 297.000000 -0.669409 -0.066215
1093.000000 297.000000 0.441788 -0.060779
39.000000 298.000000 -0.626915 -0.064054
47.000000 298.000000 -0.615883 -0.063773
421.000000 298.000000 -0.200548 -0.056200
424.000000 298.000000 -0.197707 -0.056174
43.000000 300.000000 -0.621315 -0.061823
66.000000 300.000000 -0.590103 -0.061064
68.000000 300.000000 -0.587436 -0.061000
401.000000 300.000000 -0.219580 -0.054543
425.000000 300.000000 -0.196743 -0.054328
330.000000 301.000000 -0.288963 -0.054403
450.000000 301.000000 -0.173218 -0.053216
1170.000000 301.000000 0.534018 -0.058780
1224.000000 301.000000 0.604681 -0.060417
445.000000 302.000000 -0.177894 -0.052337
1157.000000 302.000000 0.517755 -0.057418
1159.000000 302.000000 0.520234 -0.057471
44.000000 303.000000 -0.619838 -0.058657
102.000000 303.000000 -0.543138 -0.056926
345.000000 303.000000 -0.274018 -0.052353
419.000000 303.000000 -0.202402 -0.051622
447.000000 303.000000 -0.176012 -0.051408
453.000000 304.000000 -0.170392 -0.050452
1247.000000 304.000000 0.636348 -0.058033
90.000000 305.000000 -0.558446 -0.055224
450.000000 305.000000 -0.173190 -0.049557
1244.000000 305.000000 0.632115 -0.056886
277.000000 306.000000 -0.342967 -0.050417
424.000000 306.000000 -0.197641 -0.048827
1109.000000 306.000000 0.460050 -0.052308
451.000000 307.000000 -0.172242 -0.047722
1139.000000 307.000000 0.495614 -0.051977
90.000000 308.000000 -0.558366 -0.052168
280.000000 308.000000 -0.339817 -0.048480
131.000000 309.000000 -0.506882 -0.050168
299.000000 309.000000 -0.320212 -0.047288
73.000000 310.000000 -0.580514 -0.050566
386.000000 310.000000 -0.233903 -0.045451
55.000000 311.000000 -0.604576 -0.050012
58.000000 312.000000 -0.600492 -0.048897
273.000000 312.000000 -0.347060 -0.044784
331.000000 312.000000 -0.287837 -0.044111
113.000000 313.000000 -0.529032 -0.046557
194.000000 313.000000 -0.432828 -0.044995
301.000000 313.000000 -0.318119 -0.043500
1115.000000 313.000000 0.466922 -0.045540
385.000000 314.000000 -0.234836 -0.041766
58.000000 315.000000 -0.600416 -0.045794
114.000000 315.000000 -0.527740 -0.044523
203.000000 315.000000 -0.422669 -0.042907
56.000000 316.000000 -0.603094 -0.044807
1229.000000 316.000000 0.611068 -0.044978
207.000000 317.000000 -0.418170 -0.040909
283.000000 317.000000 -0.336592 -0.039931
285.000000 317.000000 -0.334521 -0.039909
317.000000 317.000000 -0.301838 -0.039576
398.000000 317.000000 -0.222313 -0.038905
1222.000000 317.000000 0.601519 -0.043772
201.000000 318.000000 -0.424865 -0.040028
296.000000 318.000000 -0.323181 -0.038848
299.000000 318.000000 -0.320109 -0.038818
395.000000 318.000000 -0.225183 -0.038005
96.000000 319.000000 -0.550404 -0.040853
203.000000 319.000000 -0.422610 -0.039030
206.000000 319.000000 -0.419257 -0.038988
220.000000 319.000000 -0.403752 -0.038796
425.000000 319.000000 -0.196609 -0.036898
1227.000000 319.000000 0.608266 -0.041816
56.000000 320.000000 -0.603002 -0.040668
272.000000 320.000000 -0.348011 -0.037214
283.000000 320.000000 -0.336559 -0.037097
298.000000 320.000000 -0.321113 -0.036946
403.000000 320.000000 -0.217510 -0.036112
206.000000 321.000000 -0.419230 -0.037052
210.000000 321.000000 -0.414777 -0.036999
214.000000 321.000000 -0.410342 -0.036946
1216.000000 321.000000 0.593341 -0.039506
287.000000 322.000000 -0.332402 -0.035169
300.000000 322.000000 -0.319048 -0.035046
425.000000 322.000000 -0.196593 -0.034149
53.000000 323.000000 -0.607006 -0.037625
222.000000 323.000000 -0.401506 -0.034919
284.000000 323.000000 -0.335494 -0.034254
405.000000 323.000000 -0.215582 -0.033341
410.000000 323.000000 -0.210816 -0.033313
441.000000 323.000000 -0.181519 -0.033154
463.000000 323.000000 -0.160966 -0.033056
213.000000 324.000000 -0.411412 -0.034063
297.000000 324.000000 -0.322099 -0.033192
299.000000 324.000000 -0.320052 -0.033175
403.000000 324.000000 -0.217486 -0.032433
434.000000 324.000000 -0.188094 -0.032272
444.000000 324.000000 -0.178701 -0.032226
46.000000 325.000000 -0.616520 -0.035689
76.000000 325.000000 -0.576227 -0.035123
216.000000 325.000000 -0.408084 -0.033063
222.000000 325.000000 -0.401482 -0.032995
321.000000 325.000000 -0.297739 -0.032055
425.000000 325.000000 -0.196577 -0.031400
1267.000000 325.000000 0.664217 -0.036406
442.000000 326.000000 -0.180568 -0.030408
448.000000 326.000000 -0.174947 -0.030382
1025.000000 326.000000 0.366408 -0.031707
77.000000 327.000000 -0.574878 -0.033059
464.000000 327.000000 -0.160020 -0.029407
46.000000 328.000000 -0.616464 -0.032570
318.000000 328.000000 -0.300736 -0.029272
420.000000 328.000000 -0.201294 -0.028675
442.000000 328.000000 -0.180559 -0.028580
461.000000 328.000000 -0.162808 -0.028507
200.000000 329.000000 -0.425848 -0.029376
206.000000 329.000000 -0.419134 -0.029312
436.000000 329.000000 -0.186190 -0.027691
1203.000000 329.000000 0.575905 -0.031045
1268.000000 329.000000 0.665579 -0.032184
79.000000 330.000000 -0.572207 -0.029960
433.000000 330.000000 -0.189009 -0.026788
142.000000 331.000000 -0.493173 -0.028085
447.000000 331.000000 -0.175863 -0.025822
78.000000 332.000000 -0.573488 -0.027932
297.000000 332.000000 -0.322036 -0.025669
300.000000 332.000000 -0.318968 -0.025648
304.000000 332.000000 -0.314889 -0.025621
436.000000 332.000000 -0.186178 -0.024948
1274.000000 333.000000 0.674194 -0.028041
22.000000 334.000000 -0.649829 -0.026693
295.000000 334.000000 -0.324073 -0.023801
423.000000 334.000000 -0.198430 -0.023166
1264.000000 334.000000 0.659739 -0.026819
306.000000 335.000000 -0.312835 -0.022795
430.000000 335.000000 -0.191817 -0.022226
1253.000000 336.000000 0.644047 -0.024547
308.000000 337.000000 -0.310792 -0.020908
437.000000 337.000000 -0.185222 -0.020375
1241.000000 337.000000 0.627215 -0.023335
357.000000 338.000000 -0.261924 -0.019743
427.000000 338.000000 -0.194637 -0.019491
432.000000 338.000000 -0.189923 -0.019476
458.000000 338.000000 -0.165570 -0.019405
44.000000 340.000000 -0.619036 -0.020124
357.000000 340.000000 -0.261916 -0.017889
80.000000 341.000000 -0.570762 -0.018719
381.000000 341.000000 -0.238549 -0.016880
437.000000 341.000000 -0.185211 -0.016721
342.000000 342.000000 -0.276690 -0.016089
357.000000 342.000000 -0.261908 -0.016036
42.000000 343.000000 -0.621758 -0.017024
285.000000 343.000000 -0.334321 -0.015381
378.000000 343.000000 -0.241445 -0.015045
382.000000 343.000000 -0.237576 -0.015033
425.000000 343.000000 -0.196512 -0.014921
432.000000 343.000000 -0.189910 -0.014905
435.000000 343.000000 -0.187086 -0.014898
454.000000 343.000000 -0.169289 -0.014858
456.000000 343.000000 -0.167423 -0.014854
468.000000 343.000000 -0.156261 -0.014831
156.000000 344.000000 -0.476366 -0.015106
324.000000 344.000000 -0.294620 -0.014291
466.000000 344.000000 -0.158116 -0.013925
358.000000 345.000000 -0.260919 -0.013254
375.000000 345.000000 -0.244346 -0.013208
427.000000 345.000000 -0.194619 -0.013087
430.000000 345.000000 -0.191790 -0.013081
438.000000 345.000000 -0.184262 -0.013065
451.000000 345.000000 -0.172086 -0.013041
1076.000000 346.000000 0.421880 -0.012896
39.000000 347.000000 -0.625868 -0.012884
145.000000 347.000000 -0.489431 -0.012209
163.000000 347.000000 -0.468115 -0.012115
362.000000 347.000000 -0.256999 -0.011392
446.000000 347.000000 -0.176758 -0.011225
1269.000000 347.000000 0.666781 -0.013113
316.000000 348.000000 -0.302653 -0.010579
372.000000 348.000000 -0.247251 -0.010445
434.000000 348.000000 -0.188017 -0.010331
437.000000 348.000000 -0.185197 -0.010327
449.000000 348.000000 -0.173950 -0.010309
464.000000 348.000000 -0.159968 -0.010288
444.000000 349.000000 -0.178628 -0.009404
1078.000000 349.000000 0.424108 -0.010001
190.000000 350.000000 -0.436982 -0.009068
193.000000 350.000000 -0.433583 -0.009058
286.000000 350.000000 -0.333263 -0.008780
448.000000 350.000000 -0.174882 -0.008486
1270.000000 350.000000 0.668205 -0.009939
415.000000 351.000000 -0.205967 -0.007613
437.000000 351.000000 -0.185193 -0.007587
1231.000000 351.000000 0.613288 -0.008675
374.000000 352.000000 -0.245302 -0.006748
434.000000 352.000000 -0.188012 -0.006676
451.000000 352.000000 -0.172076 -0.006660
1238.000000 352.000000 0.622922 -0.007669
457.000000 353.000000 -0.166477 -0.005743
467.000000 353.000000 -0.157176 -0.005736
474.000000 353.000000 -0.150686 -0.005731
287.000000 354.000000 -0.332223 -0.005010
432.000000 354.000000 -0.189893 -0.004851
1164.000000 354.000000 0.525690 -0.005362
1174.000000 354.000000 0.538248 -0.005389
1229.000000 354.000000 0.610540 -0.005556
428.000000 356.000000 -0.193662 -0.003025
440.000000 356.000000 -0.182372 -0.003019
454.000000 356.000000 -0.169273 -0.003012
457.000000 356.000000 -0.166475 -0.003011
1149.000000 356.000000 0.507163 -0.003330
1178.000000 356.000000 0.543315 -0.003381
431.000000 358.000000 -0.190833 -0.001195
471.000000 358.000000 -0.153463 -0.001187
225.000000 359.000000 -0.398003 -0.000314
423.000000 359.000000 -0.198383 -0.000282
435.000000 360.000000 -0.187068 0.000633
437.000000 360.000000 -0.185188 0.000633
42.000000 361.000000 -0.621678 0.001703
44.000000 361.000000 -0.618925 0.001702
422.000000 361.000000 -0.199329 0.001549
1125.000000 363.000000 0.478271 0.003611
1127.000000 363.000000 0.480645 0.003613
1163.000000 363.000000 0.524438 0.003664
457.000000 364.000000 -0.166476 0.004275
227.000000 365.000000 -0.395824 0.005441
435.000000 365.000000 -0.187070 0.005200
1099.000000 365.000000 0.447933 0.005529
42.000000 366.000000 -0.621688 0.006905
49.000000 366.000000 -0.612086 0.006881
429.000000 367.000000 -0.192721 0.007033
437.000000 367.000000 -0.185191 0.007025
1218.000000 367.000000 0.595632 0.007874
41.000000 370.000000 -0.623086 0.011072
432.000000 370.000000 -0.189898 0.009772
435.000000 370.000000 -0.187075 0.009768
228.000000 371.000000 -0.394749 0.011193
420.000000 372.000000 -0.201233 0.011621
436.000000 372.000000 -0.186138 0.011594
440.000000 372.000000 -0.182381 0.011587
1172.000000 372.000000 0.535750 0.012740
418.000000 373.000000 -0.203129 0.012540
431.000000 373.000000 -0.190845 0.012516
46.000000 374.000000 -0.616235 0.015197
423.000000 376.000000 -0.198402 0.015277
431.000000 376.000000 -0.190851 0.015259
454.000000 376.000000 -0.169288 0.015211
41.000000 378.000000 -0.623150 0.019402
416.000000 378.000000 -0.205038 0.017126
430.000000 378.000000 -0.191798 0.017090
1276.000000 378.000000 0.676982 0.019823
435.000000 379.000000 -0.187093 0.017991
432.000000 380.000000 -0.189919 0.018913
1234.000000 380.000000 0.617500 0.021451
52.000000 381.000000 -0.608113 0.022395
227.000000 381.000000 -0.395891 0.020791
426.000000 381.000000 -0.195580 0.019845
424.000000 382.000000 -0.197473 0.020767
52.000000 383.000000 -0.608137 0.024466
448.000000 383.000000 -0.174910 0.021608
453.000000 383.000000 -0.170238 0.021594
1151.000000 383.000000 0.509729 0.023594
1224.000000 383.000000 0.603871 0.024441
48.000000 384.000000 -0.613604 0.025555
457.000000 384.000000 -0.166509 0.022494
32.000000 386.000000 -0.635756 0.027869
126.000000 386.000000 -0.512583 0.026601
427.000000 386.000000 -0.194653 0.024418
434.000000 387.000000 -0.188058 0.025307
446.000000 387.000000 -0.176794 0.025265
457.000000 387.000000 -0.166518 0.025228
475.000000 387.000000 -0.149797 0.025174
1215.000000 387.000000 0.591791 0.028445
425.000000 388.000000 -0.196549 0.026257
431.000000 388.000000 -0.190887 0.026233
1252.000000 388.000000 0.642700 0.030064
441.000000 389.000000 -0.181488 0.027109
456.000000 389.000000 -0.167458 0.027055
439.000000 390.000000 -0.183369 0.028030
459.000000 390.000000 -0.164665 0.027956
51.000000 391.000000 -0.609619 0.032769
424.000000 391.000000 -0.197507 0.029008
444.000000 391.000000 -0.178683 0.028924
381.000000 392.000000 -0.238609 0.030143
384.000000 392.000000 -0.235711 0.030126
447.000000 392.000000 -0.175877 0.029825
1195.000000 392.000000 0.565447 0.033257
1236.000000 392.000000 0.620435 0.033970
430.000000 393.000000 -0.191851 0.030812
440.000000 393.000000 -0.182443 0.030768
132.000000 394.000000 -0.505352 0.034501
424.000000 394.000000 -0.197521 0.031756
442.000000 394.000000 -0.180570 0.031673
52.000000 395.000000 -0.608331 0.036897
385.000000 395.000000 -0.234763 0.032887
434.000000 395.000000 -0.188092 0.032624
449.000000 395.000000 -0.174018 0.032556
1175.000000 395.000000 0.539804 0.035966
1262.000000 395.000000 0.657044 0.037631
428.000000 396.000000 -0.193752 0.033568
1206.000000 396.000000 0.579960 0.037543
1255.000000 396.000000 0.647096 0.038537
52.000000 397.000000 -0.608371 0.038970
65.000000 397.000000 -0.590849 0.038707
426.000000 397.000000 -0.195646 0.034495
181.000000 398.000000 -0.447503 0.037724
353.000000 398.000000 -0.265950 0.035880
356.000000 398.000000 -0.263002 0.035858
384.000000 398.000000 -0.235747 0.035661
54.000000 399.000000 -0.605697 0.041000
66.000000 399.000000 -0.589556 0.040745
440.000000 399.000000 -0.182471 0.036253
1221.000000 399.000000 0.600083 0.040937
4.000000 400.000000 -0.675930 0.043206
56.000000 400.000000 -0.603009 0.041992
438.000000 400.000000 -0.184355 0.037178
66.000000 401.000000 -0.589599 0.042804
121.000000 401.000000 -0.518972 0.041682
436.000000 401.000000 -0.186241 0.038103
14.000000 403.000000 -0.661584 0.046140
86.000000 404.000000 -0.563357 0.045433
1274.000000 404.000000 0.674569 0.047474
63.000000 405.000000 -0.593702 0.046995
82.000000 405.000000 -0.568583 0.046544
386.000000 405.000000 -0.233868 0.042107
449.000000 405.000000 -0.174068 0.041689
1207.000000 405.000000 0.581478 0.046802
1122.000000 406.000000 0.475154 0.045991
82.000000 407.000000 -0.568630 0.048588
465.000000 407.000000 -0.159156 0.043427
1132.000000 407.000000 0.487074 0.047175
1226.000000 407.000000 0.607058 0.049344
63.000000 408.000000 -0.593777 0.050091
386.000000 409.000000 -0.233900 0.045799
1007.000000 409.000000 0.347595 0.047040
64.000000 410.000000 -0.592491 0.052128
1226.000000 410.000000 0.607140 0.052458
1241.000000 410.000000 0.627789 0.052884
62.000000 411.000000 -0.595199 0.053215
323.000000 411.000000 -0.295889 0.048281
446.000000 411.000000 -0.176913 0.047192
450.000000 411.000000 -0.173168 0.047166
1212.000000 411.000000 0.588285 0.053105
435.000000 412.000000 -0.187250 0.048181
1184.000000 412.000000 0.551646 0.053381
1245.000000 412.000000 0.633429 0.055099
65.000000 413.000000 -0.591237 0.055195
86.000000 413.000000 -0.563579 0.054612
1193.000000 413.000000 0.563302 0.054638
1213.000000 413.000000 0.589677 0.055195
1227.000000 414.000000 0.608619 0.056642
65.000000 415.000000 -0.591295 0.057258
470.000000 415.000000 -0.154556 0.050696
1076.000000 415.000000 0.422380 0.053920
1156.000000 417.000000 0.516503 0.057702
78.000000 418.000000 -0.574164 0.059956
1189.000000 420.000000 0.558315 0.061667
446.000000 421.000000 -0.176984 0.056343
76.000000 422.000000 -0.576918 0.064124
44.000000 423.000000 -0.620051 0.066250
454.000000 424.000000 -0.169520 0.059028
77.000000 426.000000 -0.575736 0.068199
119.000000 428.000000 -0.522127 0.068850
78.000000 429.000000 -0.574527 0.071246
1240.000000 429.000000 0.627051 0.072763
305.000000 431.000000 -0.314389 0.067325
1221.000000 431.000000 0.601053 0.074101
1240.000000 431.000000 0.627132 0.074862
462.000000 432.000000 -0.162119 0.066285
113.000000 433.000000 -0.529775 0.074092
1101.000000 433.000000 0.451251 0.072094
1242.000000 433.000000 0.630001 0.077047
93.000000 434.000000 -0.555203 0.075820
303.000000 434.000000 -0.316483 0.070191
1273.000000 434.000000 0.674204 0.079470
1276.000000 434.000000 0.678573 0.079607
71.000000 435.000000 -0.583998 0.077690
68.000000 437.000000 -0.588069 0.079878
108.000000 437.000000 -0.536201 0.078319
1172.000000 437.000000 0.537142 0.078389
486.000000 438.000000 -0.139893 0.071579
66.000000 439.000000 -0.590823 0.082032
73.000000 439.000000 -0.581510 0.081738
1168.000000 439.000000 0.532169 0.080268
1262.000000 439.000000 0.658557 0.084295
1056.000000 440.000000 0.400749 0.077698
1121.000000 440.000000 0.474851 0.079616
304.000000 441.000000 -0.315594 0.076782
416.000000 442.000000 -0.205513 0.075942
1204.000000 442.000000 0.578749 0.084791
67.000000 443.000000 -0.589661 0.086133
179.000000 443.000000 -0.450837 0.081878
1247.000000 444.000000 0.637506 0.088871
68.000000 445.000000 -0.588416 0.088160
466.000000 445.000000 -0.158508 0.078157
1266.000000 445.000000 0.664606 0.090893
1271.000000 446.000000 0.671889 0.092224
475.000000 447.000000 -0.150159 0.079905
1268.000000 447.000000 0.667597 0.093136
63.000000 448.000000 -0.595250 0.091507
1254.000000 448.000000 0.647596 0.093465
66.000000 449.000000 -0.591275 0.092403
1103.000000 449.000000 0.454066 0.087917
58.000000 450.000000 -0.602090 0.093833
60.000000 450.000000 -0.599387 0.093734
473.000000 450.000000 -0.152045 0.082673
1217.000000 450.000000 0.596488 0.093686
85.000000 451.000000 -0.566275 0.093572
169.000000 451.000000 -0.462714 0.090114
475.000000 451.000000 -0.150197 0.083571
1260.000000 451.000000 0.656307 0.096978
103.000000 452.000000 -0.543145 0.093775
1229.000000 452.000000 0.612913 0.096382
1256.000000 452.000000 0.650653 0.097824
65.000000 453.000000 -0.592811 0.096608
100.000000 453.000000 -0.547013 0.094931
114.000000 454.000000 -0.529347 0.095321
1229.000000 454.000000 0.613018 0.098480
1231.000000 454.000000 0.615766 0.098586
1066.000000 456.000000 0.412284 0.093538
1196.000000 456.000000 0.568866 0.098865
1275.000000 456.000000 0.678267 0.103190
62.000000 457.000000 -0.597048 0.100927
1220.000000 457.000000 0.600903 0.101142
100.000000 458.000000 -0.547248 0.100042
1000.000000 458.000000 0.341255 0.093516
1123.000000 458.000000 0.477885 0.097598
65.000000 459.000000 -0.593122 0.102852
58.000000 461.000000 -0.602668 0.105321
1231.000000 461.000000 0.616153 0.105944
1156.000000 462.000000 0.518146 0.103063
1171.000000 464.000000 0.537054 0.105826
1133.000000 465.000000 0.490155 0.105030
167.000000 468.000000 -0.465726 0.107067
1267.000000 470.000000 0.667531 0.117757
1159.000000 471.000000 0.522324 0.112348
1165.000000 471.000000 0.529840 0.112661
1191.000000 472.000000 0.563187 0.115118
481.000000 474.000000 -0.144873 0.104637
1143.000000 477.000000 0.502874 0.117605
49.000000 478.000000 -0.615984 0.123736
326.000000 478.000000 -0.294144 0.111270
477.000000 478.000000 -0.148638 0.108371
1223.000000 479.000000 0.606300 0.124398
1260.000000 481.000000 0.658220 0.129103
53.000000 482.000000 -0.610770 0.127691
1037.000000 482.000000 0.381368 0.117815
1034.000000 483.000000 0.378160 0.118674
1126.000000 483.000000 0.482619 0.122776
1164.000000 483.000000 0.529248 0.124868
1267.000000 483.000000 0.668452 0.131775
1181.000000 484.000000 0.550946 0.126917
45.000000 486.000000 -0.622050 0.132482
1275.000000 486.000000 0.680316 0.135635
1234.000000 487.000000 0.621985 0.133625
1238.000000 487.000000 0.627546 0.133916
472.000000 488.000000 -0.153426 0.117673
988.000000 488.000000 0.329663 0.121865
1222.000000 490.000000 0.605699 0.135933
1262.000000 490.000000 0.661773 0.138955
1143.000000 491.000000 0.503647 0.131800
1241.000000 491.000000 0.632036 0.138406
51.000000 492.000000 -0.614220 0.138410
1243.000000 492.000000 0.634917 0.139628
1123.000000 493.000000 0.479569 0.132684
1158.000000 493.000000 0.522327 0.134744
1222.000000 494.000000 0.605992 0.140163
57.000000 495.000000 -0.606240 0.141141
96.000000 495.000000 -0.554521 0.138366
81.000000 496.000000 -0.574156 0.140445
91.000000 496.000000 -0.561067 0.139745
1137.000000 496.000000 0.496618 0.136526
1133.000000 497.000000 0.491823 0.137303
65.000000 498.000000 -0.595626 0.143711
59.000000 499.000000 -0.603821 0.145222
90.000000 499.000000 -0.562577 0.142937
1183.000000 499.000000 0.554516 0.142583
1199.000000 499.000000 0.575453 0.143727
65.000000 500.000000 -0.595777 0.145821
89.000000 501.000000 -0.564024 0.145093
470.000000 502.000000 -0.155502 0.130683
1144.000000 502.000000 0.505545 0.143065
5.000000 503.000000 -0.680231 0.153958
1026.000000 503.000000 0.370347 0.137814
83.000000 504.000000 -0.572105 0.148668
1097.000000 504.000000 0.449586 0.142287
1109.000000 504.000000 0.463599 0.142967
1165.000000 504.000000 0.531845 0.146509
1259.000000 504.000000 0.658616 0.153855
1133.000000 505.000000 0.492312 0.145426
1160.000000 505.000000 0.525615 0.147197
1169.000000 505.000000 0.536984 0.147821
1215.000000 505.000000 0.597325 0.151266
1061.000000 506.000000 0.408783 0.142381
1157.000000 507.000000 0.521993 0.149050
1273.000000 507.000000 0.679153 0.158357
1109.000000 508.000000 0.463834 0.146994
1141.000000 508.000000 0.502253 0.148999
83.000000 509.000000 -0.572486 0.153910
319.000000 509.000000 -0.302178 0.141021
1139.000000 509.000000 0.499872 0.149888
124.000000 510.000000 -0.520038 0.151937
351.000000 510.000000 -0.270050 0.140926
482.000000 512.000000 -0.144465 0.139793
1141.000000 512.000000 0.502521 0.153089
1060.000000 513.000000 0.408026 0.149254
1130.000000 514.000000 0.489262 0.154394
1056.000000 515.000000 0.403682 0.151025
1111.000000 515.000000 0.466620 0.154182
1133.000000 515.000000 0.492964 0.155615
1058.000000 516.000000 0.405957 0.152120
1113.000000 516.000000 0.469049 0.155320
1088.000000 517.000000 0.439938 0.154794
24.000000 518.000000 -0.654192 0.168578
1148.000000 518.000000 0.511566 0.159736
487.000000 520.000000 -0.139936 0.147167
1148.000000 520.000000 0.511711 0.161796
24.000000 523.000000 -0.654667 0.174018
176.000000 523.000000 -0.458140 0.161710
1047.000000 523.000000 0.394155 0.158467
1113.000000 523.000000 0.469505 0.162418
1079.000000 524.000000 0.430051 0.161274
481.000000 525.000000 -0.145611 0.151937
13.000000 526.000000 -0.670767 0.178377
66.000000 526.000000 -0.596591 0.173316
79.000000 527.000000 -0.579265 0.173219
30.000000 528.000000 -0.646622 0.178875
34.000000 528.000000 -0.640967 0.178483
67.000000 528.000000 -0.595422 0.175358
84.000000 528.000000 -0.572735 0.173839
32.000000 529.000000 -0.643890 0.179766
377.000000 529.000000 -0.244977 0.158203
1132.000000 530.000000 0.492811 0.170903
1252.000000 530.000000 0.651035 0.181476
69.000000 531.000000 -0.593001 0.178375
83.000000 531.000000 -0.574321 0.177102
1127.000000 531.000000 0.486824 0.171560
1197.000000 531.000000 0.575415 0.177283
67.000000 532.000000 -0.595792 0.179629
382.000000 532.000000 -0.240175 0.160905
515.000000 532.000000 -0.114146 0.157946
276.000000 533.000000 -0.347722 0.166038
66.000000 534.000000 -0.597332 0.181862
72.000000 534.000000 -0.589246 0.181297
77.000000 534.000000 -0.582558 0.180832
1110.000000 534.000000 0.466708 0.173400
1197.000000 534.000000 0.575688 0.180467
35.000000 535.000000 -0.640256 0.185992
64.000000 535.000000 -0.600138 0.183124
500.000000 535.000000 -0.128090 0.160977
1207.000000 535.000000 0.589143 0.182464
25.000000 536.000000 -0.654544 0.188113
73.000000 536.000000 -0.588093 0.183337
14.000000 537.000000 -0.670455 0.190368
64.000000 537.000000 -0.600331 0.185269
35.000000 538.000000 -0.640564 0.189260
474.000000 538.000000 -0.152398 0.164256
583.000000 538.000000 -0.051783 0.162844
985.000000 538.000000 0.328541 0.170103
1211.000000 539.000000 0.594926 0.187130
1242.000000 539.000000 0.637773 0.190268
72.000000 540.000000 -0.589818 0.187707
163.000000 541.000000 -0.474750 0.180930
189.000000 541.000000 -0.444217 0.179060
480.000000 541.000000 -0.146838 0.166961
493.000000 541.000000 -0.134702 0.166722
32.000000 542.000000 -0.645224 0.193943
274.000000 542.000000 -0.350288 0.174969
600.000000 542.000000 -0.036293 0.166479
17.000000 543.000000 -0.666769 0.196660
67.000000 543.000000 -0.596855 0.191415
78.000000 543.000000 -0.582077 0.190333
184.000000 543.000000 -0.450157 0.181439
1202.000000 543.000000 0.583204 0.190532
1233.000000 543.000000 0.625567 0.193680
30.000000 544.000000 -0.648274 0.196347
35.000000 544.000000 -0.641196 0.195810
194.000000 544.000000 -0.438656 0.181755
76.000000 545.000000 -0.584944 0.192667
1050.000000 545.000000 0.398735 0.180524
39.000000 546.000000 -0.635779 0.197566
67.000000 546.000000 -0.597157 0.194640
19.000000 547.000000 -0.664330 0.200854
131.000000 547.000000 -0.514198 0.189701
189.000000 547.000000 -0.444638 0.185149
1185.000000 547.000000 0.561095 0.193148
8.000000 548.000000 -0.680373 0.203198
33.000000 548.000000 -0.644456 0.200406
1067.000000 549.000000 0.418023 0.185635
1185.000000 549.000000 0.561288 0.195273
496.000000 550.000000 -0.132068 0.175137
1215.000000 550.000000 0.601476 0.199376
1232.000000 550.000000 0.624921 0.201194
336.000000 551.000000 -0.286577 0.180850
1251.000000 551.000000 0.651855 0.204400
21.000000 552.000000 -0.662017 0.206153
31.000000 552.000000 -0.647736 0.205021
867.000000 552.000000 0.211071 0.179073
1158.000000 552.000000 0.526849 0.195901
1215.000000 552.000000 0.601687 0.201538
1243.000000 552.000000 0.640594 0.204598
67.000000 553.000000 -0.597880 0.202185
344.000000 553.000000 -0.278598 0.182454
437.000000 553.000000 -0.187709 0.179296
586.000000 553.000000 -0.049141 0.176842
1195.000000 553.000000 0.574871 0.200535
1140.000000 554.000000 0.504550 0.196384
1190.000000 554.000000 0.568354 0.201098
10.000000 555.000000 -0.678268 0.210754
22.000000 555.000000 -0.660926 0.209357
500.000000 556.000000 -0.128450 0.180725
519.000000 556.000000 -0.110800 0.180404
1108.000000 556.000000 0.465997 0.195775
1221.000000 556.000000 0.610340 0.206524
1121.000000 557.000000 0.481628 0.197873
1154.000000 557.000000 0.522267 0.200788
907.000000 559.000000 0.250366 0.187165
30.000000 560.000000 -0.650075 0.213955
978.000000 560.000000 0.322333 0.191316
1089.000000 560.000000 0.444012 0.198388
1250.000000 560.000000 0.651468 0.214222
1270.000000 560.000000 0.680371 0.216617
78.000000 561.000000 -0.583915 0.209648
428.000000 561.000000 -0.196538 0.187177
1093.000000 561.000000 0.448745 0.199723
1163.000000 561.000000 0.534042 0.205864
13.000000 562.000000 -0.674743 0.218201
17.000000 563.000000 -0.669073 0.218833
1230.000000 563.000000 0.623594 0.215184
1000.000000 564.000000 0.345663 0.196466
998.000000 565.000000 0.343600 0.197344
955.000000 566.000000 0.298910 0.196055
1165.000000 566.000000 0.537090 0.211363
1205.000000 566.000000 0.589645 0.215608
1217.000000 566.000000 0.605968 0.216966
10.000000 567.000000 -0.679716 0.224160
591.000000 567.000000 -0.044657 0.189970
76.000000 568.000000 -0.587362 0.217432
582.000000 568.000000 -0.052912 0.190977
27.000000 569.000000 -0.655434 0.224292
334.000000 570.000000 -0.289459 0.199463
484.000000 570.000000 -0.143689 0.194323
580.000000 570.000000 -0.054763 0.192881
1079.000000 571.000000 0.433310 0.208871
32.000000 572.000000 -0.648678 0.227009
502.000000 572.000000 -0.126887 0.195852
577.000000 572.000000 -0.057533 0.194797
1024.000000 572.000000 0.371919 0.205925
1252.000000 573.000000 0.655918 0.228908
26.000000 574.000000 -0.657487 0.229985
31.000000 574.000000 -0.650349 0.229357
502.000000 574.000000 -0.126927 0.197755
577.000000 574.000000 -0.057551 0.196689
1265.000000 574.000000 0.674827 0.231683
20.000000 575.000000 -0.666234 0.231863
22.000000 575.000000 -0.663354 0.231608
90.000000 575.000000 -0.569496 0.223441
475.000000 575.000000 -0.152266 0.199299
886.000000 575.000000 0.230320 0.201841
1189.000000 575.000000 0.569271 0.223558
1218.000000 575.000000 0.608398 0.226928
558.000000 577.000000 -0.075061 0.199726
1100.000000 577.000000 0.458285 0.216799
1110.000000 577.000000 0.470165 0.217685
142.000000 578.000000 -0.503421 0.221190
493.000000 578.000000 -0.135425 0.201754
1233.000000 578.000000 0.629599 0.232076
475.000000 579.000000 -0.152363 0.203125
490.000000 579.000000 -0.138259 0.202775
528.000000 579.000000 -0.102824 0.202045
1092.000000 579.000000 0.449054 0.218179
1235.000000 579.000000 0.632533 0.233436
31.000000 580.000000 -0.651110 0.236045
1135.000000 580.000000 0.500804 0.223192
1208.000000 580.000000 0.595330 0.231205
1097.000000 581.000000 0.455098 0.220687
1107.000000 581.000000 0.466946 0.221583
1141.000000 581.000000 0.508337 0.224849
1174.000000 582.000000 0.550388 0.229429
404.000000 584.000000 -0.220494 0.210134
977.000000 584.000000 0.322610 0.215014
992.000000 584.000000 0.338379 0.215915
1037.000000 584.000000 0.386984 0.218942
1261.000000 585.000000 0.670462 0.243541
1084.000000 586.000000 0.440331 0.224735
1141.000000 586.000000 0.508849 0.230152
1191.000000 586.000000 0.573196 0.235721
571.000000 588.000000 -0.063204 0.210042
1085.000000 588.000000 0.441668 0.226895
74.000000 589.000000 -0.592529 0.240568
522.000000 589.000000 -0.108571 0.211692
1123.000000 589.000000 0.486987 0.231499
1198.000000 589.000000 0.582915 0.239842
29.000000 590.000000 -0.655280 0.247510
79.000000 590.000000 -0.585911 0.241048
498.000000 590.000000 -0.131003 0.213133
515.000000 590.000000 -0.115111 0.212781
537.000000 590.000000 -0.094652 0.212395
1246.000000 590.000000 0.649554 0.247149
1274.000000 590.000000 0.690128 0.250980
82.000000 591.000000 -0.582009 0.241774
486.000000 591.000000 -0.142295 0.214372
1030.000000 591.000000 0.379792 0.225544
1063.000000 592.000000 0.416718 0.229152
1219.000000 592.000000 0.611902 0.245800
106.000000 593.000000 -0.550603 0.241078
1092.000000 593.000000 0.450299 0.232726
84.000000 594.000000 -0.579703 0.244813
28.000000 595.000000 -0.657391 0.253276
1047.000000 595.000000 0.398930 0.230933
63.000000 596.000000 -0.608414 0.249691
577.000000 596.000000 -0.057755 0.217621
586.000000 596.000000 -0.049464 0.217539
1192.000000 596.000000 0.575747 0.246767
107.000000 597.000000 -0.549776 0.245297
520.000000 597.000000 -0.110583 0.219403
582.000000 598.000000 -0.053166 0.219488
1168.000000 598.000000 0.544452 0.246027
1245.000000 598.000000 0.649223 0.256013
93.000000 599.000000 -0.568358 0.249173
97.000000 599.000000 -0.563083 0.248680
1230.000000 599.000000 0.628144 0.255067
120.000000 600.000000 -0.533394 0.247020
123.000000 600.000000 -0.529570 0.246673
518.000000 600.000000 -0.112507 0.222328
524.000000 600.000000 -0.106911 0.222212
514.000000 601.000000 -0.116263 0.223372
917.000000 601.000000 0.262161 0.228638
30.000000 603.000000 -0.655646 0.262037
32.000000 603.000000 -0.652789 0.261754
60.000000 603.000000 -0.613477 0.257875
1117.000000 603.000000 0.481122 0.245704
1129.000000 603.000000 0.495792 0.246981
1160.000000 603.000000 0.534743 0.250499
99.000000 605.000000 -0.561198 0.254992
1016.000000 605.000000 0.365542 0.238768
34.000000 606.000000 -0.650364 0.264865
19.000000 607.000000 -0.672045 0.268161
100.000000 607.000000 -0.560136 0.257057
1202.000000 608.000000 0.590756 0.261301
27.000000 609.000000 -0.660805 0.269278
100.000000 610.000000 -0.560517 0.260348
492.000000 610.000000 -0.137116 0.232583
1125.000000 610.000000 0.491639 0.254025
1239.000000 611.000000 0.642534 0.269854
1107.000000 612.000000 0.469992 0.254214
28.000000 613.000000 -0.659956 0.273688
53.000000 614.000000 -0.624725 0.271184
306.000000 616.000000 -0.320955 0.246856
951.000000 617.000000 0.297616 0.246496
37.000000 620.000000 -0.648142 0.280332
698.000000 620.000000 0.053695 0.240694
174.000000 623.000000 -0.469152 0.265634
109.000000 624.000000 -0.550565 0.274589
156.000000 624.000000 -0.491120 0.268740
527.000000 624.000000 -0.104580 0.245402
38.000000 625.000000 -0.647476 0.285891
169.000000 626.000000 -0.475510 0.269405
151.000000 627.000000 -0.497634 0.272574
182.000000 627.000000 -0.460023 0.269037
27.000000 628.000000 -0.663665 0.291027
32.000000 628.000000 -0.656493 0.290251
35.000000 628.000000 -0.652208 0.289788
1241.000000 628.000000 0.647934 0.289535
529.000000 629.000000 -0.102811 0.250244
374.000000 632.000000 -0.252302 0.258885
1058.000000 632.000000 0.414645 0.270401
1034.000000 634.000000 0.387753 0.270233
105.000000 635.000000 -0.557296 0.287333
140.000000 635.000000 -0.512332 0.282651
898.000000 635.000000 0.244901 0.261559
29.000000 636.000000 -0.662050 0.299945
61.000000 636.000000 -0.616862 0.294928
531.000000 636.000000 -0.101082 0.257063
963.000000 636.000000 0.311332 0.266584
560.000000 637.000000 -0.074012 0.257524
1038.000000 637.000000 0.392500 0.273750
1166.000000 637.000000 0.546876 0.288594
31.000000 638.000000 -0.659500 0.301939
81.000000 638.000000 -0.589747 0.294169
519.000000 638.000000 -0.112389 0.259293
742.000000 638.000000 0.094902 0.258918
1013.000000 638.000000 0.364926 0.272553
137.000000 639.000000 -0.516627 0.287432
198.000000 639.000000 -0.442418 0.280133
205.000000 639.000000 -0.434239 0.279381
896.000000 639.000000 0.243118 0.265479
1005.000000 639.000000 0.356296 0.272914
512.000000 640.000000 -0.119027 0.261433
744.000000 640.000000 0.096815 0.260925
809.000000 640.000000 0.158289 0.262685
880.000000 640.000000 0.227270 0.265655
514.000000 641.000000 -0.117167 0.262370
1010.000000 641.000000 0.361908 0.275422
278.000000 643.000000 -0.352792 0.276679
865.000000 643.000000 0.212634 0.267939
877.000000 643.000000 0.224454 0.268521
35.000000 644.000000 -0.654745 0.308243
66.000000 645.000000 -0.611340 0.304427
71.000000 645.000000 -0.604454 0.303645
117.000000 645.000000 -0.543038 0.296800
1050.000000 645.000000 0.406822 0.283369
35.000000 646.000000 -0.655072 0.310563
136.000000 646.000000 -0.518822 0.295290
188.000000 646.000000 -0.455014 0.288783
10.000000 647.000000 -0.691366 0.315853
32.000000 647.000000 -0.659529 0.312218
298.000000 647.000000 -0.331661 0.279209
519.000000 648.000000 -0.112627 0.269170
118.000000 650.000000 -0.542453 0.302248
924.000000 650.000000 0.272010 0.278285
926.000000 650.000000 0.274050 0.278413
114.000000 651.000000 -0.547800 0.303947
373.000000 652.000000 -0.254440 0.279179
922.000000 652.000000 0.270099 0.280203
114.000000 653.000000 -0.548092 0.306195
117.000000 653.000000 -0.544185 0.305757
966.000000 653.000000 0.315732 0.284319
105.000000 654.000000 -0.560052 0.308658
387.000000 655.000000 -0.240564 0.281425
107.000000 656.000000 -0.557715 0.310618
513.000000 658.000000 -0.118547 0.279267
549.000000 658.000000 -0.084648 0.278447
107.000000 659.000000 -0.558170 0.314015
902.000000 659.000000 0.250273 0.286127
420.000000 660.000000 -0.208130 0.284770
1117.000000 660.000000 0.487881 0.307430
1247.000000 660.000000 0.661770 0.327664
35.000000 661.000000 -0.657583 0.328069
497.000000 661.000000 -0.133812 0.282727
539.000000 661.000000 -0.094099 0.281637
84.000000 664.000000 -0.589731 0.323347
95.000000 664.000000 -0.574897 0.321579
106.000000 664.000000 -0.560259 0.319850
416.000000 664.000000 -0.212266 0.289033
504.000000 664.000000 -0.127248 0.285525
508.000000 664.000000 -0.123450 0.285409
899.000000 664.000000 0.247553 0.291070
901.000000 665.000000 0.249629 0.292219
1220.000000 665.000000 0.624290 0.328884
1239.000000 665.000000 0.651168 0.332156
1241.000000 665.000000 0.654027 0.332504
94.000000 666.000000 -0.576557 0.324030
103.000000 666.000000 -0.564545 0.322600
504.000000 666.000000 -0.127307 0.287533
530.000000 666.000000 -0.102689 0.286838
25.000000 667.000000 -0.672989 0.336863
452.000000 667.000000 -0.177227 0.290407
502.000000 667.000000 -0.129238 0.288598
517.000000 667.000000 -0.115002 0.288170
1207.000000 667.000000 0.606549 0.329006
35.000000 668.000000 -0.658792 0.336300
496.000000 668.000000 -0.134983 0.289791
513.000000 668.000000 -0.118820 0.289284
84.000000 669.000000 -0.590550 0.329110
427.000000 669.000000 -0.201697 0.293578
451.000000 669.000000 -0.178282 0.292477
1217.000000 669.000000 0.620778 0.333037
513.000000 670.000000 -0.118876 0.291296
96.000000 671.000000 -0.574682 0.329450
170.000000 671.000000 -0.479858 0.318425
478.000000 672.000000 -0.152342 0.294446
537.000000 672.000000 -0.096225 0.292698
528.000000 673.000000 -0.104749 0.293919
534.000000 673.000000 -0.099079 0.293774
480.000000 674.000000 -0.150494 0.296400
1013.000000 675.000000 0.368367 0.311643
83.000000 676.000000 -0.593080 0.337385
536.000000 676.000000 -0.097261 0.296750
127.000000 678.000000 -0.534981 0.332538
1100.000000 678.000000 0.469474 0.325126
1150.000000 678.000000 0.532152 0.332397
103.000000 679.000000 -0.566638 0.337523
396.000000 679.000000 -0.232952 0.305519
492.000000 679.000000 -0.139167 0.301050
1143.000000 679.000000 0.523297 0.332455
18.000000 680.000000 -0.685419 0.353556
100.000000 681.000000 -0.570972 0.340330
1098.000000 681.000000 0.467451 0.328199
401.000000 682.000000 -0.228131 0.308327
957.000000 682.000000 0.308566 0.313963
35.000000 683.000000 -0.661457 0.354072
104.000000 684.000000 -0.566134 0.343137
536.000000 684.000000 -0.097451 0.304843
1048.000000 685.000000 0.408905 0.326283
1058.000000 685.000000 0.420462 0.327479
1257.000000 685.000000 0.680666 0.359119
392.000000 687.000000 -0.237453 0.314064
497.000000 687.000000 -0.134653 0.309029
1035.000000 687.000000 0.394289 0.326968
511.000000 688.000000 -0.121307 0.309597
522.000000 688.000000 -0.110833 0.309275
1039.000000 688.000000 0.398952 0.328519
14.000000 689.000000 -0.692852 0.365074
493.000000 689.000000 -0.138557 0.311213
1068.000000 689.000000 0.432652 0.333141
1092.000000 689.000000 0.461274 0.336322
31.000000 690.000000 -0.668470 0.363163
1061.000000 690.000000 0.424573 0.333364
49.000000 691.000000 -0.642986 0.361052
539.000000 691.000000 -0.094779 0.311892
1050.000000 691.000000 0.411925 0.333114
96.000000 692.000000 -0.578211 0.353810
110.000000 693.000000 -0.559675 0.352576
1047.000000 693.000000 0.408708 0.334956
539.000000 694.000000 -0.094852 0.314955
504.000000 695.000000 -0.128220 0.316987
28.000000 697.000000 -0.674079 0.372130
372.000000 697.000000 -0.258387 0.325883
553.000000 697.000000 -0.081662 0.317705
103.000000 698.000000 -0.569857 0.359618
101.000000 700.000000 -0.572888 0.362316
1063.000000 700.000000 0.428195 0.344735
1098.000000 700.000000 0.470126 0.349569
513.000000 701.000000 -0.119803 0.322868
966.000000 701.000000 0.319797 0.335036
15.000000 702.000000 -0.693795 0.380597
503.000000 702.000000 -0.129416 0.324231
548.000000 702.000000 -0.086507 0.322944
975.000000 702.000000 0.329554 0.336968
101.000000 703.000000 -0.573418 0.365845
536.000000 703.000000 -0.097927 0.324265
560.000000 703.000000 -0.075162 0.323716
106.000000 705.000000 -0.567077 0.367314
111.000000 705.000000 -0.560418 0.366434
512.000000 706.000000 -0.120921 0.328065
1248.000000 707.000000 0.671776 0.383973
104.000000 708.000000 -0.570287 0.371209
35.000000 709.000000 -0.666293 0.385315
111.000000 709.000000 -0.561123 0.371141
514.000000 709.000000 -0.119102 0.331109
568.000000 709.000000 -0.067705 0.329744
105.000000 710.000000 -0.569307 0.373394
113.000000 710.000000 -0.558644 0.371965
115.000000 710.000000 -0.555994 0.371612
591.000000 710.000000 -0.045986 0.330425
118.000000 711.000000 -0.552206 0.372261
132.000000 711.000000 -0.533885 0.369833
396.000000 711.000000 -0.234981 0.339033
120.000000 713.000000 -0.549922 0.374264
133.000000 713.000000 -0.532929 0.372004
509.000000 713.000000 -0.124034 0.335434
900.000000 713.000000 0.251852 0.342412
155.000000 714.000000 -0.504921 0.369490
492.000000 714.000000 -0.140451 0.337102
529.000000 715.000000 -0.104931 0.336883
1170.000000 715.000000 0.564711 0.378821
1178.000000 715.000000 0.575460 0.380289
1183.000000 715.000000 0.582227 0.381217
113.000000 716.000000 -0.559717 0.379057
118.000000 716.000000 -0.553092 0.378160
133.000000 716.000000 -0.533446 0.375523
211.000000 716.000000 -0.436652 0.363301
504.000000 716.000000 -0.128949 0.338740
509.000000 716.000000 -0.124137 0.338563
