148.000000 3.000000 -0.514264 -0.372781
286.000000 3.000000 -0.351129 -0.353758
935.000000 4.000000 0.288282 -0.347089
86.000000 5.000000 -0.595929 -0.381492
363.000000 5.000000 -0.268949 -0.344374
792.000000 5.000000 0.144725 -0.337034
365.000000 6.000000 -0.266805 -0.343143
19.000000 7.000000 -0.690109 -0.391916
174.000000 7.000000 -0.480961 -0.363957
172.000000 9.000000 -0.483127 -0.361966
176.000000 9.000000 -0.478185 -0.361353
1015.000000 9.000000 0.374426 -0.349691
1064.000000 9.000000 0.430790 -0.355857
1043.000000 10.000000 0.406152 -0.351972
1246.000000 10.000000 0.669492 -0.385908
79.000000 12.000000 -0.604230 -0.374434
162.000000 12.000000 -0.495108 -0.360073
177.000000 12.000000 -0.476499 -0.357765
1047.000000 12.000000 0.410520 -0.350246
173.000000 13.000000 -0.481278 -0.357226
175.000000 13.000000 -0.478810 -0.356924
387.000000 13.000000 -0.243785 -0.334061
163.000000 14.000000 -0.493545 -0.357617
170.000000 14.000000 -0.484836 -0.356538
1074.000000 14.000000 0.441963 -0.351589
179.000000 15.000000 -0.473596 -0.354043
1211.000000 15.000000 0.618878 -0.373170
389.000000 16.000000 -0.241552 -0.330750
1252.000000 16.000000 0.676993 -0.379773
350.000000 17.000000 -0.281461 -0.332569
1274.000000 17.000000 0.708798 -0.382707
68.000000 20.000000 -0.617972 -0.366936
353.000000 20.000000 -0.278111 -0.329137
717.000000 22.000000 0.072566 -0.317231
349.000000 23.000000 -0.282022 -0.326264
379.000000 23.000000 -0.251218 -0.324051
385.000000 23.000000 -0.245131 -0.323642
387.000000 23.000000 -0.243106 -0.323509
351.000000 24.000000 -0.279871 -0.325047
224.000000 25.000000 -0.418572 -0.336685
236.000000 25.000000 -0.404731 -0.335222
358.000000 25.000000 -0.272563 -0.323454
378.000000 25.000000 -0.252097 -0.322016
1087.000000 25.000000 0.456017 -0.341005
1045.000000 26.000000 0.406477 -0.334462
235.000000 28.000000 -0.405520 -0.332039
292.000000 28.000000 -0.342009 -0.325914
411.000000 28.000000 -0.218712 -0.316786
1274.000000 28.000000 0.706765 -0.369350
307.000000 29.000000 -0.325756 -0.323433
295.000000 30.000000 -0.338569 -0.323477
235.000000 31.000000 -0.405166 -0.328745
305.000000 31.000000 -0.327715 -0.321477
307.000000 31.000000 -0.325574 -0.321295
1096.000000 31.000000 0.466072 -0.335518
296.000000 32.000000 -0.337300 -0.321239
303.000000 33.000000 -0.329677 -0.319522
908.000000 33.000000 0.258124 -0.314154
1187.000000 33.000000 0.582582 -0.347523
309.000000 34.000000 -0.323170 -0.317918
1270.000000 34.000000 0.699812 -0.361373
56.000000 35.000000 -0.632015 -0.351316
307.000000 36.000000 -0.325127 -0.315966
342.000000 36.000000 -0.288277 -0.313071
385.000000 36.000000 -0.244279 -0.310048
305.000000 38.000000 -0.327087 -0.314017
307.000000 38.000000 -0.324950 -0.313841
305.000000 42.000000 -0.326735 -0.309774
1208.000000 42.000000 0.609795 -0.340654
1215.000000 42.000000 0.619532 -0.341883
1118.000000 43.000000 0.491409 -0.325150
62.000000 45.000000 -0.621842 -0.338477
1078.000000 45.000000 0.442637 -0.317592
1229.000000 45.000000 0.638691 -0.340830
307.000000 46.000000 -0.324258 -0.305374
293.000000 49.000000 -0.338982 -0.303422
912.000000 50.000000 0.261051 -0.296740
1050.000000 50.000000 0.409431 -0.308828
1195.000000 50.000000 0.590560 -0.329121
60.000000 51.000000 -0.623597 -0.331805
286.000000 51.000000 -0.346358 -0.301933
1214.000000 51.000000 0.616572 -0.331176
1218.000000 51.000000 0.622156 -0.331864
1116.000000 52.000000 0.487677 -0.314817
1049.000000 54.000000 0.407844 -0.304395
1052.000000 54.000000 0.411280 -0.304725
1249.000000 55.000000 0.665515 -0.332562
1050.000000 56.000000 0.408769 -0.302348
1107.000000 56.000000 0.476089 -0.309180
1269.000000 56.000000 0.694420 -0.334875
1032.000000 57.000000 0.388271 -0.299376
1105.000000 57.000000 0.473520 -0.307816
1230.000000 57.000000 0.638012 -0.326917
1160.000000 61.000000 0.542187 -0.311023
352.000000 64.000000 -0.275973 -0.283257
1254.000000 65.000000 0.671013 -0.321654
979.000000 66.000000 0.329540 -0.285049
1266.000000 66.000000 0.688305 -0.322523
1085.000000 67.000000 0.448266 -0.294419
1210.000000 67.000000 0.608353 -0.311980
1080.000000 68.000000 0.442243 -0.292757
1141.000000 70.000000 0.516496 -0.298239
1246.000000 70.000000 0.658628 -0.314449
1183.000000 71.000000 0.571019 -0.303181
1226.000000 71.000000 0.630018 -0.309974
1201.000000 72.000000 0.595187 -0.304818
1246.000000 72.000000 0.658294 -0.312117
1157.000000 73.000000 0.536555 -0.297126
1161.000000 73.000000 0.541737 -0.297694
6.000000 74.000000 -0.697062 -0.314010
1203.000000 74.000000 0.597610 -0.302850
17.000000 75.000000 -0.680844 -0.311022
1154.000000 75.000000 0.532407 -0.294477
1254.000000 76.000000 0.669165 -0.308782
66.000000 77.000000 -0.611000 -0.300796
1052.000000 78.000000 0.408750 -0.279047
1244.000000 79.000000 0.654272 -0.303656
1263.000000 79.000000 0.681748 -0.306764
959.000000 80.000000 0.307398 -0.269073
178.000000 81.000000 -0.466107 -0.281034
276.000000 81.000000 -0.354582 -0.271354
957.000000 82.000000 0.305173 -0.266885
959.000000 82.000000 0.307258 -0.267024
1165.000000 83.000000 0.545532 -0.287107
1222.000000 83.000000 0.622488 -0.295541
277.000000 84.000000 -0.353255 -0.268161
274.000000 86.000000 -0.356337 -0.266333
279.000000 87.000000 -0.350855 -0.264896
11.000000 88.000000 -0.687477 -0.296836
911.000000 88.000000 0.257737 -0.257932
1119.000000 90.000000 0.486524 -0.273520
337.000000 91.000000 -0.289608 -0.256695
416.000000 91.000000 -0.210590 -0.252525
425.000000 91.000000 -0.201816 -0.252142
1221.000000 91.000000 0.619861 -0.286266
897.000000 92.000000 0.243508 -0.253170
1113.000000 92.000000 0.478966 -0.270659
1154.000000 92.000000 0.530121 -0.275683
1189.000000 92.000000 0.575966 -0.280440
1210.000000 92.000000 0.604476 -0.283485
1225.000000 92.000000 0.625299 -0.285735
4.000000 94.000000 -0.696781 -0.290965
1120.000000 94.000000 0.487280 -0.269314
1191.000000 94.000000 0.578365 -0.278487
895.000000 95.000000 0.241365 -0.250071
257.000000 96.000000 -0.374045 -0.257382
261.000000 96.000000 -0.369664 -0.257052
1174.000000 96.000000 0.555521 -0.273918
268.000000 97.000000 -0.361957 -0.255456
165.000000 98.000000 -0.479862 -0.264220
264.000000 98.000000 -0.366227 -0.254745
393.000000 98.000000 -0.232867 -0.246614
43.000000 99.000000 -0.639769 -0.279233
945.000000 99.000000 0.291653 -0.248841
1133.000000 99.000000 0.502745 -0.265440
261.000000 100.000000 -0.369339 -0.252924
392.000000 100.000000 -0.233760 -0.244674
417.000000 101.000000 -0.209189 -0.242578
1158.000000 101.000000 0.534096 -0.266329
393.000000 102.000000 -0.232679 -0.242643
400.000000 102.000000 -0.225784 -0.242323
415.000000 102.000000 -0.211097 -0.241674
889.000000 102.000000 0.235074 -0.242812
893.000000 102.000000 0.239035 -0.243003
1132.000000 102.000000 0.501148 -0.262080
396.000000 103.000000 -0.229675 -0.241514
1189.000000 103.000000 0.574440 -0.268189
1260.000000 103.000000 0.673582 -0.278486
1264.000000 103.000000 0.679405 -0.279094
419.000000 104.000000 -0.207119 -0.239537
405.000000 105.000000 -0.220744 -0.239137
416.000000 105.000000 -0.209998 -0.238674
866.000000 105.000000 0.212345 -0.238823
1251.000000 105.000000 0.660263 -0.274836
1234.000000 106.000000 0.635871 -0.271182
1144.000000 107.000000 0.515562 -0.258088
1146.000000 107.000000 0.518083 -0.258325
14.000000 108.000000 -0.680028 -0.273279
1189.000000 108.000000 0.573769 -0.262651
1246.000000 108.000000 0.652640 -0.270672
1150.000000 109.000000 0.522905 -0.256636
92.000000 110.000000 -0.571046 -0.260037
1130.000000 110.000000 0.497755 -0.253242
1143.000000 110.000000 0.513952 -0.254728
1276.000000 110.000000 0.695946 -0.272840
1176.000000 111.000000 0.556182 -0.257660
269.000000 112.000000 -0.359724 -0.240006
296.000000 112.000000 -0.330902 -0.238108
1258.000000 112.000000 0.669335 -0.267879
1276.000000 112.000000 0.695648 -0.270536
4.000000 113.000000 -0.693906 -0.269015
1186.000000 113.000000 0.569121 -0.256743
1253.000000 113.000000 0.661962 -0.266007
263.000000 114.000000 -0.366074 -0.238411
267.000000 114.000000 -0.361738 -0.238114
837.000000 114.000000 0.183933 -0.228898
1150.000000 115.000000 0.522198 -0.250146
51.000000 116.000000 -0.626084 -0.258882
76.000000 116.000000 -0.591707 -0.255506
254.000000 116.000000 -0.375737 -0.237049
1252.000000 116.000000 0.660088 -0.262452
27.000000 117.000000 -0.659928 -0.261123
48.000000 117.000000 -0.630142 -0.258175
80.000000 117.000000 -0.586177 -0.253877
102.000000 117.000000 -0.556979 -0.251090
1173.000000 117.000000 0.551511 -0.250725
256.000000 118.000000 -0.373398 -0.234854
268.000000 118.000000 -0.360366 -0.233970
1068.000000 118.000000 0.423239 -0.238597
1158.000000 119.000000 0.531907 -0.246758
70.000000 120.000000 -0.599330 -0.251865
259.000000 120.000000 -0.369977 -0.232591
269.000000 120.000000 -0.359143 -0.231867
403.000000 120.000000 -0.222072 -0.224472
405.000000 120.000000 -0.220118 -0.224391
407.000000 120.000000 -0.218166 -0.224311
966.000000 120.000000 0.312069 -0.229022
1269.000000 120.000000 0.684197 -0.260341
261.000000 121.000000 -0.367729 -0.231427
1148.000000 121.000000 0.518985 -0.243457
1260.000000 121.000000 0.670935 -0.257915
263.000000 122.000000 -0.365487 -0.230266
320.000000 122.000000 -0.305238 -0.226570
422.000000 122.000000 -0.203515 -0.221785
425.000000 122.000000 -0.200613 -0.221676
1120.000000 122.000000 0.484206 -0.239375
68.000000 123.000000 -0.601667 -0.248805
400.000000 123.000000 -0.224885 -0.221658
411.000000 123.000000 -0.214151 -0.221222
428.000000 123.000000 -0.197681 -0.220595
1268.000000 123.000000 0.682305 -0.256775
269.000000 124.000000 -0.358861 -0.227812
350.000000 124.000000 -0.274513 -0.222955
403.000000 124.000000 -0.221911 -0.220559
1104.000000 124.000000 0.464740 -0.235667
1258.000000 124.000000 0.667612 -0.254228
67.000000 125.000000 -0.602774 -0.246722
188.000000 125.000000 -0.449683 -0.233314
429.000000 125.000000 -0.196647 -0.218615
850.000000 125.000000 0.196062 -0.218636
352.000000 126.000000 -0.272396 -0.220878
422.000000 126.000000 -0.203370 -0.217890
433.000000 127.000000 -0.192727 -0.216537
1128.000000 127.000000 0.493464 -0.234900
1260.000000 127.000000 0.670092 -0.251107
4.000000 128.000000 -0.691766 -0.251855
425.000000 128.000000 -0.200400 -0.215841
405.000000 129.000000 -0.219763 -0.215603
1076.000000 129.000000 0.431469 -0.227892
5.000000 130.000000 -0.690024 -0.249441
186.000000 130.000000 -0.451572 -0.228284
415.000000 130.000000 -0.210003 -0.214255
1133.000000 130.000000 0.499307 -0.232235
8.000000 131.000000 -0.685495 -0.247893
188.000000 131.000000 -0.449138 -0.227064
72.000000 132.000000 -0.595082 -0.238377
405.000000 132.000000 -0.219649 -0.212683
408.000000 132.000000 -0.216728 -0.212570
410.000000 132.000000 -0.214783 -0.212496
413.000000 132.000000 -0.211870 -0.212385
1123.000000 132.000000 0.486847 -0.229109
1220.000000 132.000000 0.612739 -0.240157
187.000000 133.000000 -0.450131 -0.225074
408.000000 134.000000 -0.216653 -0.210627
415.000000 134.000000 -0.209859 -0.210372
977.000000 134.000000 0.322696 -0.215694
190.000000 135.000000 -0.446448 -0.222735
410.000000 135.000000 -0.214673 -0.209583
421.000000 136.000000 -0.203985 -0.208225
183.000000 137.000000 -0.454470 -0.221274
415.000000 137.000000 -0.209752 -0.207466
917.000000 137.000000 0.261280 -0.209618
1189.000000 138.000000 0.570036 -0.229798
189.000000 139.000000 -0.447270 -0.218680
1110.000000 140.000000 0.470398 -0.219483
1123.000000 140.000000 0.486070 -0.220695
1133.000000 140.000000 0.498300 -0.221661
184.000000 141.000000 -0.452947 -0.217039
408.000000 141.000000 -0.216399 -0.203843
411.000000 141.000000 -0.213487 -0.203736
1176.000000 141.000000 0.552619 -0.225084
1202.000000 141.000000 0.587060 -0.228057
187.000000 142.000000 -0.449349 -0.215748
189.000000 142.000000 -0.447015 -0.215579
285.000000 142.000000 -0.340617 -0.208690
1087.000000 142.000000 0.443097 -0.215394
1218.000000 142.000000 0.608731 -0.228881
1092.000000 143.000000 0.448845 -0.214783
1127.000000 143.000000 0.490657 -0.217926
36.000000 144.000000 -0.643481 -0.229616
281.000000 144.000000 -0.344733 -0.206936
415.000000 144.000000 -0.209510 -0.200700
280.000000 147.000000 -0.345614 -0.204006
411.000000 147.000000 -0.213280 -0.197943
1099.000000 147.000000 0.456723 -0.211242
1262.000000 147.000000 0.670327 -0.228838
420.000000 148.000000 -0.204549 -0.196681
276.000000 149.000000 -0.349746 -0.202252
37.000000 150.000000 -0.641325 -0.222839
416.000000 150.000000 -0.208344 -0.194887
1188.000000 150.000000 0.567362 -0.216715
77.000000 151.000000 -0.586099 -0.217065
418.000000 151.000000 -0.206381 -0.193861
1172.000000 151.000000 0.546359 -0.213938
1176.000000 151.000000 0.551540 -0.214356
286.000000 152.000000 -0.338977 -0.198687
396.000000 152.000000 -0.227686 -0.193645
399.000000 152.000000 -0.224762 -0.193539
31.000000 153.000000 -0.649468 -0.220244
310.000000 154.000000 -0.313818 -0.195417
375.000000 154.000000 -0.248221 -0.192497
392.000000 154.000000 -0.231521 -0.191860
399.000000 154.000000 -0.224692 -0.191612
1083.000000 154.000000 0.437493 -0.202741
1170.000000 154.000000 0.543470 -0.210534
274.000000 155.000000 -0.351521 -0.196399
278.000000 155.000000 -0.347268 -0.196168
307.000000 155.000000 -0.316870 -0.194587
313.000000 155.000000 -0.310671 -0.194282
284.000000 156.000000 -0.340861 -0.194836
287.000000 156.000000 -0.337699 -0.194669
376.000000 156.000000 -0.247156 -0.190524
1179.000000 156.000000 0.554921 -0.209324
1236.000000 156.000000 0.632083 -0.215644
30.000000 157.000000 -0.650411 -0.215934
43.000000 157.000000 -0.632049 -0.214403
302.000000 157.000000 -0.321955 -0.192877
362.000000 157.000000 -0.260985 -0.190108
365.000000 157.000000 -0.258004 -0.189987
1088.000000 157.000000 0.443047 -0.200058
1176.000000 157.000000 0.550919 -0.207949
287.000000 158.000000 -0.337589 -0.192691
314.000000 158.000000 -0.309492 -0.191287
374.000000 158.000000 -0.249053 -0.188667
394.000000 158.000000 -0.229426 -0.187935
401.000000 158.000000 -0.222609 -0.187695
403.000000 158.000000 -0.220666 -0.187628
1039.000000 158.000000 0.387633 -0.195547
309.000000 159.000000 -0.314598 -0.190554
1065.000000 159.000000 0.416558 -0.196310
1242.000000 159.000000 0.640190 -0.213045
29.000000 160.000000 -0.651480 -0.212734
323.000000 160.000000 -0.300165 -0.188896
370.000000 160.000000 -0.252930 -0.186888
400.000000 160.000000 -0.223514 -0.185807
1046.000000 160.000000 0.395229 -0.193997
1111.000000 160.000000 0.469854 -0.198816
290.000000 161.000000 -0.334275 -0.189567
299.000000 161.000000 -0.324869 -0.189096
361.000000 161.000000 -0.261819 -0.186274
1134.000000 161.000000 0.497572 -0.199741
282.000000 162.000000 -0.342641 -0.189011
327.000000 162.000000 -0.295992 -0.186758
365.000000 162.000000 -0.257806 -0.185149
30.000000 164.000000 -0.649592 -0.208202
303.000000 164.000000 -0.320560 -0.185947
348.000000 164.000000 -0.274683 -0.183897
364.000000 164.000000 -0.258720 -0.183256
1069.000000 164.000000 0.420734 -0.191528
281.000000 165.000000 -0.343535 -0.186102
910.000000 166.000000 0.253121 -0.181158
30.000000 167.000000 -0.649250 -0.204896
304.000000 167.000000 -0.319376 -0.182957
311.000000 167.000000 -0.312146 -0.182621
301.000000 168.000000 -0.322438 -0.182125
313.000000 168.000000 -0.310040 -0.181550
994.000000 168.000000 0.338634 -0.182968
1249.000000 169.000000 0.648981 -0.202835
1275.000000 169.000000 0.686616 -0.205819
288.000000 170.000000 -0.335904 -0.180812
413.000000 170.000000 -0.210613 -0.175827
312.000000 171.000000 -0.310929 -0.178669
410.000000 171.000000 -0.213477 -0.174963
1274.000000 171.000000 0.684916 -0.203473
415.000000 172.000000 -0.208628 -0.173862
1052.000000 172.000000 0.401112 -0.182339
28.000000 173.000000 -0.651426 -0.198520
272.000000 173.000000 -0.352645 -0.178692
1260.000000 175.000000 0.664089 -0.197452
25.000000 176.000000 -0.655378 -0.195551
246.000000 176.000000 -0.380452 -0.177161
304.000000 176.000000 -0.318948 -0.174161
435.000000 176.000000 -0.189364 -0.169515
260.000000 177.000000 -0.365255 -0.175388
410.000000 177.000000 -0.213300 -0.169247
773.000000 177.000000 0.122032 -0.167109
1183.000000 177.000000 0.558072 -0.187383
25.000000 178.000000 -0.655161 -0.193355
263.000000 178.000000 -0.361983 -0.174239
417.000000 178.000000 -0.206534 -0.168098
1152.000000 178.000000 0.518393 -0.183578
1242.000000 178.000000 0.638067 -0.192203
1248.000000 178.000000 0.646567 -0.192843
414.000000 179.000000 -0.209390 -0.167232
33.000000 180.000000 -0.643577 -0.190314
276.000000 180.000000 -0.348040 -0.171598
294.000000 180.000000 -0.329142 -0.170724
311.000000 180.000000 -0.311552 -0.169951
435.000000 180.000000 -0.189263 -0.165727
438.000000 180.000000 -0.186408 -0.165653
1257.000000 180.000000 0.659221 -0.191615
249.000000 181.000000 -0.376910 -0.172034
298.000000 181.000000 -0.324935 -0.169562
235.000000 182.000000 -0.392144 -0.171831
242.000000 182.000000 -0.384473 -0.171433
252.000000 182.000000 -0.373606 -0.170881
416.000000 182.000000 -0.207384 -0.164329
439.000000 182.000000 -0.185408 -0.163738
250.000000 183.000000 -0.375717 -0.170000
254.000000 183.000000 -0.371392 -0.169785
435.000000 183.000000 -0.189189 -0.162890
1230.000000 183.000000 0.620751 -0.185526
19.000000 184.000000 -0.663123 -0.187403
237.000000 184.000000 -0.389833 -0.169730
243.000000 184.000000 -0.383270 -0.169394
275.000000 184.000000 -0.348900 -0.167723
35.000000 185.000000 -0.640236 -0.184656
234.000000 185.000000 -0.393072 -0.168906
436.000000 185.000000 -0.188189 -0.160977
1196.000000 185.000000 0.574424 -0.180103
240.000000 186.000000 -0.386436 -0.167578
250.000000 186.000000 -0.375555 -0.167036
277.000000 186.000000 -0.346688 -0.165666
237.000000 187.000000 -0.389665 -0.166753
273.000000 188.000000 -0.350822 -0.163901
309.000000 188.000000 -0.313263 -0.162274
1111.000000 188.000000 0.467719 -0.170113
241.000000 189.000000 -0.385179 -0.164554
244.000000 189.000000 -0.381909 -0.164393
1219.000000 189.000000 0.605009 -0.177985
1228.000000 189.000000 0.617385 -0.178849
270.000000 190.000000 -0.353908 -0.162087
276.000000 190.000000 -0.347553 -0.161801
297.000000 190.000000 -0.325570 -0.160848
307.000000 190.000000 -0.315236 -0.160420
247.000000 191.000000 -0.378543 -0.162259
1254.000000 191.000000 0.653773 -0.179248
264.000000 192.000000 -0.360199 -0.160418
1189.000000 192.000000 0.564571 -0.172072
243.000000 193.000000 -0.382786 -0.160495
247.000000 193.000000 -0.378439 -0.160287
258.000000 193.000000 -0.366572 -0.159732
305.000000 193.000000 -0.317171 -0.157598
264.000000 194.000000 -0.360102 -0.158458
298.000000 194.000000 -0.324361 -0.156922
1175.000000 194.000000 0.546224 -0.168791
1178.000000 194.000000 0.550089 -0.169038
38.000000 195.000000 -0.635032 -0.173509
92.000000 196.000000 -0.561871 -0.167608
1195.000000 196.000000 0.572123 -0.168367
36.000000 197.000000 -0.637650 -0.171535
1055.000000 197.000000 0.402972 -0.157591
257.000000 198.000000 -0.367401 -0.154875
306.000000 198.000000 -0.315937 -0.152721
1164.000000 198.000000 0.531869 -0.163743
310.000000 199.000000 -0.311790 -0.151598
1161.000000 199.000000 0.528002 -0.162475
1238.000000 199.000000 0.630352 -0.169015
1120.000000 200.000000 0.477609 -0.158517
1250.000000 201.000000 0.647096 -0.167973
38.000000 202.000000 -0.634378 -0.165948
1146.000000 202.000000 0.509062 -0.158269
1148.000000 202.000000 0.511536 -0.158412
1220.000000 202.000000 0.605187 -0.164168
268.000000 203.000000 -0.355427 -0.149476
419.000000 203.000000 -0.203976 -0.144419
1255.000000 203.000000 0.654038 -0.166270
412.000000 204.000000 -0.210660 -0.143645
414.000000 204.000000 -0.208741 -0.143597
1146.000000 204.000000 0.508920 -0.156214
1222.000000 204.000000 0.607748 -0.162208
420.000000 205.000000 -0.202973 -0.142516
1133.000000 205.000000 0.492935 -0.154294
32.000000 206.000000 -0.642455 -0.162175
298.000000 206.000000 -0.323873 -0.145312
409.000000 206.000000 -0.213493 -0.141834
1088.000000 206.000000 0.439735 -0.150476
1119.000000 206.000000 0.476023 -0.152358
189.000000 208.000000 -0.442362 -0.148545
1257.000000 208.000000 0.656441 -0.161021
32.000000 209.000000 -0.642188 -0.158936
73.000000 209.000000 -0.585880 -0.155474
414.000000 209.000000 -0.208624 -0.138895
301.000000 210.000000 -0.320622 -0.141340
1156.000000 210.000000 0.520922 -0.150745
408.000000 211.000000 -0.214335 -0.137155
411.000000 211.000000 -0.211454 -0.137086
1057.000000 211.000000 0.404459 -0.143838
1276.000000 211.000000 0.683712 -0.159482
1183.000000 212.000000 0.555140 -0.150621
190.000000 214.000000 -0.440879 -0.142492
299.000000 215.000000 -0.322500 -0.136601
1163.000000 215.000000 0.529362 -0.146079
301.000000 216.000000 -0.320401 -0.135567
1220.000000 216.000000 0.604014 -0.149272
410.000000 218.000000 -0.212255 -0.130540
574.000000 218.000000 -0.059761 -0.128291
1132.000000 218.000000 0.490888 -0.140997
1238.000000 218.000000 0.628690 -0.148597
1174.000000 219.000000 0.543052 -0.142705
1230.000000 219.000000 0.617497 -0.146881
31.000000 220.000000 -0.642664 -0.147176
36.000000 220.000000 -0.635631 -0.146769
415.000000 220.000000 -0.207423 -0.128558
1159.000000 220.000000 0.524000 -0.140665
33.000000 221.000000 -0.639764 -0.145939
83.000000 222.000000 -0.571642 -0.141064
256.000000 222.000000 -0.367408 -0.131492
410.000000 222.000000 -0.212168 -0.126792
305.000000 223.000000 -0.316045 -0.128711
411.000000 224.000000 -0.211168 -0.124899
1224.000000 225.000000 0.608780 -0.140040
1275.000000 225.000000 0.681027 -0.144093
388.000000 226.000000 -0.233291 -0.123531
419.000000 226.000000 -0.203478 -0.122867
262.000000 227.000000 -0.360807 -0.126403
415.000000 227.000000 -0.207278 -0.122013
412.000000 228.000000 -0.210128 -0.121139
433.000000 228.000000 -0.190129 -0.120737
436.000000 228.000000 -0.187288 -0.120683
441.000000 228.000000 -0.182562 -0.120595
1265.000000 228.000000 0.666243 -0.140020
105.000000 229.000000 -0.542690 -0.132316
102.000000 230.000000 -0.546458 -0.131476
263.000000 230.000000 -0.359631 -0.123461
419.000000 230.000000 -0.203400 -0.119134
506.000000 230.000000 -0.121919 -0.117821
410.000000 231.000000 -0.211982 -0.118377
399.000000 232.000000 -0.222528 -0.117667
430.000000 232.000000 -0.192901 -0.117068
433.000000 232.000000 -0.190058 -0.117015
1130.000000 232.000000 0.487664 -0.126711
1185.000000 232.000000 0.556342 -0.129981
1246.000000 232.000000 0.638815 -0.134243
412.000000 233.000000 -0.210028 -0.116471
1214.000000 233.000000 0.594613 -0.130875
294.000000 234.000000 -0.327012 -0.118537
83.000000 235.000000 -0.570758 -0.127515
409.000000 235.000000 -0.212862 -0.114664
1237.000000 235.000000 0.625989 -0.130383
301.000000 236.000000 -0.319735 -0.116405
1079.000000 236.000000 0.427938 -0.120200
555.000000 238.000000 -0.076941 -0.110039
1128.000000 238.000000 0.484942 -0.120558
1130.000000 238.000000 0.487345 -0.120661
1210.000000 238.000000 0.588897 -0.125361
1257.000000 238.000000 0.653983 -0.128624
436.000000 239.000000 -0.187101 -0.110461
407.000000 240.000000 -0.214683 -0.110040
270.000000 242.000000 -0.351803 -0.111639
1237.000000 242.000000 0.625501 -0.122948
1178.000000 243.000000 0.546652 -0.118201
1227.000000 243.000000 0.611621 -0.121223
309.000000 244.000000 -0.311309 -0.108546
409.000000 244.000000 -0.212694 -0.106278
300.000000 245.000000 -0.320495 -0.107848
913.000000 245.000000 0.253737 -0.106208
272.000000 246.000000 -0.349568 -0.107730
1258.000000 247.000000 0.654780 -0.119039
1242.000000 248.000000 0.632078 -0.116911
1144.000000 249.000000 0.503772 -0.110274
1206.000000 249.000000 0.582869 -0.113627
1212.000000 249.000000 0.590889 -0.113984
3.000000 251.000000 -0.680521 -0.115861
1196.000000 252.000000 0.569480 -0.109939
1272.000000 252.000000 0.674638 -0.114600
88.000000 253.000000 -0.563158 -0.108578
1080.000000 253.000000 0.428365 -0.103500
1270.000000 254.000000 0.671601 -0.112314
89.000000 255.000000 -0.561751 -0.106462
284.000000 256.000000 -0.336725 -0.097803
466.000000 256.000000 -0.158704 -0.094338
1258.000000 256.000000 0.654195 -0.109407
1262.000000 256.000000 0.659925 -0.109656
1250.000000 257.000000 0.642765 -0.107849
1175.000000 259.000000 0.541967 -0.101639
1267.000000 261.000000 0.666821 -0.104603
395.000000 264.000000 -0.225792 -0.087922
423.000000 265.000000 -0.199023 -0.086585
396.000000 267.000000 -0.224784 -0.085122
1091.000000 267.000000 0.440368 -0.090139
1263.000000 268.000000 0.660653 -0.096878
415.000000 269.000000 -0.206573 -0.082996
425.000000 269.000000 -0.197073 -0.082864
1257.000000 269.000000 0.652011 -0.095482
418.000000 270.000000 -0.203705 -0.082032
396.000000 271.000000 -0.224724 -0.081412
420.000000 271.000000 -0.201791 -0.081082
422.000000 271.000000 -0.199892 -0.081057
300.000000 272.000000 -0.319819 -0.082201
411.000000 272.000000 -0.210345 -0.080277
414.000000 273.000000 -0.207472 -0.079313
1274.000000 273.000000 0.676294 -0.092121
298.000000 274.000000 -0.321827 -0.080350
392.000000 274.000000 -0.228530 -0.078688
265.000000 275.000000 -0.356141 -0.080143
346.000000 275.000000 -0.273433 -0.078483
399.000000 275.000000 -0.221786 -0.077663
350.000000 276.000000 -0.269459 -0.077480
396.000000 276.000000 -0.224653 -0.076778
1235.000000 276.000000 0.620763 -0.086959
1271.000000 276.000000 0.671775 -0.088747
299.000000 277.000000 -0.320738 -0.077489
1263.000000 277.000000 0.660177 -0.087272
303.000000 278.000000 -0.316624 -0.076463
384.000000 279.000000 -0.236183 -0.074163
303.000000 280.000000 -0.316585 -0.074573
387.000000 280.000000 -0.233269 -0.073194
1248.000000 280.000000 0.638708 -0.083362
289.000000 281.000000 -0.330949 -0.073904
292.000000 282.000000 -0.327833 -0.072896
302.000000 282.000000 -0.317568 -0.072702
304.000000 282.000000 -0.315525 -0.072665
384.000000 282.000000 -0.236141 -0.071380
428.000000 282.000000 -0.194079 -0.070847
1079.000000 282.000000 0.426280 -0.075076
350.000000 283.000000 -0.269346 -0.070940
353.000000 283.000000 -0.266387 -0.070894
435.000000 283.000000 -0.187460 -0.069853
1214.000000 283.000000 0.591847 -0.078719
1230.000000 283.000000 0.613558 -0.079398
287.000000 284.000000 -0.332957 -0.071099
387.000000 284.000000 -0.233216 -0.069487
1150.000000 284.000000 0.509668 -0.075281
154.000000 285.000000 -0.479830 -0.073446
292.000000 285.000000 -0.327775 -0.070055
1223.000000 285.000000 0.603915 -0.077015
150.000000 286.000000 -0.484562 -0.072576
354.000000 286.000000 -0.265357 -0.068081
1213.000000 286.000000 0.590384 -0.075571
1249.000000 286.000000 0.639845 -0.077070
300.000000 287.000000 -0.319522 -0.068017
358.000000 287.000000 -0.261409 -0.067092
384.000000 287.000000 -0.236076 -0.066745
424.000000 287.000000 -0.197812 -0.066288
1241.000000 287.000000 0.628596 -0.075675
320.000000 288.000000 -0.299191 -0.066733
354.000000 288.000000 -0.265328 -0.066216
1153.000000 288.000000 0.513227 -0.071363
300.000000 289.000000 -0.319487 -0.066128
427.000000 289.000000 -0.194953 -0.064418
432.000000 289.000000 -0.190230 -0.064369
1112.000000 289.000000 0.463969 -0.069127
286.000000 290.000000 -0.333879 -0.065431
988.000000 290.000000 0.328171 -0.065352
1224.000000 290.000000 0.605074 -0.071851
430.000000 291.000000 -0.192098 -0.062551
1263.000000 291.000000 0.659536 -0.072369
155.000000 292.000000 -0.478438 -0.066474
294.000000 292.000000 -0.325591 -0.063398
1238.000000 292.000000 0.624223 -0.070306
284.000000 293.000000 -0.335898 -0.062624
350.000000 293.000000 -0.269202 -0.061611
423.000000 293.000000 -0.198699 -0.060779
431.000000 293.000000 -0.191136 -0.060704
151.000000 294.000000 -0.483137 -0.064601
291.000000 294.000000 -0.328645 -0.061558
426.000000 294.000000 -0.195850 -0.059831
346.000000 295.000000 -0.273128 -0.059799
1231.000000 295.000000 0.614451 -0.066905
1205.000000 296.000000 0.579366 -0.064955
1239.000000 296.000000 0.625460 -0.066152
1253.000000 296.000000 0.645086 -0.066674
84.000000 297.000000 -0.566463 -0.063570
317.000000 297.000000 -0.302079 -0.058328
436.000000 297.000000 -0.186388 -0.056989
1210.000000 297.000000 0.585972 -0.064093
1241.000000 297.000000 0.628204 -0.065177
283.000000 298.000000 -0.336851 -0.057904
427.000000 298.000000 -0.194869 -0.056148
431.000000 298.000000 -0.191092 -0.056114
1063.000000 298.000000 0.408033 -0.059146
1198.000000 298.000000 0.570083 -0.062672
280.000000 299.000000 -0.339951 -0.057005
291.000000 299.000000 -0.328565 -0.056832
436.000000 299.000000 -0.186372 -0.055155
278.000000 300.000000 -0.342016 -0.056089
422.000000 300.000000 -0.199583 -0.054353
293.000000 301.000000 -0.326476 -0.054913
437.000000 301.000000 -0.185415 -0.053314
1186.000000 301.000000 0.554401 -0.059239
1255.000000 301.000000 0.647738 -0.061465
317.000000 302.000000 -0.302010 -0.053635
434.000000 302.000000 -0.188231 -0.052420
97.000000 303.000000 -0.549509 -0.057064
425.000000 303.000000 -0.196719 -0.051573
452.000000 303.000000 -0.171333 -0.051373
1179.000000 303.000000 0.545372 -0.057006
99.000000 304.000000 -0.546928 -0.055994
299.000000 304.000000 -0.320277 -0.051998
317.000000 304.000000 -0.301984 -0.051759
398.000000 304.000000 -0.222416 -0.050883
438.000000 304.000000 -0.184452 -0.050557
400.000000 305.000000 -0.220491 -0.049943
1220.000000 305.000000 0.599136 -0.056143
1229.000000 305.000000 0.611373 -0.056417
278.000000 307.000000 -0.341911 -0.049455
280.000000 308.000000 -0.339817 -0.048480
3.000000 309.000000 -0.677683 -0.053628
396.000000 309.000000 -0.224291 -0.046290
1197.000000 309.000000 0.568454 -0.051380
58.000000 310.000000 -0.600546 -0.050966
446.000000 310.000000 -0.176902 -0.045011
288.000000 311.000000 -0.331491 -0.045540
296.000000 311.000000 -0.323260 -0.045441
312.000000 311.000000 -0.306955 -0.045253
1115.000000 311.000000 0.466960 -0.047510
1150.000000 311.000000 0.508915 -0.048232
293.000000 312.000000 -0.326328 -0.044535
300.000000 312.000000 -0.319153 -0.044452
318.000000 312.000000 -0.300881 -0.044249
1145.000000 312.000000 0.502784 -0.047126
1197.000000 312.000000 0.568378 -0.048312
321.000000 313.000000 -0.297849 -0.043280
67.000000 314.000000 -0.588374 -0.046605
280.000000 314.000000 -0.339740 -0.042803
309.000000 314.000000 -0.309963 -0.042471
313.000000 314.000000 -0.305910 -0.042428
355.000000 314.000000 -0.264044 -0.042018
444.000000 314.000000 -0.178753 -0.041365
1147.000000 314.000000 0.505181 -0.045172
300.000000 315.000000 -0.319119 -0.041629
335.000000 315.000000 -0.283818 -0.041271
436.000000 315.000000 -0.186260 -0.040497
313.000000 316.000000 -0.305889 -0.040553
317.000000 316.000000 -0.301848 -0.040513
464.000000 316.000000 -0.160068 -0.039432
294.000000 317.000000 -0.325244 -0.039811
323.000000 317.000000 -0.295799 -0.039518
330.000000 317.000000 -0.288787 -0.039452
1135.000000 317.000000 0.490588 -0.041955
1258.000000 317.000000 0.651517 -0.044659
431.000000 318.000000 -0.190951 -0.037780
1091.000000 318.000000 0.439099 -0.040234
1201.000000 318.000000 0.573482 -0.042267
1237.000000 318.000000 0.622022 -0.043090
321.000000 319.000000 -0.297790 -0.037666
295.000000 320.000000 -0.324187 -0.036976
432.000000 320.000000 -0.189997 -0.035943
45.000000 321.000000 -0.617976 -0.039871
301.000000 321.000000 -0.318036 -0.035977
327.000000 321.000000 -0.291752 -0.035744
437.000000 321.000000 -0.185286 -0.035002
1235.000000 321.000000 0.619191 -0.039916
297.000000 322.000000 -0.322117 -0.035074
46.000000 323.000000 -0.616561 -0.037769
428.000000 323.000000 -0.193754 -0.033217
1158.000000 323.000000 0.518538 -0.036376
5.000000 324.000000 -0.674382 -0.037593
328.000000 324.000000 -0.290726 -0.032934
407.000000 324.000000 -0.213668 -0.032411
1223.000000 325.000000 0.602702 -0.035515
48.000000 326.000000 -0.613762 -0.034611
299.000000 326.000000 -0.320035 -0.031294
425.000000 326.000000 -0.196573 -0.030484
1153.000000 326.000000 0.512320 -0.033293
168.000000 327.000000 -0.462455 -0.031704
1138.000000 327.000000 0.494038 -0.032077
196.000000 328.000000 -0.430359 -0.030390
48.000000 329.000000 -0.613707 -0.031496
1267.000000 331.000000 0.664101 -0.030045
1272.000000 331.000000 0.671326 -0.030133
319.000000 332.000000 -0.299702 -0.025524
466.000000 332.000000 -0.158145 -0.024847
50.000000 334.000000 -0.610897 -0.026277
461.000000 334.000000 -0.162788 -0.023041
470.000000 334.000000 -0.154426 -0.023015
1142.000000 334.000000 0.498785 -0.025174
287.000000 335.000000 -0.332297 -0.022911
170.000000 336.000000 -0.460029 -0.022856
290.000000 336.000000 -0.329198 -0.021950
452.000000 336.000000 -0.171173 -0.021244
1086.000000 336.000000 0.433205 -0.022658
1140.000000 336.000000 0.496343 -0.023166
466.000000 337.000000 -0.158131 -0.020296
1185.000000 338.000000 0.552372 -0.021635
1269.000000 338.000000 0.666877 -0.022655
49.000000 339.000000 -0.612197 -0.021105
53.000000 339.000000 -0.606751 -0.021059
287.000000 339.000000 -0.332274 -0.019141
1225.000000 340.000000 0.605190 -0.020024
52.000000 341.000000 -0.608087 -0.019000
338.000000 341.000000 -0.280660 -0.017034
457.000000 341.000000 -0.166495 -0.016674
435.000000 342.000000 -0.187089 -0.015812
291.000000 343.000000 -0.328133 -0.015355
295.000000 343.000000 -0.324025 -0.015338
343.000000 343.000000 -0.275696 -0.015156
424.000000 343.000000 -0.197457 -0.014923
1231.000000 344.000000 0.613337 -0.015939
433.000000 345.000000 -0.188964 -0.013075
436.000000 345.000000 -0.186142 -0.013069
461.000000 346.000000 -0.162761 -0.012113
412.000000 348.000000 -0.208822 -0.010368
459.000000 348.000000 -0.164620 -0.010295
23.000000 349.000000 -0.648250 -0.010900
464.000000 349.000000 -0.159967 -0.009378
1266.000000 349.000000 0.662445 -0.010973
60.000000 350.000000 -0.597202 -0.009642
431.000000 350.000000 -0.190839 -0.008508
417.000000 351.000000 -0.204070 -0.007611
462.000000 352.000000 -0.161823 -0.006650
1131.000000 352.000000 0.485421 -0.007254
1163.000000 352.000000 0.524450 -0.007364
436.000000 353.000000 -0.186130 -0.005761
341.000000 354.000000 -0.277651 -0.004939
433.000000 354.000000 -0.188952 -0.004850
1224.000000 354.000000 0.603733 -0.005539
1267.000000 354.000000 0.663858 -0.005686
1176.000000 357.000000 0.540774 -0.002368
1186.000000 357.000000 0.553541 -0.002382
398.000000 358.000000 -0.222167 -0.001203
359.000000 359.000000 -0.259918 -0.000289
1209.000000 359.000000 0.583590 -0.000364
289.000000 360.000000 -0.330157 0.000641
23.000000 361.000000 -0.648215 0.001716
109.000000 361.000000 -0.533529 0.001662
293.000000 361.000000 -0.326043 0.001581
1189.000000 361.000000 0.557404 0.001674
51.000000 362.000000 -0.609350 0.002733
57.000000 362.000000 -0.601218 0.002726
78.000000 364.000000 -0.573292 0.004743
112.000000 364.000000 -0.529774 0.004673
289.000000 364.000000 -0.330159 0.004406
398.000000 364.000000 -0.222168 0.004310
411.000000 365.000000 -0.209764 0.005218
81.000000 366.000000 -0.569375 0.006775
104.000000 366.000000 -0.539836 0.006704
285.000000 366.000000 -0.334290 0.006296
314.000000 366.000000 -0.304661 0.006251
1175.000000 366.000000 0.539514 0.006707
1231.000000 366.000000 0.613277 0.006888
112.000000 367.000000 -0.529782 0.007685
288.000000 367.000000 -0.331194 0.007232
407.000000 367.000000 -0.213574 0.007057
1229.000000 367.000000 0.610544 0.007918
56.000000 368.000000 -0.602585 0.008922
101.000000 368.000000 -0.543643 0.008732
415.000000 368.000000 -0.205967 0.007964
438.000000 368.000000 -0.184253 0.007938
454.000000 368.000000 -0.169276 0.007921
476.000000 368.000000 -0.148835 0.007900
1139.000000 368.000000 0.495028 0.008589
103.000000 369.000000 -0.541112 0.009733
115.000000 369.000000 -0.526046 0.009680
315.000000 369.000000 -0.303656 0.009055
143.000000 370.000000 -0.491817 0.010556
145.000000 370.000000 -0.489419 0.010548
298.000000 370.000000 -0.320931 0.010032
423.000000 370.000000 -0.198391 0.009785
457.000000 370.000000 -0.166481 0.009740
474.000000 370.000000 -0.150689 0.009720
1205.000000 370.000000 0.578321 0.010895
56.000000 371.000000 -0.602601 0.012020
296.000000 371.000000 -0.322981 0.010977
312.000000 371.000000 -0.306693 0.010933
435.000000 371.000000 -0.187076 0.010682
438.000000 371.000000 -0.184257 0.010677
446.000000 371.000000 -0.176756 0.010665
449.000000 371.000000 -0.173949 0.010661
119.000000 372.000000 -0.521093 0.012666
146.000000 372.000000 -0.488232 0.012521
207.000000 372.000000 -0.417883 0.012237
416.000000 372.000000 -0.205024 0.011628
455.000000 372.000000 -0.168348 0.011564
461.000000 372.000000 -0.162759 0.011556
121.000000 373.000000 -0.518625 0.013655
474.000000 373.000000 -0.150693 0.012447
477.000000 373.000000 -0.147916 0.012443
1112.000000 373.000000 0.463014 0.013402
1118.000000 373.000000 0.470041 0.013433
71.000000 374.000000 -0.582559 0.015004
125.000000 374.000000 -0.513702 0.014630
208.000000 374.000000 -0.416779 0.014164
216.000000 374.000000 -0.407917 0.014126
285.000000 374.000000 -0.334311 0.013836
297.000000 374.000000 -0.321967 0.013792
313.000000 374.000000 -0.305690 0.013738
436.000000 374.000000 -0.186141 0.013421
455.000000 374.000000 -0.168351 0.013386
219.000000 375.000000 -0.404617 0.015073
449.000000 375.000000 -0.173956 0.014309
467.000000 375.000000 -0.157187 0.014277
233.000000 376.000000 -0.389337 0.015962
296.000000 376.000000 -0.322998 0.015676
459.000000 376.000000 -0.164627 0.015201
213.000000 377.000000 -0.411247 0.017032
222.000000 377.000000 -0.401334 0.016980
310.000000 377.000000 -0.308738 0.016557
447.000000 377.000000 -0.175831 0.016137
101.000000 378.000000 -0.543707 0.018827
215.000000 378.000000 -0.409042 0.017984
334.000000 378.000000 -0.284636 0.017395
433.000000 378.000000 -0.188972 0.017082
450.000000 378.000000 -0.173027 0.017042
10.000000 379.000000 -0.666879 0.020791
12.000000 379.000000 -0.664003 0.020768
70.000000 379.000000 -0.583927 0.020138
222.000000 379.000000 -0.401346 0.018903
227.000000 379.000000 -0.395878 0.018872
231.000000 379.000000 -0.391524 0.018847
219.000000 380.000000 -0.404647 0.019884
234.000000 380.000000 -0.388276 0.019786
12.000000 381.000000 -0.664028 0.022885
70.000000 381.000000 -0.583948 0.022189
102.000000 381.000000 -0.542467 0.021846
108.000000 381.000000 -0.534892 0.021786
436.000000 381.000000 -0.186158 0.019816
1140.000000 381.000000 0.496318 0.021496
226.000000 382.000000 -0.396990 0.021757
233.000000 382.000000 -0.389373 0.021708
443.000000 382.000000 -0.179589 0.020710
85.000000 383.000000 -0.564296 0.024060
472.000000 383.000000 -0.152565 0.021544
69.000000 384.000000 -0.585311 0.025279
230.000000 384.000000 -0.392646 0.023647
235.000000 384.000000 -0.387221 0.023609
1190.000000 384.000000 0.558843 0.025041
11.000000 385.000000 -0.665520 0.027135
215.000000 385.000000 -0.409093 0.024729
311.000000 385.000000 -0.307765 0.024045
314.000000 385.000000 -0.304730 0.024027
333.000000 385.000000 -0.285665 0.023920
440.000000 385.000000 -0.182412 0.023459
446.000000 385.000000 -0.176788 0.023439
85.000000 386.000000 -0.564334 0.027114
66.000000 387.000000 -0.589343 0.028402
214.000000 387.000000 -0.410216 0.026665
219.000000 387.000000 -0.404701 0.026620
309.000000 387.000000 -0.309804 0.025931
314.000000 387.000000 -0.304742 0.025899
318.000000 387.000000 -0.300706 0.025874
482.000000 387.000000 -0.143323 0.025154
87.000000 388.000000 -0.561768 0.029122
102.000000 388.000000 -0.542550 0.028914
208.000000 388.000000 -0.416880 0.027687
406.000000 388.000000 -0.214585 0.026336
439.000000 388.000000 -0.183362 0.026203
451.000000 388.000000 -0.172121 0.026160
468.000000 388.000000 -0.156289 0.026104
470.000000 388.000000 -0.154434 0.026098
371.000000 389.000000 -0.248289 0.027427
396.000000 389.000000 -0.224152 0.027301
446.000000 389.000000 -0.176802 0.027090
1184.000000 389.000000 0.551182 0.030037
1276.000000 389.000000 0.677142 0.031537
59.000000 390.000000 -0.598768 0.031600
89.000000 390.000000 -0.559212 0.031127
439.000000 390.000000 -0.183369 0.028030
449.000000 390.000000 -0.173998 0.027992
466.000000 390.000000 -0.158153 0.027932
209.000000 391.000000 -0.415799 0.030576
371.000000 391.000000 -0.248300 0.029276
441.000000 391.000000 -0.181496 0.028936
444.000000 391.000000 -0.178683 0.028924
452.000000 391.000000 -0.171198 0.028893
472.000000 391.000000 -0.152589 0.028822
460.000000 392.000000 -0.163741 0.029775
1269.000000 392.000000 0.667045 0.034596
390.000000 393.000000 -0.229935 0.031015
457.000000 393.000000 -0.166540 0.030698
484.000000 393.000000 -0.141494 0.030601
1270.000000 394.000000 0.668530 0.036739
299.000000 395.000000 -0.320049 0.033516
442.000000 395.000000 -0.180575 0.032587
448.000000 395.000000 -0.174954 0.032560
452.000000 395.000000 -0.171214 0.032543
460.000000 395.000000 -0.163753 0.032509
473.000000 395.000000 -0.151676 0.032459
487.000000 395.000000 -0.138732 0.032408
1204.000000 395.000000 0.577298 0.036480
1247.000000 395.000000 0.635797 0.037319
90.000000 396.000000 -0.558022 0.037209
97.000000 396.000000 -0.549039 0.037083
338.000000 396.000000 -0.280762 0.034134
1219.000000 396.000000 0.597321 0.037795
373.000000 397.000000 -0.246393 0.034811
462.000000 397.000000 -0.161899 0.034324
481.000000 397.000000 -0.144279 0.034248
301.000000 398.000000 -0.318032 0.036318
387.000000 398.000000 -0.232854 0.035642
430.000000 398.000000 -0.191875 0.035389
452.000000 398.000000 -0.171227 0.035281
465.000000 398.000000 -0.159113 0.035223
1108.000000 398.000000 0.458608 0.037882
1165.000000 398.000000 0.527272 0.038815
1235.000000 398.000000 0.619176 0.040201
35.000000 399.000000 -0.631815 0.041420
448.000000 399.000000 -0.174972 0.036213
58.000000 400.000000 -0.600308 0.041948
330.000000 400.000000 -0.288765 0.037929
468.000000 401.000000 -0.156339 0.037943
472.000000 401.000000 -0.152627 0.037925
486.000000 402.000000 -0.139681 0.038775
171.000000 403.000000 -0.459122 0.042775
301.000000 403.000000 -0.318082 0.041019
442.000000 403.000000 -0.180615 0.039900
1220.000000 403.000000 0.598822 0.045050
1241.000000 403.000000 0.627601 0.045560
437.000000 404.000000 -0.185317 0.040843
446.000000 404.000000 -0.176871 0.040792
56.000000 405.000000 -0.603126 0.047167
449.000000 405.000000 -0.174068 0.041689
1240.000000 405.000000 0.626262 0.047626
161.000000 406.000000 -0.470856 0.045902
437.000000 406.000000 -0.185329 0.042673
1204.000000 406.000000 0.577533 0.047757
1273.000000 406.000000 0.673172 0.049577
174.000000 407.000000 -0.455714 0.046646
302.000000 407.000000 -0.317105 0.044770
450.000000 407.000000 -0.173144 0.043510
1223.000000 407.000000 0.602981 0.049265
439.000000 408.000000 -0.183461 0.044491
1270.000000 408.000000 0.668882 0.051620
472.000000 409.000000 -0.152666 0.045213
475.000000 409.000000 -0.149885 0.045198
1140.000000 410.000000 0.496767 0.050322
55.000000 411.000000 -0.604639 0.053410
81.000000 411.000000 -0.570037 0.052702
1227.000000 411.000000 0.608531 0.053525
1261.000000 411.000000 0.656029 0.054533
1242.000000 412.000000 0.629240 0.055008
444.000000 413.000000 -0.178801 0.049035
485.000000 413.000000 -0.140656 0.048789
482.000000 414.000000 -0.143433 0.049715
1126.000000 415.000000 0.480086 0.054974
1183.000000 415.000000 0.550443 0.056403
475.000000 416.000000 -0.149924 0.051578
1099.000000 416.000000 0.448526 0.055362
437.000000 418.000000 -0.185412 0.053664
454.000000 418.000000 -0.169476 0.053539
456.000000 418.000000 -0.167608 0.053525
446.000000 419.000000 -0.176968 0.054512
451.000000 419.000000 -0.172287 0.054475
1209.000000 419.000000 0.584522 0.061261
53.000000 420.000000 -0.607631 0.062813
239.000000 421.000000 -0.383387 0.059009
446.000000 421.000000 -0.176984 0.056343
469.000000 421.000000 -0.155523 0.056178
1247.000000 421.000000 0.636528 0.064621
447.000000 423.000000 -0.176062 0.058167
433.000000 424.000000 -0.189228 0.059200
452.000000 424.000000 -0.171389 0.059043
1093.000000 424.000000 0.441824 0.063059
446.000000 425.000000 -0.177015 0.060007
449.000000 425.000000 -0.174205 0.059983
1144.000000 425.000000 0.502000 0.065386
58.000000 426.000000 -0.601063 0.068870
1132.000000 426.000000 0.487530 0.066042
1254.000000 426.000000 0.646589 0.070156
470.000000 428.000000 -0.154644 0.062564
479.000000 428.000000 -0.146296 0.062499
440.000000 429.000000 -0.182683 0.063726
464.000000 429.000000 -0.160231 0.063524
474.000000 429.000000 -0.150938 0.063448
65.000000 430.000000 -0.591800 0.072756
1254.000000 430.000000 0.646751 0.074387
450.000000 431.000000 -0.173319 0.065472
474.000000 431.000000 -0.150953 0.065275
492.000000 431.000000 -0.134303 0.065147
1145.000000 431.000000 0.503399 0.071418
1237.000000 431.000000 0.622968 0.074740
446.000000 432.000000 -0.177076 0.066424
458.000000 432.000000 -0.165849 0.066319
463.000000 432.000000 -0.161187 0.066277
476.000000 432.000000 -0.149105 0.066174
444.000000 433.000000 -0.178962 0.067360
451.000000 433.000000 -0.172400 0.067296
466.000000 433.000000 -0.158402 0.067167
1126.000000 433.000000 0.480566 0.072824
246.000000 434.000000 -0.376120 0.071339
442.000000 434.000000 -0.180850 0.068297
1264.000000 434.000000 0.661197 0.079064
56.000000 435.000000 -0.604118 0.078299
1080.000000 435.000000 0.427340 0.073477
460.000000 436.000000 -0.164018 0.069965
465.000000 436.000000 -0.159358 0.069921
476.000000 436.000000 -0.149136 0.069830
398.000000 437.000000 -0.222649 0.071545
441.000000 437.000000 -0.181819 0.071061
1276.000000 437.000000 0.678713 0.082824
447.000000 439.000000 -0.176205 0.072838
457.000000 439.000000 -0.166845 0.072741
466.000000 439.000000 -0.158453 0.072659
1170.000000 439.000000 0.534690 0.080343
441.000000 440.000000 -0.181849 0.073818
459.000000 440.000000 -0.164987 0.073639
401.000000 441.000000 -0.219823 0.075207
1236.000000 441.000000 0.622019 0.085186
1263.000000 441.000000 0.660089 0.086473
57.000000 442.000000 -0.603066 0.085542
1198.000000 442.000000 0.570842 0.084533
452.000000 443.000000 -0.171560 0.076460
480.000000 443.000000 -0.145487 0.076199
398.000000 444.000000 -0.222740 0.078024
443.000000 444.000000 -0.180012 0.077473
461.000000 444.000000 -0.163159 0.077288
70.000000 445.000000 -0.585752 0.088070
140.000000 445.000000 -0.496967 0.085198
458.000000 445.000000 -0.165970 0.078235
475.000000 445.000000 -0.150141 0.078073
1157.000000 445.000000 0.518654 0.085914
68.000000 446.000000 -0.588462 0.089197
401.000000 446.000000 -0.219890 0.079835
454.000000 446.000000 -0.169719 0.079194
1198.000000 446.000000 0.571017 0.088652
1224.000000 446.000000 0.605780 0.089855
64.000000 447.000000 -0.593860 0.090421
1217.000000 447.000000 0.596342 0.090564
69.000000 448.000000 -0.587222 0.091223
402.000000 448.000000 -0.218959 0.081673
6.000000 449.000000 -0.674960 0.095481
399.000000 450.000000 -0.221865 0.083569
470.000000 450.000000 -0.154834 0.082703
1063.000000 450.000000 0.408761 0.087600
1234.000000 450.000000 0.619693 0.094541
1245.000000 450.000000 0.635003 0.095112
70.000000 451.000000 -0.586033 0.094285
1200.000000 451.000000 0.573877 0.093900
1224.000000 451.000000 0.606026 0.095079
483.000000 452.000000 -0.142788 0.084411
1196.000000 452.000000 0.568671 0.094741
481.000000 453.000000 -0.144650 0.085347
68.000000 455.000000 -0.588898 0.098535
404.000000 455.000000 -0.217144 0.088130
1214.000000 456.000000 0.592753 0.099782
1238.000000 456.000000 0.625554 0.101071
17.000000 457.000000 -0.659559 0.103428
69.000000 457.000000 -0.587667 0.100561
425.000000 457.000000 -0.197161 0.089678
1256.000000 458.000000 0.650993 0.104215
72.000000 459.000000 -0.583778 0.102481
139.000000 460.000000 -0.498782 0.100282
1227.000000 460.000000 0.610604 0.104667
4.000000 461.000000 -0.678561 0.108499
76.000000 461.000000 -0.578584 0.104343
83.000000 461.000000 -0.569380 0.103976
1072.000000 461.000000 0.419155 0.098625
474.000000 462.000000 -0.151240 0.093678
1179.000000 462.000000 0.547144 0.104182
71.000000 463.000000 -0.585322 0.106688
73.000000 463.000000 -0.582664 0.106579
347.000000 463.000000 -0.272800 0.096620
84.000000 465.000000 -0.568284 0.108054
1273.000000 465.000000 0.675908 0.112765
21.000000 466.000000 -0.654393 0.112803
1255.000000 466.000000 0.650057 0.112689
82.000000 467.000000 -0.571012 0.110231
1174.000000 467.000000 0.541017 0.109046
30.000000 468.000000 -0.641769 0.114367
80.000000 468.000000 -0.573694 0.111377
92.000000 468.000000 -0.558044 0.110715
103.000000 468.000000 -0.543924 0.110126
1192.000000 469.000000 0.564322 0.112074
100.000000 470.000000 -0.547861 0.112337
1097.000000 470.000000 0.447929 0.108447
82.000000 471.000000 -0.571237 0.114372
1018.000000 471.000000 0.360597 0.106508
1158.000000 471.000000 0.521077 0.112297
494.000000 472.000000 -0.132810 0.102653
1222.000000 472.000000 0.604488 0.116971
13.000000 473.000000 -0.666313 0.120833
1209.000000 473.000000 0.587010 0.117219
1238.000000 473.000000 0.626577 0.119044
82.000000 474.000000 -0.571412 0.117481
101.000000 475.000000 -0.546858 0.117416
103.000000 475.000000 -0.544304 0.117303
105.000000 475.000000 -0.541758 0.117191
481.000000 475.000000 -0.144885 0.105558
84.000000 478.000000 -0.569030 0.121509
482.000000 478.000000 -0.143992 0.108310
1217.000000 478.000000 0.598083 0.122953
1198.000000 480.000000 0.572842 0.123832
1216.000000 480.000000 0.596862 0.124987
1087.000000 481.000000 0.436925 0.118899
1194.000000 481.000000 0.567648 0.124620
1212.000000 481.000000 0.591537 0.125774
41.000000 482.000000 -0.627312 0.128518
96.000000 482.000000 -0.553687 0.124917
1220.000000 482.000000 0.602416 0.127356
1207.000000 483.000000 0.584972 0.127539
1215.000000 483.000000 0.595711 0.128071
1256.000000 484.000000 0.652717 0.132034
95.000000 485.000000 -0.555162 0.128078
323.000000 485.000000 -0.297364 0.117994
883.000000 485.000000 0.224784 0.116214
1199.000000 485.000000 0.574482 0.129101
55.000000 486.000000 -0.608314 0.131775
1184.000000 487.000000 0.555007 0.130207
1261.000000 487.000000 0.660103 0.135639
18.000000 489.000000 -0.660293 0.137702
410.000000 490.000000 -0.212015 0.120589
495.000000 490.000000 -0.132089 0.119221
1076.000000 490.000000 0.424840 0.127296
1240.000000 490.000000 0.630561 0.137263
1079.000000 491.000000 0.428282 0.128425
1133.000000 492.000000 0.491532 0.132238
1235.000000 492.000000 0.623743 0.139017
134.000000 493.000000 -0.506580 0.133902
864.000000 493.000000 0.206700 0.123302
13.000000 494.000000 -0.667876 0.143500
493.000000 494.000000 -0.133991 0.122941
496.000000 494.000000 -0.131213 0.122903
104.000000 495.000000 -0.544250 0.137832
1054.000000 495.000000 0.400499 0.131216
1099.000000 495.000000 0.451421 0.133396
95.000000 497.000000 -0.555949 0.140509
333.000000 497.000000 -0.287640 0.129109
1142.000000 497.000000 0.502780 0.137844
485.000000 498.000000 -0.141466 0.126749
1038.000000 498.000000 0.383103 0.133451
1084.000000 498.000000 0.434313 0.135612
91.000000 499.000000 -0.561276 0.142867
88.000000 500.000000 -0.565257 0.144122
200.000000 500.000000 -0.429180 0.137307
1127.000000 500.000000 0.484765 0.139986
1146.000000 500.000000 0.507878 0.141150
1203.000000 500.000000 0.580834 0.145071
94.000000 501.000000 -0.557523 0.144736
1182.000000 501.000000 0.553364 0.144591
86.000000 502.000000 -0.568018 0.146355
92.000000 502.000000 -0.560190 0.145919
1138.000000 502.000000 0.498202 0.142687
1213.000000 502.000000 0.594386 0.147937
1210.000000 503.000000 0.590423 0.148760
99.000000 504.000000 -0.551280 0.147498
196.000000 504.000000 -0.433935 0.141488
932.000000 504.000000 0.273282 0.135361
1191.000000 504.000000 0.565291 0.148370
19.000000 505.000000 -0.660170 0.154918
1185.000000 506.000000 0.557614 0.150013
1181.000000 507.000000 0.552505 0.150759
88.000000 508.000000 -0.565847 0.152479
1043.000000 508.000000 0.389009 0.143476
86.000000 509.000000 -0.568543 0.153678
189.000000 509.000000 -0.442220 0.146856
1130.000000 509.000000 0.488936 0.149303
1153.000000 509.000000 0.517139 0.150832
1176.000000 509.000000 0.546213 0.152471
496.000000 510.000000 -0.131425 0.137725
1172.000000 510.000000 0.541164 0.153216
125.000000 511.000000 -0.518862 0.152896
184.000000 511.000000 -0.448100 0.149143
1103.000000 511.000000 0.456974 0.149658
83.000000 512.000000 -0.572720 0.157060
80.000000 513.000000 -0.576761 0.158350
85.000000 513.000000 -0.570168 0.157952
1129.000000 513.000000 0.487987 0.153309
124.000000 514.000000 -0.520320 0.156056
1171.000000 514.000000 0.540185 0.157295
1152.000000 515.000000 0.516316 0.156935
1233.000000 515.000000 0.622856 0.163439
87.000000 516.000000 -0.567782 0.160942
79.000000 517.000000 -0.578411 0.162647
1223.000000 517.000000 0.609229 0.164698
1072.000000 518.000000 0.421760 0.154872
1051.000000 519.000000 0.398355 0.154721
1153.000000 519.000000 0.517852 0.161132
89.000000 521.000000 -0.565570 0.166033
498.000000 521.000000 -0.129730 0.147929
1181.000000 521.000000 0.553588 0.165377
83.000000 522.000000 -0.573538 0.167588
1080.000000 522.000000 0.431072 0.159330
1272.000000 522.000000 0.679110 0.174711
11.000000 523.000000 -0.673366 0.175285
1257.000000 523.000000 0.657494 0.174333
79.000000 524.000000 -0.579003 0.170043
1127.000000 524.000000 0.486321 0.164395
1077.000000 525.000000 0.427834 0.162155
1249.000000 527.000000 0.646464 0.177907
1112.000000 528.000000 0.468658 0.167431
1259.000000 529.000000 0.660965 0.181091
49.000000 530.000000 -0.620210 0.179191
82.000000 530.000000 -0.575554 0.176132
1114.000000 530.000000 0.471171 0.169606
1233.000000 531.000000 0.624349 0.180672
494.000000 532.000000 -0.133618 0.158266
514.000000 532.000000 -0.115071 0.157960
1154.000000 534.000000 0.520264 0.176745
1177.000000 534.000000 0.549508 0.178680
1218.000000 534.000000 0.603957 0.182445
1148.000000 535.000000 0.512862 0.177299
1155.000000 536.000000 0.521681 0.178908
1052.000000 537.000000 0.400469 0.172655
1229.000000 537.000000 0.619388 0.186763
1232.000000 537.000000 0.623555 0.187065
351.000000 538.000000 -0.270998 0.167699
1115.000000 540.000000 0.473085 0.179893
1149.000000 541.000000 0.514597 0.183613
70.000000 542.000000 -0.592704 0.190045
364.000000 544.000000 -0.258292 0.172991
1108.000000 545.000000 0.465143 0.184487
492.000000 546.000000 -0.135724 0.171442
1209.000000 546.000000 0.592917 0.194446
1054.000000 547.000000 0.403306 0.182777
1239.000000 547.000000 0.634399 0.198680
1251.000000 547.000000 0.651407 0.199996
1253.000000 547.000000 0.654266 0.200218
15.000000 548.000000 -0.670212 0.202407
1237.000000 549.000000 0.631807 0.200648
1089.000000 550.000000 0.443264 0.188185
514.000000 551.000000 -0.115355 0.175774
1107.000000 552.000000 0.464496 0.191585
1188.000000 553.000000 0.565618 0.199829
16.000000 554.000000 -0.669452 0.208943
505.000000 555.000000 -0.123778 0.179692
1116.000000 555.000000 0.475453 0.195391
1212.000000 555.000000 0.597922 0.204463
74.000000 556.000000 -0.588748 0.204684
120.000000 556.000000 -0.528793 0.200115
1209.000000 556.000000 0.593959 0.205223
79.000000 557.000000 -0.582155 0.205235
113.000000 557.000000 -0.537776 0.201830
1098.000000 558.000000 0.454359 0.197038
1176.000000 558.000000 0.550450 0.203960
1209.000000 558.000000 0.594174 0.207385
1237.000000 558.000000 0.632815 0.210505
113.000000 559.000000 -0.537969 0.203946
1131.000000 560.000000 0.494024 0.201848
81.000000 561.000000 -0.579909 0.209328
1144.000000 561.000000 0.510134 0.204064
74.000000 562.000000 -0.589390 0.211159
88.000000 562.000000 -0.570729 0.209663
512.000000 562.000000 -0.117393 0.186184
1138.000000 562.000000 0.502797 0.204562
1185.000000 562.000000 0.562594 0.209143
104.000000 563.000000 -0.549926 0.209082
106.000000 563.000000 -0.547344 0.208881
1240.000000 563.000000 0.637622 0.216354
1242.000000 566.000000 0.640807 0.219904
94.000000 567.000000 -0.563361 0.214395
106.000000 567.000000 -0.547751 0.213142
1112.000000 567.000000 0.471674 0.207469
1115.000000 567.000000 0.475266 0.207729
1191.000000 567.000000 0.571037 0.215149
29.000000 568.000000 -0.652457 0.222936
509.000000 568.000000 -0.120288 0.191920
542.000000 568.000000 -0.089705 0.191401
489.000000 569.000000 -0.138980 0.193263
1136.000000 569.000000 0.500977 0.211712
1105.000000 570.000000 0.463597 0.209977
1188.000000 570.000000 0.567396 0.218053
108.000000 571.000000 -0.545586 0.217203
1164.000000 571.000000 0.536320 0.216579
1180.000000 571.000000 0.556999 0.218262
1222.000000 571.000000 0.613433 0.223018
1227.000000 571.000000 0.620362 0.223615
539.000000 572.000000 -0.092532 0.195230
577.000000 572.000000 -0.057533 0.194797
503.000000 573.000000 -0.125974 0.196783
514.000000 574.000000 -0.115744 0.197528
1002.000000 574.000000 0.348380 0.206537
1053.000000 574.000000 0.404034 0.209954
1073.000000 574.000000 0.426663 0.211472
1276.000000 574.000000 0.690925 0.233103
23.000000 575.000000 -0.661917 0.231481
607.000000 575.000000 -0.030048 0.197435
1061.000000 575.000000 0.413102 0.211568
1108.000000 575.000000 0.467599 0.215425
1253.000000 575.000000 0.657607 0.231268
1256.000000 575.000000 0.661923 0.231650
108.000000 576.000000 -0.546114 0.222549
29.000000 577.000000 -0.653578 0.232952
55.000000 578.000000 -0.617162 0.230813
520.000000 578.000000 -0.110235 0.201228
627.000000 578.000000 -0.011747 0.200210
931.000000 578.000000 0.275122 0.206670
1089.000000 578.000000 0.445465 0.216889
499.000000 581.000000 -0.129873 0.204492
24.000000 582.000000 -0.661382 0.239191
407.000000 582.000000 -0.217500 0.208082
1008.000000 582.000000 0.355297 0.214925
1215.000000 582.000000 0.605129 0.234252
532.000000 583.000000 -0.099178 0.205791
1149.000000 583.000000 0.518547 0.227796
392.000000 584.000000 -0.232224 0.210597
505.000000 584.000000 -0.124325 0.207236
599.000000 584.000000 -0.037429 0.206008
1166.000000 584.000000 0.540270 0.230692
1168.000000 584.000000 0.542846 0.230913
1216.000000 584.000000 0.606750 0.236577
1056.000000 585.000000 0.408236 0.221398
1087.000000 586.000000 0.443822 0.224996
1169.000000 586.000000 0.544360 0.233177
1037.000000 587.000000 0.387204 0.221992
1122.000000 587.000000 0.485572 0.229291
1165.000000 587.000000 0.539318 0.233805
101.000000 588.000000 -0.556531 0.236246
1223.000000 588.000000 0.616921 0.241884
37.000000 589.000000 -0.643763 0.245320
104.000000 589.000000 -0.552738 0.236982
1012.000000 589.000000 0.360066 0.222240
1193.000000 589.000000 0.576221 0.239232
50.000000 590.000000 -0.625623 0.244726
522.000000 590.000000 -0.108589 0.212650
530.000000 590.000000 -0.101150 0.212509
611.000000 590.000000 -0.026448 0.211654
36.000000 591.000000 -0.645447 0.247693
54.000000 591.000000 -0.620189 0.245316
58.000000 591.000000 -0.614651 0.244798
95.000000 591.000000 -0.564748 0.240204
1055.000000 591.000000 0.407586 0.227469
1066.000000 591.000000 0.420048 0.228371
1183.000000 591.000000 0.563202 0.240209
107.000000 592.000000 -0.549190 0.239880
521.000000 592.000000 -0.109557 0.214584
93.000000 593.000000 -0.567625 0.242621
558.000000 593.000000 -0.075256 0.214965
1062.000000 593.000000 0.415665 0.230099
980.000000 594.000000 0.326354 0.225184
1110.000000 594.000000 0.471763 0.235483
1216.000000 594.000000 0.608026 0.247627
101.000000 595.000000 -0.557353 0.243838
1063.000000 595.000000 0.416969 0.232246
60.000000 596.000000 -0.612543 0.250084
299.000000 596.000000 -0.327004 0.227147
546.000000 596.000000 -0.086401 0.218002
1035.000000 596.000000 0.385674 0.231018
1211.000000 596.000000 0.601425 0.249190
100.000000 597.000000 -0.558902 0.246134
90.000000 598.000000 -0.572209 0.248451
214.000000 598.000000 -0.419948 0.235449
524.000000 598.000000 -0.106874 0.220288
1017.000000 598.000000 0.366112 0.231711
39.000000 599.000000 -0.642284 0.256266
97.000000 599.000000 -0.563083 0.248680
220.000000 600.000000 -0.413304 0.237006
1055.000000 600.000000 0.408326 0.236734
1144.000000 600.000000 0.514107 0.245421
32.000000 602.000000 -0.652648 0.260623
59.000000 602.000000 -0.614723 0.256894
159.000000 603.000000 -0.485131 0.245924
1170.000000 603.000000 0.547645 0.251701
28.000000 604.000000 -0.658651 0.263454
610.000000 604.000000 -0.027430 0.225044
616.000000 604.000000 -0.021911 0.225018
1121.000000 604.000000 0.486093 0.247188
1192.000000 604.000000 0.576764 0.255559
1198.000000 604.000000 0.584818 0.256339
613.000000 605.000000 -0.024674 0.225990
1150.000000 605.000000 0.522239 0.251487
55.000000 606.000000 -0.620813 0.261912
63.000000 606.000000 -0.609749 0.260814
92.000000 606.000000 -0.570565 0.256977
94.000000 606.000000 -0.567916 0.256721
102.000000 606.000000 -0.557389 0.255711
157.000000 606.000000 -0.487886 0.249329
1227.000000 606.000000 0.624912 0.262501
465.000000 607.000000 -0.162594 0.230416
1136.000000 607.000000 0.504899 0.252037
1142.000000 607.000000 0.512392 0.252719
1148.000000 607.000000 0.519943 0.253414
43.000000 608.000000 -0.637894 0.265844
94.000000 608.000000 -0.568172 0.258920
605.000000 610.000000 -0.032065 0.230837
1264.000000 610.000000 0.678359 0.272391
33.000000 611.000000 -0.652510 0.270679
92.000000 611.000000 -0.571212 0.262484
1249.000000 611.000000 0.656809 0.271317
1251.000000 611.000000 0.659683 0.271611
508.000000 612.000000 -0.122120 0.234139
511.000000 612.000000 -0.119307 0.234072
546.000000 612.000000 -0.086647 0.233405
1074.000000 613.000000 0.431197 0.251960
1153.000000 613.000000 0.527000 0.260510
15.000000 614.000000 -0.678877 0.276761
529.000000 614.000000 -0.102513 0.235639
47.000000 615.000000 -0.633269 0.273178
57.000000 615.000000 -0.619301 0.271738
533.000000 615.000000 -0.098800 0.236533
585.000000 615.000000 -0.050555 0.235811
95.000000 617.000000 -0.568026 0.268715
99.000000 617.000000 -0.562742 0.268185
1134.000000 617.000000 0.503561 0.262576
555.000000 618.000000 -0.078378 0.239076
1140.000000 618.000000 0.511174 0.264369
47.000000 619.000000 -0.633854 0.277709
1112.000000 619.000000 0.476781 0.262222
503.000000 620.000000 -0.127007 0.242040
514.000000 620.000000 -0.116672 0.241782
520.000000 620.000000 -0.111048 0.241650
555.000000 620.000000 -0.078408 0.241016
57.000000 621.000000 -0.620168 0.278505
517.000000 621.000000 -0.113881 0.242689
514.000000 622.000000 -0.116717 0.243731
105.000000 623.000000 -0.555657 0.274016
55.000000 625.000000 -0.623543 0.283329
44.000000 626.000000 -0.639128 0.286121
447.000000 626.000000 -0.180442 0.249626
538.000000 626.000000 -0.094339 0.247138
598.000000 626.000000 -0.038631 0.246361
1178.000000 626.000000 0.561097 0.278024
567.000000 627.000000 -0.067361 0.247653
105.000000 629.000000 -0.556466 0.280660
551.000000 629.000000 -0.082269 0.249839
565.000000 629.000000 -0.069245 0.249630
107.000000 630.000000 -0.553983 0.281497
37.000000 631.000000 -0.649823 0.292921
541.000000 631.000000 -0.091630 0.251967
1173.000000 631.000000 0.555202 0.282891
55.000000 632.000000 -0.624599 0.291288
98.000000 632.000000 -0.566107 0.284968
550.000000 632.000000 -0.083251 0.252787
601.000000 632.000000 -0.035900 0.252181
614.000000 632.000000 -0.023873 0.252105
1134.000000 632.000000 0.505376 0.278862
58.000000 633.000000 -0.620571 0.291969
95.000000 633.000000 -0.570229 0.286509
533.000000 633.000000 -0.099148 0.254079
169.000000 635.000000 -0.476545 0.279104
609.000000 635.000000 -0.028515 0.255059
1076.000000 635.000000 0.435729 0.275416
49.000000 637.000000 -0.633779 0.297933
363.000000 637.000000 -0.263649 0.264541
549.000000 637.000000 -0.084269 0.257702
1110.000000 637.000000 0.476418 0.281376
97.000000 639.000000 -0.568431 0.292944
543.000000 640.000000 -0.089928 0.260757
123.000000 642.000000 -0.534871 0.292625
542.000000 642.000000 -0.090902 0.262744
996.000000 642.000000 0.346813 0.275286
444.000000 643.000000 -0.183985 0.266607
959.000000 643.000000 0.307648 0.273478
162.000000 644.000000 -0.486164 0.289726
707.000000 645.000000 0.062345 0.265221
539.000000 646.000000 -0.093789 0.266748
103.000000 650.000000 -0.562096 0.304440
106.000000 650.000000 -0.558138 0.303995
110.000000 650.000000 -0.552883 0.303407
1041.000000 650.000000 0.397131 0.287776
58.000000 651.000000 -0.623405 0.312597
114.000000 651.000000 -0.547800 0.303947
1038.000000 651.000000 0.393851 0.288539
43.000000 652.000000 -0.644673 0.316215
116.000000 653.000000 -0.545486 0.305903
135.000000 653.000000 -0.521048 0.303198
165.000000 653.000000 -0.483621 0.299202
56.000000 654.000000 -0.626690 0.316389
113.000000 654.000000 -0.549545 0.307467
1011.000000 654.000000 0.364155 0.289139
1078.000000 654.000000 0.440167 0.296036
116.000000 655.000000 -0.545779 0.308151
543.000000 656.000000 -0.090238 0.276575
924.000000 656.000000 0.272397 0.284432
1051.000000 656.000000 0.409100 0.295206
1080.000000 656.000000 0.442754 0.298434
56.000000 657.000000 -0.627185 0.319863
126.000000 657.000000 -0.533125 0.308942
565.000000 657.000000 -0.069652 0.277179
123.000000 658.000000 -0.537138 0.310500
322.000000 658.000000 -0.307185 0.288768
161.000000 659.000000 -0.489315 0.306329
464.000000 659.000000 -0.165315 0.281851
1267.000000 660.000000 0.690786 0.331113
543.000000 661.000000 -0.090339 0.281553
908.000000 661.000000 0.256452 0.288544
514.000000 662.000000 -0.117708 0.283238
1248.000000 662.000000 0.663554 0.330189
64.000000 663.000000 -0.617030 0.325489
86.000000 663.000000 -0.586858 0.321873
556.000000 663.000000 -0.078177 0.283300
894.000000 663.000000 0.242468 0.289746
89.000000 664.000000 -0.582964 0.322538
128.000000 664.000000 -0.531573 0.316520
772.000000 664.000000 0.123805 0.285455
1067.000000 664.000000 0.428443 0.305603
1235.000000 664.000000 0.645293 0.330290
871.000000 665.000000 0.219654 0.290501
1018.000000 665.000000 0.372909 0.301454
60.000000 666.000000 -0.623104 0.329650
334.000000 666.000000 -0.295267 0.296182
559.000000 666.000000 -0.075417 0.286243
866.000000 666.000000 0.214760 0.291258
955.000000 666.000000 0.305177 0.296994
1241.000000 666.000000 0.654201 0.333680
63.000000 667.000000 -0.619094 0.330306
129.000000 667.000000 -0.530731 0.319755
566.000000 667.000000 -0.068873 0.287126
48.000000 668.000000 -0.640302 0.334043
555.000000 669.000000 -0.079224 0.289317
48.000000 670.000000 -0.640649 0.336390
57.000000 670.000000 -0.627983 0.334833
1009.000000 670.000000 0.363464 0.305905
560.000000 671.000000 -0.074566 0.291232
326.000000 672.000000 -0.304073 0.303056
1176.000000 672.000000 0.565319 0.329655
66.000000 674.000000 -0.616121 0.337959
316.000000 675.000000 -0.314838 0.307012
561.000000 675.000000 -0.073697 0.295232
67.000000 678.000000 -0.615427 0.342466
149.000000 678.000000 -0.506913 0.329217
204.000000 678.000000 -0.439908 0.321759
586.000000 678.000000 -0.050296 0.297882
542.000000 679.000000 -0.091665 0.299642
1179.000000 679.000000 0.570475 0.338215
405.000000 680.000000 -0.224026 0.306027
408.000000 680.000000 -0.221041 0.305857
545.000000 680.000000 -0.088856 0.300586
186.000000 681.000000 -0.461760 0.327399
1172.000000 681.000000 0.561467 0.339366
67.000000 682.000000 -0.616128 0.347161
589.000000 682.000000 -0.047533 0.301878
191.000000 683.000000 -0.456014 0.328960
200.000000 683.000000 -0.445275 0.327786
212.000000 683.000000 -0.431125 0.326273
1001.000000 683.000000 0.355953 0.319032
1042.000000 683.000000 0.401800 0.323400
1149.000000 683.000000 0.531642 0.337951
404.000000 684.000000 -0.225254 0.310222
65.000000 685.000000 -0.619440 0.351046
407.000000 686.000000 -0.222379 0.312121
550.000000 686.000000 -0.084265 0.306557
55.000000 687.000000 -0.633793 0.355205
540.000000 687.000000 -0.093737 0.307795
1258.000000 688.000000 0.682667 0.362904
21.000000 689.000000 -0.682703 0.363797
64.000000 689.000000 -0.621550 0.355950
343.000000 689.000000 -0.287666 0.319606
552.000000 689.000000 -0.082439 0.309564
997.000000 689.000000 0.352168 0.325090
1126.000000 689.000000 0.503225 0.341238
1088.000000 691.000000 0.456722 0.338013
215.000000 692.000000 -0.428739 0.335845
801.000000 693.000000 0.152562 0.315908
988.000000 693.000000 0.342748 0.328513
1087.000000 693.000000 0.455792 0.340118
1122.000000 693.000000 0.498805 0.345185
1203.000000 693.000000 0.605568 0.358760
171.000000 694.000000 -0.481858 0.344083
228.000000 694.000000 -0.413867 0.336440
237.000000 694.000000 -0.403516 0.335356
310.000000 694.000000 -0.322865 0.327719
536.000000 694.000000 -0.097697 0.315029
59.000000 695.000000 -0.629634 0.363981
136.000000 695.000000 -0.526064 0.350596
1087.000000 695.000000 0.456068 0.342363
1093.000000 695.000000 0.463321 0.343201
91.000000 696.000000 -0.585670 0.359379
219.000000 696.000000 -0.424569 0.339778
575.000000 696.000000 -0.060876 0.316280
1089.000000 696.000000 0.458619 0.343766
1095.000000 696.000000 0.465892 0.344612
232.000000 697.000000 -0.409619 0.339268
1091.000000 697.000000 0.461179 0.345173
60.000000 698.000000 -0.628785 0.367373
142.000000 698.000000 -0.518857 0.353089
168.000000 698.000000 -0.486154 0.349067
541.000000 698.000000 -0.093052 0.319002
17.000000 699.000000 -0.690338 0.376591
448.000000 699.000000 -0.182583 0.323418
445.000000 700.000000 -0.185574 0.324607
405.000000 701.000000 -0.225278 0.327894
529.000000 701.000000 -0.104534 0.322394
566.000000 701.000000 -0.069451 0.321549
1077.000000 701.000000 0.444904 0.347730
1080.000000 701.000000 0.448491 0.348144
202.000000 702.000000 -0.445418 0.348727
531.000000 703.000000 -0.102685 0.324398
539.000000 703.000000 -0.095074 0.324188
562.000000 703.000000 -0.073269 0.323677
1130.000000 703.000000 0.510473 0.357903
61.000000 704.000000 -0.628502 0.374360
148.000000 704.000000 -0.512174 0.359045
168.000000 704.000000 -0.487060 0.355914
177.000000 704.000000 -0.475950 0.354559
536.000000 704.000000 -0.097953 0.325295
715.000000 704.000000 0.070801 0.324678
98.000000 706.000000 -0.577991 0.369923
521.000000 706.000000 -0.112310 0.327782
545.000000 707.000000 -0.089471 0.328165
66.000000 708.000000 -0.622265 0.378215
150.000000 709.000000 -0.510442 0.364504
545.000000 709.000000 -0.089520 0.330231
145.000000 710.000000 -0.516975 0.366484
529.000000 710.000000 -0.104787 0.331689
536.000000 710.000000 -0.098111 0.331495
1269.000000 710.000000 0.702770 0.391619
442.000000 711.000000 -0.189092 0.336266
484.000000 711.000000 -0.148071 0.334291
582.000000 711.000000 -0.054498 0.331579
137.000000 712.000000 -0.527583 0.370152
511.000000 713.000000 -0.122112 0.335366
1208.000000 713.000000 0.616227 0.383545
139.000000 714.000000 -0.525343 0.372151
462.000000 714.000000 -0.169610 0.338407
587.000000 715.000000 -0.049829 0.335647
438.000000 716.000000 -0.193313 0.341751
454.000000 716.000000 -0.177546 0.340903
457.000000 716.000000 -0.174603 0.340753
509.000000 716.000000 -0.124137 0.338563
544.000000 716.000000 -0.090644 0.337517
