329.000000 3.000000 -0.304704 -0.349446
322.000000 4.000000 -0.312054 -0.349012
43.000000 5.000000 -0.656037 -0.389735
330.000000 5.000000 -0.303462 -0.347184
41.000000 6.000000 -0.658694 -0.388907
44.000000 8.000000 -0.654034 -0.385901
324.000000 10.000000 -0.309368 -0.342317
30.000000 11.000000 -0.673484 -0.384946
70.000000 11.000000 -0.616873 -0.377318
1238.000000 12.000000 0.657628 -0.381939
1240.000000 13.000000 0.660299 -0.381113
52.000000 16.000000 -0.641161 -0.374717
1026.000000 16.000000 0.386002 -0.343237
38.000000 18.000000 -0.660685 -0.374955
1233.000000 18.000000 0.649342 -0.373736
47.000000 20.000000 -0.647488 -0.370853
1262.000000 24.000000 0.689985 -0.371969
1097.000000 27.000000 0.467850 -0.340155
1150.000000 27.000000 0.534501 -0.348247
1271.000000 28.000000 0.702374 -0.368799
884.000000 30.000000 0.234036 -0.315709
36.000000 31.000000 -0.661123 -0.359717
918.000000 33.000000 0.268351 -0.314859
40.000000 34.000000 -0.654857 -0.355404
1095.000000 34.000000 0.464444 -0.332019
1084.000000 35.000000 0.451063 -0.329423
57.000000 36.000000 -0.630430 -0.349953
274.000000 37.000000 -0.360777 -0.318005
153.000000 38.000000 -0.502428 -0.331792
39.000000 39.000000 -0.655378 -0.349637
351.000000 39.000000 -0.278739 -0.309247
136.000000 42.000000 -0.523363 -0.329803
148.000000 42.000000 -0.508126 -0.328010
1198.000000 42.000000 0.596016 -0.338920
1218.000000 42.000000 0.623728 -0.342413
36.000000 43.000000 -0.658948 -0.345428
142.000000 43.000000 -0.515567 -0.327768
375.000000 45.000000 -0.253808 -0.301349
1263.000000 45.000000 0.687596 -0.346914
158.000000 46.000000 -0.495031 -0.322073
161.000000 46.000000 -0.491307 -0.321652
1106.000000 46.000000 0.476200 -0.320132
1174.000000 47.000000 0.562781 -0.329128
1182.000000 47.000000 0.573471 -0.330432
1271.000000 47.000000 0.698936 -0.345952
71.000000 48.000000 -0.608834 -0.333423
159.000000 48.000000 -0.493508 -0.319695
164.000000 48.000000 -0.487321 -0.319003
338.000000 48.000000 -0.291520 -0.300801
378.000000 48.000000 -0.250584 -0.298056
1198.000000 48.000000 0.594993 -0.331942
167.000000 49.000000 -0.483490 -0.317479
1203.000000 49.000000 0.601685 -0.331627
1207.000000 49.000000 0.607202 -0.332308
335.000000 50.000000 -0.294487 -0.298939
6.000000 51.000000 -0.700973 -0.341228
338.000000 51.000000 -0.291298 -0.297674
377.000000 51.000000 -0.251406 -0.295025
396.000000 51.000000 -0.232338 -0.293892
1239.000000 51.000000 0.651859 -0.335525
1249.000000 51.000000 0.666219 -0.337288
163.000000 52.000000 -0.488007 -0.314686
1101.000000 52.000000 0.469310 -0.312814
638.000000 53.000000 -0.001699 -0.285233
167.000000 54.000000 -0.482817 -0.311928
341.000000 54.000000 -0.287973 -0.294338
367.000000 55.000000 -0.261275 -0.291537
1105.000000 55.000000 0.473781 -0.310023
1220.000000 55.000000 0.624269 -0.327539
139.000000 56.000000 -0.517476 -0.313570
372.000000 56.000000 -0.256146 -0.290192
1269.000000 56.000000 0.694420 -0.334875
1147.000000 57.000000 0.525984 -0.313609
1152.000000 57.000000 0.532414 -0.314345
1162.000000 57.000000 0.545397 -0.315844
1234.000000 57.000000 0.643687 -0.327605
340.000000 58.000000 -0.288721 -0.290264
367.000000 59.000000 -0.261021 -0.287424
210.000000 60.000000 -0.430681 -0.300053
398.000000 60.000000 -0.229844 -0.284582
1037.000000 60.000000 0.393587 -0.296682
1041.000000 60.000000 0.398104 -0.297095
61.000000 61.000000 -0.620514 -0.320007
212.000000 61.000000 -0.428241 -0.298745
228.000000 61.000000 -0.409811 -0.296991
1254.000000 61.000000 0.671699 -0.326358
1275.000000 61.000000 0.702362 -0.329977
225.000000 62.000000 -0.413135 -0.296239
331.000000 62.000000 -0.297760 -0.286771
1039.000000 62.000000 0.395637 -0.294751
1094.000000 62.000000 0.459597 -0.300940
1149.000000 62.000000 0.527823 -0.308286
1251.000000 62.000000 0.667188 -0.324665
211.000000 63.000000 -0.429179 -0.296698
1187.000000 63.000000 0.577618 -0.312889
1264.000000 63.000000 0.685896 -0.325720
1273.000000 63.000000 0.699079 -0.327263
54.000000 64.000000 -0.629803 -0.317692
296.000000 64.000000 -0.334480 -0.287403
1271.000000 64.000000 0.695971 -0.325738
279.000000 65.000000 -0.352695 -0.287802
283.000000 65.000000 -0.348365 -0.287454
51.000000 66.000000 -0.633687 -0.315870
293.000000 66.000000 -0.337524 -0.285563
1168.000000 66.000000 0.551901 -0.306575
223.000000 67.000000 -0.414893 -0.291093
329.000000 67.000000 -0.299479 -0.281750
1059.000000 68.000000 0.417797 -0.290429
277.000000 69.000000 -0.354516 -0.283783
374.000000 69.000000 -0.253342 -0.276777
1232.000000 69.000000 0.638818 -0.313278
279.000000 70.000000 -0.352262 -0.282564
331.000000 70.000000 -0.297190 -0.278518
1169.000000 70.000000 0.552621 -0.302218
1190.000000 70.000000 0.580568 -0.305385
253.000000 72.000000 -0.380576 -0.282794
1172.000000 72.000000 0.556273 -0.300409
1244.000000 72.000000 0.655423 -0.311785
1248.000000 72.000000 0.661170 -0.312450
293.000000 73.000000 -0.336953 -0.278275
1070.000000 73.000000 0.429981 -0.286258
1149.000000 74.000000 0.526131 -0.294897
293.000000 75.000000 -0.336793 -0.276200
293.000000 77.000000 -0.336634 -0.274127
1234.000000 77.000000 0.640342 -0.304346
1212.000000 81.000000 0.608900 -0.296269
1040.000000 82.000000 0.394793 -0.273653
1038.000000 83.000000 0.392456 -0.272414
276.000000 86.000000 -0.354173 -0.266171
51.000000 88.000000 -0.630173 -0.290558
1204.000000 88.000000 0.596844 -0.287113
1211.000000 89.000000 0.606300 -0.287027
976.000000 90.000000 0.324524 -0.260044
1183.000000 90.000000 0.568240 -0.281826
50.000000 92.000000 -0.630965 -0.286149
949.000000 92.000000 0.296211 -0.256168
1179.000000 92.000000 0.562655 -0.279038
1185.000000 92.000000 0.570621 -0.279875
1144.000000 93.000000 0.517272 -0.273310
1187.000000 94.000000 0.573009 -0.277925
1227.000000 94.000000 0.627800 -0.283763
1071.000000 95.000000 0.428852 -0.262959
1105.000000 95.000000 0.468950 -0.266532
1274.000000 96.000000 0.695139 -0.288730
1112.000000 97.000000 0.477182 -0.265169
342.000000 98.000000 -0.284063 -0.249326
1206.000000 98.000000 0.598116 -0.276143
1029.000000 99.000000 0.381021 -0.254925
1138.000000 99.000000 0.508985 -0.266039
958.000000 100.000000 0.305011 -0.248646
1172.000000 100.000000 0.552368 -0.269234
1251.000000 100.000000 0.661019 -0.280559
1254.000000 100.000000 0.665346 -0.281017
346.000000 101.000000 -0.279811 -0.246078
901.000000 101.000000 0.247037 -0.244391
1116.000000 101.000000 0.481594 -0.261326
959.000000 102.000000 0.305920 -0.246689
1242.000000 102.000000 0.647817 -0.276912
906.000000 103.000000 0.251925 -0.242652
890.000000 105.000000 0.235922 -0.239884
1181.000000 106.000000 0.563410 -0.263803
886.000000 107.000000 0.231879 -0.237720
1114.000000 107.000000 0.478504 -0.254689
1215.000000 107.000000 0.609197 -0.267326
1268.000000 107.000000 0.684644 -0.275096
909.000000 108.000000 0.254671 -0.237831
164.000000 109.000000 -0.479869 -0.252569
1249.000000 109.000000 0.656794 -0.269976
1260.000000 109.000000 0.672680 -0.271604
1242.000000 110.000000 0.646635 -0.267815
1254.000000 110.000000 0.663844 -0.269573
890.000000 111.000000 0.235645 -0.233950
892.000000 112.000000 0.237576 -0.233054
897.000000 112.000000 0.242527 -0.233286
1120.000000 113.000000 0.485152 -0.248938
1177.000000 114.000000 0.557115 -0.254499
873.000000 115.000000 0.218768 -0.229276
1179.000000 115.000000 0.559616 -0.253656
1234.000000 115.000000 0.634578 -0.261018
1260.000000 115.000000 0.671798 -0.264747
266.000000 116.000000 -0.362673 -0.236150
881.000000 116.000000 0.226562 -0.228629
1048.000000 117.000000 0.400662 -0.237917
268.000000 118.000000 -0.360366 -0.233970
7.000000 119.000000 -0.688638 -0.261704
9.000000 119.000000 -0.685713 -0.261417
263.000000 119.000000 -0.365705 -0.233316
1129.000000 119.000000 0.495534 -0.243509
1144.000000 119.000000 0.514178 -0.245155
1226.000000 119.000000 0.622796 -0.255416
855.000000 120.000000 0.201070 -0.223683
1040.000000 120.000000 0.391488 -0.234181
1259.000000 120.000000 0.669627 -0.258910
269.000000 121.000000 -0.359072 -0.230852
1244.000000 121.000000 0.647917 -0.255660
1249.000000 121.000000 0.655066 -0.256360
62.000000 123.000000 -0.609891 -0.249590
264.000000 123.000000 -0.364332 -0.229179
407.000000 123.000000 -0.218047 -0.221378
1059.000000 123.000000 0.412558 -0.232646
1251.000000 123.000000 0.657657 -0.254380
1161.000000 124.000000 0.535166 -0.241706
262.000000 125.000000 -0.366356 -0.227292
324.000000 125.000000 -0.300946 -0.223352
1032.000000 125.000000 0.382252 -0.228445
328.000000 126.000000 -0.296783 -0.222136
1145.000000 126.000000 0.514659 -0.237766
1025.000000 127.000000 0.374425 -0.225890
1080.000000 127.000000 0.436264 -0.230314
259.000000 129.000000 -0.369328 -0.223450
412.000000 129.000000 -0.212951 -0.215338
828.000000 129.000000 0.174835 -0.214043
386.000000 130.000000 -0.238344 -0.215392
957.000000 130.000000 0.302183 -0.218530
1144.000000 130.000000 0.512975 -0.233388
251.000000 131.000000 -0.377906 -0.221993
1212.000000 131.000000 0.601864 -0.240244
3.000000 132.000000 -0.692684 -0.247440
383.000000 132.000000 -0.241218 -0.213564
833.000000 132.000000 0.179517 -0.211298
1125.000000 132.000000 0.489286 -0.229308
249.000000 133.000000 -0.379952 -0.220108
256.000000 133.000000 -0.372308 -0.219612
259.000000 133.000000 -0.369048 -0.219403
165.000000 134.000000 -0.476139 -0.226050
387.000000 135.000000 -0.237153 -0.210471
391.000000 135.000000 -0.233222 -0.210309
397.000000 136.000000 -0.227305 -0.209100
410.000000 136.000000 -0.214637 -0.208613
166.000000 137.000000 -0.474656 -0.222815
259.000000 137.000000 -0.368774 -0.215365
1160.000000 137.000000 0.532438 -0.227628
407.000000 138.000000 -0.217479 -0.206784
1113.000000 138.000000 0.474178 -0.221848
1210.000000 141.000000 0.597899 -0.229010
260.000000 145.000000 -0.367160 -0.207250
1256.000000 145.000000 0.661906 -0.230311
288.000000 148.000000 -0.337097 -0.202542
1219.000000 149.000000 0.609268 -0.221323
1254.000000 149.000000 0.658521 -0.225589
258.000000 150.000000 -0.369002 -0.202364
1197.000000 150.000000 0.579316 -0.217708
6.000000 151.000000 -0.685794 -0.225567
85.000000 151.000000 -0.575420 -0.216180
250.000000 151.000000 -0.377627 -0.201877
254.000000 151.000000 -0.373274 -0.201618
247.000000 152.000000 -0.380836 -0.201069
398.000000 152.000000 -0.225736 -0.193574
1165.000000 152.000000 0.537256 -0.212153
1169.000000 152.000000 0.542388 -0.212561
395.000000 153.000000 -0.228626 -0.192716
414.000000 153.000000 -0.210177 -0.192068
417.000000 153.000000 -0.207281 -0.191972
930.000000 153.000000 0.273589 -0.194571
1228.000000 153.000000 0.621251 -0.217999
261.000000 154.000000 -0.365511 -0.198176
403.000000 154.000000 -0.220801 -0.191474
392.000000 155.000000 -0.231485 -0.190895
248.000000 156.000000 -0.379485 -0.196991
250.000000 156.000000 -0.377305 -0.196863
394.000000 156.000000 -0.229496 -0.189861
421.000000 156.000000 -0.203333 -0.188968
1133.000000 156.000000 0.496792 -0.204870
1162.000000 156.000000 0.533026 -0.207608
1173.000000 156.000000 0.547137 -0.208709
67.000000 157.000000 -0.598933 -0.211673
261.000000 157.000000 -0.365328 -0.195182
343.000000 157.000000 -0.280008 -0.190912
1128.000000 157.000000 0.490592 -0.203380
1233.000000 157.000000 0.627759 -0.214193
42.000000 158.000000 -0.633334 -0.213421
71.000000 158.000000 -0.593404 -0.210148
94.000000 158.000000 -0.562804 -0.207702
253.000000 158.000000 -0.373918 -0.194674
256.000000 158.000000 -0.370666 -0.194489
313.000000 158.000000 -0.310522 -0.191337
415.000000 158.000000 -0.209052 -0.187238
259.000000 159.000000 -0.367363 -0.193309
1140.000000 159.000000 0.505139 -0.202367
40.000000 160.000000 -0.635911 -0.211454
420.000000 160.000000 -0.204173 -0.185169
19.000000 161.000000 -0.665693 -0.212805
397.000000 161.000000 -0.226398 -0.184948
61.000000 162.000000 -0.606561 -0.206906
407.000000 162.000000 -0.216657 -0.183660
828.000000 162.000000 0.173917 -0.182413
181.000000 163.000000 -0.454664 -0.194627
405.000000 163.000000 -0.218562 -0.182766
1189.000000 163.000000 0.567307 -0.202868
1220.000000 165.000000 0.608828 -0.203989
1275.000000 165.000000 0.687086 -0.210288
400.000000 166.000000 -0.223316 -0.180054
403.000000 167.000000 -0.220372 -0.179000
181.000000 168.000000 -0.454282 -0.189511
184.000000 169.000000 -0.450704 -0.188266
411.000000 169.000000 -0.212572 -0.176841
966.000000 169.000000 0.309451 -0.180603
1164.000000 169.000000 0.534332 -0.194069
1276.000000 169.000000 0.688085 -0.205936
180.000000 170.000000 -0.455302 -0.187542
184.000000 172.000000 -0.450484 -0.185207
401.000000 173.000000 -0.222123 -0.173329
404.000000 173.000000 -0.219217 -0.173237
4.000000 174.000000 -0.685978 -0.200090
177.000000 174.000000 -0.458523 -0.183681
184.000000 174.000000 -0.450339 -0.183171
1242.000000 174.000000 0.638496 -0.196574
182.000000 175.000000 -0.452598 -0.182297
409.000000 175.000000 -0.214324 -0.171180
1234.000000 176.000000 0.627045 -0.193535
55.000000 177.000000 -0.613200 -0.191291
106.000000 177.000000 -0.545403 -0.186379
178.000000 178.000000 -0.457059 -0.179530
1250.000000 178.000000 0.649415 -0.193058
278.000000 179.000000 -0.345976 -0.172479
404.000000 179.000000 -0.219037 -0.167519
177.000000 180.000000 -0.458088 -0.177565
1145.000000 180.000000 0.509513 -0.180915
180.000000 181.000000 -0.454507 -0.176337
410.000000 182.000000 -0.213158 -0.164495
273.000000 183.000000 -0.351068 -0.168803
1096.000000 183.000000 0.450444 -0.174153
276.000000 184.000000 -0.347842 -0.167674
390.000000 184.000000 -0.232473 -0.163180
1189.000000 184.000000 0.565280 -0.180524
386.000000 186.000000 -0.236311 -0.161398
392.000000 186.000000 -0.230466 -0.161216
1027.000000 187.000000 0.372836 -0.165980
1211.000000 187.000000 0.594321 -0.179370
1213.000000 187.000000 0.597030 -0.179559
280.000000 188.000000 -0.343429 -0.163567
303.000000 188.000000 -0.319445 -0.162530
368.000000 188.000000 -0.253904 -0.160064
1195.000000 188.000000 0.572827 -0.176830
1248.000000 188.000000 0.645524 -0.181916
306.000000 189.000000 -0.316308 -0.161431
355.000000 189.000000 -0.266742 -0.159547
370.000000 189.000000 -0.251900 -0.159044
1158.000000 189.000000 0.525010 -0.172622
1169.000000 189.000000 0.538950 -0.173524
1272.000000 189.000000 0.680012 -0.183290
300.000000 190.000000 -0.322461 -0.160718
359.000000 190.000000 -0.262736 -0.158453
396.000000 190.000000 -0.226465 -0.157298
268.000000 191.000000 -0.355985 -0.161204
271.000000 191.000000 -0.352798 -0.161060
367.000000 191.000000 -0.254792 -0.157232
388.000000 191.000000 -0.234211 -0.156581
280.000000 192.000000 -0.343243 -0.159661
295.000000 192.000000 -0.327560 -0.158992
393.000000 192.000000 -0.229319 -0.155486
1186.000000 192.000000 0.560646 -0.171813
70.000000 193.000000 -0.591263 -0.172688
363.000000 193.000000 -0.258676 -0.155454
1152.000000 193.000000 0.517179 -0.167999
295.000000 194.000000 -0.327473 -0.157050
1154.000000 194.000000 0.519599 -0.167118
281.000000 195.000000 -0.342055 -0.156691
303.000000 195.000000 -0.319150 -0.155744
307.000000 195.000000 -0.315030 -0.155580
354.000000 195.000000 -0.267531 -0.153842
1172.000000 195.000000 0.542293 -0.167501
293.000000 196.000000 -0.329466 -0.155194
359.000000 196.000000 -0.262537 -0.152722
283.000000 197.000000 -0.339866 -0.154655
309.000000 197.000000 -0.312894 -0.153567
1239.000000 197.000000 0.631941 -0.171268
357.000000 198.000000 -0.264454 -0.150879
1168.000000 198.000000 0.536947 -0.164055
315.000000 199.000000 -0.306673 -0.151404
1159.000000 199.000000 0.525484 -0.162323
23.000000 200.000000 -0.655791 -0.169511
284.000000 200.000000 -0.338688 -0.151695
297.000000 200.000000 -0.325148 -0.151151
304.000000 200.000000 -0.317917 -0.150869
341.000000 200.000000 -0.280336 -0.149501
406.000000 200.000000 -0.216529 -0.147564
294.000000 201.000000 -0.328218 -0.150306
1249.000000 201.000000 0.645675 -0.167879
275.000000 202.000000 -0.348062 -0.150141
277.000000 202.000000 -0.345954 -0.150054
312.000000 202.000000 -0.309625 -0.148629
404.000000 202.000000 -0.218405 -0.145728
408.000000 202.000000 -0.214553 -0.145627
1214.000000 202.000000 0.597025 -0.163645
23.000000 203.000000 -0.655509 -0.166249
297.000000 203.000000 -0.325026 -0.148249
306.000000 203.000000 -0.315741 -0.147895
308.000000 203.000000 -0.313686 -0.147818
1149.000000 203.000000 0.512703 -0.157455
39.000000 204.000000 -0.632797 -0.163702
312.000000 204.000000 -0.309550 -0.146703
1216.000000 204.000000 0.599566 -0.161690
1251.000000 204.000000 0.648238 -0.164812
294.000000 205.000000 -0.328056 -0.146436
1142.000000 205.000000 0.503924 -0.154908
1155.000000 205.000000 0.520027 -0.155826
306.000000 206.000000 -0.315626 -0.145004
257.000000 207.000000 -0.366981 -0.146067
281.000000 207.000000 -0.341537 -0.145028
404.000000 207.000000 -0.218280 -0.141015
429.000000 207.000000 -0.194345 -0.140437
1210.000000 208.000000 0.591117 -0.156940
407.000000 209.000000 -0.215344 -0.139060
411.000000 209.000000 -0.211501 -0.138965
24.000000 210.000000 -0.653445 -0.158563
257.000000 210.000000 -0.366847 -0.143137
266.000000 210.000000 -0.357245 -0.142745
305.000000 210.000000 -0.316504 -0.141191
1163.000000 210.000000 0.529713 -0.151239
275.000000 211.000000 -0.347680 -0.141396
429.000000 211.000000 -0.194259 -0.136688
1248.000000 211.000000 0.643349 -0.156969
298.000000 212.000000 -0.323643 -0.139526
1164.000000 212.000000 0.530833 -0.149244
87.000000 213.000000 -0.567054 -0.150180
241.000000 213.000000 -0.383980 -0.140925
255.000000 213.000000 -0.368859 -0.140298
433.000000 213.000000 -0.190417 -0.134734
329.000000 214.000000 -0.291931 -0.136523
411.000000 214.000000 -0.211386 -0.134269
429.000000 214.000000 -0.194197 -0.133880
90.000000 215.000000 -0.562986 -0.147866
26.000000 216.000000 -0.650078 -0.151901
289.000000 216.000000 -0.332825 -0.136008
305.000000 216.000000 -0.316287 -0.135424
330.000000 216.000000 -0.290859 -0.134582
431.000000 216.000000 -0.192256 -0.131969
1229.000000 216.000000 0.616359 -0.149998
270.000000 217.000000 -0.352714 -0.135780
1052.000000 217.000000 0.398635 -0.137682
1224.000000 217.000000 0.609402 -0.148530
1232.000000 217.000000 0.620425 -0.149176
27.000000 218.000000 -0.648489 -0.149659
241.000000 218.000000 -0.383754 -0.136030
21.000000 219.000000 -0.656950 -0.149082
286.000000 219.000000 -0.335837 -0.133227
305.000000 219.000000 -0.316182 -0.132545
236.000000 220.000000 -0.389112 -0.134294
311.000000 220.000000 -0.310004 -0.131382
1127.000000 220.000000 0.484738 -0.138668
1169.000000 220.000000 0.536613 -0.141330
20.000000 221.000000 -0.658214 -0.147003
27.000000 221.000000 -0.648241 -0.146427
232.000000 221.000000 -0.393442 -0.133492
1215.000000 221.000000 0.596835 -0.143590
952.000000 222.000000 0.293137 -0.128975
1154.000000 222.000000 0.517628 -0.138291
229.000000 223.000000 -0.396645 -0.131665
271.000000 223.000000 -0.351423 -0.129930
1114.000000 223.000000 0.469072 -0.134896
29.000000 224.000000 -0.645166 -0.143039
234.000000 224.000000 -0.391121 -0.130466
289.000000 224.000000 -0.332532 -0.128303
322.000000 224.000000 -0.298687 -0.127205
236.000000 226.000000 -0.388851 -0.128424
239.000000 226.000000 -0.385584 -0.128298
244.000000 226.000000 -0.380159 -0.128090
267.000000 226.000000 -0.355538 -0.127180
1135.000000 226.000000 0.494045 -0.133061
273.000000 227.000000 -0.349164 -0.125990
242.000000 228.000000 -0.382243 -0.126223
244.000000 228.000000 -0.380077 -0.126141
250.000000 228.000000 -0.373605 -0.125900
30.000000 229.000000 -0.643362 -0.137595
254.000000 229.000000 -0.369271 -0.124772
260.000000 229.000000 -0.362860 -0.124542
239.000000 230.000000 -0.385418 -0.124395
293.000000 230.000000 -0.328177 -0.122403
1184.000000 230.000000 0.555177 -0.131987
32.000000 231.000000 -0.640391 -0.135301
183.000000 231.000000 -0.448057 -0.125914
63.000000 232.000000 -0.597578 -0.131994
248.000000 232.000000 -0.375601 -0.122091
293.000000 232.000000 -0.328111 -0.120486
945.000000 232.000000 0.285797 -0.119262
1035.000000 232.000000 0.379414 -0.122274
252.000000 233.000000 -0.371262 -0.120968
258.000000 233.000000 -0.364843 -0.120743
1209.000000 233.000000 0.587892 -0.130532
262.000000 234.000000 -0.360546 -0.119629
982.000000 234.000000 0.323373 -0.118461
253.000000 235.000000 -0.370115 -0.118991
415.000000 235.000000 -0.207123 -0.114549
408.000000 236.000000 -0.213800 -0.113750
259.000000 237.000000 -0.363631 -0.116837
415.000000 237.000000 -0.207085 -0.112686
1267.000000 237.000000 0.668439 -0.130440
1261.000000 238.000000 0.659714 -0.128917
411.000000 239.000000 -0.210871 -0.110897
30.000000 240.000000 -0.642554 -0.125826
408.000000 240.000000 -0.213724 -0.110021
264.000000 241.000000 -0.358178 -0.112802
293.000000 242.000000 -0.327797 -0.110916
404.000000 242.000000 -0.217522 -0.108232
1124.000000 242.000000 0.479953 -0.116337
407.000000 243.000000 -0.214627 -0.107245
1224.000000 243.000000 0.607515 -0.121027
240.000000 244.000000 -0.383797 -0.110738
293.000000 244.000000 -0.327737 -0.109005
570.000000 244.000000 -0.063256 -0.104460
1254.000000 245.000000 0.649211 -0.120908
1267.000000 245.000000 0.667861 -0.121807
1269.000000 245.000000 0.670757 -0.121947
297.000000 247.000000 -0.323524 -0.106027
185.000000 248.000000 -0.444981 -0.108961
244.000000 248.000000 -0.379330 -0.106719
1237.000000 248.000000 0.625105 -0.116588
239.000000 249.000000 -0.384705 -0.105922
1141.000000 249.000000 0.500109 -0.110127
242.000000 250.000000 -0.381422 -0.104851
405.000000 250.000000 -0.216419 -0.100766
1207.000000 250.000000 0.584142 -0.112644
69.000000 251.000000 -0.588309 -0.111719
295.000000 251.000000 -0.325473 -0.102270
1085.000000 251.000000 0.434117 -0.105662
411.000000 252.000000 -0.210643 -0.098806
29.000000 253.000000 -0.643101 -0.112034
1190.000000 253.000000 0.561585 -0.108575
1269.000000 253.000000 0.670216 -0.113325
406.000000 254.000000 -0.215393 -0.097032
1259.000000 254.000000 0.655751 -0.111608
76.000000 255.000000 -0.578782 -0.107165
389.000000 255.000000 -0.231730 -0.096394
414.000000 255.000000 -0.207731 -0.095974
1246.000000 255.000000 0.637247 -0.109730
386.000000 256.000000 -0.234614 -0.095516
273.000000 257.000000 -0.348189 -0.097153
385.000000 258.000000 -0.235546 -0.093670
415.000000 258.000000 -0.206731 -0.093178
503.000000 258.000000 -0.124403 -0.092123
1207.000000 258.000000 0.583690 -0.104323
301.000000 259.000000 -0.319096 -0.094504
317.000000 259.000000 -0.302795 -0.094119
411.000000 259.000000 -0.210532 -0.092312
431.000000 259.000000 -0.191526 -0.092019
1096.000000 259.000000 0.446396 -0.098202
1229.000000 259.000000 0.613386 -0.104500
1264.000000 259.000000 0.662615 -0.106566
384.000000 260.000000 -0.236480 -0.091824
438.000000 260.000000 -0.184903 -0.091001
80.000000 263.000000 -0.573090 -0.098675
407.000000 263.000000 -0.214294 -0.088665
427.000000 263.000000 -0.195258 -0.088379
429.000000 263.000000 -0.193364 -0.088351
395.000000 264.000000 -0.225792 -0.087922
1245.000000 264.000000 0.635315 -0.100129
29.000000 265.000000 -0.642392 -0.099285
409.000000 265.000000 -0.212352 -0.086782
552.000000 265.000000 -0.079515 -0.085387
257.000000 266.000000 -0.364848 -0.088968
406.000000 266.000000 -0.215206 -0.085900
259.000000 268.000000 -0.362669 -0.086995
406.000000 268.000000 -0.215177 -0.084047
1275.000000 268.000000 0.678026 -0.097550
102.000000 270.000000 -0.544312 -0.090460
99.000000 271.000000 -0.548096 -0.089571
291.000000 271.000000 -0.329098 -0.083349
1097.000000 271.000000 0.447117 -0.086407
1269.000000 271.000000 0.669141 -0.093997
404.000000 272.000000 -0.217034 -0.080372
258.000000 274.000000 -0.363577 -0.081270
1260.000000 274.000000 0.656030 -0.090317
406.000000 276.000000 -0.215067 -0.076644
1118.000000 276.000000 0.471423 -0.082176
80.000000 277.000000 -0.572439 -0.084241
268.000000 277.000000 -0.352932 -0.078162
1244.000000 278.000000 0.633188 -0.085284
1246.000000 278.000000 0.635992 -0.085379
1266.000000 279.000000 0.664394 -0.085287
297.000000 282.000000 -0.322690 -0.072798
1061.000000 282.000000 0.406195 -0.074594
269.000000 283.000000 -0.351748 -0.072417
1247.000000 284.000000 0.637119 -0.079093
1238.000000 285.000000 0.624510 -0.077648
464.000000 286.000000 -0.160267 -0.066832
1247.000000 286.000000 0.637031 -0.076984
434.000000 287.000000 -0.188363 -0.066187
1156.000000 288.000000 0.516932 -0.071461
33.000000 289.000000 -0.635616 -0.073734
1223.000000 289.000000 0.603754 -0.072853
1257.000000 289.000000 0.651045 -0.074240
1147.000000 290.000000 0.505797 -0.069166
1195.000000 290.000000 0.566431 -0.070770
1236.000000 290.000000 0.621532 -0.072323
1111.000000 291.000000 0.462745 -0.067126
1178.000000 291.000000 0.544465 -0.069159
1197.000000 291.000000 0.569009 -0.069816
1253.000000 291.000000 0.645283 -0.071957
1241.000000 293.000000 0.628354 -0.069374
1251.000000 293.000000 0.642375 -0.069764
3.000000 294.000000 -0.678220 -0.069653
283.000000 294.000000 -0.336918 -0.061694
1177.000000 294.000000 0.543093 -0.066079
420.000000 296.000000 -0.201515 -0.058048
1208.000000 296.000000 0.583345 -0.065057
393.000000 297.000000 -0.227284 -0.057391
513.000000 298.000000 -0.114944 -0.055569
256.000000 299.000000 -0.365172 -0.057409
1230.000000 299.000000 0.612937 -0.062698
259.000000 300.000000 -0.361973 -0.056403
394.000000 300.000000 -0.226293 -0.054610
411.000000 302.000000 -0.210014 -0.052610
1162.000000 302.000000 0.523966 -0.057552
73.000000 303.000000 -0.580710 -0.057757
394.000000 303.000000 -0.226264 -0.051842
409.000000 304.000000 -0.211902 -0.050786
1061.000000 304.000000 0.405705 -0.053307
1227.000000 304.000000 0.608671 -0.057395
390.000000 305.000000 -0.230093 -0.050032
397.000000 305.000000 -0.223366 -0.049969
417.000000 305.000000 -0.204284 -0.049801
298.000000 307.000000 -0.321261 -0.049185
397.000000 307.000000 -0.223349 -0.048125
1185.000000 308.000000 0.552921 -0.052088
297.000000 309.000000 -0.322260 -0.047313
394.000000 309.000000 -0.226211 -0.046307
1161.000000 309.000000 0.522544 -0.050486
1222.000000 309.000000 0.601725 -0.052057
344.000000 310.000000 -0.274931 -0.045843
349.000000 312.000000 -0.269971 -0.043932
1041.000000 312.000000 0.383734 -0.045278
263.000000 313.000000 -0.357548 -0.043965
298.000000 313.000000 -0.321187 -0.043534
385.000000 313.000000 -0.234843 -0.042689
1238.000000 313.000000 0.623533 -0.048335
302.000000 314.000000 -0.317087 -0.042548
382.000000 314.000000 -0.237733 -0.041790
426.000000 314.000000 -0.195694 -0.041475
1105.000000 315.000000 0.455232 -0.043395
1120.000000 315.000000 0.472765 -0.043661
383.000000 316.000000 -0.236751 -0.039935
385.000000 316.000000 -0.234820 -0.039920
288.000000 317.000000 -0.331421 -0.039876
299.000000 317.000000 -0.320120 -0.039758
348.000000 317.000000 -0.270912 -0.039291
1234.000000 317.000000 0.617906 -0.044060
285.000000 318.000000 -0.334510 -0.038965
290.000000 318.000000 -0.329348 -0.038911
302.000000 318.000000 -0.317045 -0.038787
352.000000 318.000000 -0.266961 -0.038328
357.000000 319.000000 -0.262039 -0.037359
423.000000 319.000000 -0.198501 -0.036910
431.000000 319.000000 -0.190945 -0.036864
1234.000000 319.000000 0.617858 -0.041976
286.000000 320.000000 -0.333455 -0.037066
382.000000 320.000000 -0.237689 -0.036249
1204.000000 320.000000 0.577390 -0.040282
291.000000 321.000000 -0.328287 -0.036073
357.000000 321.000000 -0.262023 -0.035504
425.000000 321.000000 -0.196598 -0.035065
355.000000 322.000000 -0.263979 -0.034591
318.000000 323.000000 -0.300775 -0.033950
291.000000 324.000000 -0.328259 -0.033246
299.000000 324.000000 -0.320052 -0.033175
430.000000 324.000000 -0.191862 -0.032292
1090.000000 324.000000 0.437875 -0.034374
1110.000000 324.000000 0.460899 -0.034645
422.000000 325.000000 -0.199415 -0.031415
1157.000000 325.000000 0.517268 -0.034356
286.000000 326.000000 -0.333398 -0.031405
300.000000 326.000000 -0.319013 -0.031286
425.000000 326.000000 -0.196573 -0.030484
149.000000 327.000000 -0.484843 -0.031956
350.000000 327.000000 -0.268864 -0.029984
435.000000 328.000000 -0.187135 -0.028609
1222.000000 328.000000 0.601293 -0.032393
1268.000000 328.000000 0.665598 -0.033244
1272.000000 328.000000 0.671382 -0.033322
283.000000 329.000000 -0.336477 -0.028599
431.000000 329.000000 -0.190897 -0.027711
290.000000 330.000000 -0.329239 -0.027601
1264.000000 330.000000 0.659807 -0.031051
345.000000 331.000000 -0.273774 -0.026299
422.000000 332.000000 -0.199384 -0.025002
436.000000 332.000000 -0.186178 -0.024948
316.000000 333.000000 -0.302719 -0.024608
434.000000 333.000000 -0.188056 -0.024041
445.000000 333.000000 -0.177729 -0.024003
451.000000 333.000000 -0.172116 -0.023983
150.000000 334.000000 -0.483566 -0.025023
283.000000 334.000000 -0.336440 -0.023880
399.000000 334.000000 -0.221262 -0.023259
425.000000 334.000000 -0.196539 -0.023159
46.000000 335.000000 -0.616352 -0.025296
279.000000 335.000000 -0.340583 -0.022962
438.000000 335.000000 -0.184288 -0.022200
1214.000000 336.000000 0.590406 -0.024020
293.000000 337.000000 -0.326107 -0.020991
397.000000 337.000000 -0.223166 -0.020508
400.000000 337.000000 -0.220294 -0.020497
1240.000000 337.000000 0.625826 -0.023322
1243.000000 337.000000 0.629999 -0.023362
445.000000 340.000000 -0.177708 -0.017614
401.000000 341.000000 -0.219324 -0.016818
299.000000 342.000000 -0.319934 -0.016261
446.000000 342.000000 -0.176767 -0.015787
1138.000000 342.000000 0.493875 -0.017194
297.000000 343.000000 -0.321976 -0.015330
302.000000 343.000000 -0.316868 -0.015310
403.000000 343.000000 -0.217408 -0.014975
1231.000000 343.000000 0.613346 -0.016977
97.000000 344.000000 -0.548779 -0.015523
349.000000 344.000000 -0.269767 -0.014208
401.000000 344.000000 -0.219316 -0.014062
100.000000 345.000000 -0.544950 -0.014490
317.000000 345.000000 -0.301654 -0.013381
436.000000 345.000000 -0.186142 -0.013069
443.000000 345.000000 -0.179571 -0.013055
289.000000 346.000000 -0.330181 -0.012539
312.000000 346.000000 -0.306700 -0.012462
441.000000 346.000000 -0.181445 -0.012146
463.000000 346.000000 -0.160900 -0.012110
96.000000 347.000000 -0.550035 -0.012495
297.000000 347.000000 -0.321961 -0.011572
300.000000 347.000000 -0.318894 -0.011562
303.000000 347.000000 -0.315834 -0.011553
318.000000 347.000000 -0.300640 -0.011508
213.000000 348.000000 -0.411220 -0.010918
293.000000 348.000000 -0.326060 -0.010644
355.000000 348.000000 -0.263854 -0.010482
309.000000 349.000000 -0.309730 -0.009662
313.000000 349.000000 -0.305680 -0.009652
431.000000 349.000000 -0.190840 -0.009422
212.000000 350.000000 -0.412320 -0.008993
280.000000 350.000000 -0.339476 -0.008795
335.000000 350.000000 -0.283615 -0.008669
300.000000 351.000000 -0.318884 -0.007807
312.000000 351.000000 -0.306687 -0.007783
323.000000 351.000000 -0.295604 -0.007761
439.000000 351.000000 -0.183314 -0.007584
280.000000 352.000000 -0.339472 -0.006908
318.000000 352.000000 -0.300628 -0.006836
331.000000 352.000000 -0.287597 -0.006814
436.000000 352.000000 -0.186131 -0.006674
3.000000 353.000000 -0.676904 -0.006778
294.000000 353.000000 -0.325022 -0.005940
296.000000 354.000000 -0.322970 -0.004997
321.000000 354.000000 -0.297607 -0.004963
1163.000000 354.000000 0.524443 -0.005359
1270.000000 354.000000 0.668186 -0.005697
1139.000000 355.000000 0.495018 -0.004305
1250.000000 355.000000 0.639656 -0.004578
1276.000000 355.000000 0.676889 -0.004654
295.000000 356.000000 -0.323992 -0.003119
301.000000 356.000000 -0.317855 -0.003113
321.000000 356.000000 -0.297605 -0.003096
327.000000 356.000000 -0.291589 -0.003091
425.000000 356.000000 -0.196494 -0.003026
323.000000 357.000000 -0.295596 -0.002161
407.000000 357.000000 -0.213571 -0.002119
1186.000000 357.000000 0.553541 -0.002382
217.000000 358.000000 -0.406781 -0.001278
297.000000 358.000000 -0.321942 -0.001238
329.000000 358.000000 -0.289588 -0.001226
1127.000000 358.000000 0.480643 -0.001321
1221.000000 358.000000 0.599663 -0.001402
1176.000000 359.000000 0.540772 -0.000351
51.000000 362.000000 -0.609350 0.002733
55.000000 362.000000 -0.603921 0.002728
218.000000 362.000000 -0.405680 0.002571
299.000000 362.000000 -0.319897 0.002518
467.000000 362.000000 -0.157174 0.002451
1149.000000 362.000000 0.507161 0.002648
207.000000 363.000000 -0.417859 0.003545
426.000000 363.000000 -0.195549 0.003377
429.000000 363.000000 -0.192718 0.003376
1195.000000 363.000000 0.565185 0.003714
46.000000 364.000000 -0.616184 0.004815
462.000000 364.000000 -0.161821 0.004272
1148.000000 364.000000 0.505942 0.004638
1266.000000 364.000000 0.662414 0.004898
471.000000 365.000000 -0.153464 0.005177
1039.000000 365.000000 0.381229 0.005421
331.000000 366.000000 -0.287595 0.006227
47.000000 367.000000 -0.614823 0.007925
197.000000 367.000000 -0.429062 0.007433
319.000000 367.000000 -0.299621 0.007178
466.000000 367.000000 -0.158105 0.007000
1176.000000 367.000000 0.540785 0.007719
438.000000 368.000000 -0.184253 0.007938
4.000000 369.000000 -0.675463 0.010231
288.000000 371.000000 -0.331204 0.010999
291.000000 371.000000 -0.328114 0.010991
457.000000 371.000000 -0.166482 0.010650
1140.000000 371.000000 0.496248 0.011570
1268.000000 371.000000 0.665326 0.012318
218.000000 372.000000 -0.405704 0.012192
47.000000 373.000000 -0.614858 0.014151
436.000000 374.000000 -0.186141 0.013421
356.000000 375.000000 -0.262882 0.014533
425.000000 375.000000 -0.196509 0.014357
340.000000 376.000000 -0.278667 0.015512
433.000000 376.000000 -0.188967 0.015254
1218.000000 376.000000 0.595689 0.017149
1269.000000 376.000000 0.666810 0.017625
344.000000 377.000000 -0.274709 0.016428
5.000000 378.000000 -0.674089 0.019787
459.000000 378.000000 -0.164631 0.017023
1106.000000 378.000000 0.456068 0.018264
1267.000000 378.000000 0.663947 0.019723
293.000000 379.000000 -0.326089 0.018510
297.000000 379.000000 -0.321987 0.018491
462.000000 379.000000 -0.161841 0.017927
465.000000 379.000000 -0.159052 0.017920
458.000000 380.000000 -0.165567 0.018847
1070.000000 380.000000 0.415222 0.019956
298.000000 381.000000 -0.320974 0.020365
53.000000 382.000000 -0.606766 0.023418
432.000000 382.000000 -0.189924 0.020742
463.000000 382.000000 -0.160918 0.020656
1275.000000 382.000000 0.675576 0.024068
298.000000 383.000000 -0.320985 0.022244
418.000000 383.000000 -0.203156 0.021702
54.000000 384.000000 -0.605435 0.025475
437.000000 384.000000 -0.185227 0.022555
1245.000000 385.000000 0.632822 0.026809
417.000000 387.000000 -0.204119 0.025372
1155.000000 387.000000 0.514692 0.027635
1245.000000 387.000000 0.632852 0.028902
1252.000000 387.000000 0.642684 0.029014
57.000000 388.000000 -0.601433 0.029567
32.000000 389.000000 -0.635804 0.031011
342.000000 389.000000 -0.276746 0.027592
1271.000000 389.000000 0.669881 0.031448
399.000000 390.000000 -0.221283 0.028206
31.000000 391.000000 -0.637238 0.033123
458.000000 391.000000 -0.165600 0.028871
24.000000 392.000000 -0.647105 0.034303
1111.000000 392.000000 0.462017 0.032035
62.000000 393.000000 -0.594788 0.034643
361.000000 393.000000 -0.258067 0.031187
1255.000000 393.000000 0.647034 0.035378
1220.000000 394.000000 0.598632 0.035748
1253.000000 394.000000 0.644223 0.036391
291.000000 396.000000 -0.328264 0.034528
313.000000 396.000000 -0.305820 0.034335
1188.000000 396.000000 0.556442 0.037208
295.000000 397.000000 -0.324163 0.035433
400.000000 397.000000 -0.220364 0.034640
411.000000 397.000000 -0.209867 0.034576
456.000000 398.000000 -0.167493 0.035262
478.000000 398.000000 -0.147057 0.035169
1190.000000 398.000000 0.559063 0.039279
409.000000 399.000000 -0.211783 0.036425
1119.000000 399.000000 0.471492 0.039034
345.000000 400.000000 -0.273855 0.037802
424.000000 400.000000 -0.197553 0.037254
459.000000 400.000000 -0.164706 0.037073
480.000000 400.000000 -0.145215 0.036981
288.000000 401.000000 -0.331405 0.039272
316.000000 401.000000 -0.302833 0.038992
417.000000 401.000000 -0.204189 0.038213
450.000000 401.000000 -0.173111 0.038029
425.000000 402.000000 -0.196619 0.039082
437.000000 402.000000 -0.185306 0.039013
440.000000 402.000000 -0.182487 0.038996
448.000000 402.000000 -0.174987 0.038953
457.000000 402.000000 -0.166580 0.038907
463.000000 402.000000 -0.160991 0.038878
1275.000000 402.000000 0.675971 0.045369
109.000000 403.000000 -0.533970 0.043927
111.000000 403.000000 -0.531460 0.043886
476.000000 403.000000 -0.148930 0.039728
479.000000 403.000000 -0.146153 0.039715
60.000000 404.000000 -0.597705 0.046036
115.000000 404.000000 -0.526480 0.044811
313.000000 404.000000 -0.305895 0.041833
418.000000 404.000000 -0.203259 0.040960
457.000000 404.000000 -0.166590 0.040732
468.000000 404.000000 -0.156353 0.040677
1269.000000 404.000000 0.667324 0.047339
25.000000 405.000000 -0.645988 0.047964
438.000000 405.000000 -0.184383 0.041752
451.000000 405.000000 -0.172198 0.041678
1253.000000 405.000000 0.644481 0.047968
1272.000000 405.000000 0.671693 0.048484
61.000000 406.000000 -0.596410 0.048077
301.000000 406.000000 -0.318115 0.043841
314.000000 406.000000 -0.304904 0.043697
316.000000 406.000000 -0.302884 0.043676
823.000000 406.000000 0.166929 0.042566
53.000000 407.000000 -0.607245 0.049316
81.000000 407.000000 -0.569936 0.048612
106.000000 407.000000 -0.537834 0.048027
297.000000 407.000000 -0.322218 0.044828
462.000000 407.000000 -0.161947 0.043443
1208.000000 407.000000 0.582853 0.048882
312.000000 408.000000 -0.306950 0.045595
114.000000 409.000000 -0.527837 0.049861
147.000000 409.000000 -0.487514 0.049142
299.000000 409.000000 -0.320194 0.046687
449.000000 409.000000 -0.174091 0.045344
105.000000 410.000000 -0.539167 0.051081
303.000000 410.000000 -0.316120 0.047580
315.000000 410.000000 -0.303938 0.047437
436.000000 410.000000 -0.186295 0.046342
1244.000000 410.000000 0.631971 0.052971
144.000000 411.000000 -0.491151 0.051190
209.000000 411.000000 -0.416080 0.049918
288.000000 411.000000 -0.331524 0.048712
218.000000 412.000000 -0.406131 0.050728
299.000000 412.000000 -0.320232 0.049512
313.000000 412.000000 -0.305985 0.049337
474.000000 412.000000 -0.150828 0.047937
446.000000 413.000000 -0.176926 0.049021
216.000000 414.000000 -0.408373 0.052695
222.000000 414.000000 -0.401766 0.052587
74.000000 415.000000 -0.579341 0.056995
87.000000 415.000000 -0.562337 0.056626
127.000000 415.000000 -0.511884 0.055574
236.000000 415.000000 -0.386522 0.053305
104.000000 416.000000 -0.540586 0.057175
216.000000 416.000000 -0.408410 0.054627
221.000000 416.000000 -0.402900 0.054534
444.000000 416.000000 -0.178822 0.051780
73.000000 417.000000 -0.580720 0.059080
231.000000 417.000000 -0.391984 0.055314
234.000000 417.000000 -0.388725 0.055260
484.000000 417.000000 -0.141601 0.052437
225.000000 418.000000 -0.398550 0.056388
229.000000 418.000000 -0.394180 0.056313
237.000000 418.000000 -0.385493 0.056167
454.000000 418.000000 -0.169476 0.053539
471.000000 418.000000 -0.153646 0.053426
473.000000 418.000000 -0.151791 0.053414
74.000000 419.000000 -0.579460 0.061105
222.000000 419.000000 -0.401858 0.057410
320.000000 419.000000 -0.299006 0.055813
441.000000 419.000000 -0.181660 0.054550
16.000000 420.000000 -0.659248 0.064098
317.000000 420.000000 -0.302045 0.056792
335.000000 420.000000 -0.283992 0.056552
449.000000 420.000000 -0.174166 0.055405
452.000000 420.000000 -0.171359 0.055383
468.000000 420.000000 -0.156445 0.055271
482.000000 420.000000 -0.143468 0.055182
73.000000 421.000000 -0.580845 0.063193
132.000000 421.000000 -0.505920 0.061447
228.000000 421.000000 -0.395328 0.059221
233.000000 421.000000 -0.389884 0.059123
239.000000 421.000000 -0.383387 0.059009
374.000000 421.000000 -0.245635 0.057017
400.000000 421.000000 -0.220553 0.056745
454.000000 421.000000 -0.169497 0.056283
475.000000 421.000000 -0.149955 0.056138
1151.000000 421.000000 0.510448 0.061579
312.000000 422.000000 -0.307131 0.058742
316.000000 422.000000 -0.303083 0.058684
447.000000 422.000000 -0.176054 0.057251
463.000000 422.000000 -0.161110 0.057132
1143.000000 422.000000 0.500699 0.062360
1259.000000 422.000000 0.653546 0.066115
233.000000 423.000000 -0.389924 0.061047
239.000000 423.000000 -0.383426 0.060929
444.000000 423.000000 -0.178875 0.058191
475.000000 423.000000 -0.149968 0.057963
317.000000 424.000000 -0.302103 0.060547
454.000000 424.000000 -0.169520 0.059028
461.000000 424.000000 -0.162988 0.058975
490.000000 424.000000 -0.136103 0.058779
312.000000 425.000000 -0.307176 0.061562
374.000000 425.000000 -0.245681 0.060725
398.000000 425.000000 -0.222510 0.060457
451.000000 425.000000 -0.172333 0.059967
463.000000 425.000000 -0.161132 0.059874
475.000000 425.000000 -0.149982 0.059788
1215.000000 425.000000 0.592740 0.067656
1246.000000 425.000000 0.635273 0.068793
217.000000 426.000000 -0.407510 0.064276
222.000000 426.000000 -0.402002 0.064167
358.000000 426.000000 -0.261323 0.061851
392.000000 426.000000 -0.228285 0.061445
466.000000 426.000000 -0.158347 0.060766
484.000000 426.000000 -0.141657 0.060640
73.000000 427.000000 -0.581047 0.069367
211.000000 427.000000 -0.414179 0.065380
463.000000 427.000000 -0.161147 0.061703
1257.000000 427.000000 0.650889 0.071333
71.000000 428.000000 -0.583732 0.070469
468.000000 428.000000 -0.156502 0.062579
476.000000 428.000000 -0.149076 0.062520
491.000000 428.000000 -0.135206 0.062418
1262.000000 428.000000 0.658070 0.072597
392.000000 429.000000 -0.228319 0.064219
451.000000 429.000000 -0.172366 0.063630
1242.000000 429.000000 0.629836 0.072843
71.000000 430.000000 -0.583806 0.072531
213.000000 430.000000 -0.412028 0.068242
215.000000 430.000000 -0.409812 0.068195
338.000000 430.000000 -0.281143 0.065859
341.000000 430.000000 -0.278161 0.065814
376.000000 430.000000 -0.243799 0.065338
448.000000 430.000000 -0.175183 0.064572
475.000000 430.000000 -0.150018 0.064354
69.000000 431.000000 -0.586501 0.073638
89.000000 431.000000 -0.560256 0.072901
303.000000 431.000000 -0.316430 0.067360
306.000000 431.000000 -0.313370 0.067308
450.000000 431.000000 -0.173319 0.065472
472.000000 431.000000 -0.152809 0.065291
488.000000 431.000000 -0.137995 0.065174
1118.000000 431.000000 0.471029 0.070604
1265.000000 431.000000 0.662503 0.075913
93.000000 432.000000 -0.555130 0.073779
62.000000 434.000000 -0.595979 0.077015
159.000000 434.000000 -0.473893 0.073610
445.000000 434.000000 -0.178033 0.068268
1147.000000 434.000000 0.505939 0.074488
161.000000 435.000000 -0.471565 0.074540
316.000000 435.000000 -0.303290 0.070903
441.000000 435.000000 -0.181799 0.069224
449.000000 435.000000 -0.174292 0.069148
1128.000000 435.000000 0.483012 0.074874
1130.000000 435.000000 0.485403 0.074937
62.000000 437.000000 -0.596102 0.080127
100.000000 437.000000 -0.546347 0.078617
307.000000 437.000000 -0.312459 0.072948
454.000000 437.000000 -0.169630 0.070936
93.000000 438.000000 -0.555355 0.079905
97.000000 438.000000 -0.550219 0.079750
440.000000 439.000000 -0.182780 0.072909
479.000000 439.000000 -0.146380 0.072548
242.000000 440.000000 -0.380563 0.077197
1262.000000 440.000000 0.658605 0.085359
175.000000 441.000000 -0.455398 0.080034
454.000000 441.000000 -0.169669 0.074605
39.000000 442.000000 -0.627751 0.086372
457.000000 442.000000 -0.166874 0.075493
488.000000 442.000000 -0.138076 0.075218
171.000000 443.000000 -0.460107 0.082135
174.000000 443.000000 -0.456620 0.082038
448.000000 443.000000 -0.175308 0.076501
1230.000000 443.000000 0.613841 0.087003
480.000000 444.000000 -0.145495 0.077114
485.000000 444.000000 -0.140866 0.077071
1151.000000 444.000000 0.511201 0.084674
1275.000000 444.000000 0.677602 0.090287
1140.000000 445.000000 0.497797 0.085265
164.000000 446.000000 -0.468394 0.085337
454.000000 446.000000 -0.169719 0.079194
479.000000 446.000000 -0.146439 0.078953
11.000000 447.000000 -0.667623 0.093071
39.000000 447.000000 -0.627993 0.091633
61.000000 448.000000 -0.597942 0.091603
441.000000 448.000000 -0.181937 0.081175
834.000000 448.000000 0.177577 0.081136
1237.000000 448.000000 0.623743 0.092591
1249.000000 448.000000 0.640523 0.093204
450.000000 449.000000 -0.173497 0.081994
458.000000 449.000000 -0.166011 0.081908
460.000000 449.000000 -0.164143 0.081887
443.000000 450.000000 -0.180079 0.082993
473.000000 450.000000 -0.152045 0.082673
34.000000 451.000000 -0.635169 0.096109
85.000000 451.000000 -0.566275 0.093572
439.000000 451.000000 -0.183855 0.083961
9.000000 452.000000 -0.670781 0.098533
115.000000 452.000000 -0.528007 0.093248
450.000000 452.000000 -0.173531 0.084753
1205.000000 452.000000 0.580534 0.095175
443.000000 453.000000 -0.180115 0.085755
451.000000 454.000000 -0.172616 0.086581
453.000000 455.000000 -0.170754 0.087478
456.000000 455.000000 -0.167946 0.087444
1143.000000 455.000000 0.501841 0.095420
1216.000000 455.000000 0.595392 0.098844
1259.000000 455.000000 0.655101 0.101189
437.000000 456.000000 -0.185802 0.088595
450.000000 456.000000 -0.173577 0.088434
469.000000 458.000000 -0.155848 0.090057
479.000000 459.000000 -0.146564 0.090870
444.000000 460.000000 -0.179262 0.092194
447.000000 461.000000 -0.176455 0.093078
478.000000 461.000000 -0.147513 0.092716
475.000000 462.000000 -0.150310 0.093667
59.000000 463.000000 -0.601426 0.107356
448.000000 463.000000 -0.175541 0.094909
467.000000 463.000000 -0.157767 0.094676
470.000000 463.000000 -0.154972 0.094642
451.000000 464.000000 -0.172739 0.095793
455.000000 464.000000 -0.168990 0.095742
480.000000 464.000000 -0.145689 0.095451
58.000000 465.000000 -0.602894 0.109506
446.000000 465.000000 -0.177447 0.096781
462.000000 465.000000 -0.162456 0.096576
1157.000000 465.000000 0.519532 0.106152
1221.000000 465.000000 0.602707 0.109567
16.000000 466.000000 -0.661540 0.113120
452.000000 466.000000 -0.171827 0.097624
1131.000000 466.000000 0.487793 0.105943
445.000000 467.000000 -0.178414 0.098641
460.000000 467.000000 -0.164349 0.098444
465.000000 467.000000 -0.159680 0.098382
469.000000 467.000000 -0.155950 0.098334
1133.000000 467.000000 0.490246 0.107037
247.000000 468.000000 -0.375982 0.104046
402.000000 468.000000 -0.219273 0.100234
406.000000 468.000000 -0.215437 0.100165
451.000000 469.000000 -0.172805 0.100406
462.000000 469.000000 -0.162505 0.100262
1088.000000 469.000000 0.437557 0.107088
1266.000000 469.000000 0.666020 0.116615
447.000000 470.000000 -0.176575 0.101384
456.000000 470.000000 -0.168131 0.101262
464.000000 470.000000 -0.160650 0.101159
471.000000 470.000000 -0.154123 0.101072
1226.000000 470.000000 0.609824 0.115116
1269.000000 470.000000 0.670426 0.117891
971.000000 471.000000 0.311659 0.105125
1243.000000 471.000000 0.633430 0.117246
251.000000 472.000000 -0.371819 0.107779
1014.000000 472.000000 0.356385 0.107343
409.000000 473.000000 -0.212651 0.104762
466.000000 473.000000 -0.158821 0.103899
244.000000 474.000000 -0.379418 0.109954
406.000000 474.000000 -0.215542 0.105746
448.000000 474.000000 -0.175692 0.105067
456.000000 474.000000 -0.168185 0.104955
1187.000000 474.000000 0.558101 0.116953
403.000000 475.000000 -0.218438 0.106732
463.000000 475.000000 -0.161649 0.105784
968.000000 475.000000 0.308708 0.108845
459.000000 476.000000 -0.165403 0.106761
61.000000 477.000000 -0.599565 0.121901
403.000000 477.000000 -0.218475 0.108595
1133.000000 477.000000 0.490727 0.117094
1222.000000 478.000000 0.604871 0.123279
1268.000000 478.000000 0.669534 0.126449
985.000000 479.000000 0.326270 0.113151
475.000000 480.000000 -0.150524 0.110241
1220.000000 480.000000 0.602282 0.125252
1239.000000 480.000000 0.628441 0.126541
1261.000000 480.000000 0.659582 0.128099
66.000000 481.000000 -0.593088 0.125772
244.000000 481.000000 -0.379670 0.116743
405.000000 481.000000 -0.216631 0.112287
488.000000 481.000000 -0.138463 0.111003
1226.000000 481.000000 0.610536 0.126708
469.000000 482.000000 -0.156141 0.112168
1167.000000 483.000000 0.533030 0.125044
1224.000000 483.000000 0.607936 0.128683
1094.000000 484.000000 0.445093 0.122194
375.000000 485.000000 -0.245745 0.116660
1266.000000 485.000000 0.667157 0.133861
64.000000 486.000000 -0.596112 0.131152
146.000000 486.000000 -0.491583 0.126126
1055.000000 486.000000 0.401213 0.122435
1092.000000 486.000000 0.442886 0.124086
1188.000000 486.000000 0.560131 0.129427
1185.000000 487.000000 0.556301 0.130271
1274.000000 487.000000 0.678933 0.136644
74.000000 488.000000 -0.582866 0.132566
471.000000 488.000000 -0.154359 0.117688
1098.000000 488.000000 0.449906 0.126365
1240.000000 488.000000 0.630411 0.135129
1246.000000 488.000000 0.638833 0.135577
458.000000 489.000000 -0.166529 0.118806
1044.000000 489.000000 0.389260 0.124912
6.000000 490.000000 -0.677695 0.139722
70.000000 490.000000 -0.588336 0.134936
74.000000 490.000000 -0.583003 0.134659
76.000000 490.000000 -0.580347 0.134521
1151.000000 490.000000 0.513439 0.131253
75.000000 492.000000 -0.581813 0.136683
1092.000000 492.000000 0.443178 0.130049
11.000000 493.000000 -0.670684 0.142578
490.000000 493.000000 -0.136758 0.122055
42.000000 494.000000 -0.626802 0.141215
76.000000 494.000000 -0.580626 0.138707
1022.000000 494.000000 0.365686 0.128891
1048.000000 495.000000 0.393894 0.130951
1138.000000 495.000000 0.497775 0.135570
1167.000000 495.000000 0.533772 0.137369
40.000000 496.000000 -0.629740 0.143504
1081.000000 496.000000 0.430795 0.133476
74.000000 497.000000 -0.583499 0.141995
1224.000000 497.000000 0.608954 0.143492
458.000000 498.000000 -0.166673 0.127160
465.000000 498.000000 -0.160114 0.127047
40.000000 499.000000 -0.629977 0.146710
74.000000 499.000000 -0.583645 0.144094
479.000000 499.000000 -0.147061 0.127761
1148.000000 499.000000 0.510281 0.140255
1209.000000 499.000000 0.588775 0.144468
1219.000000 499.000000 0.602284 0.145228
23.000000 500.000000 -0.654028 0.149170
1057.000000 500.000000 0.404047 0.136270
1164.000000 500.000000 0.530311 0.142319
890.000000 501.000000 0.231919 0.131382
88.000000 502.000000 -0.565401 0.146209
41.000000 504.000000 -0.628990 0.151978
78.000000 504.000000 -0.578707 0.149045
1144.000000 504.000000 0.505674 0.145108
1160.000000 504.000000 0.525547 0.146168
11.000000 505.000000 -0.671692 0.155615
90.000000 505.000000 -0.563011 0.149194
77.000000 506.000000 -0.580186 0.151222
1191.000000 506.000000 0.565441 0.150461
1187.000000 507.000000 0.560290 0.151205
35.000000 508.000000 -0.637722 0.156777
97.000000 508.000000 -0.554150 0.151804
110.000000 508.000000 -0.537505 0.150859
27.000000 509.000000 -0.649107 0.158551
46.000000 509.000000 -0.622463 0.156912
88.000000 510.000000 -0.566000 0.154572
100.000000 510.000000 -0.550431 0.153663
103.000000 510.000000 -0.546578 0.153441
105.000000 510.000000 -0.544018 0.153294
107.000000 510.000000 -0.541465 0.153147
969.000000 510.000000 0.310849 0.142324
1182.000000 510.000000 0.554022 0.153960
1158.000000 511.000000 0.523524 0.153240
1178.000000 511.000000 0.548933 0.154701
1166.000000 513.000000 0.533752 0.155885
88.000000 514.000000 -0.566312 0.158764
1203.000000 514.000000 0.581929 0.159812
1105.000000 515.000000 0.459558 0.153809
1229.000000 515.000000 0.617313 0.163086
1233.000000 515.000000 0.622856 0.163439
88.000000 516.000000 -0.566472 0.160862
1137.000000 516.000000 0.497901 0.156909
1224.000000 516.000000 0.610514 0.163717
130.000000 517.000000 -0.513079 0.158716
328.000000 517.000000 -0.293336 0.148373
1226.000000 517.000000 0.613351 0.164963
91.000000 518.000000 -0.562712 0.162720
493.000000 518.000000 -0.134326 0.145210
1246.000000 519.000000 0.641443 0.168935
91.000000 520.000000 -0.562874 0.164818
1264.000000 520.000000 0.667287 0.171735
1088.000000 521.000000 0.440177 0.158807
1161.000000 521.000000 0.528032 0.163801
500.000000 522.000000 -0.127889 0.148832
103.000000 524.000000 -0.547662 0.168033
1053.000000 524.000000 0.400836 0.159782
1085.000000 524.000000 0.436913 0.161637
1111.000000 524.000000 0.467203 0.163299
103.000000 526.000000 -0.547825 0.170124
142.000000 526.000000 -0.498978 0.167100
1135.000000 526.000000 0.496170 0.167016
64.000000 527.000000 -0.599389 0.174565
1128.000000 527.000000 0.487742 0.167535
1145.000000 527.000000 0.508520 0.168789
62.000000 528.000000 -0.602195 0.175818
1214.000000 528.000000 0.597946 0.175640
69.000000 529.000000 -0.592817 0.176242
165.000000 529.000000 -0.471504 0.168531
1238.000000 529.000000 0.631138 0.178998
1086.000000 530.000000 0.438437 0.167734
1036.000000 531.000000 0.382530 0.165791
1237.000000 531.000000 0.629934 0.181066
1243.000000 534.000000 0.638668 0.184924
1186.000000 535.000000 0.561290 0.180529
1156.000000 537.000000 0.523019 0.180032
1236.000000 537.000000 0.629137 0.187472
1267.000000 538.000000 0.673479 0.191827
26.000000 539.000000 -0.653432 0.191295
208.000000 539.000000 -0.422350 0.175781
1175.000000 540.000000 0.547457 0.184817
98.000000 541.000000 -0.555580 0.186326
1133.000000 541.000000 0.494874 0.182309
95.000000 542.000000 -0.559573 0.187659
137.000000 542.000000 -0.506350 0.184000
202.000000 542.000000 -0.429360 0.179192
332.000000 542.000000 -0.290247 0.172297
102.000000 543.000000 -0.550586 0.188073
1067.000000 543.000000 0.417627 0.179594
1238.000000 543.000000 0.632565 0.194207
94.000000 544.000000 -0.561063 0.189870
1248.000000 544.000000 0.646803 0.196373
1270.000000 544.000000 0.678508 0.198797
100.000000 545.000000 -0.553356 0.190369
124.000000 545.000000 -0.522767 0.188217
136.000000 545.000000 -0.507832 0.187196
511.000000 545.000000 -0.118042 0.170180
193.000000 546.000000 -0.439947 0.183851
1261.000000 546.000000 0.665661 0.200006
123.000000 547.000000 -0.524197 0.190396
135.000000 547.000000 -0.509237 0.189360
1214.000000 547.000000 0.599802 0.196033
1244.000000 547.000000 0.641455 0.199225
27.000000 548.000000 -0.652980 0.201068
506.000000 548.000000 -0.122730 0.173080
190.000000 549.000000 -0.443624 0.187111
1162.000000 550.000000 0.531731 0.194165
1236.000000 550.000000 0.630514 0.201631
1127.000000 552.000000 0.488468 0.193197
1223.000000 552.000000 0.612658 0.202395
453.000000 553.000000 -0.172508 0.178886
1220.000000 553.000000 0.608638 0.203156
1026.000000 554.000000 0.372964 0.188048
87.000000 556.000000 -0.571428 0.203336
94.000000 556.000000 -0.562227 0.202629
129.000000 556.000000 -0.517485 0.199287
1248.000000 556.000000 0.648147 0.209569
108.000000 557.000000 -0.544177 0.202312
1044.000000 557.000000 0.392853 0.192167
1185.000000 557.000000 0.562081 0.203797
1222.000000 557.000000 0.611827 0.207722
1124.000000 558.000000 0.485337 0.199163
1216.000000 558.000000 0.603701 0.208148
1245.000000 558.000000 0.644114 0.211427
1249.000000 558.000000 0.649805 0.211893
1185.000000 559.000000 0.562284 0.205934
95.000000 560.000000 -0.561323 0.206797
97.000000 560.000000 -0.558711 0.206593
522.000000 560.000000 -0.108083 0.184131
1145.000000 560.000000 0.511285 0.203107
129.000000 561.000000 -0.517945 0.204536
1247.000000 561.000000 0.647308 0.214973
1080.000000 562.000000 0.433766 0.199746
1118.000000 562.000000 0.478439 0.202800
91.000000 563.000000 -0.566880 0.210421
1137.000000 563.000000 0.501655 0.205518
1152.000000 563.000000 0.520317 0.206916
1146.000000 564.000000 0.512902 0.207400
1242.000000 564.000000 0.640567 0.217694
94.000000 565.000000 -0.563150 0.212250
1218.000000 565.000000 0.607226 0.215989
21.000000 567.000000 -0.663793 0.222802
1231.000000 569.000000 0.625697 0.221894
1234.000000 569.000000 0.629896 0.222253
1188.000000 570.000000 0.567396 0.218053
1196.000000 570.000000 0.578014 0.218936
1249.000000 570.000000 0.651250 0.225192
1261.000000 571.000000 0.668638 0.227809
360.000000 572.000000 -0.263379 0.200238
1266.000000 572.000000 0.676027 0.229565
1036.000000 573.000000 0.385103 0.207736
1161.000000 573.000000 0.532696 0.218399
1058.000000 576.000000 0.409796 0.212361
1090.000000 577.000000 0.446547 0.215941
1207.000000 577.000000 0.593615 0.227806
1082.000000 579.000000 0.437419 0.217335
1219.000000 579.000000 0.610260 0.231444
1071.000000 580.000000 0.424853 0.217464
1135.000000 580.000000 0.500804 0.223192
1011.000000 581.000000 0.358455 0.214116
366.000000 582.000000 -0.257834 0.209736
1029.000000 582.000000 0.378049 0.216343
514.000000 583.000000 -0.115909 0.206104
1097.000000 583.000000 0.455276 0.222764
1180.000000 583.000000 0.558328 0.231185
80.000000 584.000000 -0.583841 0.234366
525.000000 584.000000 -0.105693 0.206861
1237.000000 584.000000 0.635990 0.239249
1097.000000 585.000000 0.455454 0.224844
1143.000000 585.000000 0.511239 0.229297
1230.000000 585.000000 0.626286 0.239457
140.000000 586.000000 -0.506698 0.229851
1252.000000 586.000000 0.657607 0.243461
1125.000000 588.000000 0.489326 0.230643
1130.000000 589.000000 0.495551 0.232203
1173.000000 589.000000 0.549883 0.236868
973.000000 593.000000 0.318968 0.223756
1124.000000 593.000000 0.488609 0.235826
105.000000 594.000000 -0.552020 0.242279
1046.000000 594.000000 0.397733 0.229829
1221.000000 594.000000 0.614930 0.248282
26.000000 596.000000 -0.660396 0.254681
131.000000 596.000000 -0.519002 0.241471
1023.000000 596.000000 0.372498 0.230116
1064.000000 596.000000 0.418191 0.233363
84.000000 597.000000 -0.580077 0.248103
376.000000 597.000000 -0.248565 0.223997
982.000000 597.000000 0.328644 0.228320
512.000000 598.000000 -0.118071 0.220524
549.000000 598.000000 -0.083650 0.219876
1119.000000 598.000000 0.483032 0.240609
88.000000 599.000000 -0.574992 0.249796
115.000000 599.000000 -0.539681 0.246522
127.000000 599.000000 -0.524382 0.245140
1071.000000 599.000000 0.426456 0.237077
1127.000000 600.000000 0.493011 0.243568
1011.000000 601.000000 0.359830 0.234326
1195.000000 601.000000 0.580395 0.252641
165.000000 602.000000 -0.477758 0.244241
1273.000000 602.000000 0.690357 0.264542
91.000000 603.000000 -0.571509 0.253808
160.000000 603.000000 -0.483916 0.245820
320.000000 603.000000 -0.305564 0.232881
387.000000 603.000000 -0.237945 0.229405
1179.000000 603.000000 0.559403 0.252810
82.000000 604.000000 -0.583652 0.256064
1237.000000 604.000000 0.638697 0.261656
531.000000 605.000000 -0.100482 0.226900
525.000000 606.000000 -0.106092 0.227977
105.000000 607.000000 -0.553594 0.256431
121.000000 607.000000 -0.532941 0.254479
1001.000000 607.000000 0.349497 0.239707
1079.000000 608.000000 0.436518 0.247193
1103.000000 608.000000 0.464784 0.249556
35.000000 609.000000 -0.649371 0.268120
529.000000 610.000000 -0.102437 0.231766
1102.000000 610.000000 0.463795 0.251571
516.000000 611.000000 -0.114602 0.232994
117.000000 612.000000 -0.538674 0.260402
632.000000 612.000000 -0.007209 0.232669
1083.000000 612.000000 0.441561 0.251777
622.000000 613.000000 -0.016419 0.233654
418.000000 614.000000 -0.208034 0.238915
1163.000000 614.000000 0.539944 0.262836
116.000000 616.000000 -0.540460 0.264895
210.000000 617.000000 -0.426243 0.255602
541.000000 617.000000 -0.091381 0.238330
33.000000 618.000000 -0.653542 0.278649
532.000000 618.000000 -0.099790 0.239464
1143.000000 618.000000 0.514944 0.264730
109.000000 619.000000 -0.549909 0.269080
568.000000 619.000000 -0.066330 0.239867
1149.000000 619.000000 0.522650 0.266549
1276.000000 619.000000 0.697306 0.284574
107.000000 620.000000 -0.552646 0.270441
224.000000 620.000000 -0.410538 0.257437
532.000000 620.000000 -0.099828 0.241407
66.000000 621.000000 -0.607725 0.277200
1051.000000 621.000000 0.405649 0.258188
165.000000 622.000000 -0.479906 0.265560
1044.000000 623.000000 0.397944 0.259642
576.000000 624.000000 -0.058976 0.244624
129.000000 625.000000 -0.524960 0.273100
132.000000 625.000000 -0.521156 0.272723
1190.000000 625.000000 0.576919 0.278576
474.000000 626.000000 -0.154611 0.248716
1038.000000 626.000000 0.391495 0.262234
152.000000 627.000000 -0.496398 0.272455
627.000000 627.000000 -0.011844 0.247193
113.000000 628.000000 -0.545895 0.278473
620.000000 629.000000 -0.018315 0.249158
624.000000 629.000000 -0.014620 0.249145
115.000000 630.000000 -0.543569 0.280416
310.000000 630.000000 -0.317720 0.260822
61.000000 631.000000 -0.616102 0.289240
118.000000 631.000000 -0.539824 0.281120
65.000000 632.000000 -0.610721 0.289773
105.000000 632.000000 -0.556879 0.283993
616.000000 633.000000 -0.022028 0.253071
70.000000 634.000000 -0.604143 0.291289
225.000000 635.000000 -0.410823 0.273097
476.000000 635.000000 -0.152989 0.257519
646.000000 635.000000 0.005706 0.254977
222.000000 636.000000 -0.414339 0.274449
111.000000 637.000000 -0.549722 0.288724
232.000000 637.000000 -0.403082 0.274529
102.000000 638.000000 -0.561669 0.291106
467.000000 638.000000 -0.161680 0.260784
110.000000 639.000000 -0.551306 0.291092
127.000000 639.000000 -0.529333 0.288757
519.000000 639.000000 -0.112412 0.260278
522.000000 639.000000 -0.109592 0.260209
595.000000 639.000000 -0.041513 0.259071
540.000000 640.000000 -0.092735 0.260814
543.000000 640.000000 -0.089928 0.260757
108.000000 641.000000 -0.554206 0.293607
566.000000 641.000000 -0.068482 0.261362
988.000000 641.000000 0.338144 0.273603
991.000000 641.000000 0.341357 0.273842
529.000000 642.000000 -0.103085 0.263009
1097.000000 642.000000 0.461326 0.285258
71.000000 643.000000 -0.604143 0.301364
107.000000 643.000000 -0.555803 0.295987
103.000000 644.000000 -0.561213 0.297687
170.000000 645.000000 -0.476526 0.289833
381.000000 645.000000 -0.246006 0.271612
567.000000 645.000000 -0.067608 0.265282
48.000000 646.000000 -0.636621 0.308448
106.000000 646.000000 -0.557551 0.299496
515.000000 647.000000 -0.116373 0.268278
533.000000 647.000000 -0.099438 0.267860
68.000000 648.000000 -0.609053 0.307546
114.000000 648.000000 -0.547366 0.300582
522.000000 648.000000 -0.109801 0.269097
539.000000 648.000000 -0.093829 0.268724
1170.000000 648.000000 0.553681 0.301465
514.000000 649.000000 -0.117367 0.270286
526.000000 649.000000 -0.106060 0.269995
533.000000 649.000000 -0.099480 0.269839
610.000000 649.000000 -0.027668 0.268790
53.000000 650.000000 -0.630238 0.312256
516.000000 650.000000 -0.115505 0.271227
523.000000 650.000000 -0.108907 0.271056
104.000000 651.000000 -0.560923 0.305419
392.000000 651.000000 -0.235355 0.277087
70.000000 652.000000 -0.606934 0.311814
390.000000 652.000000 -0.237402 0.278210
550.000000 652.000000 -0.083600 0.272472
1051.000000 653.000000 0.408784 0.291995
562.000000 654.000000 -0.072409 0.274250
69.000000 655.000000 -0.608794 0.315423
613.000000 655.000000 -0.024916 0.274699
27.000000 656.000000 -0.668215 0.323566
581.000000 656.000000 -0.054703 0.275967
626.000000 656.000000 -0.012842 0.275636
846.000000 656.000000 0.194641 0.280143
58.000000 657.000000 -0.624389 0.319532
553.000000 657.000000 -0.080881 0.277379
618.000000 657.000000 -0.020279 0.276655
622.000000 657.000000 -0.016561 0.276639
1090.000000 657.000000 0.454737 0.300709
105.000000 658.000000 -0.560657 0.313186
108.000000 658.000000 -0.556701 0.312731
111.000000 658.000000 -0.552759 0.312278
32.000000 659.000000 -0.661539 0.326235
387.000000 659.000000 -0.240791 0.285502
985.000000 659.000000 0.336408 0.292106
60.000000 660.000000 -0.622096 0.322677
545.000000 660.000000 -0.088440 0.280516
1247.000000 660.000000 0.661770 0.327664
7.000000 662.000000 -0.698279 0.334057
975.000000 662.000000 0.325977 0.294413
1070.000000 662.000000 0.431713 0.303779
118.000000 663.000000 -0.544364 0.316880
970.000000 663.000000 0.320748 0.295050
1068.000000 663.000000 0.429494 0.304633
1252.000000 663.000000 0.669498 0.332061
67.000000 665.000000 -0.613205 0.327308
117.000000 665.000000 -0.545970 0.319296
873.000000 665.000000 0.221636 0.290608
923.000000 665.000000 0.271973 0.293636
556.000000 666.000000 -0.078230 0.286296
559.000000 666.000000 -0.075417 0.286243
895.000000 666.000000 0.243651 0.292882
56.000000 667.000000 -0.628869 0.331498
117.000000 667.000000 -0.546275 0.321565
375.000000 667.000000 -0.253335 0.294420
883.000000 667.000000 0.231693 0.293207
1066.000000 667.000000 0.427626 0.308746
1078.000000 668.000000 0.441823 0.311265
117.000000 669.000000 -0.546582 0.323837
1068.000000 669.000000 0.430195 0.311158
560.000000 670.000000 -0.074548 0.290229
895.000000 670.000000 0.243892 0.296995
50.000000 672.000000 -0.638172 0.338391
601.000000 673.000000 -0.036218 0.292706
49.000000 674.000000 -0.639934 0.340918
182.000000 674.000000 -0.465661 0.320158
907.000000 674.000000 0.256269 0.301885
71.000000 675.000000 -0.609371 0.338266
967.000000 676.000000 0.318644 0.308463
95.000000 677.000000 -0.577009 0.336534
964.000000 678.000000 0.315632 0.310321
110.000000 679.000000 -0.557355 0.336380
880.000000 679.000000 0.229392 0.305381
558.000000 680.000000 -0.076607 0.300325
556.000000 681.000000 -0.078509 0.301373
1184.000000 681.000000 0.577531 0.341372
177.000000 682.000000 -0.472804 0.329732
785.000000 682.000000 0.136767 0.304054
905.000000 682.000000 0.254768 0.310065
892.000000 683.000000 0.241679 0.310260
81.000000 685.000000 -0.597356 0.348226
830.000000 685.000000 0.180362 0.308934
1032.000000 685.000000 0.390666 0.324451
1227.000000 685.000000 0.637667 0.353638
556.000000 686.000000 -0.078605 0.306436
850.000000 686.000000 0.200017 0.310947
558.000000 687.000000 -0.076739 0.307412
865.000000 687.000000 0.214909 0.312795
528.000000 688.000000 -0.105134 0.309112
569.000000 688.000000 -0.066397 0.308232
918.000000 688.000000 0.268461 0.317249
82.000000 689.000000 -0.596689 0.352742
124.000000 689.000000 -0.540620 0.345622
120.000000 691.000000 -0.546169 0.348585
124.000000 691.000000 -0.540945 0.347929
127.000000 691.000000 -0.537044 0.347441
526.000000 691.000000 -0.107114 0.312225
572.000000 691.000000 -0.063622 0.311231
952.000000 691.000000 0.304050 0.323088
98.000000 692.000000 -0.575520 0.353464
149.000000 692.000000 -0.509018 0.345109
131.000000 693.000000 -0.532187 0.349098
71.000000 694.000000 -0.612725 0.360603
127.000000 694.000000 -0.537533 0.350903
569.000000 694.000000 -0.066497 0.314337
1012.000000 694.000000 0.369230 0.332060
1098.000000 694.000000 0.469261 0.342782
1101.000000 694.000000 0.472927 0.343212
129.000000 695.000000 -0.535101 0.351731
573.000000 696.000000 -0.062760 0.316312
1134.000000 696.000000 0.514446 0.350482
71.000000 697.000000 -0.613271 0.364160
150.000000 697.000000 -0.508529 0.350675
35.000000 698.000000 -0.664216 0.372029
1100.000000 698.000000 0.472281 0.347593
575.000000 699.000000 -0.060923 0.319347
71.000000 700.000000 -0.613821 0.367726
136.000000 700.000000 -0.526875 0.356367
140.000000 700.000000 -0.521737 0.355717
825.000000 700.000000 0.176186 0.324199
1105.000000 700.000000 0.478718 0.350599
572.000000 701.000000 -0.063785 0.321444
1083.000000 701.000000 0.452090 0.348561
1094.000000 701.000000 0.465392 0.350123
563.000000 702.000000 -0.072305 0.322630
574.000000 703.000000 -0.061930 0.323463
1019.000000 703.000000 0.378047 0.342683
1095.000000 703.000000 0.466901 0.352537
144.000000 704.000000 -0.517270 0.359691
161.000000 704.000000 -0.495782 0.356991
601.000000 705.000000 -0.036506 0.325169
1091.000000 705.000000 0.462324 0.354226
51.000000 706.000000 -0.642954 0.378647
74.000000 706.000000 -0.610777 0.374322
559.000000 706.000000 -0.076168 0.326823
1097.000000 706.000000 0.469785 0.356244
78.000000 707.000000 -0.605440 0.374771
422.000000 707.000000 -0.208670 0.333175
845.000000 707.000000 0.196206 0.332534
145.000000 710.000000 -0.516975 0.366484
154.000000 710.000000 -0.505536 0.365015
1222.000000 710.000000 0.635277 0.382613
426.000000 711.000000 -0.204926 0.337155
814.000000 711.000000 0.165962 0.335151
1207.000000 711.000000 0.614454 0.380950
419.000000 712.000000 -0.211955 0.338624
555.000000 712.000000 -0.080088 0.333106
147.000000 714.000000 -0.515084 0.370808
160.000000 714.000000 -0.498618 0.368680
219.000000 715.000000 -0.427066 0.361066
1243.000000 715.000000 0.666131 0.392737
72.000000 716.000000 -0.615435 0.386691
1208.000000 716.000000 0.616803 0.387159
