117.000000 3.000000 -0.554559 -0.378167
224.000000 3.000000 -0.421421 -0.361288
1024.000000 3.000000 0.385290 -0.357426
269.000000 5.000000 -0.369747 -0.353447
1222.000000 5.000000 0.636241 -0.387322
271.000000 6.000000 -0.367402 -0.352112
1035.000000 6.000000 0.397459 -0.355434
1037.000000 6.000000 0.399753 -0.355686
1226.000000 9.000000 0.641123 -0.383256
35.000000 10.000000 -0.666501 -0.385204
25.000000 12.000000 -0.680493 -0.384684
250.000000 12.000000 -0.390318 -0.347916
1243.000000 15.000000 0.664218 -0.379266
1269.000000 16.000000 0.701683 -0.382991
1276.000000 16.000000 0.711908 -0.384298
1183.000000 17.000000 0.579997 -0.365614
1221.000000 17.000000 0.632527 -0.372662
21.000000 20.000000 -0.684761 -0.375737
27.000000 20.000000 -0.676098 -0.374613
96.000000 20.000000 -0.579587 -0.361849
25.000000 21.000000 -0.678794 -0.373779
1250.000000 21.000000 0.673156 -0.373341
1251.000000 23.000000 0.674223 -0.371115
156.000000 24.000000 -0.500767 -0.347245
1016.000000 25.000000 0.373746 -0.332230
1269.000000 25.000000 0.700004 -0.372061
243.000000 26.000000 -0.396621 -0.333297
1247.000000 27.000000 0.667702 -0.365547
1273.000000 27.000000 0.705484 -0.370377
1064.000000 29.000000 0.428158 -0.333494
1043.000000 31.000000 0.403588 -0.328727
1268.000000 31.000000 0.697436 -0.364624
1095.000000 32.000000 0.464719 -0.334258
24.000000 34.000000 -0.677834 -0.358325
28.000000 36.000000 -0.671699 -0.355203
52.000000 36.000000 -0.637467 -0.350852
317.000000 36.000000 -0.314493 -0.315098
321.000000 36.000000 -0.310264 -0.314760
313.000000 37.000000 -0.318650 -0.314380
311.000000 39.000000 -0.320603 -0.312432
319.000000 39.000000 -0.312125 -0.311753
976.000000 39.000000 0.328633 -0.313199
234.000000 40.000000 -0.405271 -0.319026
1193.000000 40.000000 0.589528 -0.340392
1268.000000 40.000000 0.695797 -0.353797
310.000000 41.000000 -0.321494 -0.310400
974.000000 41.000000 0.326316 -0.310899
946.000000 42.000000 0.296656 -0.307518
1188.000000 42.000000 0.582395 -0.337215
1208.000000 42.000000 0.609795 -0.340654
310.000000 43.000000 -0.321323 -0.308286
931.000000 44.000000 0.280931 -0.304290
1260.000000 44.000000 0.683406 -0.347569
51.000000 45.000000 -0.637275 -0.340403
313.000000 45.000000 -0.317971 -0.305922
317.000000 45.000000 -0.313740 -0.305591
315.000000 46.000000 -0.315771 -0.304703
1063.000000 48.000000 0.424670 -0.312490
1173.000000 48.000000 0.561291 -0.327820
29.000000 49.000000 -0.667929 -0.339561
1194.000000 50.000000 0.589198 -0.328955
33.000000 51.000000 -0.661830 -0.336494
900.000000 51.000000 0.248834 -0.294942
953.000000 51.000000 0.303275 -0.298636
1096.000000 51.000000 0.463389 -0.313268
30.000000 52.000000 -0.665964 -0.335838
19.000000 53.000000 -0.681678 -0.336579
59.000000 53.000000 -0.624652 -0.329643
1255.000000 53.000000 0.674542 -0.335979
1095.000000 55.000000 0.461672 -0.308736
1209.000000 55.000000 0.608951 -0.325675
1092.000000 57.000000 0.457818 -0.306164
1227.000000 57.000000 0.633771 -0.326402
47.000000 58.000000 -0.640674 -0.325852
1242.000000 59.000000 0.654759 -0.326639
1141.000000 60.000000 0.517892 -0.309380
1234.000000 60.000000 0.643172 -0.324095
1095.000000 61.000000 0.460921 -0.302156
1139.000000 61.000000 0.515211 -0.307980
1261.000000 61.000000 0.681865 -0.327565
1030.000000 63.000000 0.385428 -0.292780
51.000000 66.000000 -0.633687 -0.315870
1032.000000 68.000000 0.387173 -0.287669
870.000000 69.000000 0.217915 -0.274915
1206.000000 69.000000 0.602516 -0.309040
1030.000000 70.000000 0.384746 -0.285358
1235.000000 70.000000 0.642909 -0.312615
1238.000000 70.000000 0.647178 -0.313113
1183.000000 71.000000 0.571019 -0.303181
8.000000 72.000000 -0.694465 -0.316029
1125.000000 72.000000 0.496159 -0.293897
1236.000000 72.000000 0.644000 -0.310460
53.000000 73.000000 -0.629732 -0.307451
343.000000 73.000000 -0.284603 -0.274625
1160.000000 73.000000 0.540439 -0.297551
1162.000000 73.000000 0.543037 -0.297837
27.000000 74.000000 -0.666541 -0.310540
264.000000 74.000000 -0.368259 -0.279688
1164.000000 74.000000 0.545498 -0.297004
30.000000 77.000000 -0.661735 -0.306558
14.000000 78.000000 -0.684715 -0.308008
142.000000 78.000000 -0.510679 -0.288733
365.000000 78.000000 -0.261888 -0.268165
1057.000000 80.000000 0.414254 -0.277429
367.000000 81.000000 -0.259696 -0.265012
28.000000 82.000000 -0.663799 -0.301082
135.000000 82.000000 -0.518981 -0.285246
138.000000 82.000000 -0.515192 -0.284855
363.000000 82.000000 -0.263675 -0.264232
127.000000 83.000000 -0.529023 -0.285200
1203.000000 83.000000 0.596227 -0.292620
326.000000 84.000000 -0.301412 -0.264522
126.000000 85.000000 -0.530036 -0.283126
367.000000 85.000000 -0.259468 -0.260973
1146.000000 85.000000 0.520832 -0.282336
152.000000 86.000000 -0.497200 -0.278713
330.000000 86.000000 -0.297138 -0.262218
1168.000000 86.000000 0.549029 -0.284188
153.000000 88.000000 -0.495720 -0.276416
366.000000 88.000000 -0.260307 -0.258007
1022.000000 88.000000 0.374240 -0.265747
1151.000000 88.000000 0.526806 -0.279690
1216.000000 88.000000 0.613364 -0.288917
150.000000 89.000000 -0.499310 -0.275694
157.000000 89.000000 -0.490672 -0.274850
363.000000 89.000000 -0.263274 -0.257169
1202.000000 89.000000 0.593966 -0.285688
62.000000 90.000000 -0.614540 -0.286611
155.000000 90.000000 -0.493013 -0.274005
327.000000 90.000000 -0.299978 -0.258348
332.000000 90.000000 -0.294815 -0.258025
359.000000 91.000000 -0.267199 -0.255383
59.000000 92.000000 -0.618400 -0.284792
152.000000 92.000000 -0.496473 -0.272195
154.000000 92.000000 -0.494006 -0.271957
330.000000 92.000000 -0.296749 -0.256125
337.000000 92.000000 -0.289546 -0.255683
1188.000000 92.000000 0.574627 -0.280298
1221.000000 93.000000 0.619559 -0.283994
141.000000 94.000000 -0.509909 -0.271355
158.000000 94.000000 -0.488855 -0.269324
1171.000000 94.000000 0.551859 -0.275727
57.000000 95.000000 -0.620732 -0.281689
130.000000 97.000000 -0.523398 -0.269445
1136.000000 97.000000 0.506725 -0.267967
1219.000000 97.000000 0.616179 -0.279164
56.000000 98.000000 -0.621680 -0.278440
165.000000 98.000000 -0.479862 -0.264220
1243.000000 98.000000 0.649849 -0.281630
1246.000000 98.000000 0.654141 -0.282088
979.000000 99.000000 0.327050 -0.251070
1211.000000 99.000000 0.604828 -0.275740
1275.000000 99.000000 0.696145 -0.285405
216.000000 100.000000 -0.419603 -0.256847
972.000000 100.000000 0.319615 -0.249571
1169.000000 100.000000 0.548452 -0.268841
1177.000000 100.000000 0.558928 -0.269897
274.000000 101.000000 -0.355152 -0.250878
320.000000 101.000000 -0.306518 -0.247656
324.000000 101.000000 -0.302375 -0.247402
1099.000000 101.000000 0.461113 -0.259475
1104.000000 101.000000 0.467093 -0.260009
1130.000000 101.000000 0.498785 -0.262926
1266.000000 101.000000 0.682631 -0.281704
284.000000 102.000000 -0.344342 -0.249107
287.000000 102.000000 -0.341140 -0.248889
365.000000 102.000000 -0.260551 -0.244030
968.000000 102.000000 0.315293 -0.247274
1127.000000 102.000000 0.494960 -0.261500
1151.000000 102.000000 0.525025 -0.264363
1164.000000 102.000000 0.541702 -0.265997
270.000000 103.000000 -0.359320 -0.249134
981.000000 103.000000 0.328883 -0.247141
1098.000000 103.000000 0.459710 -0.257243
216.000000 105.000000 -0.419138 -0.251615
322.000000 105.000000 -0.304193 -0.243494
1260.000000 105.000000 0.673279 -0.276189
214.000000 106.000000 -0.421332 -0.250754
1141.000000 106.000000 0.511910 -0.258815
1160.000000 106.000000 0.536038 -0.261117
287.000000 107.000000 -0.340783 -0.243796
1162.000000 108.000000 0.538364 -0.259183
285.000000 109.000000 -0.342771 -0.241904
1240.000000 109.000000 0.643935 -0.268658
287.000000 110.000000 -0.340572 -0.240748
1172.000000 110.000000 0.551078 -0.258249
1264.000000 110.000000 0.678352 -0.271053
951.000000 111.000000 0.297099 -0.237140
1152.000000 112.000000 0.525086 -0.253624
286.000000 113.000000 -0.341427 -0.237775
1130.000000 113.000000 0.497421 -0.250027
1253.000000 113.000000 0.661962 -0.266007
948.000000 114.000000 0.293840 -0.233961
1225.000000 114.000000 0.622092 -0.260879
233.000000 115.000000 -0.399053 -0.239750
1133.000000 115.000000 0.500910 -0.248218
1155.000000 115.000000 0.528548 -0.250732
1095.000000 116.000000 0.454836 -0.243200
1169.000000 116.000000 0.546430 -0.251325
1225.000000 116.000000 0.621814 -0.258637
898.000000 117.000000 0.243286 -0.228397
1113.000000 117.000000 0.476238 -0.243952
1244.000000 117.000000 0.648480 -0.260176
1143.000000 118.000000 0.513036 -0.246116
1252.000000 118.000000 0.659801 -0.260182
1090.000000 119.000000 0.448657 -0.239570
1242.000000 119.000000 0.645348 -0.257635
1261.000000 119.000000 0.672672 -0.260333
276.000000 120.000000 -0.351619 -0.231375
882.000000 120.000000 0.227374 -0.224745
34.000000 121.000000 -0.649361 -0.255617
1029.000000 121.000000 0.379256 -0.232301
1157.000000 121.000000 0.530398 -0.244482
878.000000 122.000000 0.223371 -0.222620
267.000000 123.000000 -0.361089 -0.228965
269.000000 123.000000 -0.358931 -0.228825
1243.000000 123.000000 0.646214 -0.253267
1201.000000 125.000000 0.587671 -0.245459
1236.000000 125.000000 0.636016 -0.250062
1095.000000 126.000000 0.453881 -0.232716
1157.000000 126.000000 0.529828 -0.239096
995.000000 127.000000 0.342099 -0.223819
1134.000000 127.000000 0.500854 -0.235524
993.000000 128.000000 0.339911 -0.222684
867.000000 129.000000 0.212371 -0.215360
894.000000 129.000000 0.238801 -0.216438
44.000000 130.000000 -0.633998 -0.244172
864.000000 130.000000 0.209421 -0.214277
1053.000000 130.000000 0.405218 -0.224959
1230.000000 130.000000 0.626911 -0.243675
1102.000000 131.000000 0.461696 -0.228143
1212.000000 131.000000 0.601864 -0.240244
1160.000000 132.000000 0.532984 -0.232985
334.000000 133.000000 -0.290277 -0.214880
1206.000000 133.000000 0.593437 -0.237293
1229.000000 133.000000 0.625120 -0.240208
921.000000 134.000000 0.265421 -0.212744
1088.000000 134.000000 0.444948 -0.223755
42.000000 136.000000 -0.636029 -0.237748
849.000000 136.000000 0.194726 -0.207942
1111.000000 136.000000 0.471965 -0.223754
1108.000000 139.000000 0.468100 -0.220343
1174.000000 140.000000 0.550129 -0.225938
1251.000000 140.000000 0.655363 -0.235261
1087.000000 141.000000 0.443181 -0.216426
1153.000000 141.000000 0.523131 -0.222620
1203.000000 141.000000 0.588409 -0.228175
1188.000000 142.000000 0.568253 -0.225350
1250.000000 143.000000 0.653543 -0.231778
995.000000 146.000000 0.340916 -0.204804
1260.000000 146.000000 0.667556 -0.229703
1271.000000 147.000000 0.683447 -0.229992
259.000000 151.000000 -0.367857 -0.201300
259.000000 153.000000 -0.367732 -0.199299
1078.000000 153.000000 0.431813 -0.203377
261.000000 154.000000 -0.365511 -0.198176
259.000000 155.000000 -0.367607 -0.197300
1072.000000 155.000000 0.424796 -0.200883
1158.000000 155.000000 0.528044 -0.208274
1161.000000 155.000000 0.531852 -0.208569
401.000000 156.000000 -0.222677 -0.189618
1268.000000 156.000000 0.677927 -0.219509
261.000000 157.000000 -0.365328 -0.195182
1221.000000 157.000000 0.611095 -0.212810
1103.000000 158.000000 0.460527 -0.200223
1166.000000 158.000000 0.537935 -0.205883
262.000000 159.000000 -0.364131 -0.193129
1072.000000 160.000000 0.424429 -0.195798
1255.000000 160.000000 0.658613 -0.213476
258.000000 161.000000 -0.368322 -0.191376
1271.000000 161.000000 0.681701 -0.214281
7.000000 162.000000 -0.682985 -0.213118
162.000000 162.000000 -0.477252 -0.197177
1269.000000 162.000000 0.678657 -0.212924
380.000000 163.000000 -0.242957 -0.183621
1263.000000 163.000000 0.669807 -0.211094
1266.000000 163.000000 0.674165 -0.211450
377.000000 165.000000 -0.245835 -0.181804
1003.000000 165.000000 0.348311 -0.186411
1237.000000 165.000000 0.632450 -0.205875
56.000000 166.000000 -0.612984 -0.203107
404.000000 166.000000 -0.219435 -0.179925
1009.000000 166.000000 0.354643 -0.185755
253.000000 167.000000 -0.373373 -0.185700
385.000000 167.000000 -0.237910 -0.179598
994.000000 167.000000 0.338686 -0.183953
1070.000000 167.000000 0.421659 -0.188562
1270.000000 167.000000 0.679525 -0.207465
380.000000 168.000000 -0.242778 -0.178812
1059.000000 168.000000 0.409186 -0.186809
1121.000000 168.000000 0.481179 -0.191376
1211.000000 168.000000 0.596216 -0.199778
251.000000 169.000000 -0.375424 -0.183828
404.000000 169.000000 -0.219340 -0.177056
924.000000 169.000000 0.266916 -0.178802
1246.000000 169.000000 0.644713 -0.202498
242.000000 170.000000 -0.385172 -0.183368
246.000000 170.000000 -0.380803 -0.183128
253.000000 170.000000 -0.373197 -0.182717
391.000000 170.000000 -0.231944 -0.176518
401.000000 170.000000 -0.222217 -0.176195
253.000000 172.000000 -0.373082 -0.180731
817.000000 172.000000 0.163275 -0.172666
1158.000000 172.000000 0.526453 -0.190372
1248.000000 172.000000 0.647222 -0.199424
250.000000 173.000000 -0.376276 -0.179910
815.000000 173.000000 0.161368 -0.171676
1236.000000 173.000000 0.630164 -0.197017
253.000000 174.000000 -0.372968 -0.178746
1264.000000 174.000000 0.669988 -0.199004
1229.000000 175.000000 0.620187 -0.194094
1236.000000 175.000000 0.629949 -0.194836
1137.000000 176.000000 0.499977 -0.184408
1238.000000 176.000000 0.632648 -0.193960
1223.000000 177.000000 0.611683 -0.191304
1221.000000 178.000000 0.608831 -0.190019
1268.000000 179.000000 0.675246 -0.193914
1271.000000 179.000000 0.679623 -0.194244
57.000000 180.000000 -0.610150 -0.187850
1275.000000 180.000000 0.685370 -0.193575
254.000000 182.000000 -0.371445 -0.170773
305.000000 182.000000 -0.317643 -0.168272
89.000000 183.000000 -0.566930 -0.181583
1192.000000 184.000000 0.569228 -0.180797
393.000000 185.000000 -0.229524 -0.162137
409.000000 185.000000 -0.214038 -0.161676
389.000000 186.000000 -0.233386 -0.161306
1211.000000 186.000000 0.594416 -0.180439
252.000000 187.000000 -0.373339 -0.165943
283.000000 187.000000 -0.340321 -0.164403
398.000000 187.000000 -0.224612 -0.160089
244.000000 188.000000 -0.381962 -0.165381
249.000000 188.000000 -0.376532 -0.165115
254.000000 188.000000 -0.371128 -0.164853
386.000000 188.000000 -0.236250 -0.159494
415.000000 188.000000 -0.208184 -0.158671
1040.000000 188.000000 0.386928 -0.165691
1195.000000 188.000000 0.572827 -0.176830
1217.000000 188.000000 0.602374 -0.178867
394.000000 189.000000 -0.228434 -0.158305
1208.000000 189.000000 0.590086 -0.176954
241.000000 190.000000 -0.385125 -0.163565
409.000000 190.000000 -0.213901 -0.156938
933.000000 190.000000 0.275118 -0.158928
1204.000000 190.000000 0.584624 -0.175521
250.000000 191.000000 -0.375293 -0.162104
255.000000 191.000000 -0.369897 -0.161848
348.000000 192.000000 -0.273612 -0.156918
413.000000 192.000000 -0.210000 -0.154940
415.000000 192.000000 -0.208079 -0.154888
79.000000 193.000000 -0.579237 -0.171887
243.000000 193.000000 -0.382786 -0.160495
337.000000 193.000000 -0.284599 -0.156352
247.000000 194.000000 -0.378388 -0.159302
392.000000 194.000000 -0.230233 -0.153618
402.000000 194.000000 -0.220545 -0.153340
250.000000 195.000000 -0.375089 -0.158165
254.000000 196.000000 -0.370724 -0.156983
395.000000 196.000000 -0.227265 -0.151638
400.000000 196.000000 -0.222424 -0.151502
1147.000000 196.000000 0.510738 -0.164520
1103.000000 197.000000 0.457689 -0.160444
1168.000000 197.000000 0.537026 -0.165096
1219.000000 197.000000 0.604267 -0.169419
90.000000 199.000000 -0.564234 -0.164621
1181.000000 199.000000 0.553560 -0.164047
1245.000000 199.000000 0.640198 -0.169670
398.000000 200.000000 -0.224251 -0.147772
404.000000 200.000000 -0.218456 -0.147615
408.000000 200.000000 -0.214603 -0.147513
67.000000 201.000000 -0.594598 -0.164445
406.000000 201.000000 -0.216503 -0.146620
178.000000 202.000000 -0.455459 -0.155222
403.000000 202.000000 -0.219369 -0.145753
35.000000 203.000000 -0.638499 -0.165143
1137.000000 203.000000 0.497940 -0.156611
1155.000000 203.000000 0.520172 -0.157889
14.000000 204.000000 -0.668340 -0.166000
46.000000 204.000000 -0.623048 -0.163078
58.000000 204.000000 -0.606545 -0.162028
1196.000000 204.000000 0.572775 -0.160016
1211.000000 204.000000 0.592799 -0.161264
175.000000 205.000000 -0.458780 -0.152383
179.000000 205.000000 -0.454111 -0.152141
1167.000000 205.000000 0.535140 -0.156706
1251.000000 205.000000 0.648146 -0.163728
396.000000 206.000000 -0.226030 -0.142159
400.000000 206.000000 -0.222163 -0.142057
39.000000 208.000000 -0.632442 -0.159398
180.000000 208.000000 -0.452769 -0.149066
182.000000 208.000000 -0.450447 -0.148949
403.000000 208.000000 -0.219219 -0.140098
1138.000000 208.000000 0.498821 -0.151565
406.000000 209.000000 -0.216305 -0.139084
180.000000 211.000000 -0.452595 -0.146054
406.000000 211.000000 -0.216258 -0.137203
1136.000000 211.000000 0.496184 -0.148371
1159.000000 211.000000 0.524609 -0.149924
173.000000 212.000000 -0.460703 -0.145456
399.000000 212.000000 -0.222980 -0.136430
409.000000 212.000000 -0.213351 -0.136193
178.000000 213.000000 -0.454806 -0.144162
1160.000000 213.000000 0.525725 -0.147933
405.000000 214.000000 -0.217149 -0.134407
1119.000000 215.000000 0.475466 -0.143248
1174.000000 215.000000 0.543333 -0.146848
1211.000000 215.000000 0.591900 -0.149618
173.000000 216.000000 -0.460472 -0.141436
179.000000 216.000000 -0.453474 -0.141098
273.000000 216.000000 -0.349586 -0.136629
1146.000000 216.000000 0.508108 -0.143916
270.000000 217.000000 -0.352714 -0.135780
174.000000 218.000000 -0.459190 -0.139372
386.000000 218.000000 -0.235423 -0.131101
1221.000000 218.000000 0.605219 -0.147230
51.000000 219.000000 -0.614889 -0.146635
177.000000 220.000000 -0.455580 -0.137202
269.000000 220.000000 -0.353653 -0.132912
381.000000 220.000000 -0.240239 -0.129342
1154.000000 220.000000 0.517756 -0.140340
273.000000 221.000000 -0.349389 -0.131788
365.000000 221.000000 -0.255875 -0.128811
1223.000000 221.000000 0.607717 -0.144204
270.000000 223.000000 -0.352479 -0.129969
366.000000 223.000000 -0.254839 -0.126896
302.000000 224.000000 -0.319093 -0.127854
352.000000 224.000000 -0.268632 -0.126326
384.000000 224.000000 -0.237221 -0.125504
394.000000 224.000000 -0.227527 -0.125271
270.000000 225.000000 -0.352403 -0.128034
276.000000 225.000000 -0.346081 -0.127810
299.000000 225.000000 -0.322148 -0.126996
363.000000 225.000000 -0.257738 -0.125086
389.000000 225.000000 -0.232344 -0.124447
1215.000000 225.000000 0.596535 -0.139369
1276.000000 225.000000 0.682490 -0.144176
296.000000 226.000000 -0.325210 -0.126139
304.000000 226.000000 -0.316972 -0.125871
54.000000 227.000000 -0.610164 -0.137916
360.000000 227.000000 -0.260642 -0.123276
1055.000000 227.000000 0.401492 -0.127994
1159.000000 227.000000 0.523553 -0.133485
1213.000000 227.000000 0.593689 -0.137115
264.000000 228.000000 -0.358644 -0.125358
268.000000 228.000000 -0.354405 -0.125209
276.000000 228.000000 -0.345972 -0.124916
292.000000 228.000000 -0.329280 -0.124356
273.000000 229.000000 -0.349091 -0.124060
26.000000 230.000000 -0.648947 -0.136828
351.000000 230.000000 -0.269462 -0.120678
356.000000 230.000000 -0.264513 -0.120548
299.000000 231.000000 -0.321950 -0.121248
353.000000 231.000000 -0.267454 -0.119681
1132.000000 231.000000 0.490131 -0.127831
1200.000000 231.000000 0.576048 -0.132012
277.000000 232.000000 -0.344780 -0.121026
289.000000 232.000000 -0.332257 -0.120618
313.000000 232.000000 -0.307580 -0.119855
402.000000 232.000000 -0.219640 -0.117605
1181.000000 232.000000 0.551174 -0.129724
306.000000 233.000000 -0.314698 -0.119116
272.000000 234.000000 -0.349966 -0.119274
294.000000 234.000000 -0.327012 -0.118537
400.000000 234.000000 -0.221524 -0.115777
1206.000000 234.000000 0.583815 -0.129281
26.000000 235.000000 -0.648571 -0.131464
280.000000 235.000000 -0.341535 -0.118038
338.000000 235.000000 -0.282272 -0.116294
301.000000 236.000000 -0.319735 -0.116405
291.000000 237.000000 -0.330021 -0.115760
293.000000 237.000000 -0.327951 -0.115697
1142.000000 237.000000 0.501948 -0.122309
1201.000000 237.000000 0.576974 -0.125819
306.000000 238.000000 -0.314547 -0.114345
343.000000 238.000000 -0.277204 -0.113327
22.000000 239.000000 -0.653966 -0.127465
274.000000 239.000000 -0.347692 -0.114392
426.000000 239.000000 -0.196575 -0.110629
428.000000 239.000000 -0.194677 -0.110595
291.000000 240.000000 -0.329927 -0.112889
293.000000 240.000000 -0.327858 -0.112828
21.000000 241.000000 -0.655249 -0.125390
309.000000 241.000000 -0.311394 -0.111401
408.000000 241.000000 -0.213706 -0.109089
268.000000 242.000000 -0.353913 -0.111705
404.000000 242.000000 -0.217522 -0.108232
425.000000 242.000000 -0.197474 -0.107859
1229.000000 242.000000 0.614434 -0.122411
253.000000 243.000000 -0.369828 -0.111248
1221.000000 243.000000 0.603425 -0.120832
1251.000000 244.000000 0.645020 -0.121772
408.000000 245.000000 -0.213633 -0.105365
19.000000 246.000000 -0.657758 -0.120165
254.000000 246.000000 -0.368656 -0.108315
264.000000 246.000000 -0.358013 -0.107985
303.000000 246.000000 -0.317389 -0.106810
962.000000 246.000000 0.302565 -0.106446
1121.000000 246.000000 0.476188 -0.112184
1235.000000 246.000000 0.622458 -0.118576
1123.000000 247.000000 0.478521 -0.111277
263.000000 248.000000 -0.359008 -0.106092
278.000000 248.000000 -0.343213 -0.105626
295.000000 248.000000 -0.325557 -0.105130
428.000000 248.000000 -0.194530 -0.102244
852.000000 248.000000 0.194882 -0.102268
1264.000000 248.000000 0.663324 -0.118371
237.000000 249.000000 -0.386876 -0.105991
252.000000 249.000000 -0.370696 -0.105484
21.000000 250.000000 -0.654636 -0.115747
295.000000 250.000000 -0.325501 -0.103223
328.000000 250.000000 -0.291913 -0.102364
1274.000000 250.000000 0.677685 -0.116892
1270.000000 251.000000 0.671798 -0.115545
240.000000 252.000000 -0.383519 -0.102981
287.000000 252.000000 -0.333720 -0.101539
327.000000 252.000000 -0.292870 -0.100498
1253.000000 252.000000 0.647327 -0.113363
1258.000000 252.000000 0.654449 -0.113684
21.000000 254.000000 -0.654380 -0.111470
235.000000 254.000000 -0.388880 -0.101210
243.000000 255.000000 -0.380177 -0.099980
1136.000000 255.000000 0.493757 -0.103851
288.000000 256.000000 -0.332573 -0.097695
234.000000 258.000000 -0.389837 -0.097365
230.000000 259.000000 -0.394168 -0.096525
1229.000000 259.000000 0.613386 -0.104500
232.000000 260.000000 -0.391953 -0.095491
268.000000 260.000000 -0.353365 -0.094419
286.000000 261.000000 -0.334515 -0.092981
289.000000 262.000000 -0.331381 -0.091953
264.000000 263.000000 -0.357505 -0.091655
286.000000 263.000000 -0.334464 -0.091076
239.000000 264.000000 -0.384223 -0.091406
242.000000 264.000000 -0.380980 -0.091317
251.000000 264.000000 -0.371307 -0.091057
62.000000 265.000000 -0.596927 -0.097516
252.000000 266.000000 -0.370181 -0.089105
278.000000 266.000000 -0.342715 -0.088418
1204.000000 266.000000 0.579290 -0.095871
1207.000000 266.000000 0.583273 -0.096020
1234.000000 266.000000 0.619888 -0.097416
26.000000 267.000000 -0.646516 -0.097327
238.000000 267.000000 -0.385219 -0.088538
290.000000 267.000000 -0.330224 -0.087172
1272.000000 267.000000 0.673715 -0.098455
125.000000 268.000000 -0.515560 -0.091507
258.000000 268.000000 -0.363731 -0.087022
293.000000 268.000000 -0.327103 -0.086151
297.000000 268.000000 -0.322986 -0.086059
1270.000000 268.000000 0.670755 -0.097269
413.000000 269.000000 -0.208478 -0.083024
247.000000 270.000000 -0.375428 -0.085395
403.000000 270.000000 -0.218020 -0.082238
406.000000 270.000000 -0.215148 -0.082195
1267.000000 270.000000 0.666304 -0.094959
250.000000 271.000000 -0.372185 -0.084353
28.000000 272.000000 -0.643426 -0.091917
260.000000 272.000000 -0.361504 -0.083136
303.000000 272.000000 -0.316748 -0.082137
402.000000 272.000000 -0.218950 -0.080400
409.000000 272.000000 -0.212254 -0.080303
1258.000000 272.000000 0.653277 -0.092342
1252.000000 274.000000 0.644646 -0.089907
402.000000 276.000000 -0.218896 -0.076697
406.000000 276.000000 -0.215067 -0.076644
1101.000000 276.000000 0.451567 -0.081614
1118.000000 276.000000 0.471423 -0.082176
1243.000000 277.000000 0.631837 -0.086290
253.000000 278.000000 -0.368802 -0.077558
256.000000 278.000000 -0.365606 -0.077487
262.000000 278.000000 -0.359241 -0.077346
1261.000000 278.000000 0.657260 -0.086108
238.000000 281.000000 -0.384846 -0.075039
292.000000 281.000000 -0.327853 -0.073843
239.000000 283.000000 -0.383716 -0.073090
403.000000 283.000000 -0.217849 -0.070212
1246.000000 283.000000 0.635760 -0.080103
410.000000 284.000000 -0.211149 -0.069205
1237.000000 284.000000 0.623167 -0.078654
1276.000000 284.000000 0.678658 -0.080417
242.000000 285.000000 -0.380432 -0.071097
1220.000000 285.000000 0.599848 -0.076891
404.000000 286.000000 -0.216857 -0.067429
28.000000 287.000000 -0.642719 -0.076052
413.000000 287.000000 -0.208257 -0.066405
293.000000 288.000000 -0.326690 -0.067198
388.000000 288.000000 -0.232201 -0.065769
411.000000 288.000000 -0.210151 -0.065505
32.000000 289.000000 -0.637016 -0.073775
240.000000 289.000000 -0.382500 -0.067299
1255.000000 289.000000 0.648201 -0.074155
407.000000 290.000000 -0.213945 -0.063704
1176.000000 290.000000 0.541953 -0.070107
1235.000000 290.000000 0.620150 -0.072283
410.000000 291.000000 -0.211072 -0.062750
414.000000 291.000000 -0.207263 -0.062708
430.000000 291.000000 -0.192098 -0.062551
1195.000000 292.000000 0.566360 -0.068720
383.000000 293.000000 -0.236971 -0.061200
1233.000000 293.000000 0.617275 -0.069068
26.000000 294.000000 -0.645254 -0.068742
414.000000 294.000000 -0.207233 -0.059945
1156.000000 294.000000 0.516743 -0.065427
1238.000000 294.000000 0.624147 -0.068210
1235.000000 295.000000 0.619958 -0.067052
28.000000 296.000000 -0.642358 -0.066556
406.000000 296.000000 -0.214838 -0.058182
300.000000 297.000000 -0.319356 -0.058581
1176.000000 297.000000 0.541727 -0.063004
1202.000000 297.000000 0.575371 -0.063827
394.000000 298.000000 -0.226313 -0.056457
408.000000 298.000000 -0.212909 -0.056320
1252.000000 298.000000 0.643597 -0.064525
405.000000 299.000000 -0.215764 -0.055427
1108.000000 299.000000 0.459043 -0.059170
1190.000000 301.000000 0.559568 -0.059357
1195.000000 302.000000 0.566038 -0.058484
1220.000000 303.000000 0.599197 -0.058215
1226.000000 303.000000 0.607339 -0.058403
256.000000 304.000000 -0.365088 -0.052638
403.000000 304.000000 -0.217630 -0.050838
1160.000000 305.000000 0.521398 -0.054482
1218.000000 305.000000 0.596438 -0.056083
258.000000 306.000000 -0.362935 -0.050700
403.000000 306.000000 -0.217612 -0.048996
32.000000 307.000000 -0.636369 -0.054847
259.000000 308.000000 -0.361845 -0.048779
291.000000 308.000000 -0.328436 -0.048333
408.000000 308.000000 -0.212822 -0.047114
481.000000 308.000000 -0.144344 -0.046635
28.000000 309.000000 -0.641921 -0.052866
406.000000 309.000000 -0.214722 -0.046210
1161.000000 311.000000 0.522498 -0.048476
1164.000000 311.000000 0.526237 -0.048544
1167.000000 311.000000 0.529992 -0.048613
101.000000 312.000000 -0.544180 -0.047837
1248.000000 313.000000 0.637482 -0.048606
306.000000 314.000000 -0.313012 -0.042504
902.000000 314.000000 0.241990 -0.041834
267.000000 315.000000 -0.353311 -0.042014
1142.000000 315.000000 0.499077 -0.044075
1181.000000 315.000000 0.547626 -0.044885
1231.000000 316.000000 0.613807 -0.045027
1236.000000 316.000000 0.620689 -0.045152
463.000000 317.000000 -0.160993 -0.038525
1154.000000 318.000000 0.513687 -0.041311
1234.000000 318.000000 0.617882 -0.043018
1275.000000 318.000000 0.675966 -0.044036
80.000000 319.000000 -0.571099 -0.041181
1120.000000 319.000000 0.472696 -0.039716
1225.000000 319.000000 0.605543 -0.041770
1145.000000 320.000000 0.502630 -0.039150
1119.000000 321.000000 0.471485 -0.037729
121.000000 324.000000 -0.518877 -0.035360
1222.000000 325.000000 0.601348 -0.035495
1272.000000 325.000000 0.671443 -0.036512
1125.000000 327.000000 0.478489 -0.031898
1222.000000 328.000000 0.601293 -0.032393
106.000000 329.000000 -0.537529 -0.030569
393.000000 330.000000 -0.227033 -0.026966
1149.000000 331.000000 0.507344 -0.028245
395.000000 333.000000 -0.225099 -0.024196
1105.000000 333.000000 0.454984 -0.025762
412.000000 334.000000 -0.208861 -0.023207
390.000000 335.000000 -0.229893 -0.022376
416.000000 335.000000 -0.205058 -0.022275
281.000000 337.000000 -0.338494 -0.021061
397.000000 337.000000 -0.223166 -0.020508
410.000000 337.000000 -0.210753 -0.020462
418.000000 337.000000 -0.203154 -0.020435
414.000000 338.000000 -0.206946 -0.019532
391.000000 339.000000 -0.228917 -0.018689
398.000000 340.000000 -0.222198 -0.017746
395.000000 343.000000 -0.225064 -0.014997
1231.000000 343.000000 0.613346 -0.016977
299.000000 344.000000 -0.319926 -0.014383
349.000000 345.000000 -0.269764 -0.013280
383.000000 345.000000 -0.236605 -0.013187
387.000000 346.000000 -0.232745 -0.012256
427.000000 346.000000 -0.194617 -0.012172
434.000000 346.000000 -0.188021 -0.012159
383.000000 348.000000 -0.236598 -0.010422
299.000000 349.000000 -0.319910 -0.009687
382.000000 350.000000 -0.237560 -0.008581
387.000000 350.000000 -0.232738 -0.008573
265.000000 351.000000 -0.355146 -0.007887
304.000000 351.000000 -0.314806 -0.007799
424.000000 351.000000 -0.197443 -0.007602
432.000000 351.000000 -0.189896 -0.007592
1200.000000 352.000000 0.571730 -0.007506
350.000000 353.000000 -0.268762 -0.005856
383.000000 353.000000 -0.236590 -0.005815
427.000000 353.000000 -0.194608 -0.005769
289.000000 354.000000 -0.330161 -0.005007
292.000000 354.000000 -0.327074 -0.005003
300.000000 354.000000 -0.318878 -0.004991
353.000000 354.000000 -0.265808 -0.004925
304.000000 355.000000 -0.314799 -0.004048
355.000000 355.000000 -0.263843 -0.003996
357.000000 355.000000 -0.261880 -0.003994
287.000000 357.000000 -0.332220 -0.002184
290.000000 357.000000 -0.329128 -0.002182
432.000000 357.000000 -0.189891 -0.002109
1187.000000 358.000000 0.554826 -0.001369
314.000000 359.000000 -0.304656 -0.000296
320.000000 359.000000 -0.298609 -0.000295
1177.000000 359.000000 0.542041 -0.000351
300.000000 360.000000 -0.318874 0.000640
436.000000 360.000000 -0.186128 0.000633
1178.000000 361.000000 0.543312 0.001668
348.000000 362.000000 -0.270729 0.002493
432.000000 362.000000 -0.189891 0.002461
76.000000 363.000000 -0.575915 0.003726
455.000000 363.000000 -0.168340 0.003365
351.000000 364.000000 -0.267774 0.004346
423.000000 364.000000 -0.198384 0.004294
153.000000 365.000000 -0.479871 0.005583
435.000000 365.000000 -0.187070 0.005200
447.000000 365.000000 -0.175814 0.005192
150.000000 366.000000 -0.483436 0.006577
156.000000 366.000000 -0.476323 0.006561
283.000000 366.000000 -0.336359 0.006299
346.000000 366.000000 -0.272706 0.006207
400.000000 366.000000 -0.220256 0.006146
1196.000000 366.000000 0.566495 0.006772
426.000000 367.000000 -0.195552 0.007036
293.000000 368.000000 -0.326051 0.008164
318.000000 369.000000 -0.300632 0.009049
402.000000 369.000000 -0.218348 0.008899
1208.000000 371.000000 0.582296 0.011936
156.000000 372.000000 -0.476346 0.012471
281.000000 372.000000 -0.338446 0.011963
447.000000 372.000000 -0.175821 0.011576
319.000000 373.000000 -0.299635 0.012784
399.000000 373.000000 -0.221224 0.012579
471.000000 373.000000 -0.153472 0.012451
151.000000 374.000000 -0.482281 0.014470
295.000000 374.000000 -0.324016 0.013799
403.000000 374.000000 -0.217402 0.013489
1142.000000 376.000000 0.498698 0.016546
1186.000000 376.000000 0.553604 0.016879
403.000000 377.000000 -0.217409 0.016244
445.000000 377.000000 -0.177703 0.016141
465.000000 377.000000 -0.159048 0.016100
301.000000 378.000000 -0.317894 0.017533
438.000000 378.000000 -0.184270 0.017070
319.000000 380.000000 -0.299662 0.019325
317.000000 381.000000 -0.301681 0.020269
1115.000000 381.000000 0.466576 0.021276
291.000000 382.000000 -0.328161 0.021343
297.000000 382.000000 -0.322003 0.021310
302.000000 383.000000 -0.316900 0.022221
304.000000 383.000000 -0.314862 0.022210
434.000000 383.000000 -0.188045 0.021650
438.000000 383.000000 -0.184284 0.021638
1116.000000 383.000000 0.467766 0.023250
291.000000 384.000000 -0.328172 0.023226
295.000000 384.000000 -0.324064 0.023202
319.000000 384.000000 -0.299682 0.023063
336.000000 384.000000 -0.282673 0.022973
358.000000 384.000000 -0.260955 0.022865
441.000000 384.000000 -0.181471 0.022542
311.000000 385.000000 -0.307765 0.024045
339.000000 385.000000 -0.279698 0.023888
1247.000000 385.000000 0.635621 0.026839
1251.000000 385.000000 0.641243 0.026898
101.000000 386.000000 -0.543793 0.026907
1254.000000 386.000000 0.645495 0.027994
316.000000 387.000000 -0.302723 0.025886
334.000000 387.000000 -0.284680 0.025778
430.000000 387.000000 -0.191826 0.025322
98.000000 388.000000 -0.547636 0.028968
282.000000 388.000000 -0.337494 0.027058
322.000000 388.000000 -0.296689 0.026784
345.000000 388.000000 -0.273771 0.026644
303.000000 389.000000 -0.315918 0.027847
324.000000 389.000000 -0.294687 0.027705
427.000000 389.000000 -0.194664 0.027164
299.000000 390.000000 -0.320008 0.028816
410.000000 390.000000 -0.210783 0.028154
1238.000000 390.000000 0.623165 0.031921
1260.000000 390.000000 0.654088 0.032309
214.000000 391.000000 -0.410255 0.030523
304.000000 392.000000 -0.314922 0.030656
323.000000 392.000000 -0.295712 0.030514
328.000000 392.000000 -0.290701 0.030478
302.000000 393.000000 -0.316968 0.031611
469.000000 393.000000 -0.155378 0.030653
296.000000 394.000000 -0.323111 0.032601
300.000000 394.000000 -0.319018 0.032567
326.000000 394.000000 -0.292718 0.032360
432.000000 394.000000 -0.189970 0.031718
429.000000 395.000000 -0.192803 0.032648
465.000000 395.000000 -0.159101 0.032489
1223.000000 395.000000 0.602708 0.036840
474.000000 396.000000 -0.150753 0.033365
6.000000 397.000000 -0.672960 0.039966
1148.000000 397.000000 0.506245 0.037521
302.000000 398.000000 -0.317012 0.036309
469.000000 398.000000 -0.155398 0.035206
441.000000 399.000000 -0.181532 0.036248
1276.000000 400.000000 0.677377 0.043261
334.000000 402.000000 -0.284792 0.039760
460.000000 402.000000 -0.163784 0.038892
208.000000 404.000000 -0.417079 0.043159
1226.000000 404.000000 0.606982 0.046231
55.000000 405.000000 -0.604480 0.047192
439.000000 405.000000 -0.183443 0.041746
1122.000000 405.000000 0.475136 0.045004
465.000000 406.000000 -0.159151 0.042515
1228.000000 406.000000 0.609760 0.048357
1236.000000 406.000000 0.620748 0.048566
1245.000000 406.000000 0.633257 0.048805
48.000000 407.000000 -0.614063 0.049447
295.000000 407.000000 -0.324269 0.044851
428.000000 407.000000 -0.193816 0.043646
291.000000 408.000000 -0.328393 0.045842
436.000000 408.000000 -0.186282 0.044511
440.000000 408.000000 -0.182522 0.044485
462.000000 408.000000 -0.161953 0.044356
1208.000000 408.000000 0.582879 0.049910
344.000000 411.000000 -0.274948 0.048051
466.000000 412.000000 -0.158254 0.047982
51.000000 413.000000 -0.610134 0.055601
292.000000 414.000000 -0.327441 0.051491
299.000000 414.000000 -0.320258 0.051396
296.000000 415.000000 -0.323345 0.052379
422.000000 415.000000 -0.199547 0.051029
1213.000000 415.000000 0.589735 0.057259
437.000000 416.000000 -0.185397 0.051831
441.000000 416.000000 -0.181637 0.051802
302.000000 418.000000 -0.317246 0.055122
421.000000 419.000000 -0.200528 0.054712
1144.000000 421.000000 0.501889 0.061389
403.000000 423.000000 -0.217701 0.058560
57.000000 424.000000 -0.602343 0.066830
347.000000 424.000000 -0.272133 0.060130
1153.000000 424.000000 0.512994 0.064644
363.000000 425.000000 -0.256409 0.060858
1206.000000 425.000000 0.580736 0.067342
1265.000000 426.000000 0.662295 0.070592
365.000000 427.000000 -0.254478 0.062691
59.000000 428.000000 -0.599786 0.070908
483.000000 428.000000 -0.142595 0.062471
460.000000 429.000000 -0.163958 0.063556
62.000000 430.000000 -0.595822 0.072869
444.000000 430.000000 -0.178934 0.064608
484.000000 430.000000 -0.141684 0.064289
298.000000 431.000000 -0.321546 0.067447
414.000000 431.000000 -0.207290 0.065821
463.000000 431.000000 -0.161179 0.065362
1247.000000 431.000000 0.636915 0.075151
296.000000 432.000000 -0.323616 0.068428
317.000000 432.000000 -0.302228 0.068064
467.000000 432.000000 -0.157463 0.066244
64.000000 433.000000 -0.593255 0.075900
298.000000 433.000000 -0.321582 0.069337
423.000000 433.000000 -0.198766 0.067568
429.000000 433.000000 -0.193088 0.067506
441.000000 433.000000 -0.181780 0.067388
452.000000 433.000000 -0.171465 0.067287
454.000000 433.000000 -0.169594 0.067269
461.000000 433.000000 -0.163059 0.067209
483.000000 433.000000 -0.142630 0.067035
1108.000000 433.000000 0.459370 0.072292
444.000000 434.000000 -0.178971 0.068278
480.000000 434.000000 -0.145414 0.067971
473.000000 435.000000 -0.151912 0.068940
66.000000 436.000000 -0.590698 0.078926
297.000000 436.000000 -0.322663 0.072191
320.000000 436.000000 -0.299268 0.071774
423.000000 436.000000 -0.198798 0.070330
455.000000 436.000000 -0.168686 0.070010
1269.000000 436.000000 0.668496 0.081425
443.000000 437.000000 -0.179939 0.071041
292.000000 438.000000 -0.327844 0.074181
322.000000 438.000000 -0.297288 0.073619
466.000000 438.000000 -0.158444 0.071743
1265.000000 438.000000 0.662819 0.083372
67.000000 439.000000 -0.589487 0.081990
457.000000 439.000000 -0.166845 0.072741
1244.000000 439.000000 0.633060 0.083451
440.000000 440.000000 -0.182790 0.073828
454.000000 440.000000 -0.169659 0.073687
1227.000000 440.000000 0.609594 0.083728
1176.000000 441.000000 0.542371 0.082607
1221.000000 441.000000 0.601473 0.084503
1224.000000 441.000000 0.605548 0.084637
68.000000 442.000000 -0.588282 0.085053
440.000000 442.000000 -0.182811 0.075667
485.000000 442.000000 -0.140850 0.075242
117.000000 443.000000 -0.525141 0.084054
302.000000 443.000000 -0.317678 0.078713
318.000000 443.000000 -0.301414 0.078397
336.000000 443.000000 -0.283348 0.078065
479.000000 443.000000 -0.146413 0.076207
1117.000000 443.000000 0.470225 0.082459
1204.000000 443.000000 0.578792 0.085824
444.000000 444.000000 -0.179072 0.077463
450.000000 444.000000 -0.173444 0.077399
453.000000 444.000000 -0.170634 0.077368
458.000000 444.000000 -0.165960 0.077318
304.000000 445.000000 -0.315675 0.080563
320.000000 445.000000 -0.299434 0.080242
1102.000000 445.000000 0.452772 0.083938
119.000000 446.000000 -0.522768 0.087008
307.000000 446.000000 -0.312635 0.081446
458.000000 446.000000 -0.165980 0.079153
1244.000000 446.000000 0.633397 0.090835
293.000000 447.000000 -0.327003 0.082692
296.000000 447.000000 -0.323915 0.082626
317.000000 447.000000 -0.302504 0.082185
448.000000 447.000000 -0.175350 0.080177
489.000000 447.000000 -0.137193 0.079781
1241.000000 447.000000 0.629255 0.091739
1253.000000 447.000000 0.646126 0.092351
30.000000 448.000000 -0.640622 0.093145
65.000000 448.000000 -0.592567 0.091412
304.000000 448.000000 -0.315738 0.083400
476.000000 448.000000 -0.149240 0.080812
120.000000 449.000000 -0.521646 0.090000
341.000000 449.000000 -0.278478 0.083600
459.000000 449.000000 -0.165077 0.081897
1144.000000 449.000000 0.502817 0.089431
29.000000 450.000000 -0.642134 0.095315
84.000000 450.000000 -0.567533 0.092590
152.000000 450.000000 -0.482739 0.089745
213.000000 450.000000 -0.412572 0.087670
216.000000 450.000000 -0.409244 0.087579
447.000000 450.000000 -0.176322 0.082947
487.000000 450.000000 -0.139068 0.082544
1242.000000 450.000000 0.630805 0.094955
109.000000 451.000000 -0.535502 0.092492
150.000000 451.000000 -0.485165 0.090819
223.000000 451.000000 -0.401548 0.088339
453.000000 451.000000 -0.170709 0.083799
457.000000 451.000000 -0.166967 0.083755
473.000000 451.000000 -0.152055 0.083590
155.000000 452.000000 -0.479243 0.091625
447.000000 452.000000 -0.176345 0.084787
227.000000 453.000000 -0.397218 0.090158
241.000000 453.000000 -0.381988 0.089747
405.000000 453.000000 -0.216157 0.086261
452.000000 453.000000 -0.171668 0.085650
460.000000 453.000000 -0.164185 0.085561
1193.000000 453.000000 0.564797 0.095628
1265.000000 453.000000 0.663597 0.099392
495.000000 454.000000 -0.131713 0.086135
128.000000 455.000000 -0.512007 0.095723
221.000000 455.000000 -0.403873 0.092284
227.000000 455.000000 -0.397279 0.092098
230.000000 455.000000 -0.393996 0.092006
321.000000 455.000000 -0.298630 0.089646
481.000000 455.000000 -0.144669 0.087180
489.000000 455.000000 -0.137264 0.087104
1222.000000 455.000000 0.603512 0.099157
223.000000 456.000000 -0.401702 0.093193
236.000000 456.000000 -0.387492 0.092791
243.000000 456.000000 -0.379917 0.092583
456.000000 456.000000 -0.167958 0.088364
460.000000 456.000000 -0.164219 0.088318
467.000000 456.000000 -0.157689 0.088241
1087.000000 456.000000 0.435924 0.094253
92.000000 457.000000 -0.557477 0.099405
94.000000 457.000000 -0.554897 0.099307
134.000000 457.000000 -0.504739 0.097481
231.000000 457.000000 -0.392966 0.093912
317.000000 457.000000 -0.302717 0.091623
322.000000 457.000000 -0.297665 0.091512
325.000000 457.000000 -0.294643 0.091446
327.000000 457.000000 -0.292632 0.091402
398.000000 457.000000 -0.222932 0.090078
404.000000 457.000000 -0.217175 0.089984
471.000000 457.000000 -0.153976 0.089117
474.000000 457.000000 -0.151186 0.089085
78.000000 458.000000 -0.575789 0.101134
224.000000 458.000000 -0.400666 0.095104
227.000000 458.000000 -0.397372 0.095008
237.000000 458.000000 -0.386467 0.094695
481.000000 458.000000 -0.144699 0.089932
496.000000 458.000000 -0.130826 0.089789
235.000000 459.000000 -0.388671 0.095725
244.000000 459.000000 -0.378928 0.095448
380.000000 459.000000 -0.240352 0.092239
457.000000 459.000000 -0.167057 0.091112
474.000000 459.000000 -0.151207 0.090922
1148.000000 459.000000 0.508132 0.099664
228.000000 460.000000 -0.396341 0.096917
238.000000 460.000000 -0.385445 0.096599
241.000000 460.000000 -0.382197 0.096506
322.000000 460.000000 -0.297733 0.094343
494.000000 460.000000 -0.132691 0.091639
80.000000 461.000000 -0.573313 0.104133
318.000000 461.000000 -0.301797 0.095380
480.000000 461.000000 -0.145657 0.092695
322.000000 462.000000 -0.297779 0.096232
398.000000 462.000000 -0.223013 0.094723
477.000000 462.000000 -0.148452 0.093645
494.000000 462.000000 -0.132709 0.093473
21.000000 464.000000 -0.654268 0.110666
381.000000 464.000000 -0.239472 0.096883
18.000000 465.000000 -0.658613 0.111922
451.000000 465.000000 -0.172752 0.096715
217.000000 466.000000 -0.408664 0.103130
222.000000 466.000000 -0.403136 0.102953
228.000000 466.000000 -0.396541 0.102745
308.000000 466.000000 -0.312078 0.100360
446.000000 466.000000 -0.177460 0.097704
462.000000 466.000000 -0.162468 0.097497
454.000000 467.000000 -0.169965 0.098520
459.000000 468.000000 -0.165297 0.099378
484.000000 468.000000 -0.142023 0.099083
1233.000000 468.000000 0.619327 0.113439
310.000000 469.000000 -0.310117 0.103156
445.000000 469.000000 -0.178442 0.100488
78.000000 470.000000 -0.576441 0.113565
218.000000 470.000000 -0.407701 0.106998
476.000000 470.000000 -0.149471 0.101013
93.000000 472.000000 -0.556972 0.114780
460.000000 472.000000 -0.164414 0.103055
494.000000 472.000000 -0.132810 0.102653
1219.000000 472.000000 0.600412 0.116785
75.000000 473.000000 -0.580583 0.116857
312.000000 473.000000 -0.308186 0.106901
492.000000 473.000000 -0.134669 0.103593
72.000000 474.000000 -0.584626 0.118079
310.000000 474.000000 -0.310250 0.107905
454.000000 474.000000 -0.170059 0.104982
462.000000 474.000000 -0.162570 0.104874
99.000000 475.000000 -0.549419 0.117529
69.000000 476.000000 -0.588750 0.120350
456.000000 477.000000 -0.168227 0.107727
1228.000000 477.000000 0.613012 0.122620
312.000000 478.000000 -0.308323 0.111652
466.000000 478.000000 -0.158887 0.108513
1266.000000 478.000000 0.666640 0.126305
100.000000 479.000000 -0.548368 0.121587
461.000000 479.000000 -0.163573 0.109505
464.000000 479.000000 -0.160768 0.109464
456.000000 480.000000 -0.168269 0.110501
478.000000 480.000000 -0.147733 0.110203
1222.000000 480.000000 0.605003 0.125385
99.000000 481.000000 -0.549769 0.123705
446.000000 481.000000 -0.177678 0.111577
1226.000000 481.000000 0.610536 0.126708
1264.000000 481.000000 0.663971 0.129395
456.000000 483.000000 -0.168313 0.113277
1044.000000 483.000000 0.389019 0.119059
449.000000 484.000000 -0.174902 0.114310
45.000000 485.000000 -0.621978 0.131421
171.000000 485.000000 -0.461828 0.123828
460.000000 485.000000 -0.164595 0.115070
1210.000000 485.000000 0.589119 0.129833
184.000000 486.000000 -0.446781 0.124192
462.000000 486.000000 -0.162738 0.115966
443.000000 487.000000 -0.180600 0.117190
1251.000000 487.000000 0.645827 0.134881
479.000000 488.000000 -0.146907 0.117578
1195.000000 488.000000 0.569412 0.131962
475.000000 489.000000 -0.150644 0.118557
485.000000 489.000000 -0.141345 0.118423
451.000000 491.000000 -0.173133 0.120772
472.000000 491.000000 -0.153469 0.120450
485.000000 491.000000 -0.141371 0.120271
68.000000 492.000000 -0.591155 0.137176
474.000000 492.000000 -0.151618 0.121347
480.000000 492.000000 -0.146031 0.121263
1138.000000 492.000000 0.497599 0.132525
477.000000 493.000000 -0.148837 0.122231
42.000000 494.000000 -0.626802 0.141215
455.000000 494.000000 -0.169423 0.123493
461.000000 494.000000 -0.163796 0.123397
1061.000000 494.000000 0.408211 0.130550
1074.000000 494.000000 0.422771 0.131155
1156.000000 494.000000 0.519893 0.135644
477.000000 495.000000 -0.148866 0.124083
453.000000 496.000000 -0.171335 0.125384
459.000000 496.000000 -0.165702 0.125285
66.000000 497.000000 -0.594205 0.142582
466.000000 497.000000 -0.159163 0.126102
472.000000 497.000000 -0.153557 0.126010
1231.000000 497.000000 0.618584 0.144033
452.000000 498.000000 -0.172310 0.127261
454.000000 498.000000 -0.170429 0.127227
475.000000 498.000000 -0.150774 0.126893
1189.000000 498.000000 0.562242 0.141964
85.000000 499.000000 -0.569111 0.143294
408.000000 499.000000 -0.214122 0.129052
469.000000 499.000000 -0.156389 0.127912
414.000000 500.000000 -0.208392 0.129859
1215.000000 500.000000 0.596934 0.145978
411.000000 501.000000 -0.211288 0.130860
458.000000 501.000000 -0.166723 0.129950
1154.000000 502.000000 0.517913 0.143712
473.000000 503.000000 -0.152716 0.131565
413.000000 504.000000 -0.209437 0.133628
415.000000 504.000000 -0.207522 0.133584
457.000000 504.000000 -0.167714 0.132759
471.000000 504.000000 -0.154599 0.132526
1172.000000 504.000000 0.540733 0.146997
409.000000 505.000000 -0.213296 0.134656
455.000000 505.000000 -0.169611 0.133726
66.000000 506.000000 -0.594895 0.152082
470.000000 506.000000 -0.155566 0.134402
415.000000 507.000000 -0.207589 0.136398
1166.000000 507.000000 0.533319 0.149677
465.000000 508.000000 -0.160279 0.136347
1198.000000 508.000000 0.574809 0.153093
24.000000 509.000000 -0.653374 0.158815
1176.000000 509.000000 0.546213 0.152471
1193.000000 509.000000 0.568293 0.153755
412.000000 510.000000 -0.210532 0.139283
415.000000 510.000000 -0.207656 0.139214
495.000000 510.000000 -0.132352 0.137739
1070.000000 510.000000 0.419068 0.146805
70.000000 511.000000 -0.589920 0.157047
1188.000000 511.000000 0.561899 0.155463
479.000000 512.000000 -0.147261 0.139841
412.000000 513.000000 -0.210602 0.142104
1185.000000 513.000000 0.558145 0.157323
1236.000000 514.000000 0.626943 0.162631
1174.000000 516.000000 0.544174 0.159603
386.000000 517.000000 -0.235832 0.146545
478.000000 517.000000 -0.148275 0.144517
483.000000 517.000000 -0.143613 0.144434
1171.000000 517.000000 0.540413 0.160413
1270.000000 518.000000 0.675803 0.170123
254.000000 519.000000 -0.370507 0.153381
69.000000 520.000000 -0.592017 0.166667
466.000000 520.000000 -0.159554 0.147529
464.000000 521.000000 -0.161449 0.148502
1143.000000 521.000000 0.505609 0.162461
1165.000000 521.000000 0.533088 0.164109
1191.000000 521.000000 0.566630 0.166198
1198.000000 522.000000 0.575951 0.167843
9.000000 523.000000 -0.676268 0.175482
1273.000000 523.000000 0.680670 0.175910
789.000000 529.000000 0.136685 0.155534
508.000000 530.000000 -0.120594 0.156178
1103.000000 530.000000 0.458181 0.168850
1244.000000 530.000000 0.639678 0.180675
82.000000 531.000000 -0.575643 0.177192
1136.000000 531.000000 0.497762 0.172231
1095.000000 533.000000 0.449040 0.171351
1244.000000 533.000000 0.639979 0.183938
1246.000000 534.000000 0.642911 0.185230
1124.000000 535.000000 0.483500 0.175440
85.000000 536.000000 -0.572132 0.182221
1092.000000 536.000000 0.445759 0.174186
496.000000 537.000000 -0.131841 0.162917
1181.000000 537.000000 0.554953 0.182192
153.000000 539.000000 -0.486597 0.179635
83.000000 542.000000 -0.575337 0.188785
1175.000000 542.000000 0.547637 0.186924
1267.000000 542.000000 0.673915 0.196249
83.000000 544.000000 -0.575528 0.190916
96.000000 544.000000 -0.558456 0.189683
1176.000000 544.000000 0.549111 0.189126
1252.000000 545.000000 0.652615 0.197907
85.000000 547.000000 -0.573173 0.193920
511.000000 547.000000 -0.118074 0.172059
501.000000 548.000000 -0.127377 0.173165
120.000000 550.000000 -0.528243 0.193807
123.000000 550.000000 -0.524463 0.193538
111.000000 551.000000 -0.539764 0.195684
47.000000 552.000000 -0.625246 0.203247
109.000000 552.000000 -0.542416 0.196926
97.000000 553.000000 -0.558014 0.199137
113.000000 553.000000 -0.537398 0.197607
1228.000000 553.000000 0.619684 0.204027
1060.000000 555.000000 0.410542 0.191215
97.000000 556.000000 -0.558309 0.202329
881.000000 556.000000 0.224764 0.183348
1135.000000 556.000000 0.498572 0.198032
1059.000000 557.000000 0.409555 0.193165
1224.000000 557.000000 0.614587 0.207944
1264.000000 558.000000 0.671391 0.213664
48.000000 559.000000 -0.624633 0.210782
97.000000 559.000000 -0.558610 0.205527
118.000000 559.000000 -0.531608 0.203466
1256.000000 559.000000 0.659950 0.213825
1194.000000 560.000000 0.574268 0.207940
49.000000 562.000000 -0.623584 0.213952
116.000000 562.000000 -0.534437 0.206829
339.000000 562.000000 -0.284025 0.191416
99.000000 563.000000 -0.556412 0.209592
1133.000000 563.000000 0.496739 0.205156
1224.000000 564.000000 0.615379 0.215585
1164.000000 565.000000 0.535712 0.210201
1148.000000 566.000000 0.515590 0.209695
340.000000 567.000000 -0.283241 0.196249
1115.000000 567.000000 0.475266 0.207729
1161.000000 567.000000 0.532087 0.212024
1147.000000 568.000000 0.514532 0.211707
1149.000000 568.000000 0.517034 0.211900
112.000000 569.000000 -0.540241 0.214658
1114.000000 569.000000 0.474241 0.209718
1274.000000 569.000000 0.687345 0.227209
1111.000000 570.000000 0.470739 0.210495
1270.000000 570.000000 0.681610 0.227827
1228.000000 572.000000 0.621874 0.224835
954.000000 574.000000 0.298284 0.203864
1030.000000 574.000000 0.378592 0.208335
149.000000 575.000000 -0.494532 0.217360
218.000000 576.000000 -0.413637 0.212530
516.000000 577.000000 -0.113937 0.200347
218.000000 578.000000 -0.413789 0.214571
130.000000 579.000000 -0.518451 0.223448
1232.000000 579.000000 0.628323 0.233058
214.000000 580.000000 -0.418470 0.216926
112.000000 582.000000 -0.541614 0.228547
1101.000000 583.000000 0.460000 0.223123
106.000000 584.000000 -0.549575 0.231359
1068.000000 584.000000 0.421751 0.221330
112.000000 585.000000 -0.541943 0.231768
1091.000000 585.000000 0.448406 0.224310
1241.000000 585.000000 0.641777 0.240886
104.000000 586.000000 -0.552395 0.233741
1159.000000 586.000000 0.531527 0.232069
512.000000 588.000000 -0.117870 0.210924
37.000000 590.000000 -0.643896 0.246439
106.000000 591.000000 -0.550371 0.238914
1201.000000 591.000000 0.587201 0.242405
1245.000000 591.000000 0.648263 0.248136
104.000000 593.000000 -0.553203 0.241312
954.000000 593.000000 0.299294 0.222655
106.000000 594.000000 -0.550720 0.242162
102.000000 595.000000 -0.556047 0.243719
1202.000000 596.000000 0.589183 0.248030
99.000000 597.000000 -0.560212 0.246255
1076.000000 597.000000 0.432034 0.235443
140.000000 598.000000 -0.507965 0.242626
1147.000000 598.000000 0.517654 0.243610
950.000000 599.000000 0.295523 0.228403
1056.000000 601.000000 0.409540 0.237851
1075.000000 602.000000 0.431330 0.240555
1218.000000 603.000000 0.611984 0.257901
102.000000 604.000000 -0.557140 0.253525
511.000000 604.000000 -0.119132 0.226329
371.000000 606.000000 -0.253965 0.233112
1161.000000 607.000000 0.536505 0.254959
100.000000 609.000000 -0.560390 0.259251
101.000000 611.000000 -0.559332 0.261319
384.000000 611.000000 -0.241279 0.237439
525.000000 611.000000 -0.106189 0.232810
1155.000000 611.000000 0.529307 0.258580
1037.000000 612.000000 0.389172 0.247617
992.000000 613.000000 0.340307 0.245168
1093.000000 613.000000 0.453411 0.253827
1143.000000 615.000000 0.514584 0.261477
1030.000000 616.000000 0.381749 0.251166
1127.000000 619.000000 0.495120 0.263919
1134.000000 619.000000 0.503796 0.264738
27.000000 621.000000 -0.662589 0.282984
1155.000000 622.000000 0.530672 0.270577
1160.000000 622.000000 0.537093 0.271216
1035.000000 623.000000 0.387887 0.258845
92.000000 624.000000 -0.572960 0.276888
562.000000 627.000000 -0.072005 0.247722
961.000000 627.000000 0.308625 0.257263
97.000000 628.000000 -0.566873 0.280649
553.000000 628.000000 -0.080391 0.248831
97.000000 630.000000 -0.567151 0.282878
1054.000000 630.000000 0.409892 0.267905
1170.000000 634.000000 0.551685 0.285812
541.000000 635.000000 -0.091705 0.255884
1168.000000 635.000000 0.549208 0.286647
636.000000 636.000000 -0.003541 0.255951
39.000000 638.000000 -0.648079 0.300662
97.000000 638.000000 -0.568287 0.291823
141.000000 638.000000 -0.511461 0.285813
634.000000 638.000000 -0.005393 0.257908
1132.000000 642.000000 0.504148 0.289557
106.000000 643.000000 -0.557117 0.296131
546.000000 644.000000 -0.087197 0.264640
553.000000 644.000000 -0.080654 0.264516
96.000000 645.000000 -0.570641 0.299840
98.000000 646.000000 -0.568128 0.300671
1129.000000 646.000000 0.500922 0.293566
569.000000 648.000000 -0.065786 0.268211
1000.000000 650.000000 0.351809 0.283963
1002.000000 650.000000 0.353979 0.284136
549.000000 652.000000 -0.084536 0.272491
131.000000 653.000000 -0.526145 0.303756
633.000000 653.000000 -0.006336 0.272656
400.000000 654.000000 -0.227566 0.279701
1271.000000 655.000000 0.695787 0.325884
487.000000 656.000000 -0.143179 0.278036
558.000000 657.000000 -0.076199 0.277292
1270.000000 658.000000 0.694833 0.329261
120.000000 659.000000 -0.541169 0.312066
178.000000 661.000000 -0.468819 0.306334
1082.000000 662.000000 0.445829 0.305195
117.000000 663.000000 -0.545667 0.317031
489.000000 663.000000 -0.141499 0.284987
1102.000000 663.000000 0.469924 0.308779
609.000000 665.000000 -0.028696 0.284652
1078.000000 665.000000 0.441461 0.307987
324.000000 666.000000 -0.305701 0.296939
526.000000 666.000000 -0.106465 0.286935
557.000000 666.000000 -0.077292 0.286278
947.000000 666.000000 0.296818 0.296384
165.000000 667.000000 -0.485456 0.314656
580.000000 667.000000 -0.055773 0.286926
553.000000 668.000000 -0.081083 0.288352
1076.000000 668.000000 0.439463 0.311022
132.000000 669.000000 -0.527177 0.321568
1015.000000 669.000000 0.369982 0.305424
128.000000 670.000000 -0.532467 0.323296
581.000000 670.000000 -0.054877 0.289913
116.000000 671.000000 -0.548199 0.326269
131.000000 671.000000 -0.528758 0.323978
239.000000 671.000000 -0.398633 0.310067
1082.000000 672.000000 0.447056 0.316145
1201.000000 672.000000 0.599133 0.333798
84.000000 673.000000 -0.591214 0.333737
118.000000 673.000000 -0.545896 0.328237
623.000000 673.000000 -0.015687 0.292574
80.000000 674.000000 -0.596836 0.335569
244.000000 674.000000 -0.393301 0.312766
988.000000 674.000000 0.340953 0.308189
528.000000 675.000000 -0.104799 0.295935
540.000000 675.000000 -0.093463 0.295650
1197.000000 677.000000 0.594504 0.338933
115.000000 678.000000 -0.550612 0.334428
126.000000 678.000000 -0.536275 0.332694
563.000000 678.000000 -0.071870 0.298218
628.000000 678.000000 -0.011037 0.297577
117.000000 679.000000 -0.548150 0.335255
123.000000 679.000000 -0.540323 0.334305
576.000000 679.000000 -0.059681 0.299020
640.000000 679.000000 0.000165 0.298569
1197.000000 681.000000 0.595192 0.343597
114.000000 682.000000 -0.552570 0.339184
85.000000 684.000000 -0.591723 0.346363
117.000000 684.000000 -0.548954 0.340999
126.000000 684.000000 -0.537218 0.339555
552.000000 684.000000 -0.082337 0.304488
1174.000000 685.000000 0.564796 0.344327
559.000000 686.000000 -0.075778 0.306379
121.000000 687.000000 -0.544207 0.343805
82.000000 688.000000 -0.596514 0.351568
128.000000 688.000000 -0.535264 0.343827
85.000000 692.000000 -0.593121 0.355737
118.000000 692.000000 -0.548956 0.350073
570.000000 692.000000 -0.065522 0.312282
60.000000 694.000000 -0.628049 0.362608
574.000000 696.000000 -0.061818 0.316296
1115.000000 697.000000 0.490659 0.348682
74.000000 698.000000 -0.609302 0.364799
1150.000000 698.000000 0.535367 0.355389
799.000000 699.000000 0.150871 0.322016
1114.000000 699.000000 0.489717 0.350812
1148.000000 699.000000 0.532936 0.356216
577.000000 700.000000 -0.059053 0.320340
1268.000000 701.000000 0.699626 0.380467
800.000000 702.000000 0.151960 0.325163
957.000000 702.000000 0.310299 0.335289
1025.000000 702.000000 0.384689 0.342271
1122.000000 703.000000 0.500353 0.356631
1120.000000 704.000000 0.497994 0.357466
82.000000 706.000000 -0.599755 0.372839
1109.000000 706.000000 0.484570 0.358054
130.000000 707.000000 -0.535801 0.365499
571.000000 707.000000 -0.064832 0.327628
1019.000000 707.000000 0.378506 0.347091
71.000000 708.000000 -0.615308 0.377274
132.000000 708.000000 -0.533375 0.366328
1239.000000 708.000000 0.659048 0.383461
392.000000 709.000000 -0.238891 0.337182
1105.000000 709.000000 0.480076 0.360880
573.000000 712.000000 -0.063026 0.332756
65.000000 713.000000 -0.624610 0.384414
543.000000 715.000000 -0.091571 0.336502
86.000000 716.000000 -0.596137 0.384036
