776.000000 3.000000 0.129345 -0.338505
1057.000000 3.000000 0.423366 -0.361682
1098.000000 3.000000 0.472625 -0.367636
1104.000000 3.000000 0.480030 -0.368570
1224.000000 3.000000 0.639457 -0.390137
159.000000 6.000000 -0.499829 -0.367481
1071.000000 6.000000 0.439506 -0.360222
1103.000000 6.000000 0.478325 -0.364955
157.000000 7.000000 -0.502187 -0.366645
671.000000 7.000000 0.029378 -0.332021
1075.000000 7.000000 0.444139 -0.359653
1206.000000 7.000000 0.613431 -0.381820
1101.000000 8.000000 0.475549 -0.362348
1118.000000 8.000000 0.496704 -0.365013
1188.000000 8.000000 0.588445 -0.377219
161.000000 9.000000 -0.496835 -0.363690
671.000000 9.000000 0.029362 -0.329956
1215.000000 9.000000 0.625617 -0.381137
1146.000000 10.000000 0.532150 -0.367330
1195.000000 10.000000 0.597656 -0.376140
1212.000000 10.000000 0.621224 -0.379359
791.000000 11.000000 0.143516 -0.330733
1023.000000 11.000000 0.383198 -0.348412
24.000000 12.000000 -0.681935 -0.384874
1091.000000 12.000000 0.462711 -0.356277
1143.000000 12.000000 0.527922 -0.364485
1156.000000 12.000000 0.544869 -0.366712
1229.000000 12.000000 0.644800 -0.380208
1151.000000 13.000000 0.538148 -0.364678
37.000000 14.000000 -0.662874 -0.379976
1090.000000 14.000000 0.461204 -0.353857
154.000000 15.000000 -0.504690 -0.357881
156.000000 15.000000 -0.502168 -0.357564
1031.000000 15.000000 0.391791 -0.344934
1100.000000 15.000000 0.473262 -0.354190
887.000000 16.000000 0.237967 -0.330594
1066.000000 16.000000 0.432205 -0.348251
210.000000 17.000000 -0.436005 -0.347409
1089.000000 17.000000 0.459559 -0.350310
1187.000000 17.000000 0.585425 -0.366339
1190.000000 17.000000 0.589513 -0.366885
212.000000 18.000000 -0.433510 -0.346021
1027.000000 19.000000 0.386783 -0.340046
39.000000 20.000000 -0.658879 -0.372357
153.000000 20.000000 -0.505163 -0.352289
1128.000000 20.000000 0.507410 -0.352770
278.000000 21.000000 -0.358013 -0.334898
1261.000000 22.000000 0.688905 -0.374203
854.000000 23.000000 0.204529 -0.321236
880.000000 23.000000 0.230457 -0.322775
1192.000000 23.000000 0.591155 -0.360151
1160.000000 24.000000 0.548070 -0.353386
40.000000 25.000000 -0.656516 -0.366162
57.000000 25.000000 -0.632432 -0.363010
1158.000000 25.000000 0.545274 -0.351887
26.000000 26.000000 -0.676419 -0.367564
1164.000000 26.000000 0.553004 -0.351737
28.000000 27.000000 -0.673351 -0.365990
38.000000 27.000000 -0.659001 -0.364136
1257.000000 27.000000 0.682160 -0.367413
1166.000000 28.000000 0.555310 -0.349750
1129.000000 29.000000 0.507270 -0.342618
1158.000000 29.000000 0.544607 -0.347253
1183.000000 29.000000 0.577866 -0.351504
208.000000 30.000000 -0.436660 -0.333165
1161.000000 32.000000 0.548048 -0.344280
1158.000000 33.000000 0.543949 -0.342634
214.000000 34.000000 -0.429107 -0.327980
107.000000 35.000000 -0.562275 -0.342443
200.000000 35.000000 -0.445483 -0.328649
1044.000000 36.000000 0.404151 -0.323371
1165.000000 36.000000 0.552655 -0.340321
1181.000000 36.000000 0.573966 -0.342996
1184.000000 36.000000 0.578008 -0.343508
103.000000 37.000000 -0.567264 -0.340794
1050.000000 37.000000 0.410920 -0.322976
90.000000 38.000000 -0.584562 -0.341825
216.000000 38.000000 -0.426279 -0.323330
1151.000000 38.000000 0.534029 -0.335767
1184.000000 38.000000 0.577667 -0.341182
1194.000000 38.000000 0.591236 -0.342896
1090.000000 39.000000 0.457731 -0.325770
101.000000 40.000000 -0.569435 -0.337656
275.000000 40.000000 -0.359381 -0.314685
1063.000000 40.000000 0.425625 -0.321240
1221.000000 40.000000 0.628294 -0.345301
1122.000000 41.000000 0.496678 -0.327971
1198.000000 41.000000 0.596188 -0.340086
1255.000000 41.000000 0.676686 -0.350248
100.000000 42.000000 -0.570440 -0.335511
737.000000 42.000000 0.091032 -0.297323
123.000000 43.000000 -0.539968 -0.330667
161.000000 43.000000 -0.491729 -0.325011
1156.000000 43.000000 0.539735 -0.330839
99.000000 44.000000 -0.571448 -0.333368
214.000000 44.000000 -0.427887 -0.316993
1148.000000 44.000000 0.529218 -0.328457
280.000000 45.000000 -0.353430 -0.308860
1085.000000 45.000000 0.450958 -0.318476
1165.000000 45.000000 0.551198 -0.329977
115.000000 46.000000 -0.549938 -0.328497
207.000000 46.000000 -0.435836 -0.315647
1155.000000 46.000000 0.537966 -0.327262
210.000000 47.000000 -0.432200 -0.314190
1067.000000 47.000000 0.429452 -0.314055
1104.000000 48.000000 0.473488 -0.317640
1166.000000 48.000000 0.552037 -0.326703
208.000000 49.000000 -0.434302 -0.312244
1142.000000 49.000000 0.520765 -0.321886
1095.000000 50.000000 0.462312 -0.314243
1173.000000 50.000000 0.560971 -0.325528
1185.000000 50.000000 0.577012 -0.327468
1204.000000 50.000000 0.602892 -0.330635
1106.000000 51.000000 0.475528 -0.314579
260.000000 52.000000 -0.374739 -0.303331
1075.000000 52.000000 0.438236 -0.309552
1169.000000 53.000000 0.555204 -0.321468
1148.000000 54.000000 0.527709 -0.317135
6.000000 56.000000 -0.700105 -0.335278
1146.000000 56.000000 0.524849 -0.314588
1168.000000 56.000000 0.553419 -0.317898
275.000000 57.000000 -0.357765 -0.296588
1064.000000 57.000000 0.424791 -0.302827
1163.000000 57.000000 0.546704 -0.315996
1178.000000 57.000000 0.566510 -0.318319
1184.000000 57.000000 0.574536 -0.319271
1256.000000 58.000000 0.675117 -0.330241
92.000000 59.000000 -0.578411 -0.317273
1156.000000 59.000000 0.537290 -0.312683
1158.000000 59.000000 0.539884 -0.312981
1176.000000 59.000000 0.563535 -0.315726
1269.000000 59.000000 0.693899 -0.331315
113.000000 60.000000 -0.550399 -0.312889
1198.000000 60.000000 0.593005 -0.318083
1117.000000 61.000000 0.487701 -0.304974
1137.000000 61.000000 0.512679 -0.307699
133.000000 62.000000 -0.524254 -0.307709
136.000000 62.000000 -0.520433 -0.307284
1198.000000 62.000000 0.592682 -0.315786
1272.000000 64.000000 0.697439 -0.325909
274.000000 65.000000 -0.358130 -0.288244
1108.000000 65.000000 0.476148 -0.299404
1128.000000 65.000000 0.500820 -0.302017
1038.000000 66.000000 0.394104 -0.290386
1110.000000 67.000000 0.478334 -0.297464
1133.000000 67.000000 0.506811 -0.300477
1167.000000 67.000000 0.550440 -0.305300
88.000000 68.000000 -0.582384 -0.307634
1031.000000 68.000000 0.386055 -0.287572
1141.000000 68.000000 0.516771 -0.300461
1139.000000 69.000000 0.514101 -0.299075
1166.000000 69.000000 0.548835 -0.302902
1217.000000 69.000000 0.617743 -0.310814
108.000000 70.000000 -0.555468 -0.302352
709.000000 70.000000 0.064269 -0.268870
1095.000000 70.000000 0.459826 -0.292346
1203.000000 70.000000 0.598239 -0.307418
1257.000000 70.000000 0.674514 -0.316296
106.000000 71.000000 -0.557951 -0.301521
1140.000000 71.000000 0.515093 -0.296994
1148.000000 71.000000 0.525268 -0.298094
912.000000 72.000000 0.259670 -0.274178
1012.000000 73.000000 0.364576 -0.280537
1019.000000 73.000000 0.372267 -0.281167
1028.000000 73.000000 0.382233 -0.282000
1126.000000 73.000000 0.497271 -0.292927
1231.000000 73.000000 0.636744 -0.308480
1260.000000 73.000000 0.678371 -0.313284
1177.000000 74.000000 0.562585 -0.298896
1210.000000 74.000000 0.607233 -0.303950
1256.000000 74.000000 0.672394 -0.311448
102.000000 75.000000 -0.562642 -0.297608
107.000000 75.000000 -0.556052 -0.296881
1243.000000 75.000000 0.653494 -0.308131
3.000000 76.000000 -0.701133 -0.312155
105.000000 76.000000 -0.558538 -0.296049
1152.000000 76.000000 0.529698 -0.293089
1156.000000 76.000000 0.534844 -0.293643
1061.000000 77.000000 0.419149 -0.281027
1070.000000 77.000000 0.429550 -0.281975
1111.000000 77.000000 0.478310 -0.286665
1204.000000 77.000000 0.598513 -0.299587
1243.000000 77.000000 0.653166 -0.305811
1130.000000 78.000000 0.501605 -0.287952
1132.000000 79.000000 0.503973 -0.287112
1118.000000 80.000000 0.486505 -0.284256
1121.000000 80.000000 0.490195 -0.284627
1180.000000 80.000000 0.565685 -0.292590
1224.000000 80.000000 0.625760 -0.299291
1190.000000 81.000000 0.578904 -0.292934
1233.000000 81.000000 0.638281 -0.299573
93.000000 82.000000 -0.573576 -0.291055
1071.000000 82.000000 0.430181 -0.276746
1254.000000 82.000000 0.668183 -0.301800
1259.000000 83.000000 0.675271 -0.301449
1070.000000 84.000000 0.428812 -0.274512
1118.000000 84.000000 0.486017 -0.279905
1228.000000 84.000000 0.630748 -0.295336
106.000000 85.000000 -0.555944 -0.285846
1239.000000 85.000000 0.646165 -0.295923
1066.000000 86.000000 0.423982 -0.271978
1085.000000 86.000000 0.446127 -0.273970
1230.000000 86.000000 0.633252 -0.293357
92.000000 87.000000 -0.574189 -0.285591
147.000000 87.000000 -0.503282 -0.278240
106.000000 88.000000 -0.555528 -0.282509
150.000000 88.000000 -0.499432 -0.276781
1211.000000 88.000000 0.606451 -0.288160
1234.000000 88.000000 0.638591 -0.291690
1257.000000 88.000000 0.671563 -0.295324
1154.000000 89.000000 0.530513 -0.278983
1139.000000 90.000000 0.511347 -0.275959
1170.000000 90.000000 0.551093 -0.280022
1180.000000 90.000000 0.564257 -0.281405
1255.000000 90.000000 0.668348 -0.292692
121.000000 92.000000 -0.535524 -0.276073
1128.000000 93.000000 0.497255 -0.271343
268.000000 94.000000 -0.362197 -0.258549
1151.000000 94.000000 0.526030 -0.273103
1176.000000 94.000000 0.558421 -0.276405
1041.000000 95.000000 0.394718 -0.260126
1105.000000 95.000000 0.468950 -0.266532
1205.000000 95.000000 0.597182 -0.279370
1103.000000 97.000000 0.466327 -0.264171
1185.000000 97.000000 0.569926 -0.274306
165.000000 98.000000 -0.479862 -0.264220
1039.000000 98.000000 0.392215 -0.256824
1135.000000 98.000000 0.505356 -0.266762
1225.000000 98.000000 0.624397 -0.278920
1228.000000 98.000000 0.628603 -0.279367
1014.000000 99.000000 0.364566 -0.253693
1133.000000 100.000000 0.502626 -0.264359
1095.000000 101.000000 0.456354 -0.259053
1047.000000 102.000000 0.400827 -0.253368
107.000000 104.000000 -0.552087 -0.264697
1101.000000 104.000000 0.463182 -0.256496
1065.000000 105.000000 0.420984 -0.251874
1085.000000 105.000000 0.444153 -0.253799
104.000000 106.000000 -0.555748 -0.262886
1057.000000 106.000000 0.411768 -0.250097
1097.000000 106.000000 0.458210 -0.253957
1186.000000 106.000000 0.570038 -0.264464
199.000000 107.000000 -0.438538 -0.251122
1085.000000 107.000000 0.443955 -0.251691
1190.000000 107.000000 0.575238 -0.263891
102.000000 108.000000 -0.558111 -0.260946
1219.000000 108.000000 0.614589 -0.266769
91.000000 109.000000 -0.572505 -0.261271
110.000000 109.000000 -0.547551 -0.258837
195.000000 111.000000 -0.442813 -0.247307
103.000000 112.000000 -0.556293 -0.256433
107.000000 114.000000 -0.550826 -0.253748
109.000000 114.000000 -0.548228 -0.253502
112.000000 114.000000 -0.544344 -0.253136
145.000000 114.000000 -0.502596 -0.249298
1088.000000 114.000000 0.446788 -0.244622
1182.000000 114.000000 0.563696 -0.255132
1229.000000 114.000000 0.627687 -0.261439
147.000000 115.000000 -0.500012 -0.248007
1151.000000 115.000000 0.523465 -0.250263
1197.000000 115.000000 0.583568 -0.255970
101.000000 118.000000 -0.558165 -0.250122
1253.000000 118.000000 0.661241 -0.260325
88.000000 119.000000 -0.575209 -0.250649
873.000000 120.000000 0.218564 -0.224375
1146.000000 120.000000 0.516579 -0.244306
1166.000000 120.000000 0.542065 -0.246618
1231.000000 120.000000 0.629659 -0.254982
215.000000 121.000000 -0.418856 -0.235070
1144.000000 121.000000 0.513955 -0.243009
1147.000000 122.000000 0.517613 -0.242271
1229.000000 122.000000 0.626581 -0.252469
1101.000000 123.000000 0.461266 -0.236428
1134.000000 123.000000 0.501278 -0.239781
1189.000000 123.000000 0.571840 -0.246147
1208.000000 123.000000 0.597426 -0.248564
120.000000 127.000000 -0.532555 -0.238137
122.000000 127.000000 -0.530009 -0.237913
1043.000000 128.000000 0.394195 -0.226223
1047.000000 130.000000 0.398498 -0.224488
1051.000000 130.000000 0.402973 -0.224801
1128.000000 130.000000 0.493157 -0.231723
1190.000000 130.000000 0.572311 -0.238619
1240.000000 130.000000 0.641000 -0.245002
1067.000000 131.000000 0.420983 -0.225066
1110.000000 131.000000 0.471239 -0.228897
1151.000000 131.000000 0.521666 -0.233072
1257.000000 131.000000 0.665199 -0.246173
1067.000000 133.000000 0.420818 -0.223008
1195.000000 133.000000 0.578617 -0.235949
113.000000 134.000000 -0.540731 -0.231393
1122.000000 135.000000 0.485336 -0.225852
1251.000000 135.000000 0.656021 -0.240865
1194.000000 136.000000 0.576921 -0.232559
1237.000000 136.000000 0.635967 -0.237908
538.000000 137.000000 -0.093608 -0.204408
1130.000000 137.000000 0.494909 -0.224529
76.000000 138.000000 -0.588946 -0.231320
1209.000000 138.000000 0.596901 -0.232176
1221.000000 138.000000 0.613363 -0.233655
933.000000 139.000000 0.277255 -0.208403
1026.000000 139.000000 0.374666 -0.213805
1162.000000 139.000000 0.534777 -0.225703
1203.000000 139.000000 0.588647 -0.230358
1063.000000 141.000000 0.415634 -0.214483
1162.000000 141.000000 0.534563 -0.223565
1100.000000 142.000000 0.458334 -0.216508
1130.000000 142.000000 0.494422 -0.219264
1138.000000 142.000000 0.504276 -0.220043
1080.000000 145.000000 0.434744 -0.211730
1178.000000 145.000000 0.554786 -0.221003
1126.000000 146.000000 0.489155 -0.214687
1163.000000 146.000000 0.535315 -0.218335
1185.000000 146.000000 0.563847 -0.220695
1196.000000 146.000000 0.578431 -0.221927
1234.000000 148.000000 0.630235 -0.224223
32.000000 151.000000 -0.648289 -0.222340
989.000000 151.000000 0.334297 -0.199490
1160.000000 151.000000 0.530979 -0.212710
1270.000000 151.000000 0.681473 -0.225365
1043.000000 152.000000 0.392447 -0.201853
1170.000000 152.000000 0.543675 -0.212664
958.000000 153.000000 0.302004 -0.195879
1041.000000 153.000000 0.390169 -0.200709
1144.000000 153.000000 0.510658 -0.209034
1156.000000 153.000000 0.525709 -0.210193
1117.000000 155.000000 0.477457 -0.204498
52.000000 156.000000 -0.619625 -0.214458
1228.000000 156.000000 0.620900 -0.214708
1235.000000 156.000000 0.630679 -0.215526
1239.000000 156.000000 0.636306 -0.215998
1275.000000 156.000000 0.688179 -0.220374
77.000000 157.000000 -0.585439 -0.210576
1040.000000 157.000000 0.388799 -0.196617
1166.000000 157.000000 0.538034 -0.206943
1111.000000 158.000000 0.470020 -0.200882
1195.000000 158.000000 0.575776 -0.208859
16.000000 159.000000 -0.670263 -0.215387
940.000000 159.000000 0.283400 -0.189169
1159.000000 159.000000 0.528923 -0.204143
1197.000000 159.000000 0.578334 -0.207996
1169.000000 160.000000 0.541584 -0.204057
1238.000000 160.000000 0.634428 -0.211478
1196.000000 161.000000 0.576790 -0.205739
6.000000 162.000000 -0.684446 -0.213238
32.000000 162.000000 -0.646981 -0.210176
518.000000 162.000000 -0.111749 -0.181023
1234.000000 162.000000 0.628583 -0.208823
1276.000000 162.000000 0.688915 -0.213765
9.000000 163.000000 -0.679949 -0.211764
23.000000 163.000000 -0.659707 -0.210117
1167.000000 163.000000 0.538728 -0.200685
1195.000000 163.000000 0.575250 -0.203487
1207.000000 164.000000 0.591224 -0.203672
32.000000 165.000000 -0.646636 -0.206871
1045.000000 165.000000 0.393797 -0.188910
9.000000 166.000000 -0.679595 -0.208421
1047.000000 168.000000 0.395818 -0.186031
1093.000000 168.000000 0.448023 -0.189196
1231.000000 168.000000 0.623721 -0.201927
1017.000000 169.000000 0.363042 -0.183233
1131.000000 171.000000 0.493050 -0.189094
106.000000 172.000000 -0.545860 -0.191650
1150.000000 172.000000 0.516408 -0.189667
1182.000000 172.000000 0.557240 -0.192588
22.000000 173.000000 -0.660003 -0.199183
1007.000000 173.000000 0.352129 -0.178728
19.000000 174.000000 -0.664203 -0.198413
1036.000000 174.000000 0.383348 -0.179365
1210.000000 174.000000 0.594241 -0.193211
1202.000000 175.000000 0.583371 -0.191336
1205.000000 175.000000 0.587396 -0.191634
97.000000 176.000000 -0.557124 -0.188257
1229.000000 176.000000 0.620082 -0.193009
1021.000000 177.000000 0.366899 -0.175535
1272.000000 177.000000 0.681306 -0.196573
1028.000000 180.000000 0.374297 -0.172952
1265.000000 180.000000 0.670776 -0.192481
1004.000000 181.000000 0.348529 -0.170700
1276.000000 181.000000 0.686729 -0.192574
25.000000 182.000000 -0.654736 -0.188967
1155.000000 182.000000 0.521815 -0.179662
143.000000 183.000000 -0.498555 -0.177023
1179.000000 183.000000 0.552327 -0.180682
1271.000000 183.000000 0.679187 -0.189814
1273.000000 183.000000 0.682112 -0.190030
12.000000 184.000000 -0.673231 -0.188141
17.000000 184.000000 -0.666003 -0.187613
1251.000000 184.000000 0.650205 -0.186593
25.000000 185.000000 -0.654423 -0.185682
1149.000000 185.000000 0.514073 -0.176052
19.000000 186.000000 -0.662915 -0.185207
142.000000 186.000000 -0.499545 -0.174007
897.000000 186.000000 0.239642 -0.161540
1141.000000 186.000000 0.504094 -0.174383
23.000000 187.000000 -0.657075 -0.183699
1173.000000 187.000000 0.544240 -0.175955
1185.000000 187.000000 0.559775 -0.176996
1209.000000 187.000000 0.591620 -0.179181
1196.000000 188.000000 0.574150 -0.176920
90.000000 190.000000 -0.564996 -0.174096
1086.000000 190.000000 0.438406 -0.166418
95.000000 191.000000 -0.558387 -0.172611
1258.000000 191.000000 0.659509 -0.179652
1092.000000 192.000000 0.445201 -0.164786
1108.000000 193.000000 0.463830 -0.164824
90.000000 194.000000 -0.564652 -0.169880
98.000000 194.000000 -0.554244 -0.169208
1210.000000 194.000000 0.592325 -0.171807
1274.000000 194.000000 0.682423 -0.177979
1029.000000 195.000000 0.374586 -0.158200
1167.000000 196.000000 0.535833 -0.166058
1265.000000 196.000000 0.669111 -0.174876
96.000000 198.000000 -0.556505 -0.165179
1187.000000 198.000000 0.561446 -0.165587
93.000000 199.000000 -0.560321 -0.164375
1125.000000 199.000000 0.483673 -0.159873
1163.000000 199.000000 0.530527 -0.162628
1167.000000 199.000000 0.535597 -0.162937
1258.000000 199.000000 0.658719 -0.170911
152.000000 201.000000 -0.486331 -0.157913
1206.000000 201.000000 0.586332 -0.164019
156.000000 202.000000 -0.481461 -0.156628
158.000000 204.000000 -0.478937 -0.154464
133.000000 205.000000 -0.509203 -0.155126
152.000000 206.000000 -0.485999 -0.152822
129.000000 207.000000 -0.514006 -0.153351
154.000000 207.000000 -0.483532 -0.151676
229.000000 207.000000 -0.397402 -0.147400
1127.000000 207.000000 0.485547 -0.151859
133.000000 208.000000 -0.508996 -0.152049
159.000000 208.000000 -0.477488 -0.150343
235.000000 208.000000 -0.390763 -0.146119
118.000000 209.000000 -0.527588 -0.152065
127.000000 209.000000 -0.516348 -0.151435
1038.000000 209.000000 0.383669 -0.144881
153.000000 210.000000 -0.484540 -0.148693
1124.000000 210.000000 0.481749 -0.148619
127.000000 211.000000 -0.516211 -0.149380
133.000000 211.000000 -0.508793 -0.148975
159.000000 211.000000 -0.477301 -0.147305
1063.000000 211.000000 0.411140 -0.144141
106.000000 212.000000 -0.542568 -0.149820
156.000000 212.000000 -0.480821 -0.146477
1121.000000 212.000000 0.478034 -0.146404
102.000000 213.000000 -0.547614 -0.149071
118.000000 213.000000 -0.527308 -0.147940
136.000000 213.000000 -0.504974 -0.146731
109.000000 214.000000 -0.538606 -0.147535
105.000000 215.000000 -0.543631 -0.146782
113.000000 215.000000 -0.533468 -0.146223
115.000000 215.000000 -0.530944 -0.146086
128.000000 215.000000 -0.514702 -0.145210
1051.000000 215.000000 0.397627 -0.139602
111.000000 216.000000 -0.535929 -0.145329
135.000000 216.000000 -0.506007 -0.143732
98.000000 217.000000 -0.552471 -0.145204
107.000000 217.000000 -0.540940 -0.144572
1138.000000 217.000000 0.498237 -0.142385
105.000000 218.000000 -0.543421 -0.143676
117.000000 218.000000 -0.528224 -0.142860
131.000000 218.000000 -0.510799 -0.141945
136.000000 218.000000 -0.504653 -0.141627
101.000000 220.000000 -0.548402 -0.141881
133.000000 220.000000 -0.508210 -0.139776
1047.000000 220.000000 0.392996 -0.134504
1051.000000 220.000000 0.397393 -0.134686
97.000000 221.000000 -0.553479 -0.141121
100.000000 223.000000 -0.549481 -0.138843
1204.000000 224.000000 0.581847 -0.139617
1245.000000 224.000000 0.638024 -0.142733
248.000000 228.000000 -0.375758 -0.125980
246.000000 229.000000 -0.377876 -0.125087
1202.000000 229.000000 0.578835 -0.134239
252.000000 230.000000 -0.371377 -0.123879
1231.000000 230.000000 0.618033 -0.135259
224.000000 232.000000 -0.401761 -0.123062
233.000000 232.000000 -0.391877 -0.122688
1191.000000 232.000000 0.564148 -0.130371
229.000000 233.000000 -0.396217 -0.121875
1127.000000 233.000000 0.484005 -0.125540
1209.000000 233.000000 0.587892 -0.130532
203.000000 234.000000 -0.425098 -0.122007
231.000000 234.000000 -0.393984 -0.120817
1218.000000 234.000000 0.599953 -0.130100
1239.000000 234.000000 0.628849 -0.131591
199.000000 236.000000 -0.429530 -0.120212
248.000000 236.000000 -0.375448 -0.118208
1257.000000 236.000000 0.654130 -0.130773
202.000000 237.000000 -0.426094 -0.119093
205.000000 237.000000 -0.422713 -0.118963
1131.000000 237.000000 0.488601 -0.121721
1253.000000 237.000000 0.648354 -0.129406
229.000000 240.000000 -0.395938 -0.115040
1010.000000 240.000000 0.352400 -0.113619
117.000000 241.000000 -0.526817 -0.119294
227.000000 241.000000 -0.398094 -0.114142
1215.000000 241.000000 0.595426 -0.122543
1241.000000 241.000000 0.631148 -0.124283
112.000000 243.000000 -0.532986 -0.117529
1253.000000 244.000000 0.647858 -0.121910
1262.000000 245.000000 0.660651 -0.121459
1117.000000 246.000000 0.471446 -0.111998
1163.000000 246.000000 0.527465 -0.114295
1236.000000 247.000000 0.623780 -0.117583
203.000000 248.000000 -0.424509 -0.108228
110.000000 249.000000 -0.535184 -0.111505
264.000000 250.000000 -0.357886 -0.104136
112.000000 251.000000 -0.532558 -0.109359
114.000000 252.000000 -0.529993 -0.108237
1218.000000 252.000000 0.598797 -0.111204
1262.000000 252.000000 0.660181 -0.113944
111.000000 253.000000 -0.533715 -0.107370
256.000000 253.000000 -0.366293 -0.101498
1079.000000 253.000000 0.427235 -0.103461
1198.000000 253.000000 0.572052 -0.109015
1172.000000 254.000000 0.538403 -0.106599
1105.000000 255.000000 0.456974 -0.102516
1208.000000 256.000000 0.585133 -0.106457
1275.000000 256.000000 0.678750 -0.110480
142.000000 257.000000 -0.495261 -0.101850
145.000000 257.000000 -0.491640 -0.101718
124.000000 258.000000 -0.517237 -0.101659
1151.000000 258.000000 0.511940 -0.101513
1230.000000 258.000000 0.614817 -0.105609
127.000000 259.000000 -0.513485 -0.100509
1161.000000 259.000000 0.524306 -0.100966
140.000000 260.000000 -0.497551 -0.098924
1194.000000 260.000000 0.566432 -0.101566
1196.000000 260.000000 0.569050 -0.101669
123.000000 261.000000 -0.518337 -0.098668
1190.000000 261.000000 0.561167 -0.100333
1222.000000 261.000000 0.603710 -0.102013
1233.000000 261.000000 0.618781 -0.102623
143.000000 262.000000 -0.493837 -0.096789
138.000000 263.000000 -0.499849 -0.095996
1206.000000 263.000000 0.582095 -0.099080
125.000000 264.000000 -0.515730 -0.095546
1070.000000 264.000000 0.416728 -0.092369
99.000000 265.000000 -0.548366 -0.095701
141.000000 265.000000 -0.496129 -0.093864
1191.000000 266.000000 0.562222 -0.095238
1177.000000 267.000000 0.544138 -0.093561
1183.000000 267.000000 0.551825 -0.093836
95.000000 268.000000 -0.553358 -0.092816
1163.000000 268.000000 0.526402 -0.091925
1202.000000 268.000000 0.576546 -0.093704
153.000000 269.000000 -0.481568 -0.089394
1185.000000 269.000000 0.554310 -0.091879
1057.000000 270.000000 0.402115 -0.086121
1258.000000 270.000000 0.653383 -0.094471
98.000000 271.000000 -0.549375 -0.089614
1199.000000 271.000000 0.572451 -0.090465
94.000000 272.000000 -0.554465 -0.088767
103.000000 272.000000 -0.542953 -0.088378
1080.000000 272.000000 0.427703 -0.084874
1197.000000 273.000000 0.569733 -0.088313
1207.000000 273.000000 0.582937 -0.088769
1255.000000 273.000000 0.648952 -0.091122
1243.000000 274.000000 0.631984 -0.089454
1141.000000 275.000000 0.498995 -0.083989
1199.000000 275.000000 0.572270 -0.086342
1166.000000 276.000000 0.529832 -0.083940
1109.000000 277.000000 0.460828 -0.080886
1118.000000 277.000000 0.471389 -0.081184
1184.000000 277.000000 0.552674 -0.083650
236.000000 278.000000 -0.387087 -0.077979
1117.000000 279.000000 0.470144 -0.079168
1261.000000 279.000000 0.657211 -0.085043
237.000000 281.000000 -0.385928 -0.075064
1044.000000 281.000000 0.387596 -0.075129
1134.000000 281.000000 0.490319 -0.077743
1266.000000 282.000000 0.664250 -0.082086
1273.000000 283.000000 0.674335 -0.081348
237.000000 284.000000 -0.385856 -0.072175
1228.000000 284.000000 0.610774 -0.078267
1154.000000 285.000000 0.514560 -0.074412
235.000000 286.000000 -0.387978 -0.070296
233.000000 287.000000 -0.390126 -0.069379
1251.000000 287.000000 0.642622 -0.076100
1261.000000 289.000000 0.656754 -0.074410
771.000000 292.000000 0.118949 -0.061055
1017.000000 292.000000 0.358420 -0.063989
1145.000000 292.000000 0.503293 -0.067103
1147.000000 292.000000 0.505736 -0.067163
1144.000000 294.000000 0.502016 -0.065073
1186.000000 295.000000 0.554587 -0.065352
1173.000000 296.000000 0.537953 -0.063926
1253.000000 296.000000 0.645086 -0.066674
1262.000000 296.000000 0.657902 -0.067017
247.000000 297.000000 -0.374810 -0.059484
78.000000 298.000000 -0.574277 -0.062737
1114.000000 298.000000 0.466074 -0.060300
1183.000000 298.000000 0.550635 -0.062202
247.000000 299.000000 -0.374774 -0.057570
1122.000000 300.000000 0.475448 -0.058521
161.000000 303.000000 -0.471074 -0.055444
768.000000 303.000000 0.116140 -0.051037
245.000000 304.000000 -0.376831 -0.052819
161.000000 306.000000 -0.471008 -0.052484
1269.000000 307.000000 0.667584 -0.055576
247.000000 308.000000 -0.374622 -0.048961
1169.000000 309.000000 0.532551 -0.050676
1271.000000 309.000000 0.670414 -0.053511
159.000000 311.000000 -0.473258 -0.047593
74.000000 313.000000 -0.579117 -0.047462
1073.000000 315.000000 0.418840 -0.042871
1098.000000 315.000000 0.447157 -0.043276
1176.000000 315.000000 0.541258 -0.044776
1178.000000 315.000000 0.543800 -0.044819
1057.000000 316.000000 0.401105 -0.041667
1269.000000 317.000000 0.667292 -0.044944
1181.000000 318.000000 0.547562 -0.041844
1202.000000 318.000000 0.574797 -0.042289
1233.000000 319.000000 0.616482 -0.041953
1146.000000 320.000000 0.503848 -0.039168
46.000000 322.000000 -0.616582 -0.038809
212.000000 322.000000 -0.412544 -0.036007
214.000000 322.000000 -0.410330 -0.035981
13.000000 323.000000 -0.662868 -0.038478
19.000000 323.000000 -0.654295 -0.038345
994.000000 323.000000 0.333918 -0.034250
36.000000 325.000000 -0.630332 -0.035887
1059.000000 325.000000 0.403188 -0.033025
118.000000 328.000000 -0.522531 -0.031398
1217.000000 328.000000 0.594549 -0.032306
15.000000 329.000000 -0.659881 -0.032087
1206.000000 330.000000 0.579849 -0.030068
1223.000000 331.000000 0.602597 -0.029308
1261.000000 333.000000 0.655461 -0.027828
1265.000000 333.000000 0.661191 -0.027893
1182.000000 335.000000 0.548562 -0.024640
1190.000000 336.000000 0.558838 -0.023722
730.000000 337.000000 0.081390 -0.020139
1125.000000 337.000000 0.478375 -0.022029
27.000000 338.000000 -0.642711 -0.022418
108.000000 338.000000 -0.534898 -0.021478
1172.000000 339.000000 0.535818 -0.020490
1263.000000 340.000000 0.658223 -0.020462
1267.000000 340.000000 0.663968 -0.020510
1269.000000 340.000000 0.666851 -0.020534
1276.000000 341.000000 0.676991 -0.019555
1200.000000 342.000000 0.571797 -0.017716
1218.000000 343.000000 0.595695 -0.016856
1220.000000 344.000000 0.598381 -0.015842
1107.000000 347.000000 0.457194 -0.012074
1264.000000 347.000000 0.659587 -0.013074
1111.000000 349.000000 0.461836 -0.010132
1161.000000 349.000000 0.521975 -0.010362
161.000000 354.000000 -0.470434 -0.005245
1265.000000 357.000000 0.660974 -0.002507
1275.000000 358.000000 0.675427 -0.001461
1123.000000 359.000000 0.475900 -0.000332
1260.000000 360.000000 0.653816 0.000665
1096.000000 362.000000 0.444488 0.002599
1024.000000 363.000000 0.365182 0.003496
1119.000000 364.000000 0.471185 0.004586
1104.000000 365.000000 0.453695 0.005539
1199.000000 365.000000 0.570411 0.005761
1239.000000 366.000000 0.624300 0.006916
144.000000 372.000000 -0.490627 0.012532
1039.000000 373.000000 0.381252 0.013064
142.000000 374.000000 -0.493039 0.014524
145.000000 375.000000 -0.489446 0.015495
213.000000 375.000000 -0.411236 0.015104
208.000000 376.000000 -0.416789 0.016095
1237.000000 376.000000 0.621596 0.017320
1244.000000 376.000000 0.631317 0.017385
214.000000 378.000000 -0.410147 0.017990
1223.000000 378.000000 0.602458 0.019260
1215.000000 380.000000 0.591702 0.021239
1263.000000 380.000000 0.658226 0.021793
208.000000 381.000000 -0.416821 0.020924
214.000000 381.000000 -0.410167 0.020881
167.000000 382.000000 -0.463507 0.022225
214.000000 383.000000 -0.410182 0.022809
208.000000 384.000000 -0.416845 0.023822
168.000000 385.000000 -0.462370 0.025158
1154.000000 385.000000 0.513436 0.025624
166.000000 386.000000 -0.464711 0.026160
210.000000 386.000000 -0.414639 0.025737
988.000000 387.000000 0.327648 0.026055
1222.000000 387.000000 0.601217 0.028549
1233.000000 389.000000 0.616251 0.030795
1238.000000 389.000000 0.623148 0.030878
1089.000000 390.000000 0.436672 0.029820
1247.000000 390.000000 0.635702 0.032078
1087.000000 392.000000 0.434424 0.031743
1203.000000 392.000000 0.575927 0.033390
1227.000000 393.000000 0.608108 0.034844
1141.000000 394.000000 0.497684 0.034424
1269.000000 394.000000 0.667085 0.036719
1227.000000 397.000000 0.608186 0.038992
1067.000000 399.000000 0.412082 0.038277
1238.000000 399.000000 0.623343 0.041310
14.000000 400.000000 -0.661509 0.042963
1209.000000 400.000000 0.584019 0.041710
1268.000000 400.000000 0.665778 0.043065
29.000000 401.000000 -0.640253 0.043656
1267.000000 402.000000 0.664386 0.045163
1123.000000 403.000000 0.476283 0.043047
1147.000000 403.000000 0.505131 0.043489
1164.000000 403.000000 0.526118 0.043823
272.000000 405.000000 -0.348075 0.043238
247.000000 406.000000 -0.374542 0.044517
1235.000000 406.000000 0.619367 0.048539
1238.000000 406.000000 0.623514 0.048618
1275.000000 407.000000 0.676108 0.050701
9.000000 408.000000 -0.668910 0.051584
113.000000 408.000000 -0.529064 0.048878
115.000000 408.000000 -0.526566 0.048833
238.000000 408.000000 -0.384248 0.046559
275.000000 408.000000 -0.344978 0.046044
1129.000000 408.000000 0.483508 0.048106
12.000000 410.000000 -0.664651 0.053619
276.000000 413.000000 -0.344003 0.050769
1228.000000 413.000000 0.609954 0.055633
1037.000000 414.000000 0.379521 0.052256
1238.000000 414.000000 0.623744 0.056979
274.000000 415.000000 -0.346121 0.052695
1217.000000 415.000000 0.595101 0.057378
1260.000000 415.000000 0.654727 0.058736
268.000000 416.000000 -0.352422 0.053736
1188.000000 416.000000 0.556906 0.057560
1207.000000 416.000000 0.581773 0.058111
273.000000 417.000000 -0.347197 0.054608
1215.000000 418.000000 0.592507 0.060418
269.000000 420.000000 -0.351436 0.057522
1183.000000 420.000000 0.550586 0.061487
237.000000 421.000000 -0.385549 0.059047
1210.000000 424.000000 0.586018 0.066449
244.000000 426.000000 -0.378099 0.063708
240.000000 427.000000 -0.382427 0.064749
249.000000 428.000000 -0.372777 0.065524
1261.000000 428.000000 0.656638 0.072556
1264.000000 428.000000 0.660939 0.072679
280.000000 429.000000 -0.340098 0.065878
1192.000000 429.000000 0.562500 0.070960
1197.000000 430.000000 0.569058 0.072164
1276.000000 430.000000 0.678396 0.075320
1237.000000 432.000000 0.623009 0.075788
1276.000000 432.000000 0.678483 0.077463
176.000000 434.000000 -0.454031 0.073112
932.000000 434.000000 0.271704 0.069471
1276.000000 436.000000 0.678666 0.081751
1098.000000 437.000000 0.447906 0.075939
1242.000000 437.000000 0.630175 0.081255
239.000000 438.000000 -0.383753 0.075346
1175.000000 438.000000 0.540983 0.079517
242.000000 439.000000 -0.380539 0.076235
1241.000000 440.000000 0.628917 0.084366
241.000000 442.000000 -0.381692 0.079146
245.000000 442.000000 -0.377383 0.079046
1213.000000 442.000000 0.590735 0.085186
1238.000000 443.000000 0.624885 0.087381
1077.000000 445.000000 0.424245 0.083151
204.000000 448.000000 -0.422559 0.085997
208.000000 451.000000 -0.418174 0.088800
1178.000000 451.000000 0.545342 0.092885
1076.000000 452.000000 0.423340 0.089959
1217.000000 453.000000 0.596638 0.096811
206.000000 454.000000 -0.420508 0.091792
204.000000 456.000000 -0.422818 0.093813
1221.000000 456.000000 0.602206 0.100150
1228.000000 456.000000 0.611753 0.100525
1239.000000 456.000000 0.626945 0.101126
207.000000 457.000000 -0.419488 0.094690
1092.000000 459.000000 0.441745 0.097385
1275.000000 459.000000 0.678447 0.106422
187.000000 461.000000 -0.442268 0.099328
1134.000000 461.000000 0.491184 0.101060
1217.000000 461.000000 0.597063 0.105157
143.000000 462.000000 -0.494028 0.102115
1064.000000 462.000000 0.410262 0.099322
138.000000 463.000000 -0.500130 0.103343
334.000000 463.000000 -0.285746 0.096902
264.000000 464.000000 -0.357720 0.099663
1204.000000 464.000000 0.579831 0.107562
138.000000 465.000000 -0.500221 0.105356
216.000000 465.000000 -0.409737 0.102190
259.000000 466.000000 -0.363084 0.101737
268.000000 466.000000 -0.353553 0.101464
1270.000000 466.000000 0.671613 0.113648
63.000000 467.000000 -0.596256 0.111309
61.000000 468.000000 -0.599011 0.112471
127.000000 468.000000 -0.513836 0.108907
203.000000 468.000000 -0.424373 0.105604
143.000000 469.000000 -0.494346 0.109148
338.000000 469.000000 -0.281886 0.102465
76.000000 470.000000 -0.579083 0.113680
214.000000 470.000000 -0.412141 0.107147
61.000000 471.000000 -0.599191 0.115612
71.000000 471.000000 -0.585778 0.115013
82.000000 471.000000 -0.571237 0.114372
73.000000 472.000000 -0.583177 0.115936
78.000000 472.000000 -0.576558 0.115641
332.000000 472.000000 -0.287960 0.105440
1117.000000 472.000000 0.471375 0.111312
1017.000000 473.000000 0.359599 0.108402
1257.000000 473.000000 0.653365 0.120305
50.000000 474.000000 -0.614350 0.119450
78.000000 474.000000 -0.576676 0.117718
332.000000 474.000000 -0.288010 0.107330
72.000000 475.000000 -0.584687 0.119121
141.000000 475.000000 -0.497058 0.115288
1183.000000 475.000000 0.552986 0.117754
85.000000 476.000000 -0.567601 0.119376
252.000000 476.000000 -0.370883 0.111611
1116.000000 476.000000 0.470380 0.115262
1125.000000 476.000000 0.481072 0.115693
1256.000000 476.000000 0.652144 0.123451
78.000000 477.000000 -0.576857 0.120837
1231.000000 478.000000 0.617208 0.123875
1236.000000 478.000000 0.624129 0.124212
75.000000 479.000000 -0.580950 0.123105
254.000000 479.000000 -0.368846 0.114443
1208.000000 479.000000 0.586048 0.123422
1250.000000 479.000000 0.643828 0.126243
338.000000 480.000000 -0.282156 0.112849
1257.000000 480.000000 0.653853 0.127811
141.000000 481.000000 -0.497367 0.121343
252.000000 481.000000 -0.371060 0.116450
333.000000 481.000000 -0.287187 0.113926
1234.000000 481.000000 0.621560 0.127256
1248.000000 481.000000 0.641142 0.128239
1028.000000 483.000000 0.371696 0.118449
1076.000000 483.000000 0.424524 0.120387
1107.000000 484.000000 0.460185 0.122819
313.000000 485.000000 -0.307507 0.118285
319.000000 485.000000 -0.301412 0.118109
1158.000000 485.000000 0.521846 0.126563
322.000000 486.000000 -0.298404 0.118973
338.000000 486.000000 -0.282314 0.118526
1165.000000 486.000000 0.530685 0.128000
1214.000000 486.000000 0.594565 0.131154
341.000000 488.000000 -0.279372 0.120338
322.000000 489.000000 -0.298491 0.121827
1053.000000 492.000000 0.399263 0.128229
1205.000000 492.000000 0.582917 0.136824
1238.000000 492.000000 0.627919 0.139245
307.000000 493.000000 -0.313882 0.126107
346.000000 493.000000 -0.274526 0.124936
1203.000000 493.000000 0.580326 0.137731
192.000000 495.000000 -0.438038 0.132744
1216.000000 495.000000 0.597910 0.140774
1234.000000 495.000000 0.622584 0.142136
348.000000 496.000000 -0.272620 0.127723
1136.000000 496.000000 0.495402 0.136466
354.000000 497.000000 -0.266694 0.128503
1213.000000 497.000000 0.594006 0.142660
357.000000 498.000000 -0.263753 0.129366
1119.000000 498.000000 0.475083 0.137499
1171.000000 498.000000 0.539047 0.140725
1173.000000 499.000000 0.541664 0.141893
349.000000 500.000000 -0.271740 0.131486
198.000000 501.000000 -0.431502 0.138401
328.000000 501.000000 -0.292798 0.133073
333.000000 501.000000 -0.287763 0.132916
357.000000 501.000000 -0.263836 0.132207
1170.000000 501.000000 0.537978 0.143755
1175.000000 501.000000 0.544358 0.144100
324.000000 502.000000 -0.296871 0.134156
337.000000 502.000000 -0.283778 0.133745
353.000000 502.000000 -0.267826 0.133268
1204.000000 502.000000 0.582315 0.147247
329.000000 503.000000 -0.291853 0.134949
1167.000000 503.000000 0.534307 0.145615
194.000000 504.000000 -0.436217 0.141594
325.000000 505.000000 -0.295958 0.136989
332.000000 505.000000 -0.288895 0.136761
193.000000 506.000000 -0.437467 0.143641
1079.000000 506.000000 0.429035 0.143306
345.000000 507.000000 -0.275932 0.138257
197.000000 508.000000 -0.433009 0.145418
201.000000 508.000000 -0.428462 0.145203
336.000000 509.000000 -0.285003 0.140448
344.000000 509.000000 -0.276993 0.140192
1131.000000 509.000000 0.490145 0.149368
1175.000000 509.000000 0.544930 0.152398
1220.000000 509.000000 0.604444 0.155916
353.000000 510.000000 -0.268063 0.140865
340.000000 511.000000 -0.281057 0.142226
1171.000000 511.000000 0.539962 0.154180
348.000000 512.000000 -0.273098 0.142924
1217.000000 512.000000 0.600610 0.158855
352.000000 513.000000 -0.269149 0.143750
343.000000 514.000000 -0.278152 0.144991
349.000000 514.000000 -0.272165 0.144797
1108.000000 514.000000 0.463021 0.152985
1217.000000 514.000000 0.600779 0.160981
1184.000000 516.000000 0.557080 0.160383
1186.000000 516.000000 0.559682 0.160541
996.000000 517.000000 0.339102 0.150151
1149.000000 517.000000 0.512733 0.158779
349.000000 518.000000 -0.272295 0.148612
346.000000 519.000000 -0.275320 0.149667
1275.000000 519.000000 0.683203 0.171706
343.000000 520.000000 -0.278353 0.150724
350.000000 520.000000 -0.271364 0.150489
189.000000 521.000000 -0.442920 0.158882
192.000000 521.000000 -0.439470 0.158701
196.000000 521.000000 -0.434888 0.158462
200.000000 521.000000 -0.430326 0.158226
286.000000 521.000000 -0.336662 0.153880
353.000000 521.000000 -0.268412 0.151345
1109.000000 521.000000 0.464643 0.160126
357.000000 522.000000 -0.264473 0.152168
1232.000000 522.000000 0.622101 0.170871
283.000000 523.000000 -0.339891 0.155955
287.000000 523.000000 -0.335703 0.155780
354.000000 523.000000 -0.267484 0.153221
188.000000 524.000000 -0.444258 0.161960
194.000000 525.000000 -0.437418 0.162594
349.000000 525.000000 -0.272530 0.155302
354.000000 525.000000 -0.267551 0.155132
185.000000 526.000000 -0.447853 0.164163
197.000000 526.000000 -0.434046 0.163415
1270.000000 529.000000 0.676898 0.182214
231.000000 530.000000 -0.396124 0.165420
1242.000000 532.000000 0.637056 0.182649
526.000000 533.000000 -0.104004 0.158732
1275.000000 533.000000 0.684626 0.187153
337.000000 534.000000 -0.284882 0.164377
340.000000 534.000000 -0.281864 0.164263
1270.000000 534.000000 0.677420 0.187729
344.000000 535.000000 -0.277887 0.165075
334.000000 536.000000 -0.287985 0.166421
351.000000 536.000000 -0.270924 0.165777
354.000000 536.000000 -0.267934 0.165669
993.000000 536.000000 0.336812 0.168526
1151.000000 536.000000 0.516678 0.178580
1190.000000 536.000000 0.566624 0.181948
259.000000 537.000000 -0.366036 0.170826
202.000000 538.000000 -0.429097 0.175161
343.000000 538.000000 -0.279004 0.168000
350.000000 538.000000 -0.271996 0.167737
356.000000 538.000000 -0.266016 0.167517
199.000000 539.000000 -0.432586 0.176365
1166.000000 539.000000 0.535837 0.182973
1168.000000 539.000000 0.538387 0.183147
338.000000 540.000000 -0.284108 0.170123
342.000000 540.000000 -0.280085 0.169966
346.000000 540.000000 -0.276072 0.169812
357.000000 540.000000 -0.265094 0.169401
1186.000000 540.000000 0.561745 0.185818
208.000000 541.000000 -0.422479 0.177792
1183.000000 541.000000 0.557919 0.186599
195.000000 542.000000 -0.437370 0.179662
198.000000 542.000000 -0.433929 0.179459
351.000000 542.000000 -0.271148 0.171548
356.000000 542.000000 -0.266163 0.171361
1105.000000 542.000000 0.461377 0.181199
201.000000 543.000000 -0.430567 0.180268
316.000000 543.000000 -0.306578 0.173947
320.000000 543.000000 -0.302487 0.173772
1257.000000 543.000000 0.659564 0.196255
207.000000 544.000000 -0.423808 0.180878
355.000000 544.000000 -0.267233 0.173323
383.000000 544.000000 -0.239583 0.172331
360.000000 545.000000 -0.262297 0.174099
1209.000000 545.000000 0.592816 0.193371
193.000000 546.000000 -0.439947 0.183851
315.000000 546.000000 -0.307737 0.176909
319.000000 546.000000 -0.303640 0.176731
1129.000000 546.000000 0.490405 0.187154
1173.000000 546.000000 0.545426 0.190961
200.000000 547.000000 -0.431981 0.184379
202.000000 547.000000 -0.429696 0.184241
1126.000000 547.000000 0.486847 0.187944
194.000000 548.000000 -0.438936 0.185810
308.000000 549.000000 -0.315076 0.180156
388.000000 549.000000 -0.234859 0.176952
1264.000000 549.000000 0.670342 0.203665
1146.000000 551.000000 0.511720 0.193780
1264.000000 551.000000 0.670571 0.205883
315.000000 553.000000 -0.308058 0.183734
1105.000000 553.000000 0.462208 0.192456
390.000000 554.000000 -0.233075 0.181679
1265.000000 554.000000 0.672371 0.209332
310.000000 555.000000 -0.313298 0.185928
135.000000 556.000000 -0.510020 0.198747
1087.000000 556.000000 0.441390 0.194151
1230.000000 556.000000 0.622797 0.207522
256.000000 557.000000 -0.370394 0.190815
313.000000 557.000000 -0.310304 0.187740
138.000000 558.000000 -0.506486 0.200570
230.000000 558.000000 -0.398934 0.193451
259.000000 558.000000 -0.367214 0.191631
517.000000 558.000000 -0.112686 0.182323
1169.000000 558.000000 0.541423 0.203271
1122.000000 559.000000 0.483004 0.200030
1261.000000 559.000000 0.667163 0.214420
140.000000 560.000000 -0.504198 0.202481
1144.000000 560.000000 0.510042 0.203016
1198.000000 560.000000 0.579594 0.208363
1237.000000 560.000000 0.633045 0.212701
134.000000 561.000000 -0.511713 0.204073
136.000000 562.000000 -0.509323 0.204937
139.000000 562.000000 -0.505612 0.204663
254.000000 563.000000 -0.372927 0.196924
256.000000 563.000000 -0.370760 0.196800
967.000000 563.000000 0.311089 0.193705
230.000000 564.000000 -0.399337 0.199495
266.000000 565.000000 -0.360104 0.198185
1110.000000 565.000000 0.469116 0.205227
1234.000000 565.000000 0.629419 0.217848
254.000000 566.000000 -0.373115 0.199926
264.000000 566.000000 -0.362313 0.199304
141.000000 568.000000 -0.503698 0.210766
227.000000 568.000000 -0.402955 0.203745
253.000000 568.000000 -0.374329 0.201994
260.000000 568.000000 -0.366746 0.201550
469.000000 568.000000 -0.157753 0.192763
231.000000 569.000000 -0.398571 0.204475
296.000000 569.000000 -0.328560 0.200427
1190.000000 569.000000 0.569930 0.217194
1214.000000 569.000000 0.602207 0.219893
962.000000 570.000000 0.306292 0.200334
142.000000 571.000000 -0.502747 0.213822
1238.000000 571.000000 0.635762 0.224947
1242.000000 571.000000 0.641415 0.225438
227.000000 572.000000 -0.403240 0.207797
231.000000 572.000000 -0.398783 0.207511
236.000000 572.000000 -0.393237 0.207159
252.000000 572.000000 -0.375677 0.206075
302.000000 572.000000 -0.322463 0.203066
378.000000 572.000000 -0.245519 0.199492
138.000000 573.000000 -0.507882 0.216308
1060.000000 573.000000 0.411824 0.209455
235.000000 574.000000 -0.394485 0.209253
252.000000 574.000000 -0.375810 0.208086
279.000000 574.000000 -0.346768 0.206374
306.000000 574.000000 -0.318413 0.204827
1172.000000 574.000000 0.546922 0.220620
1207.000000 574.000000 0.593262 0.224533
1241.000000 574.000000 0.640371 0.228641
257.000000 575.000000 -0.370442 0.208761
294.000000 575.000000 -0.330992 0.206488
1148.000000 575.000000 0.516472 0.219201
235.000000 576.000000 -0.394627 0.211278
292.000000 576.000000 -0.333150 0.207597
376.000000 576.000000 -0.247656 0.203459
298.000000 577.000000 -0.326917 0.208245
374.000000 577.000000 -0.249676 0.204514
1180.000000 577.000000 0.557654 0.224712
1249.000000 577.000000 0.652131 0.232990
234.000000 578.000000 -0.395880 0.213379
236.000000 578.000000 -0.393662 0.213234
254.000000 578.000000 -0.373901 0.211980
257.000000 578.000000 -0.370641 0.211778
276.000000 578.000000 -0.350206 0.210553
1253.000000 578.000000 0.657992 0.234622
239.000000 579.000000 -0.390415 0.214033
236.000000 580.000000 -0.393807 0.215264
371.000000 580.000000 -0.252776 0.207565
377.000000 580.000000 -0.246833 0.207311
1206.000000 580.000000 0.592617 0.230965
222.000000 581.000000 -0.409512 0.217327
293.000000 581.000000 -0.332392 0.212515
295.000000 581.000000 -0.330292 0.212397
991.000000 581.000000 0.337138 0.212856
1051.000000 581.000000 0.402317 0.216929
1262.000000 581.000000 0.671380 0.239166
42.000000 583.000000 -0.635923 0.237976
372.000000 583.000000 -0.251913 0.210451
377.000000 583.000000 -0.246959 0.210237
1157.000000 583.000000 0.528658 0.228643
1259.000000 583.000000 0.667298 0.241020
53.000000 584.000000 -0.620679 0.237685
1068.000000 584.000000 0.421751 0.221330
1071.000000 584.000000 0.425178 0.221575
1220.000000 584.000000 0.612260 0.237078
1243.000000 585.000000 0.644616 0.241148
204.000000 586.000000 -0.430369 0.223901
237.000000 586.000000 -0.393141 0.221291
245.000000 586.000000 -0.384307 0.220702
376.000000 586.000000 -0.248077 0.213210
968.000000 586.000000 0.313356 0.216485
223.000000 587.000000 -0.408854 0.223386
1260.000000 587.000000 0.669282 0.245663
265.000000 588.000000 -0.362658 0.221319
380.000000 588.000000 -0.244205 0.214994
410.000000 588.000000 -0.214805 0.213796
1103.000000 588.000000 0.462830 0.228522
1125.000000 588.000000 0.489326 0.230643
235.000000 589.000000 -0.395588 0.224500
246.000000 589.000000 -0.383426 0.223677
376.000000 589.000000 -0.248207 0.216146
1123.000000 589.000000 0.486987 0.231499
208.000000 590.000000 -0.426119 0.227692
383.000000 590.000000 -0.241327 0.216822
1188.000000 590.000000 0.569691 0.239719
235.000000 591.000000 -0.395741 0.226543
375.000000 591.000000 -0.249287 0.218150
402.000000 591.000000 -0.222713 0.217021
404.000000 591.000000 -0.220761 0.216943
30.000000 592.000000 -0.654121 0.249624
203.000000 592.000000 -0.432030 0.230186
233.000000 592.000000 -0.398046 0.227721
249.000000 592.000000 -0.380352 0.226507
256.000000 592.000000 -0.372698 0.225998
263.000000 592.000000 -0.365096 0.225501
819.000000 592.000000 0.166313 0.216040
209.000000 593.000000 -0.425229 0.230706
258.000000 593.000000 -0.370593 0.226869
345.000000 593.000000 -0.279443 0.221552
1136.000000 593.000000 0.503370 0.237071
384.000000 594.000000 -0.240512 0.220696
389.000000 594.000000 -0.235582 0.220482
401.000000 594.000000 -0.223809 0.219988
32.000000 595.000000 -0.651676 0.252727
1270.000000 595.000000 0.684957 0.256116
271.000000 596.000000 -0.356744 0.228992
400.000000 596.000000 -0.224868 0.221983
5.000000 597.000000 -0.691003 0.258753
388.000000 597.000000 -0.236695 0.223465
1035.000000 597.000000 0.385751 0.232040
1117.000000 597.000000 0.480503 0.239346
257.000000 598.000000 -0.372046 0.232024
1171.000000 598.000000 0.548341 0.246384
262.000000 599.000000 -0.366680 0.232675
362.000000 599.000000 -0.262622 0.226630
382.000000 599.000000 -0.242709 0.225693
1103.000000 599.000000 0.463882 0.240058
1178.000000 599.000000 0.557597 0.248318
207.000000 600.000000 -0.428130 0.238133
209.000000 600.000000 -0.425835 0.237956
211.000000 600.000000 -0.423546 0.237781
387.000000 600.000000 -0.237812 0.226454
494.000000 600.000000 -0.134987 0.222852
1073.000000 600.000000 0.428844 0.238293
265.000000 601.000000 -0.363574 0.234491
240.000000 602.000000 -0.391050 0.237419
242.000000 602.000000 -0.388833 0.237260
255.000000 602.000000 -0.374528 0.236253
1047.000000 602.000000 0.399498 0.238130
214.000000 603.000000 -0.420382 0.240630
386.000000 603.000000 -0.238933 0.229450
935.000000 603.000000 0.280432 0.231556
260.000000 604.000000 -0.369224 0.237918
264.000000 604.000000 -0.364878 0.237620
293.000000 604.000000 -0.333838 0.235585
382.000000 604.000000 -0.242935 0.230616
262.000000 605.000000 -0.367123 0.238789
1023.000000 605.000000 0.373175 0.239299
1173.000000 605.000000 0.551796 0.254250
209.000000 606.000000 -0.426371 0.244196
239.000000 606.000000 -0.392484 0.241614
271.000000 606.000000 -0.357455 0.239143
361.000000 606.000000 -0.263975 0.233610
372.000000 606.000000 -0.252968 0.233064
381.000000 606.000000 -0.244019 0.232636
443.000000 606.000000 -0.183581 0.230146
1209.000000 606.000000 0.600017 0.260023
242.000000 607.000000 -0.389234 0.242399
33.000000 608.000000 -0.652076 0.267274
368.000000 608.000000 -0.257061 0.235241
1053.000000 608.000000 0.406751 0.244838
1139.000000 608.000000 0.508753 0.253453
1226.000000 608.000000 0.623795 0.264608
1243.000000 608.000000 0.647789 0.267034
223.000000 609.000000 -0.410684 0.246069
243.000000 609.000000 -0.388288 0.244377
370.000000 610.000000 -0.255161 0.237125
382.000000 610.000000 -0.243215 0.236543
1053.000000 610.000000 0.406925 0.246913
1198.000000 610.000000 0.585615 0.262983
1205.000000 610.000000 0.595103 0.263931
206.000000 611.000000 -0.430284 0.249693
349.000000 611.000000 -0.276345 0.239219
210.000000 612.000000 -0.425773 0.250366
382.000000 612.000000 -0.243310 0.238524
239.000000 613.000000 -0.393065 0.248838
272.000000 613.000000 -0.356894 0.246211
202.000000 614.000000 -0.435194 0.253218
204.000000 614.000000 -0.432878 0.253026
234.000000 614.000000 -0.398736 0.250300
399.000000 614.000000 -0.226613 0.239720
1136.000000 614.000000 0.505701 0.259571
1094.000000 615.000000 0.454798 0.256045
206.000000 616.000000 -0.430757 0.254934
274.000000 616.000000 -0.354963 0.249130
1040.000000 616.000000 0.392852 0.252010
241.000000 617.000000 -0.391178 0.252810
244.000000 617.000000 -0.387844 0.252555
1153.000000 617.000000 0.527491 0.264864
272.000000 618.000000 -0.357273 0.251331
451.000000 618.000000 -0.176317 0.241613
1168.000000 618.000000 0.546930 0.267856
237.000000 620.000000 -0.395900 0.256270
1139.000000 620.000000 0.510161 0.266417
1167.000000 620.000000 0.545890 0.269925
1177.000000 620.000000 0.558967 0.271242
232.000000 621.000000 -0.401596 0.257755
1099.000000 622.000000 0.461477 0.264010
235.000000 623.000000 -0.398406 0.259572
416.000000 624.000000 -0.210399 0.248875
1033.000000 626.000000 0.385925 0.261791
236.000000 627.000000 -0.397645 0.263658
218.000000 628.000000 -0.418124 0.266397
989.000000 628.000000 0.338207 0.260278
220.000000 629.000000 -0.415936 0.267257
408.000000 629.000000 -0.218449 0.254194
1079.000000 629.000000 0.438602 0.269346
1088.000000 629.000000 0.449172 0.270295
929.000000 630.000000 0.275868 0.258273
1167.000000 630.000000 0.547218 0.280961
1190.000000 630.000000 0.577628 0.284167
1204.000000 630.000000 0.596579 0.286202
273.000000 631.000000 -0.357216 0.264640
1142.000000 631.000000 0.515296 0.278777
8.000000 632.000000 -0.691858 0.298645
226.000000 632.000000 -0.409396 0.269837
236.000000 632.000000 -0.398104 0.268893
304.000000 632.000000 -0.324171 0.263294
412.000000 632.000000 -0.214662 0.257001
1129.000000 633.000000 0.499271 0.279331
1190.000000 633.000000 0.578060 0.287531
1265.000000 633.000000 0.683368 0.299099
303.000000 634.000000 -0.325372 0.265418
407.000000 634.000000 -0.219661 0.259226
1232.000000 634.000000 0.636095 0.295014
4.000000 636.000000 -0.698356 0.303948
401.000000 636.000000 -0.225666 0.261512
1125.000000 636.000000 0.494684 0.282106
383.000000 637.000000 -0.243574 0.263430
17.000000 638.000000 -0.679701 0.304189
1077.000000 638.000000 0.437216 0.278724
1133.000000 638.000000 0.504884 0.285297
3.000000 639.000000 -0.700306 0.307618
385.000000 639.000000 -0.241685 0.265337
400.000000 639.000000 -0.226800 0.264569
447.000000 639.000000 -0.180930 0.262504
19.000000 640.000000 -0.677123 0.306194
224.000000 640.000000 -0.412456 0.278485
424.000000 640.000000 -0.203286 0.264450
428.000000 640.000000 -0.199387 0.264276
1133.000000 640.000000 0.505140 0.287490
1187.000000 640.000000 0.575061 0.294965
286.000000 641.000000 -0.344007 0.273944
1119.000000 641.000000 0.487903 0.286816
1158.000000 641.000000 0.537051 0.291933
381.000000 642.000000 -0.245840 0.268579
398.000000 642.000000 -0.228928 0.267684
420.000000 642.000000 -0.207283 0.266630
1172.000000 642.000000 0.555440 0.295024
1246.000000 642.000000 0.657315 0.306481
389.000000 643.000000 -0.237913 0.269157
382.000000 644.000000 -0.244950 0.270545
1192.000000 644.000000 0.582383 0.300232
466.000000 645.000000 -0.162881 0.267771
384.000000 646.000000 -0.243061 0.272458
454.000000 646.000000 -0.174450 0.269210
964.000000 646.000000 0.313102 0.276930
166.000000 647.000000 -0.481642 0.292506
303.000000 647.000000 -0.326352 0.278817
427.000000 647.000000 -0.200668 0.271328
236.000000 648.000000 -0.399642 0.285772
384.000000 648.000000 -0.243172 0.274484
418.000000 648.000000 -0.209518 0.272745
5.000000 649.000000 -0.699012 0.319033
421.000000 649.000000 -0.206625 0.273611
1045.000000 649.000000 0.401552 0.287114
433.000000 650.000000 -0.194952 0.274075
300.000000 651.000000 -0.329851 0.283203
388.000000 651.000000 -0.239342 0.277305
427.000000 651.000000 -0.200848 0.275348
423.000000 652.000000 -0.204806 0.276539
294.000000 653.000000 -0.336412 0.285771
300.000000 653.000000 -0.330011 0.285283
381.000000 653.000000 -0.246457 0.279731
420.000000 653.000000 -0.207793 0.277689
433.000000 653.000000 -0.195085 0.277092
435.000000 653.000000 -0.193137 0.277004
450.000000 654.000000 -0.178625 0.277377
455.000000 654.000000 -0.173796 0.277177
470.000000 654.000000 -0.159366 0.276614
1072.000000 654.000000 0.433135 0.295352
9.000000 655.000000 -0.694164 0.325435
383.000000 655.000000 -0.244567 0.281652
430.000000 655.000000 -0.198100 0.279242
445.000000 655.000000 -0.183508 0.278587
379.000000 656.000000 -0.248639 0.282904
1046.000000 656.000000 0.403404 0.294680
1239.000000 656.000000 0.649624 0.321613
422.000000 657.000000 -0.206022 0.281635
14.000000 658.000000 -0.687381 0.328128
428.000000 658.000000 -0.200193 0.282363
434.000000 658.000000 -0.194333 0.282088
876.000000 658.000000 0.224237 0.283638
438.000000 659.000000 -0.190480 0.282920
973.000000 659.000000 0.323606 0.291113
382.000000 660.000000 -0.245860 0.286813
422.000000 660.000000 -0.206166 0.284672
440.000000 660.000000 -0.188578 0.283842
465.000000 660.000000 -0.164391 0.282819
1041.000000 660.000000 0.398151 0.298439
291.000000 661.000000 -0.340302 0.294397
435.000000 661.000000 -0.193493 0.285076
17.000000 662.000000 -0.683705 0.332338
420.000000 662.000000 -0.208228 0.286799
425.000000 662.000000 -0.203320 0.286556
447.000000 662.000000 -0.181864 0.285560
1188.000000 662.000000 0.579794 0.320115
917.000000 663.000000 0.265716 0.291174
1094.000000 663.000000 0.460266 0.307763
1116.000000 663.000000 0.487048 0.310618
1223.000000 663.000000 0.628157 0.327064
440.000000 664.000000 -0.188755 0.287889
1128.000000 664.000000 0.502099 0.313370
446.000000 665.000000 -0.182963 0.288638
1022.000000 665.000000 0.377348 0.301849
1151.000000 665.000000 0.531465 0.317804
350.000000 666.000000 -0.278735 0.295035
357.000000 666.000000 -0.271562 0.294556
402.000000 666.000000 -0.226226 0.291812
21.000000 667.000000 -0.678771 0.337560
444.000000 667.000000 -0.184995 0.290753
348.000000 668.000000 -0.280931 0.297248
354.000000 668.000000 -0.274769 0.296830
440.000000 668.000000 -0.188935 0.291947
1093.000000 668.000000 0.459697 0.313133
1100.000000 668.000000 0.468146 0.314035
357.000000 669.000000 -0.271765 0.297661
404.000000 669.000000 -0.224404 0.294772
444.000000 669.000000 -0.185084 0.292783
352.000000 670.000000 -0.276959 0.299043
399.000000 670.000000 -0.229434 0.296076
886.000000 672.000000 0.234981 0.298515
1037.000000 672.000000 0.394896 0.310911
1053.000000 672.000000 0.413151 0.312682
405.000000 673.000000 -0.223631 0.298819
407.000000 673.000000 -0.221644 0.298708
435.000000 673.000000 -0.194051 0.297272
442.000000 673.000000 -0.187213 0.296945
475.000000 673.000000 -0.155262 0.295571
571.000000 673.000000 -0.064281 0.293059
573.000000 673.000000 -0.062407 0.293030
400.000000 674.000000 -0.228665 0.300129
480.000000 674.000000 -0.150494 0.296400
438.000000 675.000000 -0.191212 0.299172
576.000000 675.000000 -0.059624 0.294995
471.000000 676.000000 -0.159228 0.298770
439.000000 677.000000 -0.190329 0.301170
1190.000000 677.000000 0.584969 0.337743
354.000000 678.000000 -0.275470 0.307230
405.000000 678.000000 -0.223912 0.303964
471.000000 678.000000 -0.159306 0.300805
476.000000 678.000000 -0.154489 0.300611
441.000000 679.000000 -0.188469 0.303122
1043.000000 679.000000 0.402486 0.319156
436.000000 680.000000 -0.193409 0.304387
952.000000 680.000000 0.303140 0.311440
27.000000 681.000000 -0.672587 0.353132
465.000000 681.000000 -0.165223 0.304106
257.000000 682.000000 -0.379557 0.320022
303.000000 682.000000 -0.329270 0.315538
323.000000 682.000000 -0.308030 0.313819
349.000000 682.000000 -0.280914 0.311780
434.000000 682.000000 -0.195469 0.306540
643.000000 682.000000 0.002969 0.301592
441.000000 683.000000 -0.188659 0.307226
1247.000000 683.000000 0.665849 0.354900
351.000000 684.000000 -0.278998 0.313730
435.000000 684.000000 -0.194587 0.308547
473.000000 684.000000 -0.157614 0.306849
307.000000 685.000000 -0.325259 0.318374
416.000000 685.000000 -0.213378 0.310576
463.000000 685.000000 -0.167327 0.308284
1075.000000 685.000000 0.440402 0.329605
323.000000 686.000000 -0.308363 0.318053
438.000000 686.000000 -0.191743 0.310458
450.000000 686.000000 -0.180010 0.309886
471.000000 686.000000 -0.159626 0.308976
473.000000 686.000000 -0.157694 0.308895
268.000000 687.000000 -0.367850 0.324275
418.000000 687.000000 -0.211506 0.312535
1157.000000 687.000000 0.542683 0.343826
259.000000 688.000000 -0.377964 0.326309
307.000000 688.000000 -0.325528 0.321573
327.000000 688.000000 -0.304317 0.319840
413.000000 688.000000 -0.216523 0.313851
469.000000 688.000000 -0.161642 0.311109
103.000000 689.000000 -0.568309 0.349109
308.000000 690.000000 -0.324639 0.323619
413.000000 690.000000 -0.216637 0.315927
471.000000 690.000000 -0.159789 0.313081
474.000000 690.000000 -0.156888 0.312958
295.000000 691.000000 -0.338710 0.325898
298.000000 691.000000 -0.335470 0.325614
325.000000 691.000000 -0.306676 0.323195
328.000000 691.000000 -0.303516 0.322942
420.000000 692.000000 -0.209801 0.317610
450.000000 692.000000 -0.180290 0.316069
327.000000 694.000000 -0.304823 0.326220
450.000000 695.000000 -0.180432 0.319172
452.000000 695.000000 -0.178478 0.319077
989.000000 695.000000 0.344033 0.330770
125.000000 696.000000 -0.540465 0.353546
448.000000 696.000000 -0.182437 0.320305
344.000000 697.000000 -0.287260 0.328006
440.000000 697.000000 -0.190332 0.321740
903.000000 697.000000 0.253762 0.325650
297.000000 698.000000 -0.337221 0.333247
342.000000 698.000000 -0.289426 0.329232
815.000000 698.000000 0.166343 0.321662
953.000000 698.000000 0.305707 0.330643
1052.000000 698.000000 0.415101 0.341102
1086.000000 698.000000 0.455280 0.345599
1112.000000 698.000000 0.487078 0.349369
271.000000 699.000000 -0.365794 0.336992
991.000000 699.000000 0.346615 0.335301
268.000000 700.000000 -0.369233 0.338409
299.000000 700.000000 -0.335252 0.335214
302.000000 700.000000 -0.332014 0.334924
435.000000 700.000000 -0.195409 0.325123
449.000000 700.000000 -0.181653 0.324409
862.000000 700.000000 0.212673 0.326163
327.000000 701.000000 -0.305427 0.333705
454.000000 701.000000 -0.176809 0.325207
904.000000 701.000000 0.255066 0.329946
452.000000 702.000000 -0.178813 0.326344
502.000000 702.000000 -0.130376 0.324266
328.000000 703.000000 -0.304546 0.335764
439.000000 703.000000 -0.191626 0.328043
29.000000 704.000000 -0.673953 0.380396
133.000000 704.000000 -0.531407 0.361501
431.000000 704.000000 -0.199575 0.329518
435.000000 704.000000 -0.195622 0.329300
142.000000 705.000000 -0.519990 0.361175
327.000000 705.000000 -0.305780 0.338002
351.000000 705.000000 -0.280623 0.335970
479.000000 705.000000 -0.152666 0.328250
502.000000 705.000000 -0.130481 0.327369
111.000000 706.000000 -0.560593 0.367609
330.000000 706.000000 -0.302698 0.338813
437.000000 706.000000 -0.193756 0.331286
451.000000 706.000000 -0.179989 0.330564
497.000000 706.000000 -0.135325 0.328585
31.000000 707.000000 -0.671647 0.383652
293.000000 707.000000 -0.342461 0.343413
367.000000 707.000000 -0.264245 0.336854
439.000000 707.000000 -0.191837 0.332227
486.000000 707.000000 -0.145974 0.330044
445.000000 708.000000 -0.185981 0.332960
1005.000000 708.000000 0.362980 0.346611
332.000000 709.000000 -0.300852 0.341868
481.000000 709.000000 -0.150894 0.332329
429.000000 710.000000 -0.201891 0.335929
435.000000 710.000000 -0.195949 0.335593
437.000000 710.000000 -0.193972 0.335484
486.000000 710.000000 -0.146094 0.333166
293.000000 711.000000 -0.342872 0.347782
295.000000 711.000000 -0.340693 0.347575
347.000000 711.000000 -0.285282 0.342730
491.000000 711.000000 -0.141300 0.334010
311.000000 712.000000 -0.323488 0.347066
434.000000 712.000000 -0.197049 0.337753
481.000000 712.000000 -0.151019 0.335459
501.000000 712.000000 -0.131693 0.334675
294.000000 713.000000 -0.341989 0.349868
304.000000 713.000000 -0.331131 0.348847
336.000000 713.000000 -0.296989 0.345833
472.000000 713.000000 -0.159807 0.336896
477.000000 713.000000 -0.154945 0.336675
505.000000 713.000000 -0.127879 0.335574
298.000000 714.000000 -0.337737 0.350550
437.000000 714.000000 -0.194192 0.339695
440.000000 714.000000 -0.191227 0.339531
470.000000 714.000000 -0.161801 0.338034
488.000000 714.000000 -0.144320 0.337261
518.000000 714.000000 -0.115430 0.336177
339.000000 715.000000 -0.294007 0.347731
464.000000 715.000000 -0.167702 0.339362
474.000000 715.000000 -0.157950 0.338902
486.000000 715.000000 -0.146297 0.338389
1116.000000 715.000000 0.494722 0.369527
1131.000000 715.000000 0.513717 0.371991
1208.000000 715.000000 0.616610 0.385954
315.000000 716.000000 -0.319583 0.351036
342.000000 716.000000 -0.290943 0.348550
500.000000 716.000000 -0.132804 0.338887
511.000000 716.000000 -0.122214 0.338494
