175.000000 3.000000 -0.480346 -0.368410
1013.000000 3.000000 0.372881 -0.356110
1136.000000 3.000000 0.520421 -0.373814
1163.000000 3.000000 0.555712 -0.378567
965.000000 4.000000 0.320110 -0.349854
1176.000000 4.000000 0.572919 -0.379758
1182.000000 4.000000 0.581030 -0.380874
952.000000 5.000000 0.306132 -0.347529
1076.000000 5.000000 0.445622 -0.362070
1142.000000 5.000000 0.527821 -0.372499
1206.000000 5.000000 0.613815 -0.384227
181.000000 6.000000 -0.472495 -0.364033
1093.000000 7.000000 0.465889 -0.362282
815.000000 8.000000 0.166959 -0.334905
1019.000000 8.000000 0.379039 -0.351265
233.000000 9.000000 -0.410164 -0.353360
1090.000000 9.000000 0.461936 -0.359550
1103.000000 9.000000 0.477862 -0.361507
1157.000000 9.000000 0.546708 -0.370410
1099.000000 10.000000 0.472785 -0.359751
14.000000 11.000000 -0.696592 -0.387984
811.000000 12.000000 0.162875 -0.330540
1113.000000 12.000000 0.489808 -0.359608
1134.000000 12.000000 0.516343 -0.362982
1139.000000 12.000000 0.522761 -0.363813
169.000000 13.000000 -0.486229 -0.357837
175.000000 13.000000 -0.478810 -0.356924
188.000000 13.000000 -0.462913 -0.354998
1092.000000 13.000000 0.463780 -0.355285
1225.000000 13.000000 0.638937 -0.378234
1104.000000 15.000000 0.478183 -0.354789
235.000000 16.000000 -0.406975 -0.345302
970.000000 16.000000 0.324321 -0.337300
1013.000000 16.000000 0.371391 -0.341749
1251.000000 16.000000 0.675548 -0.379582
223.000000 17.000000 -0.420747 -0.345703
1206.000000 17.000000 0.611541 -0.369841
464.000000 18.000000 -0.167076 -0.324446
797.000000 18.000000 0.149035 -0.323706
828.000000 18.000000 0.179191 -0.325087
976.000000 19.000000 0.330490 -0.334632
1011.000000 19.000000 0.368829 -0.338239
1042.000000 19.000000 0.403880 -0.341834
1155.000000 19.000000 0.542354 -0.358358
1198.000000 19.000000 0.600110 -0.365979
1264.000000 19.000000 0.693832 -0.378404
1074.000000 20.000000 0.441143 -0.344840
718.000000 21.000000 0.073530 -0.318274
1056.000000 21.000000 0.419826 -0.341361
1107.000000 21.000000 0.480986 -0.348400
1257.000000 21.000000 0.683284 -0.374662
1142.000000 22.000000 0.524972 -0.352715
1139.000000 23.000000 0.520954 -0.351075
1185.000000 23.000000 0.581630 -0.358897
1200.000000 23.000000 0.602132 -0.361601
6.000000 24.000000 -0.705811 -0.373673
1190.000000 24.000000 0.588246 -0.358612
1263.000000 24.000000 0.691440 -0.372156
1012.000000 25.000000 0.369289 -0.331796
1019.000000 25.000000 0.377100 -0.332560
1113.000000 25.000000 0.487821 -0.344746
1129.000000 26.000000 0.507734 -0.346046
1199.000000 26.000000 0.600211 -0.357871
1206.000000 26.000000 0.609880 -0.359141
1217.000000 26.000000 0.625220 -0.361159
1131.000000 27.000000 0.510113 -0.345213
81.000000 28.000000 -0.598565 -0.355099
1110.000000 28.000000 0.483659 -0.340899
1238.000000 28.000000 0.654597 -0.362669
1259.000000 28.000000 0.684878 -0.366579
1270.000000 28.000000 0.700911 -0.368615
1108.000000 29.000000 0.481044 -0.339476
84.000000 30.000000 -0.594107 -0.352215
153.000000 31.000000 -0.503471 -0.339725
739.000000 31.000000 0.093175 -0.308518
1172.000000 31.000000 0.562769 -0.347280
1272.000000 31.000000 0.703287 -0.365357
84.000000 32.000000 -0.593755 -0.349869
1112.000000 32.000000 0.485550 -0.336668
1142.000000 32.000000 0.523368 -0.341214
1205.000000 32.000000 0.607410 -0.351871
153.000000 33.000000 -0.503171 -0.337454
1102.000000 33.000000 0.473105 -0.334112
1161.000000 33.000000 0.547883 -0.343126
78.000000 34.000000 -0.601619 -0.348576
1099.000000 34.000000 0.469304 -0.332571
1132.000000 34.000000 0.510302 -0.337380
156.000000 35.000000 -0.499112 -0.334742
1209.000000 35.000000 0.612419 -0.349051
1263.000000 35.000000 0.689407 -0.358891
69.000000 38.000000 -0.613333 -0.345464
152.000000 39.000000 -0.503536 -0.330809
155.000000 39.000000 -0.499777 -0.330370
1233.000000 39.000000 0.645445 -0.348641
1248.000000 39.000000 0.666930 -0.351364
1080.000000 40.000000 0.445642 -0.323358
1094.000000 42.000000 0.462154 -0.322968
68.000000 43.000000 -0.613845 -0.339776
1214.000000 43.000000 0.617961 -0.340533
1064.000000 44.000000 0.426309 -0.316977
1028.000000 45.000000 0.385028 -0.311839
1114.000000 45.000000 0.486172 -0.322348
1143.000000 45.000000 0.522643 -0.326560
1152.000000 45.000000 0.534230 -0.327935
1211.000000 45.000000 0.613435 -0.337666
1123.000000 46.000000 0.497209 -0.322497
961.000000 47.000000 0.312003 -0.303465
1019.000000 47.000000 0.374770 -0.308758
1091.000000 47.000000 0.457886 -0.317038
1121.000000 47.000000 0.494573 -0.321092
74.000000 48.000000 -0.604699 -0.332913
1007.000000 48.000000 0.361413 -0.306501
1052.000000 48.000000 0.411952 -0.311220
1100.000000 49.000000 0.468490 -0.316000
74.000000 50.000000 -0.604361 -0.330589
1112.000000 50.000000 0.483017 -0.316497
1205.000000 50.000000 0.604270 -0.330805
1042.000000 51.000000 0.400193 -0.306868
753.000000 52.000000 0.105904 -0.287638
1024.000000 52.000000 0.379830 -0.303910
1117.000000 52.000000 0.488913 -0.314954
1221.000000 52.000000 0.626187 -0.331213
1128.000000 53.000000 0.502472 -0.315367
1130.000000 53.000000 0.504982 -0.315649
1119.000000 54.000000 0.491116 -0.313003
1192.000000 54.000000 0.585819 -0.324008
103.000000 55.000000 -0.564351 -0.320108
107.000000 55.000000 -0.559055 -0.319483
226.000000 55.000000 -0.412750 -0.303664
838.000000 55.000000 0.187223 -0.287562
1147.000000 56.000000 0.526130 -0.314734
100.000000 57.000000 -0.568025 -0.318296
1049.000000 57.000000 0.407518 -0.301163
1259.000000 57.000000 0.679649 -0.331946
1154.000000 58.000000 0.534849 -0.313514
100.000000 59.000000 -0.567712 -0.316016
237.000000 60.000000 -0.399685 -0.297115
1012.000000 60.000000 0.365764 -0.294228
1114.000000 60.000000 0.484138 -0.305682
1208.000000 61.000000 0.606570 -0.318566
1213.000000 61.000000 0.613494 -0.319393
1239.000000 61.000000 0.650124 -0.323780
101.000000 63.000000 -0.565765 -0.311313
156.000000 63.000000 -0.495186 -0.303432
218.000000 63.000000 -0.421072 -0.295923
859.000000 63.000000 0.207384 -0.280439
1167.000000 63.000000 0.551037 -0.309812
223.000000 64.000000 -0.415213 -0.294307
980.000000 64.000000 0.330769 -0.287216
158.000000 65.000000 -0.492446 -0.300959
1081.000000 65.000000 0.443769 -0.296119
1181.000000 65.000000 0.569264 -0.309678
1189.000000 65.000000 0.579998 -0.310922
155.000000 67.000000 -0.495897 -0.299147
236.000000 67.000000 -0.400098 -0.289746
1091.000000 67.000000 0.455402 -0.295128
1181.000000 67.000000 0.568957 -0.307408
1190.000000 67.000000 0.581034 -0.308799
1181.000000 69.000000 0.568652 -0.305141
863.000000 70.000000 0.210976 -0.273564
1194.000000 70.000000 0.585975 -0.306005
1059.000000 71.000000 0.417478 -0.287219
1155.000000 72.000000 0.534115 -0.297959
1171.000000 72.000000 0.554956 -0.300262
1224.000000 72.000000 0.627044 -0.308493
1052.000000 73.000000 0.409257 -0.284358
83.000000 74.000000 -0.588215 -0.301583
612.000000 74.000000 -0.025793 -0.264517
1075.000000 75.000000 0.435591 -0.284659
1139.000000 75.000000 0.513290 -0.292434
155.000000 76.000000 -0.494736 -0.289257
1200.000000 77.000000 0.593047 -0.298970
5.000000 78.000000 -0.697870 -0.309480
1061.000000 78.000000 0.419046 -0.279963
958.000000 79.000000 0.306425 -0.270027
1224.000000 80.000000 0.625760 -0.299291
1263.000000 80.000000 0.681584 -0.305596
147.000000 81.000000 -0.504036 -0.284796
161.000000 81.000000 -0.486729 -0.283054
1185.000000 81.000000 0.572200 -0.292197
1206.000000 81.000000 0.600638 -0.295345
1097.000000 82.000000 0.460818 -0.279597
1175.000000 83.000000 0.558636 -0.288511
4.000000 84.000000 -0.698365 -0.302618
859.000000 84.000000 0.206412 -0.259345
1178.000000 84.000000 0.562457 -0.287820
162.000000 85.000000 -0.485021 -0.278588
1108.000000 85.000000 0.473711 -0.277632
1211.000000 85.000000 0.606905 -0.291564
1225.000000 85.000000 0.626377 -0.293721
54.000000 86.000000 -0.626280 -0.292380
56.000000 86.000000 -0.623486 -0.292072
1064.000000 86.000000 0.421678 -0.271775
1130.000000 86.000000 0.500593 -0.279200
1061.000000 87.000000 0.418133 -0.270416
1104.000000 87.000000 0.468648 -0.275012
217.000000 89.000000 -0.419519 -0.268322
1015.000000 89.000000 0.366476 -0.264112
1089.000000 89.000000 0.450523 -0.271197
1177.000000 89.000000 0.560430 -0.282100
38.000000 90.000000 -0.648229 -0.290278
50.000000 90.000000 -0.631270 -0.288429
112.000000 90.000000 -0.547422 -0.279473
1259.000000 90.000000 0.674148 -0.293325
162.000000 91.000000 -0.484313 -0.272096
223.000000 91.000000 -0.412474 -0.265632
1050.000000 91.000000 0.405216 -0.265138
154.000000 92.000000 -0.494006 -0.271957
1056.000000 92.000000 0.411932 -0.264657
1077.000000 92.000000 0.436120 -0.266739
1101.000000 92.000000 0.464480 -0.269302
1133.000000 92.000000 0.503589 -0.273035
1156.000000 92.000000 0.532685 -0.275944
202.000000 93.000000 -0.436437 -0.265594
1008.000000 93.000000 0.358526 -0.259399
62.000000 94.000000 -0.613944 -0.282080
155.000000 95.000000 -0.492421 -0.268594
1045.000000 95.000000 0.399206 -0.260487
1275.000000 95.000000 0.696768 -0.290048
1044.000000 97.000000 0.397902 -0.258309
1179.000000 97.000000 0.561970 -0.273486
1190.000000 97.000000 0.576603 -0.274999
165.000000 98.000000 -0.479862 -0.264220
1016.000000 98.000000 0.366827 -0.254885
1233.000000 98.000000 0.635644 -0.280116
1274.000000 98.000000 0.694827 -0.286409
62.000000 99.000000 -0.613211 -0.276434
1106.000000 100.000000 0.469604 -0.261293
1123.000000 100.000000 0.490266 -0.263194
1270.000000 100.000000 0.688641 -0.283474
1122.000000 102.000000 0.488811 -0.260929
1140.000000 102.000000 0.511131 -0.263026
1142.000000 102.000000 0.513643 -0.263266
1170.000000 102.000000 0.549494 -0.266771
68.000000 105.000000 -0.604098 -0.268838
1208.000000 105.000000 0.599858 -0.268582
1110.000000 107.000000 0.473667 -0.254259
1180.000000 107.000000 0.561958 -0.262570
1182.000000 107.000000 0.564600 -0.262832
1007.000000 109.000000 0.356206 -0.242898
1147.000000 109.000000 0.519108 -0.256279
1180.000000 109.000000 0.561698 -0.260368
1271.000000 109.000000 0.688741 -0.273245
41.000000 111.000000 -0.640840 -0.265917
82.000000 112.000000 -0.584142 -0.259141
84.000000 112.000000 -0.581457 -0.258877
1257.000000 112.000000 0.667887 -0.267732
1107.000000 113.000000 0.469428 -0.247571
62.000000 114.000000 -0.611098 -0.259608
83.000000 115.000000 -0.582406 -0.255694
1257.000000 115.000000 0.667449 -0.264312
63.000000 116.000000 -0.609449 -0.257241
985.000000 116.000000 0.332227 -0.234246
1160.000000 117.000000 0.534702 -0.249157
63.000000 118.000000 -0.609180 -0.255014
1089.000000 118.000000 0.447579 -0.240523
1100.000000 119.000000 0.460467 -0.240534
1236.000000 119.000000 0.636841 -0.256796
1174.000000 120.000000 0.552449 -0.247578
1207.000000 121.000000 0.596324 -0.250646
36.000000 122.000000 -0.646379 -0.254214
1210.000000 122.000000 0.600287 -0.249931
1175.000000 123.000000 0.553392 -0.244435
1139.000000 124.000000 0.507377 -0.239252
1250.000000 125.000000 0.655943 -0.251982
54.000000 126.000000 -0.620555 -0.247309
1013.000000 127.000000 0.361387 -0.225034
1112.000000 127.000000 0.474027 -0.233293
51.000000 128.000000 -0.624466 -0.245479
1079.000000 128.000000 0.435019 -0.229189
1206.000000 128.000000 0.594063 -0.242790
1077.000000 129.000000 0.432622 -0.227978
1148.000000 129.000000 0.518101 -0.234885
1190.000000 129.000000 0.572432 -0.239710
189.000000 130.000000 -0.448058 -0.228014
1171.000000 130.000000 0.547365 -0.236379
1267.000000 130.000000 0.679864 -0.248675
995.000000 131.000000 0.341841 -0.219799
1062.000000 131.000000 0.415297 -0.224656
1146.000000 131.000000 0.515374 -0.232534
159.000000 132.000000 -0.483571 -0.228729
1174.000000 132.000000 0.551031 -0.234563
993.000000 133.000000 0.339592 -0.217666
1250.000000 133.000000 0.654853 -0.242977
54.000000 136.000000 -0.619265 -0.236218
1018.000000 136.000000 0.366176 -0.216285
56.000000 137.000000 -0.616370 -0.234862
97.000000 137.000000 -0.561154 -0.229957
43.000000 139.000000 -0.634239 -0.234286
1100.000000 140.000000 0.458510 -0.218584
1174.000000 140.000000 0.550129 -0.225938
1235.000000 140.000000 0.632636 -0.233204
1246.000000 140.000000 0.648214 -0.234613
1136.000000 141.000000 0.501901 -0.220901
1148.000000 141.000000 0.516838 -0.222106
1224.000000 141.000000 0.617144 -0.230719
63.000000 143.000000 -0.606004 -0.227404
72.000000 143.000000 -0.593754 -0.226336
1016.000000 143.000000 0.363547 -0.209108
1013.000000 144.000000 0.360249 -0.207911
1148.000000 144.000000 0.516534 -0.218925
1232.000000 144.000000 0.627923 -0.228397
1076.000000 145.000000 0.430142 -0.211410
98.000000 146.000000 -0.558844 -0.220145
1231.000000 146.000000 0.626277 -0.226064
1235.000000 146.000000 0.631885 -0.226556
1032.000000 147.000000 0.380679 -0.206146
1229.000000 147.000000 0.623362 -0.224717
1163.000000 148.000000 0.535108 -0.216205
1241.000000 148.000000 0.640100 -0.225083
1189.000000 149.000000 0.568793 -0.217902
1192.000000 149.000000 0.572768 -0.218233
51.000000 152.000000 -0.621477 -0.218959
1231.000000 152.000000 0.625552 -0.219453
1145.000000 153.000000 0.511903 -0.209129
1192.000000 153.000000 0.572329 -0.213919
149.000000 154.000000 -0.493664 -0.206609
1063.000000 154.000000 0.414657 -0.201238
44.000000 155.000000 -0.630882 -0.216485
206.000000 155.000000 -0.426385 -0.200900
1112.000000 156.000000 0.471381 -0.203034
1118.000000 156.000000 0.478574 -0.203546
1150.000000 156.000000 0.517866 -0.206446
1250.000000 156.000000 0.651926 -0.217313
60.000000 157.000000 -0.608486 -0.212455
1030.000000 157.000000 0.377837 -0.195970
1123.000000 157.000000 0.484521 -0.202941
145.000000 158.000000 -0.498196 -0.202793
53.000000 159.000000 -0.617898 -0.211064
62.000000 160.000000 -0.605413 -0.208969
1140.000000 160.000000 0.505048 -0.201321
1185.000000 161.000000 0.562251 -0.204598
1237.000000 161.000000 0.632906 -0.210263
54.000000 162.000000 -0.616180 -0.207679
57.000000 162.000000 -0.612047 -0.207346
1120.000000 162.000000 0.480471 -0.197497
1172.000000 162.000000 0.545247 -0.202230
1183.000000 163.000000 0.559428 -0.202260
892.000000 164.000000 0.235480 -0.182430
908.000000 164.000000 0.251218 -0.183012
1129.000000 164.000000 0.491202 -0.196186
1253.000000 165.000000 0.655156 -0.207704
1261.000000 165.000000 0.666675 -0.208636
63.000000 166.000000 -0.603396 -0.202353
70.000000 166.000000 -0.593897 -0.201612
213.000000 167.000000 -0.417590 -0.188236
891.000000 167.000000 0.234397 -0.179515
1095.000000 168.000000 0.450355 -0.189345
1134.000000 169.000000 0.496882 -0.191419
52.000000 171.000000 -0.617963 -0.198105
1100.000000 173.000000 0.455833 -0.184613
900.000000 174.000000 0.242977 -0.173109
1140.000000 174.000000 0.503831 -0.186731
1163.000000 174.000000 0.532606 -0.188720
1223.000000 175.000000 0.611890 -0.193467
1162.000000 176.000000 0.531159 -0.186533
38.000000 177.000000 -0.636842 -0.193061
1159.000000 177.000000 0.527275 -0.185223
128.000000 179.000000 -0.517392 -0.182377
959.000000 179.000000 0.301829 -0.170560
73.000000 180.000000 -0.588446 -0.186276
1123.000000 180.000000 0.482641 -0.179174
1246.000000 181.000000 0.643408 -0.189349
1213.000000 182.000000 0.597511 -0.184917
1229.000000 183.000000 0.619363 -0.185426
1096.000000 184.000000 0.450375 -0.173139
1149.000000 184.000000 0.514153 -0.177090
1202.000000 184.000000 0.582503 -0.181725
1216.000000 187.000000 0.601107 -0.179844
64.000000 189.000000 -0.599733 -0.177506
1230.000000 189.000000 0.620156 -0.179043
29.000000 191.000000 -0.648121 -0.178726
1214.000000 191.000000 0.598012 -0.175374
1243.000000 191.000000 0.638146 -0.178152
1142.000000 193.000000 0.504789 -0.167239
1238.000000 193.000000 0.630921 -0.175497
1084.000000 194.000000 0.435859 -0.162270
1264.000000 194.000000 0.667863 -0.176970
1118.000000 195.000000 0.475559 -0.163470
1237.000000 195.000000 0.629330 -0.173239
1113.000000 196.000000 0.469542 -0.162114
1235.000000 196.000000 0.626441 -0.171970
192.000000 197.000000 -0.439562 -0.159394
1251.000000 198.000000 0.648803 -0.171326
1091.000000 199.000000 0.443607 -0.157675
1235.000000 199.000000 0.626161 -0.168736
972.000000 200.000000 0.314286 -0.150775
1133.000000 202.000000 0.493139 -0.157358
1246.000000 202.000000 0.641331 -0.166516
1159.000000 203.000000 0.525185 -0.158183
1208.000000 203.000000 0.588845 -0.162070
1242.000000 203.000000 0.635597 -0.165067
1116.000000 204.000000 0.472579 -0.154194
1246.000000 204.000000 0.641146 -0.164352
1088.000000 205.000000 0.439793 -0.151477
1211.000000 206.000000 0.592630 -0.159142
1082.000000 207.000000 0.432806 -0.149135
1272.000000 210.000000 0.677953 -0.160211
6.000000 211.000000 -0.679296 -0.159089
31.000000 212.000000 -0.643338 -0.155788
50.000000 212.000000 -0.616833 -0.154174
1253.000000 212.000000 0.650366 -0.156328
1162.000000 214.000000 0.528171 -0.147041
1259.000000 214.000000 0.658774 -0.154688
1145.000000 215.000000 0.506941 -0.144873
1171.000000 215.000000 0.539502 -0.146636
7.000000 216.000000 -0.677395 -0.153540
1174.000000 216.000000 0.543262 -0.145812
1241.000000 217.000000 0.632971 -0.149916
1006.000000 219.000000 0.348943 -0.133749
1023.000000 219.000000 0.367020 -0.134438
1160.000000 219.000000 0.525319 -0.141758
182.000000 221.000000 -0.449723 -0.135934
1005.000000 223.000000 0.347734 -0.129841
1054.000000 223.000000 0.400566 -0.131876
205.000000 224.000000 -0.423306 -0.131790
1001.000000 225.000000 0.343453 -0.127760
1157.000000 226.000000 0.521115 -0.134384
1210.000000 228.000000 0.589582 -0.135848
1175.000000 229.000000 0.543665 -0.132439
1203.000000 229.000000 0.580163 -0.134308
1102.000000 231.000000 0.454575 -0.126249
1174.000000 231.000000 0.542260 -0.130313
1266.000000 231.000000 0.667452 -0.136851
1258.000000 233.000000 0.655786 -0.134076
1199.000000 234.000000 0.574525 -0.128815
99.000000 235.000000 -0.549989 -0.126505
1095.000000 235.000000 0.446270 -0.121926
1175.000000 235.000000 0.543289 -0.126255
1210.000000 235.000000 0.589097 -0.128503
1242.000000 236.000000 0.632900 -0.129677
1202.000000 237.000000 0.578298 -0.125884
1211.000000 237.000000 0.590305 -0.126474
1223.000000 238.000000 0.606482 -0.126229
1257.000000 240.000000 0.653838 -0.126477
47.000000 242.000000 -0.618718 -0.122538
1178.000000 242.000000 0.546710 -0.119230
1220.000000 242.000000 0.602131 -0.121818
51.000000 243.000000 -0.613155 -0.121218
44.000000 245.000000 -0.622662 -0.119563
46.000000 246.000000 -0.619834 -0.118376
1068.000000 246.000000 0.415144 -0.109904
50.000000 247.000000 -0.614269 -0.117065
1158.000000 247.000000 0.521159 -0.113012
1234.000000 247.000000 0.621007 -0.117453
1069.000000 248.000000 0.416184 -0.107982
53.000000 250.000000 -0.609976 -0.113721
108.000000 251.000000 -0.537607 -0.109567
113.000000 251.000000 -0.531300 -0.109308
1101.000000 251.000000 0.452493 -0.106316
1169.000000 251.000000 0.534758 -0.109509
1259.000000 251.000000 0.655944 -0.114820
49.000000 252.000000 -0.615331 -0.111860
1189.000000 252.000000 0.560340 -0.109552
1103.000000 253.000000 0.454731 -0.104417
1144.000000 253.000000 0.503579 -0.106235
1180.000000 254.000000 0.548612 -0.107012
1191.000000 254.000000 0.562833 -0.107597
108.000000 255.000000 -0.537402 -0.105481
89.000000 256.000000 -0.561698 -0.105432
110.000000 256.000000 -0.534826 -0.104361
114.000000 256.000000 -0.529794 -0.104165
191.000000 256.000000 -0.437794 -0.100827
1150.000000 256.000000 0.510801 -0.103488
1117.000000 257.000000 0.470962 -0.101024
1163.000000 257.000000 0.526905 -0.103093
1276.000000 257.000000 0.680147 -0.109464
64.000000 259.000000 -0.594555 -0.103663
1117.000000 259.000000 0.470879 -0.099032
115.000000 260.000000 -0.528349 -0.100050
1217.000000 260.000000 0.596990 -0.102784
84.000000 261.000000 -0.567951 -0.100537
1136.000000 261.000000 0.493493 -0.097827
1270.000000 261.000000 0.671163 -0.104784
74.000000 262.000000 -0.581055 -0.100015
90.000000 262.000000 -0.560096 -0.099208
113.000000 262.000000 -0.530764 -0.098110
1217.000000 262.000000 0.596882 -0.100697
92.000000 264.000000 -0.557411 -0.097056
1238.000000 264.000000 0.625539 -0.099740
61.000000 265.000000 -0.598275 -0.097567
74.000000 265.000000 -0.580903 -0.096907
1120.000000 265.000000 0.474187 -0.093179
1135.000000 265.000000 0.492119 -0.093775
59.000000 266.000000 -0.600924 -0.096628
71.000000 266.000000 -0.584834 -0.096021
85.000000 266.000000 -0.566400 -0.095336
1145.000000 266.000000 0.504223 -0.093183
1011.000000 267.000000 0.352650 -0.087735
1182.000000 267.000000 0.550539 -0.093790
1202.000000 267.000000 0.576595 -0.094738
68.000000 268.000000 -0.588732 -0.094094
92.000000 268.000000 -0.557223 -0.092953
1022.000000 268.000000 0.364276 -0.087066
1129.000000 268.000000 0.484787 -0.090537
1140.000000 268.000000 0.498050 -0.090970
1219.000000 268.000000 0.599273 -0.094543
56.000000 269.000000 -0.604836 -0.093649
75.000000 269.000000 -0.579385 -0.092720
88.000000 269.000000 -0.562356 -0.092111
70.000000 270.000000 -0.585969 -0.091923
90.000000 270.000000 -0.559717 -0.090993
1130.000000 270.000000 0.485909 -0.088578
59.000000 272.000000 -0.600625 -0.090372
72.000000 272.000000 -0.583217 -0.089758
1045.000000 274.000000 0.388864 -0.081909
1233.000000 274.000000 0.618098 -0.088961
55.000000 275.000000 -0.605903 -0.087435
58.000000 275.000000 -0.601836 -0.087295
1138.000000 275.000000 0.495357 -0.083879
1153.000000 275.000000 0.513688 -0.084443
1107.000000 276.000000 0.458529 -0.081809
209.000000 277.000000 -0.416803 -0.079676
922.000000 277.000000 0.261968 -0.076439
1150.000000 277.000000 0.509918 -0.082316
1188.000000 278.000000 0.557795 -0.082792
181.000000 279.000000 -0.448455 -0.078544
1148.000000 279.000000 0.507390 -0.080233
1092.000000 280.000000 0.441095 -0.077404
1118.000000 280.000000 0.471290 -0.078210
1223.000000 280.000000 0.604129 -0.082223
186.000000 281.000000 -0.442660 -0.076431
997.000000 281.000000 0.337667 -0.074060
1006.000000 281.000000 0.347063 -0.074251
1221.000000 281.000000 0.601371 -0.081094
1033.000000 282.000000 0.375689 -0.073902
1160.000000 282.000000 0.522104 -0.077645
156.000000 283.000000 -0.477519 -0.075369
160.000000 283.000000 -0.472791 -0.075244
1225.000000 283.000000 0.606720 -0.079183
162.000000 284.000000 -0.470404 -0.074192
1166.000000 284.000000 0.529531 -0.075840
1002.000000 285.000000 0.342795 -0.070360
1142.000000 285.000000 0.499861 -0.074012
1225.000000 285.000000 0.606636 -0.077098
186.000000 287.000000 -0.442491 -0.070550
1060.000000 287.000000 0.404965 -0.069725
1224.000000 287.000000 0.605193 -0.074974
190.000000 288.000000 -0.437903 -0.069465
158.000000 290.000000 -0.474943 -0.068371
1159.000000 290.000000 0.520587 -0.069545
75.000000 292.000000 -0.578428 -0.069003
1153.000000 293.000000 0.513070 -0.066341
1241.000000 293.000000 0.628354 -0.069374
1269.000000 293.000000 0.668095 -0.070486
1133.000000 294.000000 0.488717 -0.064761
75.000000 295.000000 -0.578324 -0.065918
160.000000 295.000000 -0.472447 -0.063369
60.000000 296.000000 -0.598283 -0.065401
72.000000 296.000000 -0.582256 -0.064990
1113.000000 296.000000 0.464953 -0.062247
1230.000000 297.000000 0.613007 -0.064783
69.000000 298.000000 -0.586170 -0.063030
975.000000 299.000000 0.314690 -0.056645
1201.000000 299.000000 0.573990 -0.061741
1209.000000 299.000000 0.584575 -0.061998
1248.000000 301.000000 0.637854 -0.061222
1238.000000 302.000000 0.623863 -0.059835
1196.000000 303.000000 0.567313 -0.057490
70.000000 304.000000 -0.584654 -0.056818
74.000000 304.000000 -0.579359 -0.056700
1259.000000 305.000000 0.653293 -0.057372
102.000000 307.000000 -0.543032 -0.052874
104.000000 307.000000 -0.540497 -0.052824
106.000000 307.000000 -0.537968 -0.052773
83.000000 308.000000 -0.567444 -0.052351
1069.000000 308.000000 0.414497 -0.049584
1230.000000 308.000000 0.612652 -0.053324
99.000000 309.000000 -0.546798 -0.050924
729.000000 309.000000 0.080539 -0.045453
1221.000000 309.000000 0.600372 -0.052029
86.000000 310.000000 -0.563491 -0.050232
1193.000000 310.000000 0.563213 -0.050255
86.000000 312.000000 -0.563441 -0.048192
88.000000 312.000000 -0.560850 -0.048144
102.000000 312.000000 -0.542910 -0.047813
1245.000000 312.000000 0.633304 -0.049573
83.000000 313.000000 -0.567318 -0.047244
100.000000 313.000000 -0.545429 -0.046847
1251.000000 313.000000 0.641704 -0.048689
1258.000000 313.000000 0.651624 -0.048884
86.000000 315.000000 -0.563371 -0.045133
227.000000 315.000000 -0.396139 -0.042548
225.000000 316.000000 -0.398311 -0.041615
1244.000000 316.000000 0.631800 -0.045353
1265.000000 317.000000 0.661529 -0.044840
59.000000 318.000000 -0.598997 -0.042669
1105.000000 318.000000 0.455182 -0.040454
114.000000 319.000000 -0.527660 -0.040501
1127.000000 319.000000 0.480987 -0.039833
60.000000 320.000000 -0.597607 -0.040581
1179.000000 321.000000 0.544951 -0.038766
59.000000 322.000000 -0.598910 -0.038536
1171.000000 322.000000 0.534795 -0.037608
54.000000 323.000000 -0.605648 -0.037604
1224.000000 323.000000 0.604098 -0.037605
1247.000000 323.000000 0.635834 -0.038087
59.000000 324.000000 -0.598870 -0.036471
108.000000 324.000000 -0.535089 -0.035577
1222.000000 324.000000 0.601367 -0.036530
1249.000000 324.000000 0.638620 -0.037080
54.000000 325.000000 -0.605609 -0.035534
192.000000 325.000000 -0.434916 -0.033353
194.000000 325.000000 -0.432653 -0.033328
1184.000000 325.000000 0.551271 -0.034803
64.000000 326.000000 -0.592122 -0.034314
717.000000 326.000000 0.069616 -0.030056
1246.000000 326.000000 0.634371 -0.034922
1121.000000 327.000000 0.473756 -0.031845
982.000000 329.000000 0.321510 -0.028494
195.000000 330.000000 -0.431465 -0.028459
1170.000000 331.000000 0.533393 -0.028523
1231.000000 331.000000 0.613501 -0.029436
1240.000000 331.000000 0.625915 -0.029584
192.000000 333.000000 -0.434827 -0.025576
195.000000 333.000000 -0.431435 -0.025547
1240.000000 333.000000 0.625883 -0.027496
1118.000000 334.000000 0.470139 -0.024916
1230.000000 334.000000 0.612085 -0.026306
1263.000000 334.000000 0.658306 -0.026803
1099.000000 336.000000 0.448034 -0.022772
1244.000000 336.000000 0.631407 -0.024421
1122.000000 337.000000 0.474824 -0.022001
1163.000000 337.000000 0.524556 -0.022408
1181.000000 337.000000 0.547261 -0.022604
1101.000000 338.000000 0.450318 -0.020836
1240.000000 338.000000 0.625813 -0.022279
1124.000000 339.000000 0.477172 -0.020047
205.000000 342.000000 -0.420141 -0.016750
207.000000 343.000000 -0.417905 -0.015771
204.000000 344.000000 -0.421246 -0.014822
207.000000 345.000000 -0.417894 -0.013839
1069.000000 345.000000 0.414077 -0.013828
204.000000 346.000000 -0.421236 -0.012888
1143.000000 346.000000 0.499894 -0.013257
1122.000000 348.000000 0.474747 -0.011165
204.000000 350.000000 -0.421219 -0.009020
206.000000 350.000000 -0.418987 -0.009013
39.000000 352.000000 -0.625839 -0.007673
122.000000 354.000000 -0.517358 -0.005341
208.000000 354.000000 -0.416750 -0.005145
120.000000 355.000000 -0.519826 -0.004346
1050.000000 357.000000 0.393142 -0.002230
122.000000 358.000000 -0.517351 -0.001343
1202.000000 358.000000 0.574341 -0.001383
1269.000000 358.000000 0.666732 -0.001454
1039.000000 359.000000 0.381225 -0.000310
1052.000000 359.000000 0.395322 -0.000313
1073.000000 359.000000 0.418494 -0.000318
38.000000 361.000000 -0.627207 0.001706
1116.000000 364.000000 0.467661 0.004581
975.000000 365.000000 0.314248 0.005329
1058.000000 365.000000 0.401895 0.005453
985.000000 369.000000 0.324480 0.009103
176.000000 370.000000 -0.452997 0.010420
1060.000000 371.000000 0.404110 0.011228
175.000000 373.000000 -0.454164 0.013357
1269.000000 373.000000 0.666783 0.014444
10.000000 377.000000 -0.666857 0.018672
1057.000000 377.000000 0.400841 0.016984
1056.000000 380.000000 0.399763 0.019862
1206.000000 380.000000 0.579722 0.021142
1274.000000 380.000000 0.674096 0.021927
1230.000000 383.000000 0.612048 0.024518
1234.000000 383.000000 0.617537 0.024571
74.000000 386.000000 -0.578723 0.027263
1192.000000 387.000000 0.561472 0.028118
231.000000 389.000000 -0.391601 0.028432
1265.000000 389.000000 0.661228 0.031342
72.000000 390.000000 -0.581423 0.031390
1212.000000 392.000000 0.587860 0.033543
1264.000000 393.000000 0.659868 0.035557
1073.000000 395.000000 0.418709 0.034486
1201.000000 395.000000 0.573349 0.036425
1242.000000 397.000000 0.628853 0.039308
1179.000000 399.000000 0.544959 0.040083
1201.000000 399.000000 0.573426 0.040518
1101.000000 401.000000 0.450552 0.040714
1173.000000 401.000000 0.537383 0.041988
1231.000000 401.000000 0.613743 0.043234
1239.000000 401.000000 0.624775 0.043421
1233.000000 402.000000 0.616513 0.044321
131.000000 403.000000 -0.506725 0.043492
1107.000000 403.000000 0.457526 0.042771
1122.000000 403.000000 0.475100 0.043029
1228.000000 403.000000 0.609685 0.045241
124.000000 405.000000 -0.515348 0.045630
1204.000000 406.000000 0.577533 0.047757
1227.000000 406.000000 0.608395 0.048332
46.000000 407.000000 -0.616804 0.049500
1092.000000 407.000000 0.440330 0.046428
1087.000000 413.000000 0.434750 0.052187
1181.000000 413.000000 0.547829 0.054318
1226.000000 413.000000 0.607226 0.055573
1049.000000 414.000000 0.392520 0.052459
1208.000000 414.000000 0.583042 0.056082
1096.000000 415.000000 0.445058 0.054320
1149.000000 416.000000 0.507864 0.056521
1108.000000 417.000000 0.458962 0.056540
1142.000000 417.000000 0.499354 0.057344
1270.000000 417.000000 0.669171 0.061200
1268.000000 419.000000 0.666351 0.063258
1266.000000 421.000000 0.663541 0.065313
177.000000 422.000000 -0.452562 0.061296
1245.000000 422.000000 0.633761 0.065601
109.000000 424.000000 -0.534504 0.065124
1272.000000 424.000000 0.672328 0.068739
180.000000 425.000000 -0.449178 0.064166
1205.000000 425.000000 0.579412 0.067308
1149.000000 426.000000 0.508137 0.066532
1163.000000 426.000000 0.525456 0.066955
1195.000000 426.000000 0.566304 0.067993
1264.000000 426.000000 0.660858 0.070552
110.000000 427.000000 -0.533340 0.068126
1216.000000 429.000000 0.594230 0.071834
173.000000 430.000000 -0.457395 0.069260
1115.000000 430.000000 0.467471 0.069530
1185.000000 430.000000 0.553480 0.071736
1257.000000 431.000000 0.651054 0.075571
133.000000 432.000000 -0.505024 0.072424
178.000000 433.000000 -0.451692 0.072072
1142.000000 433.000000 0.499810 0.073324
175.000000 434.000000 -0.455188 0.073141
129.000000 435.000000 -0.510014 0.075562
133.000000 435.000000 -0.505122 0.075429
1272.000000 435.000000 0.672798 0.080494
1064.000000 437.000000 0.409503 0.074999
1066.000000 437.000000 0.411722 0.075052
129.000000 438.000000 -0.510117 0.078575
1237.000000 438.000000 0.623267 0.082082
135.000000 439.000000 -0.502820 0.079368
1260.000000 439.000000 0.655694 0.084200
627.000000 440.000000 -0.011586 0.072815
1149.000000 440.000000 0.508596 0.080578
1262.000000 440.000000 0.658605 0.085359
1150.000000 442.000000 0.509897 0.082625
1231.000000 444.000000 0.615262 0.088097
983.000000 446.000000 0.323349 0.081692
1251.000000 447.000000 0.643295 0.092248
1199.000000 448.000000 0.572421 0.090758
1209.000000 448.000000 0.585662 0.091223
1242.000000 449.000000 0.630753 0.093899
237.000000 450.000000 -0.386232 0.086965
1228.000000 450.000000 0.611440 0.094235
243.000000 451.000000 -0.379774 0.087761
1119.000000 451.000000 0.472870 0.090472
1257.000000 451.000000 0.652023 0.096815
241.000000 452.000000 -0.381960 0.088782
1169.000000 454.000000 0.534049 0.095539
1235.000000 454.000000 0.621285 0.098800
242.000000 455.000000 -0.380966 0.091647
87.000000 456.000000 -0.563909 0.098621
1239.000000 456.000000 0.626945 0.101126
266.000000 457.000000 -0.355407 0.092892
1220.000000 457.000000 0.600903 0.101142
1242.000000 457.000000 0.631184 0.102350
1270.000000 457.000000 0.671054 0.103970
5.000000 459.000000 -0.676985 0.106284
240.000000 460.000000 -0.383279 0.096537
84.000000 461.000000 -0.568072 0.103924
1223.000000 464.000000 0.605369 0.108635
204.000000 465.000000 -0.423136 0.102625
236.000000 465.000000 -0.387777 0.101504
1262.000000 466.000000 0.660064 0.113133
204.000000 467.000000 -0.423211 0.104585
209.000000 467.000000 -0.417606 0.104398
1086.000000 468.000000 0.435235 0.106022
211.000000 469.000000 -0.415446 0.106281
243.000000 469.000000 -0.380326 0.105146
1220.000000 469.000000 0.601586 0.113700
1151.000000 470.000000 0.512345 0.110926
1226.000000 470.000000 0.609824 0.115116
210.000000 472.000000 -0.416677 0.109257
212.000000 472.000000 -0.414445 0.109180
1138.000000 472.000000 0.496531 0.112304
208.000000 473.000000 -0.418954 0.110316
247.000000 473.000000 -0.376149 0.108881
1111.000000 473.000000 0.464353 0.112037
1216.000000 473.000000 0.596415 0.117648
218.000000 475.000000 -0.407890 0.111884
1068.000000 475.000000 0.415204 0.112187
1121.000000 475.000000 0.476257 0.114498
1221.000000 475.000000 0.603316 0.120060
1210.000000 476.000000 0.588533 0.120413
940.000000 478.000000 0.280542 0.110949
1088.000000 479.000000 0.437979 0.116965
144.000000 482.000000 -0.493785 0.122195
1222.000000 482.000000 0.605138 0.127492
1076.000000 483.000000 0.424524 0.120387
1127.000000 483.000000 0.483817 0.122828
1139.000000 483.000000 0.498313 0.123464
1208.000000 483.000000 0.586307 0.127604
145.000000 484.000000 -0.492683 0.124161
206.000000 485.000000 -0.421698 0.122194
1098.000000 486.000000 0.449808 0.124374
1204.000000 486.000000 0.581174 0.130476
1275.000000 486.000000 0.680316 0.135635
228.000000 487.000000 -0.397337 0.123218
1092.000000 487.000000 0.442934 0.125079
1183.000000 487.000000 0.553714 0.130143
213.000000 488.000000 -0.413989 0.124839
210.000000 489.000000 -0.417387 0.125956
1186.000000 489.000000 0.557727 0.132408
1182.000000 491.000000 0.552682 0.134218
1239.000000 491.000000 0.629239 0.138254
173.000000 497.000000 -0.460110 0.135727
1069.000000 498.000000 0.417337 0.134869
1209.000000 498.000000 0.588700 0.143415
177.000000 499.000000 -0.455551 0.137514
1139.000000 500.000000 0.499297 0.140713
176.000000 501.000000 -0.456826 0.139571
1237.000000 501.000000 0.627233 0.148779
1150.000000 502.000000 0.512946 0.143451
1169.000000 502.000000 0.536775 0.144720
1241.000000 504.000000 0.633074 0.152323
177.000000 505.000000 -0.455884 0.143526
303.000000 505.000000 -0.318398 0.137749
185.000000 507.000000 -0.446717 0.145079
1048.000000 508.000000 0.394493 0.143715
1117.000000 508.000000 0.473296 0.147476
158.000000 510.000000 -0.478583 0.149697
233.000000 510.000000 -0.392883 0.145553
238.000000 510.000000 -0.387413 0.145313
1221.000000 510.000000 0.605892 0.157062
1249.000000 510.000000 0.644873 0.159473
1156.000000 511.000000 0.521021 0.153099
113.000000 512.000000 -0.533991 0.154783
1260.000000 512.000000 0.660764 0.162631
1267.000000 512.000000 0.670876 0.163274
110.000000 513.000000 -0.537868 0.156038
229.000000 513.000000 -0.397427 0.148706
301.000000 514.000000 -0.320796 0.146490
1140.000000 514.000000 0.501432 0.155068
1204.000000 514.000000 0.583264 0.159894
171.000000 515.000000 -0.463499 0.153945
1119.000000 515.000000 0.476116 0.154691
301.000000 516.000000 -0.320874 0.148420
1242.000000 516.000000 0.635526 0.165324
102.000000 517.000000 -0.548391 0.160804
185.000000 517.000000 -0.447297 0.155105
307.000000 517.000000 -0.314735 0.149152
1095.000000 517.000000 0.448020 0.155212
1167.000000 517.000000 0.535319 0.160108
1255.000000 517.000000 0.654056 0.167607
98.000000 518.000000 -0.553624 0.162161
300.000000 518.000000 -0.321986 0.150392
167.000000 519.000000 -0.468467 0.158242
303.000000 519.000000 -0.318929 0.151239
98.000000 520.000000 -0.553783 0.164252
185.000000 520.000000 -0.447478 0.158121
1235.000000 520.000000 0.626091 0.168995
1219.000000 521.000000 0.604113 0.168617
36.000000 522.000000 -0.637576 0.171789
308.000000 522.000000 -0.313904 0.153937
1068.000000 522.000000 0.417476 0.158632
1100.000000 522.000000 0.454147 0.160559
1244.000000 523.000000 0.638996 0.173079
32.000000 524.000000 -0.643403 0.174335
50.000000 524.000000 -0.618262 0.172639
56.000000 524.000000 -0.610013 0.172088
309.000000 524.000000 -0.312957 0.155829
1242.000000 524.000000 0.636272 0.173971
1169.000000 525.000000 0.538489 0.168588
29.000000 526.000000 -0.647844 0.176798
33.000000 526.000000 -0.642184 0.176409
35.000000 526.000000 -0.639364 0.176216
44.000000 526.000000 -0.626765 0.175355
49.000000 526.000000 -0.619830 0.174883
51.000000 526.000000 -0.617068 0.174695
289.000000 527.000000 -0.333789 0.159582
291.000000 527.000000 -0.331702 0.159493
1116.000000 527.000000 0.473342 0.166689
1219.000000 527.000000 0.604659 0.175033
52.000000 528.000000 -0.615878 0.176752
294.000000 528.000000 -0.328623 0.160334
308.000000 528.000000 -0.314147 0.159739
25.000000 529.000000 -0.653830 0.180461
58.000000 529.000000 -0.607740 0.177261
284.000000 529.000000 -0.339111 0.161754
896.000000 529.000000 0.238528 0.158037
1115.000000 529.000000 0.472291 0.168657
1141.000000 529.000000 0.503741 0.170549
53.000000 530.000000 -0.614691 0.178807
293.000000 530.000000 -0.329752 0.162323
1139.000000 530.000000 0.501360 0.171428
50.000000 531.000000 -0.618924 0.180172
299.000000 531.000000 -0.323564 0.163031
287.000000 532.000000 -0.336105 0.164542
290.000000 532.000000 -0.332969 0.164405
1149.000000 532.000000 0.513865 0.174269
1230.000000 532.000000 0.620278 0.181459
316.000000 533.000000 -0.306151 0.164247
1123.000000 533.000000 0.482149 0.173316
1127.000000 534.000000 0.487047 0.174638
1156.000000 534.000000 0.522772 0.176909
1159.000000 534.000000 0.526545 0.177155
1138.000000 535.000000 0.500518 0.176508
41.000000 536.000000 -0.631932 0.186471
278.000000 536.000000 -0.345755 0.168879
1155.000000 536.000000 0.521681 0.178908
318.000000 537.000000 -0.304274 0.168038
1111.000000 537.000000 0.468107 0.176532
1146.000000 537.000000 0.510541 0.179212
126.000000 538.000000 -0.519671 0.180749
338.000000 538.000000 -0.284030 0.168193
1146.000000 539.000000 0.510703 0.181287
1172.000000 539.000000 0.543508 0.183498
1235.000000 539.000000 0.627944 0.189542
1240.000000 539.000000 0.634956 0.190059
329.000000 540.000000 -0.293203 0.170485
1080.000000 540.000000 0.432205 0.177424
1104.000000 540.000000 0.460054 0.179086
1222.000000 540.000000 0.610028 0.189298
163.000000 541.000000 -0.474750 0.180930
32.000000 542.000000 -0.645224 0.193943
305.000000 542.000000 -0.317848 0.173466
323.000000 542.000000 -0.299385 0.172673
1216.000000 542.000000 0.602017 0.190850
1243.000000 542.000000 0.639501 0.193647
1259.000000 542.000000 0.662333 0.195372
165.000000 543.000000 -0.472517 0.182829
288.000000 543.000000 -0.335581 0.175248
299.000000 543.000000 -0.324108 0.174720
1239.000000 543.000000 0.633970 0.194313
308.000000 544.000000 -0.314844 0.175278
296.000000 545.000000 -0.327322 0.176817
301.000000 545.000000 -0.322127 0.176579
1034.000000 545.000000 0.381135 0.179563
305.000000 546.000000 -0.318033 0.177368
1137.000000 546.000000 0.500175 0.187809
302.000000 547.000000 -0.321186 0.178486
1273.000000 547.000000 0.683232 0.202469
317.000000 548.000000 -0.305777 0.178766
1204.000000 548.000000 0.586383 0.196088
164.000000 549.000000 -0.474170 0.189064
322.000000 549.000000 -0.300709 0.179516
166.000000 550.000000 -0.471865 0.189935
308.000000 550.000000 -0.315123 0.181133
314.000000 550.000000 -0.308945 0.180853
1211.000000 551.000000 0.596141 0.200036
311.000000 552.000000 -0.312124 0.182946
319.000000 552.000000 -0.303911 0.182573
1215.000000 552.000000 0.601687 0.201538
171.000000 553.000000 -0.466163 0.192626
314.000000 554.000000 -0.309132 0.184758
323.000000 554.000000 -0.299913 0.184341
1208.000000 555.000000 0.592499 0.204036
1068.000000 557.000000 0.419705 0.193789
1172.000000 557.000000 0.545183 0.202504
1208.000000 557.000000 0.592713 0.206196
318.000000 559.000000 -0.305263 0.189458
1171.000000 559.000000 0.544092 0.204528
1240.000000 559.000000 0.637154 0.211949
315.000000 560.000000 -0.308392 0.190582
322.000000 560.000000 -0.301214 0.190246
326.000000 561.000000 -0.297176 0.191035
1133.000000 561.000000 0.496560 0.203068
318.000000 562.000000 -0.305408 0.192395
330.000000 562.000000 -0.293149 0.191825
1120.000000 562.000000 0.480847 0.202971
1212.000000 562.000000 0.598686 0.212048
1163.000000 563.000000 0.534238 0.207981
497.000000 564.000000 -0.131398 0.188352
258.000000 565.000000 -0.368720 0.198675
321.000000 565.000000 -0.302478 0.195190
326.000000 565.000000 -0.297365 0.194948
1083.000000 565.000000 0.437451 0.203040
1114.000000 565.000000 0.473895 0.205567
1131.000000 566.000000 0.494561 0.208109
1247.000000 566.000000 0.647907 0.220507
1229.000000 567.000000 0.622669 0.219457
170.000000 568.000000 -0.468577 0.208176
472.000000 568.000000 -0.154925 0.192692
1181.000000 568.000000 0.557985 0.215151
163.000000 569.000000 -0.477027 0.209819
1145.000000 569.000000 0.512132 0.212568
1122.000000 570.000000 0.483969 0.211471
1130.000000 571.000000 0.493797 0.213249
1181.000000 571.000000 0.558306 0.218369
161.000000 572.000000 -0.479697 0.213118
1226.000000 572.000000 0.619093 0.224595
170.000000 573.000000 -0.469009 0.213361
317.000000 573.000000 -0.306988 0.203255
1127.000000 573.000000 0.490319 0.215065
1198.000000 573.000000 0.581025 0.222410
160.000000 574.000000 -0.481082 0.215294
167.000000 574.000000 -0.472677 0.214665
185.000000 574.000000 -0.451388 0.213111
322.000000 574.000000 -0.301903 0.203983
1180.000000 574.000000 0.557324 0.221484
1227.000000 574.000000 0.620724 0.226917
313.000000 575.000000 -0.311217 0.205438
316.000000 575.000000 -0.308122 0.205280
1219.000000 575.000000 0.609774 0.227049
931.000000 576.000000 0.275028 0.204710
1236.000000 576.000000 0.633563 0.230235
308.000000 577.000000 -0.316501 0.207686
328.000000 577.000000 -0.295914 0.206632
1100.000000 577.000000 0.458285 0.216799
1196.000000 577.000000 0.578808 0.226521
505.000000 578.000000 -0.124205 0.201506
1110.000000 578.000000 0.470255 0.218727
316.000000 579.000000 -0.308335 0.209231
311.000000 580.000000 -0.313556 0.210493
330.000000 580.000000 -0.294025 0.209486
359.000000 580.000000 -0.264731 0.208093
319.000000 581.000000 -0.305351 0.211048
323.000000 581.000000 -0.301240 0.210836
895.000000 581.000000 0.239394 0.208022
328.000000 582.000000 -0.296171 0.211562
359.000000 582.000000 -0.264822 0.210051
418.000000 582.000000 -0.206835 0.207691
1244.000000 582.000000 0.645646 0.237927
175.000000 583.000000 -0.463957 0.223318
235.000000 583.000000 -0.395136 0.218386
292.000000 583.000000 -0.333564 0.214569
330.000000 583.000000 -0.294179 0.212445
1246.000000 583.000000 0.648624 0.239305
294.000000 584.000000 -0.331520 0.215447
324.000000 584.000000 -0.300373 0.213749
332.000000 584.000000 -0.292190 0.213329
357.000000 584.000000 -0.266917 0.212103
1024.000000 584.000000 0.372729 0.218016
1045.000000 584.000000 0.395848 0.219534
179.000000 585.000000 -0.459401 0.225040
290.000000 585.000000 -0.335792 0.216688
1163.000000 585.000000 0.536530 0.231435
1201.000000 586.000000 0.586585 0.236924
1097.000000 587.000000 0.455635 0.226927
181.000000 588.000000 -0.457313 0.227984
289.000000 588.000000 -0.337033 0.219752
964.000000 588.000000 0.309326 0.218246
293.000000 589.000000 -0.332877 0.220505
361.000000 589.000000 -0.263144 0.216826
363.000000 589.000000 -0.261145 0.216732
365.000000 589.000000 -0.259147 0.216640
1209.000000 589.000000 0.597798 0.241207
1227.000000 589.000000 0.622614 0.243512
171.000000 590.000000 -0.469369 0.231006
176.000000 590.000000 -0.463415 0.230534
490.000000 590.000000 -0.138510 0.213315
1024.000000 590.000000 0.373153 0.224092
1111.000000 590.000000 0.472575 0.231375
169.000000 591.000000 -0.471857 0.232246
185.000000 591.000000 -0.452877 0.230747
282.000000 591.000000 -0.344644 0.223209
362.000000 592.000000 -0.262285 0.219729
365.000000 592.000000 -0.259286 0.219588
1102.000000 592.000000 0.462018 0.232613
181.000000 593.000000 -0.457774 0.233205
185.000000 593.000000 -0.453060 0.232833
283.000000 593.000000 -0.343711 0.225156
1153.000000 593.000000 0.524674 0.238913
168.000000 594.000000 -0.473347 0.235496
175.000000 594.000000 -0.464982 0.234819
178.000000 594.000000 -0.461418 0.234533
365.000000 594.000000 -0.259380 0.221555
1080.000000 594.000000 0.436393 0.232682
1070.000000 595.000000 0.424959 0.232843
1125.000000 595.000000 0.490036 0.238047
282.000000 596.000000 -0.344973 0.228244
1007.000000 596.000000 0.355164 0.228972
1028.000000 596.000000 0.377969 0.230487
1148.000000 596.000000 0.518690 0.241576
285.000000 597.000000 -0.341849 0.229053
1078.000000 597.000000 0.434345 0.235621
1113.000000 597.000000 0.475669 0.238942
288.000000 598.000000 -0.338732 0.229863
1220.000000 598.000000 0.614076 0.252598
960.000000 599.000000 0.305823 0.228979
282.000000 600.000000 -0.345243 0.232283
1001.000000 600.000000 0.349005 0.232605
231.000000 601.000000 -0.401001 0.237120
233.000000 601.000000 -0.398764 0.236956
1198.000000 601.000000 0.584427 0.253027
443.000000 602.000000 -0.183446 0.226247
1126.000000 602.000000 0.491997 0.245591
206.000000 603.000000 -0.429548 0.241342
1120.000000 603.000000 0.484769 0.246018
1182.000000 603.000000 0.563354 0.253185
111.000000 604.000000 -0.545433 0.252423
237.000000 604.000000 -0.394546 0.239718
209.000000 605.000000 -0.426281 0.243154
1037.000000 605.000000 0.388597 0.240402
1114.000000 605.000000 0.477696 0.247513
115.000000 606.000000 -0.540514 0.254114
91.000000 607.000000 -0.572020 0.258205
232.000000 607.000000 -0.400379 0.243225
118.000000 608.000000 -0.536901 0.255925
204.000000 608.000000 -0.432312 0.246742
206.000000 608.000000 -0.430005 0.246557
241.000000 608.000000 -0.390425 0.243510
113.000000 609.000000 -0.543459 0.257624
239.000000 609.000000 -0.392731 0.244706
1075.000000 609.000000 0.431976 0.247864
232.000000 611.000000 -0.400719 0.247363
239.000000 611.000000 -0.392897 0.246771
241.000000 611.000000 -0.390673 0.246604
272.000000 611.000000 -0.356745 0.244168
203.000000 612.000000 -0.433844 0.251023
447.000000 612.000000 -0.179947 0.235872
118.000000 613.000000 -0.537512 0.261369
213.000000 613.000000 -0.422426 0.251134
229.000000 613.000000 -0.404263 0.249697
236.000000 613.000000 -0.396412 0.249093
1001.000000 613.000000 0.349933 0.245819
208.000000 614.000000 -0.428261 0.252647
275.000000 614.000000 -0.353736 0.247009
1142.000000 614.000000 0.513208 0.260275
215.000000 615.000000 -0.420322 0.253039
230.000000 615.000000 -0.403313 0.251687
273.000000 615.000000 -0.355966 0.248182
1200.000000 615.000000 0.588999 0.268815
113.000000 616.000000 -0.544333 0.265274
119.000000 616.000000 -0.536601 0.264519
350.000000 617.000000 -0.275665 0.245162
1202.000000 617.000000 0.591990 0.271323
113.000000 618.000000 -0.544588 0.267466
207.000000 618.000000 -0.429795 0.256939
229.000000 618.000000 -0.404705 0.254897
268.000000 618.000000 -0.361603 0.251640
277.000000 618.000000 -0.351884 0.250951
347.000000 618.000000 -0.278768 0.246334
217.000000 619.000000 -0.418409 0.257039
233.000000 619.000000 -0.400294 0.255583
115.000000 620.000000 -0.542258 0.269404
119.000000 620.000000 -0.537105 0.268894
268.000000 620.000000 -0.361759 0.253695
347.000000 620.000000 -0.278882 0.248341
1121.000000 620.000000 0.487857 0.264306
274.000000 621.000000 -0.355344 0.254256
1149.000000 621.000000 0.522898 0.268730
1244.000000 621.000000 0.651142 0.281980
217.000000 622.000000 -0.418692 0.260184
234.000000 622.000000 -0.399438 0.258619
272.000000 622.000000 -0.357583 0.255439
346.000000 622.000000 -0.280016 0.250408
348.000000 622.000000 -0.277981 0.250292
352.000000 622.000000 -0.273919 0.250062
1182.000000 622.000000 0.565841 0.274131
266.000000 623.000000 -0.364170 0.256943
1086.000000 623.000000 0.446184 0.263701
1144.000000 623.000000 0.516816 0.270290
199.000000 624.000000 -0.439671 0.264059
212.000000 624.000000 -0.424616 0.262767
270.000000 624.000000 -0.359906 0.257655
216.000000 625.000000 -0.420123 0.263432
253.000000 625.000000 -0.378569 0.260083
386.000000 625.000000 -0.239972 0.251254
869.000000 625.000000 0.215734 0.250155
1211.000000 625.000000 0.605440 0.281591
201.000000 626.000000 -0.437544 0.265974
1167.000000 626.000000 0.546680 0.276537
975.000000 627.000000 0.323292 0.258231
1123.000000 627.000000 0.491127 0.272090
1169.000000 627.000000 0.549421 0.277910
352.000000 628.000000 -0.274265 0.256098
386.000000 628.000000 -0.240122 0.254250
105.000000 629.000000 -0.556466 0.280660
203.000000 629.000000 -0.435522 0.268950
350.000000 629.000000 -0.276357 0.257224
359.000000 629.000000 -0.267231 0.256701
378.000000 629.000000 -0.248142 0.255661
380.000000 629.000000 -0.246146 0.255557
1184.000000 629.000000 0.569467 0.282197
216.000000 630.000000 -0.420610 0.268702
1224.000000 630.000000 0.624228 0.289205
181.000000 632.000000 -0.461765 0.274502
183.000000 632.000000 -0.459380 0.274280
253.000000 632.000000 -0.379171 0.267361
314.000000 632.000000 -0.313670 0.262585
365.000000 632.000000 -0.261345 0.259382
243.000000 633.000000 -0.390360 0.269298
360.000000 633.000000 -0.266449 0.260675
376.000000 633.000000 -0.250354 0.259782
380.000000 633.000000 -0.246355 0.259569
470.000000 633.000000 -0.158646 0.255738
1164.000000 633.000000 0.543724 0.283877
473.000000 634.000000 -0.155817 0.256628
185.000000 635.000000 -0.457333 0.277276
233.000000 635.000000 -0.401763 0.272327
364.000000 635.000000 -0.262524 0.262463
1046.000000 635.000000 0.401308 0.272402
22.000000 636.000000 -0.672136 0.301062
212.000000 636.000000 -0.425814 0.275457
224.000000 636.000000 -0.412059 0.274252
243.000000 636.000000 -0.390635 0.272442
1111.000000 636.000000 0.477515 0.280411
1136.000000 636.000000 0.508385 0.283489
236.000000 637.000000 -0.398573 0.274147
359.000000 637.000000 -0.267695 0.264775
363.000000 637.000000 -0.263649 0.264541
1054.000000 637.000000 0.410575 0.275290
34.000000 638.000000 -0.655207 0.301459
1224.000000 638.000000 0.625468 0.298343
227.000000 639.000000 -0.408942 0.277128
181.000000 640.000000 -0.462672 0.283111
363.000000 641.000000 -0.263883 0.268591
420.000000 641.000000 -0.207237 0.265629
424.000000 641.000000 -0.203330 0.265450
249.000000 642.000000 -0.384504 0.278188
360.000000 642.000000 -0.266980 0.269784
184.000000 643.000000 -0.459433 0.286004
341.000000 643.000000 -0.286430 0.271994
186.000000 644.000000 -0.457163 0.286853
189.000000 644.000000 -0.453596 0.286509
234.000000 644.000000 -0.401504 0.281730
243.000000 644.000000 -0.391385 0.280858
364.000000 644.000000 -0.263049 0.271575
338.000000 645.000000 -0.289649 0.274237
387.000000 645.000000 -0.240013 0.271284
674.000000 645.000000 0.031677 0.264888
219.000000 646.000000 -0.418791 0.285376
222.000000 646.000000 -0.415352 0.285064
227.000000 646.000000 -0.409643 0.284552
236.000000 646.000000 -0.399444 0.283651
350.000000 646.000000 -0.277403 0.274475
360.000000 646.000000 -0.267222 0.273850
188.000000 647.000000 -0.455130 0.289864
224.000000 647.000000 -0.413167 0.285923
243.000000 647.000000 -0.391673 0.284027
1112.000000 647.000000 0.480070 0.292497
234.000000 648.000000 -0.401901 0.285971
237.000000 648.000000 -0.398513 0.285672
271.000000 648.000000 -0.360824 0.282500
360.000000 648.000000 -0.267345 0.275888
1073.000000 648.000000 0.433633 0.289003
244.000000 649.000000 -0.390746 0.286046
251.000000 649.000000 -0.382935 0.285375
14.000000 650.000000 -0.686032 0.318710
185.000000 650.000000 -0.459058 0.293467
218.000000 650.000000 -0.420363 0.289755
242.000000 650.000000 -0.393086 0.287300
204.000000 651.000000 -0.436715 0.292358
249.000000 651.000000 -0.385353 0.287680
363.000000 651.000000 -0.264486 0.278763
377.000000 651.000000 -0.250357 0.277926
188.000000 652.000000 -0.455716 0.295283
324.000000 652.000000 -0.304651 0.282409
327.000000 652.000000 -0.301525 0.282192
1174.000000 652.000000 0.559547 0.306565
201.000000 653.000000 -0.440457 0.294855
1096.000000 653.000000 0.461434 0.297077
217.000000 656.000000 -0.422164 0.296301
186.000000 657.000000 -0.458703 0.300964
189.000000 658.000000 -0.455242 0.301691
184.000000 660.000000 -0.461467 0.304487
219.000000 660.000000 -0.420296 0.300389
332.000000 660.000000 -0.296904 0.290100
391.000000 660.000000 -0.236849 0.286295
1030.000000 660.000000 0.385773 0.297315
394.000000 661.000000 -0.233912 0.287147
1067.000000 661.000000 0.428099 0.302351
1086.000000 661.000000 0.450456 0.304588
221.000000 662.000000 -0.418212 0.302325
252.000000 662.000000 -0.383084 0.299068
388.000000 662.000000 -0.239962 0.288509
1017.000000 663.000000 0.371608 0.299228
1106.000000 663.000000 0.474787 0.309297
241.000000 664.000000 -0.395628 0.302326
250.000000 664.000000 -0.385518 0.301403
396.000000 664.000000 -0.232086 0.290099
1047.000000 664.000000 0.405391 0.303368
217.000000 665.000000 -0.423168 0.306016
253.000000 665.000000 -0.382269 0.302169
1020.000000 665.000000 0.375127 0.301650
1156.000000 665.000000 0.537931 0.318553
212.000000 666.000000 -0.429089 0.307675
386.000000 666.000000 -0.242200 0.292723
951.000000 666.000000 0.300991 0.296687
1069.000000 666.000000 0.431010 0.308009
1078.000000 666.000000 0.441581 0.309079
1158.000000 666.000000 0.540680 0.319988
1235.000000 666.000000 0.645639 0.332636
873.000000 667.000000 0.221744 0.292652
1051.000000 667.000000 0.410292 0.307041
217.000000 668.000000 -0.423511 0.309270
214.000000 669.000000 -0.427110 0.310704
383.000000 669.000000 -0.245393 0.295986
390.000000 669.000000 -0.238368 0.295568
406.000000 669.000000 -0.222418 0.294662
904.000000 669.000000 0.252908 0.296523
1093.000000 669.000000 0.459825 0.314234
912.000000 671.000000 0.261152 0.299107
380.000000 672.000000 -0.248599 0.299263
385.000000 672.000000 -0.243564 0.298955
894.000000 672.000000 0.243009 0.298995
1229.000000 672.000000 0.638174 0.338639
200.000000 673.000000 -0.444013 0.316758
231.000000 673.000000 -0.407960 0.313109
1032.000000 673.000000 0.389360 0.311454
1057.000000 673.000000 0.417879 0.314229
362.000000 674.000000 -0.266995 0.302506
393.000000 674.000000 -0.235658 0.300536
425.000000 674.000000 -0.203910 0.298784
1071.000000 674.000000 0.434309 0.316983
430.000000 675.000000 -0.199048 0.299558
214.000000 676.000000 -0.427936 0.318343
364.000000 676.000000 -0.265090 0.304448
379.000000 676.000000 -0.249861 0.303461
383.000000 676.000000 -0.245824 0.303209
407.000000 676.000000 -0.221810 0.301792
207.000000 678.000000 -0.436375 0.321388
217.000000 678.000000 -0.424682 0.320174
378.000000 678.000000 -0.251000 0.305598
399.000000 678.000000 -0.229894 0.304309
1211.000000 679.000000 0.614156 0.343698
361.000000 680.000000 -0.268432 0.308822
366.000000 680.000000 -0.263322 0.308476
368.000000 680.000000 -0.261284 0.308339
974.000000 680.000000 0.326447 0.313302
216.000000 681.000000 -0.426207 0.323583
1138.000000 681.000000 0.517212 0.333965
360.000000 682.000000 -0.269597 0.310982
370.000000 682.000000 -0.259383 0.310288
398.000000 682.000000 -0.231130 0.308505
403.000000 682.000000 -0.226135 0.308210
1029.000000 682.000000 0.386951 0.320861
407.000000 683.000000 -0.222206 0.309014
973.000000 683.000000 0.325644 0.316402
363.000000 684.000000 -0.266666 0.312862
400.000000 684.000000 -0.229249 0.310458
1208.000000 684.000000 0.610874 0.349043
1055.000000 685.000000 0.416982 0.327116
1262.000000 685.000000 0.687931 0.360033
364.000000 686.000000 -0.265784 0.314885
369.000000 686.000000 -0.260676 0.314535
407.000000 686.000000 -0.222379 0.312121
412.000000 686.000000 -0.217404 0.311834
922.000000 686.000000 0.272426 0.315440
429.000000 687.000000 -0.200639 0.311946
927.000000 687.000000 0.277654 0.316862
435.000000 688.000000 -0.194788 0.312671
449.000000 688.000000 -0.181078 0.311990
1051.000000 688.000000 0.412717 0.329932
1263.000000 688.000000 0.689935 0.363822
400.000000 689.000000 -0.229549 0.315653
402.000000 689.000000 -0.227548 0.315532
404.000000 690.000000 -0.225608 0.316453
407.000000 690.000000 -0.222613 0.316275
415.000000 690.000000 -0.214650 0.315813
886.000000 690.000000 0.236081 0.317172
359.000000 691.000000 -0.271274 0.320500
361.000000 691.000000 -0.269219 0.320353
409.000000 691.000000 -0.220677 0.317198
1068.000000 691.000000 0.432908 0.335360
1079.000000 691.000000 0.445938 0.336799
1046.000000 692.000000 0.407437 0.333734
402.000000 693.000000 -0.227790 0.319702
413.000000 693.000000 -0.216810 0.319048
280.000000 694.000000 -0.355345 0.330615
283.000000 694.000000 -0.352058 0.330310
359.000000 694.000000 -0.271497 0.323665
409.000000 694.000000 -0.220854 0.320324
421.000000 694.000000 -0.208921 0.319634
445.000000 694.000000 -0.185277 0.318378
518.000000 695.000000 -0.114844 0.316546
1010.000000 695.000000 0.367116 0.332934
1038.000000 695.000000 0.398629 0.336084
277.000000 696.000000 -0.358848 0.333092
281.000000 696.000000 -0.354452 0.332680
359.000000 696.000000 -0.271647 0.325779
363.000000 696.000000 -0.267532 0.325481
402.000000 696.000000 -0.227975 0.322838
406.000000 696.000000 -0.223970 0.322593
422.000000 696.000000 -0.208042 0.321661
427.000000 696.000000 -0.203092 0.321385
430.000000 696.000000 -0.200128 0.321223
416.000000 697.000000 -0.214057 0.323045
276.000000 698.000000 -0.360159 0.335371
359.000000 698.000000 -0.271798 0.327897
362.000000 698.000000 -0.268709 0.327671
406.000000 698.000000 -0.224092 0.324686
1033.000000 698.000000 0.393286 0.338798
1022.000000 699.000000 0.380964 0.338628
1134.000000 699.000000 0.514925 0.353933
428.000000 700.000000 -0.202322 0.325501
663.000000 700.000000 0.021763 0.319934
263.000000 701.000000 -0.374917 0.340055
366.000000 701.000000 -0.264822 0.330551
421.000000 701.000000 -0.209317 0.326939
234.000000 702.000000 -0.407929 0.344562
383.000000 702.000000 -0.247535 0.330390
421.000000 703.000000 -0.209432 0.329034
979.000000 703.000000 0.333971 0.338441
426.000000 704.000000 -0.204526 0.329796
550.000000 704.000000 -0.084655 0.324956
333.000000 705.000000 -0.299448 0.337475
336.000000 705.000000 -0.296293 0.337217
229.000000 706.000000 -0.414208 0.349641
455.000000 706.000000 -0.176072 0.330369
460.000000 706.000000 -0.171185 0.330130
426.000000 707.000000 -0.204696 0.332944
1190.000000 707.000000 0.590272 0.372984
330.000000 708.000000 -0.302875 0.340967
339.000000 708.000000 -0.293400 0.340182
381.000000 708.000000 -0.249992 0.336888
416.000000 708.000000 -0.214707 0.334584
461.000000 708.000000 -0.170302 0.332171
474.000000 708.000000 -0.157642 0.331584
387.000000 709.000000 -0.243960 0.337527
419.000000 709.000000 -0.211775 0.335458
448.000000 709.000000 -0.183084 0.333854
271.000000 710.000000 -0.367000 0.349054
336.000000 710.000000 -0.296725 0.342595
441.000000 710.000000 -0.190025 0.335268
452.000000 710.000000 -0.179207 0.334700
458.000000 710.000000 -0.173330 0.334406
970.000000 710.000000 0.324946 0.345160
884.000000 711.000000 0.235441 0.339148
1113.000000 711.000000 0.490328 0.364424
381.000000 712.000000 -0.250280 0.341146
388.000000 712.000000 -0.243154 0.340647
796.000000 712.000000 0.148500 0.335403
841.000000 712.000000 0.192526 0.337570
415.000000 713.000000 -0.216012 0.339926
417.000000 713.000000 -0.214012 0.339803
451.000000 713.000000 -0.180340 0.337899
1099.000000 713.000000 0.473291 0.364553
340.000000 714.000000 -0.292869 0.346562
386.000000 714.000000 -0.245329 0.342919
419.000000 714.000000 -0.212076 0.340740
446.000000 714.000000 -0.185310 0.339210
797.000000 714.000000 0.149554 0.337536
241.000000 715.000000 -0.401505 0.358181
416.000000 716.000000 -0.215197 0.343044
1025.000000 716.000000 0.386354 0.357793
1096.000000 716.000000 0.470066 0.367541
