990.000000 3.000000 0.347356 -0.353521
1000.000000 3.000000 0.358386 -0.354620
1157.000000 3.000000 0.547773 -0.377487
1237.000000 3.000000 0.657945 -0.392680
1248.000000 3.000000 0.673729 -0.394829
1022.000000 5.000000 0.382782 -0.354955
1007.000000 6.000000 0.365826 -0.352092
1052.000000 6.000000 0.417111 -0.357625
1142.000000 6.000000 0.527649 -0.371326
1153.000000 6.000000 0.541980 -0.373237
1118.000000 7.000000 0.496864 -0.366171
1229.000000 7.000000 0.645766 -0.386258
1257.000000 7.000000 0.685952 -0.391685
1055.000000 8.000000 0.420350 -0.355773
1112.000000 8.000000 0.489189 -0.364058
1231.000000 8.000000 0.648414 -0.385434
1233.000000 8.000000 0.651262 -0.385822
957.000000 9.000000 0.311078 -0.343654
1008.000000 9.000000 0.366601 -0.348892
1050.000000 9.000000 0.414388 -0.353991
288.000000 10.000000 -0.348185 -0.345854
959.000000 10.000000 0.313116 -0.342757
1265.000000 10.000000 0.696989 -0.389552
710.000000 11.000000 0.066153 -0.328403
975.000000 11.000000 0.330192 -0.343210
1131.000000 11.000000 0.512676 -0.363649
1061.000000 12.000000 0.426851 -0.352074
1142.000000 12.000000 0.526629 -0.364316
679.000000 13.000000 0.036863 -0.325908
1263.000000 13.000000 0.693511 -0.385513
1019.000000 14.000000 0.378341 -0.344631
1055.000000 14.000000 0.419561 -0.349041
1221.000000 14.000000 0.633097 -0.376266
1230.000000 14.000000 0.645836 -0.377986
1254.000000 15.000000 0.680076 -0.381368
6.000000 16.000000 -0.707285 -0.383388
1057.000000 16.000000 0.421636 -0.347064
1201.000000 16.000000 0.604802 -0.370102
1263.000000 16.000000 0.692943 -0.381861
24.000000 18.000000 -0.680801 -0.377595
1119.000000 18.000000 0.496378 -0.353653
1226.000000 18.000000 0.639400 -0.372408
1248.000000 18.000000 0.670839 -0.376589
1251.000000 18.000000 0.675168 -0.377159
909.000000 19.000000 0.260142 -0.328964
1023.000000 19.000000 0.382268 -0.339584
1019.000000 20.000000 0.377658 -0.338032
1094.000000 20.000000 0.465197 -0.347631
1172.000000 20.000000 0.564667 -0.360124
1262.000000 20.000000 0.690734 -0.376814
1031.000000 21.000000 0.391082 -0.338310
1054.000000 21.000000 0.417498 -0.341107
1056.000000 21.000000 0.419826 -0.341361
25.000000 22.000000 -0.678607 -0.372572
772.000000 22.000000 0.124840 -0.318661
1060.000000 22.000000 0.424368 -0.340759
1157.000000 22.000000 0.544467 -0.355205
23.000000 23.000000 -0.681309 -0.371738
1151.000000 23.000000 0.536460 -0.353039
1164.000000 23.000000 0.553515 -0.355230
1176.000000 23.000000 0.569495 -0.357307
25.000000 24.000000 -0.678234 -0.370159
930.000000 24.000000 0.281413 -0.325260
964.000000 24.000000 0.317160 -0.328130
685.000000 26.000000 0.042370 -0.312669
1136.000000 26.000000 0.516635 -0.347145
1246.000000 26.000000 0.666449 -0.366562
1273.000000 26.000000 0.705668 -0.371588
159.000000 27.000000 -0.496553 -0.343370
967.000000 27.000000 0.320088 -0.325188
1042.000000 27.000000 0.402915 -0.333003
1160.000000 27.000000 0.547565 -0.349902
1248.000000 27.000000 0.669143 -0.365734
95.000000 28.000000 -0.579528 -0.352633
98.000000 28.000000 -0.575488 -0.352113
1150.000000 28.000000 0.534337 -0.347094
1188.000000 28.000000 0.584814 -0.353552
1252.000000 28.000000 0.674732 -0.365277
1263.000000 28.000000 0.690696 -0.367322
1044.000000 29.000000 0.404970 -0.331041
1085.000000 29.000000 0.453064 -0.336248
1136.000000 29.000000 0.516162 -0.343706
1169.000000 29.000000 0.559119 -0.349096
17.000000 30.000000 -0.688703 -0.364409
89.000000 30.000000 -0.587299 -0.351338
1161.000000 30.000000 0.548379 -0.346593
1254.000000 30.000000 0.677254 -0.363243
1045.000000 31.000000 0.405881 -0.328963
1082.000000 31.000000 0.449202 -0.333611
95.000000 32.000000 -0.578836 -0.347959
884.000000 32.000000 0.233911 -0.313624
887.000000 32.000000 0.236927 -0.313812
14.000000 33.000000 -0.692513 -0.361348
1021.000000 33.000000 0.378465 -0.324069
1041.000000 33.000000 0.401069 -0.326303
1186.000000 33.000000 0.581227 -0.347349
1256.000000 33.000000 0.679598 -0.360009
93.000000 34.000000 -0.581190 -0.345970
925.000000 34.000000 0.275477 -0.314321
1062.000000 34.000000 0.425193 -0.327717
1142.000000 34.000000 0.523054 -0.338926
85.000000 35.000000 -0.591869 -0.346183
947.000000 35.000000 0.298259 -0.314971
1047.000000 35.000000 0.407706 -0.324813
1113.000000 35.000000 0.486353 -0.333429
1188.000000 35.000000 0.583591 -0.345361
1190.000000 35.000000 0.586307 -0.345707
18.000000 36.000000 -0.686158 -0.357020
90.000000 36.000000 -0.584904 -0.344154
886.000000 36.000000 0.235672 -0.309589
1049.000000 36.000000 0.409887 -0.323953
1167.000000 36.000000 0.555297 -0.340651
1259.000000 36.000000 0.683403 -0.356959
14.000000 37.000000 -0.691788 -0.356544
923.000000 37.000000 0.273198 -0.311027
1137.000000 37.000000 0.516197 -0.334731
1169.000000 37.000000 0.557779 -0.339826
1196.000000 37.000000 0.594143 -0.344412
87.000000 38.000000 -0.588631 -0.342337
1147.000000 38.000000 0.528859 -0.335138
15.000000 39.000000 -0.689973 -0.353967
18.000000 39.000000 -0.685615 -0.353427
1020.000000 39.000000 0.376709 -0.317468
1091.000000 39.000000 0.458935 -0.325903
541.000000 40.000000 -0.092618 -0.299352
156.000000 41.000000 -0.498237 -0.327971
1032.000000 41.000000 0.389957 -0.316588
1059.000000 41.000000 0.420851 -0.319663
1091.000000 41.000000 0.458670 -0.323681
1144.000000 41.000000 0.524534 -0.331254
1189.000000 41.000000 0.583919 -0.338545
29.000000 42.000000 -0.669175 -0.347869
1119.000000 42.000000 0.492794 -0.326415
1202.000000 42.000000 0.601509 -0.339610
1254.000000 42.000000 0.675056 -0.348874
154.000000 43.000000 -0.500447 -0.326010
42.000000 44.000000 -0.650206 -0.343175
858.000000 44.000000 0.207354 -0.299743
1143.000000 44.000000 0.522794 -0.327694
1261.000000 44.000000 0.684861 -0.347749
102.000000 45.000000 -0.567279 -0.331726
104.000000 45.000000 -0.564618 -0.331401
1147.000000 45.000000 0.527777 -0.327167
1206.000000 45.000000 0.606506 -0.336799
40.000000 46.000000 -0.652701 -0.341166
45.000000 46.000000 -0.645589 -0.340282
1014.000000 46.000000 0.369326 -0.309326
1155.000000 46.000000 0.537966 -0.327262
32.000000 47.000000 -0.663970 -0.341400
51.000000 47.000000 -0.636924 -0.338051
150.000000 47.000000 -0.504884 -0.322090
881.000000 47.000000 0.230010 -0.297923
1081.000000 47.000000 0.445944 -0.315767
1187.000000 47.000000 0.580205 -0.331258
1203.000000 47.000000 0.602025 -0.333953
1246.000000 47.000000 0.662607 -0.341493
1267.000000 47.000000 0.693079 -0.345241
155.000000 48.000000 -0.498485 -0.320257
979.000000 48.000000 0.331052 -0.303929
1013.000000 48.000000 0.368022 -0.307087
1185.000000 48.000000 0.577341 -0.329773
1255.000000 48.000000 0.675428 -0.341911
36.000000 49.000000 -0.657884 -0.338328
1202.000000 49.000000 0.600309 -0.331458
150.000000 50.000000 -0.504455 -0.318725
101.000000 51.000000 -0.567644 -0.324998
1088.000000 51.000000 0.453781 -0.312248
1099.000000 51.000000 0.467016 -0.313657
1157.000000 51.000000 0.539795 -0.321885
1263.000000 51.000000 0.686528 -0.339765
1018.000000 52.000000 0.373159 -0.303310
1094.000000 52.000000 0.460851 -0.311909
1071.000000 53.000000 0.433419 -0.307984
1087.000000 53.000000 0.452336 -0.309927
1092.000000 53.000000 0.458320 -0.310554
1218.000000 53.000000 0.621812 -0.329529
8.000000 54.000000 -0.697526 -0.337309
903.000000 54.000000 0.251676 -0.292041
1019.000000 54.000000 0.374070 -0.301275
1081.000000 54.000000 0.445080 -0.308093
1163.000000 54.000000 0.547163 -0.319399
1098.000000 55.000000 0.465290 -0.309118
1104.000000 55.000000 0.472563 -0.309892
1166.000000 55.000000 0.550943 -0.318726
1178.000000 55.000000 0.566826 -0.320604
1216.000000 55.000000 0.618677 -0.326858
11.000000 56.000000 -0.692797 -0.334414
102.000000 56.000000 -0.565522 -0.319124
923.000000 56.000000 0.271870 -0.291272
1196.000000 56.000000 0.590931 -0.322360
1262.000000 57.000000 0.684016 -0.332469
1033.000000 58.000000 0.389291 -0.298410
1127.000000 58.000000 0.500524 -0.309651
9.000000 59.000000 -0.695200 -0.331202
933.000000 60.000000 0.281856 -0.287825
985.000000 60.000000 0.336450 -0.291817
1267.000000 60.000000 0.690797 -0.329784
983.000000 61.000000 0.334223 -0.290601
1004.000000 61.000000 0.356911 -0.292434
1133.000000 61.000000 0.507634 -0.307141
1205.000000 61.000000 0.602435 -0.318074
15.000000 62.000000 -0.685935 -0.326627
911.000000 62.000000 0.259269 -0.284326
951.000000 62.000000 0.300353 -0.287041
1053.000000 62.000000 0.411554 -0.296220
1092.000000 62.000000 0.457201 -0.300695
1129.000000 62.000000 0.502476 -0.305479
991.000000 63.000000 0.342644 -0.289184
1055.000000 63.000000 0.413739 -0.295362
1101.000000 63.000000 0.467903 -0.300714
1201.000000 63.000000 0.596620 -0.315122
1271.000000 63.000000 0.696142 -0.326921
1232.000000 64.000000 0.639654 -0.319090
1167.000000 65.000000 0.550737 -0.307554
1192.000000 65.000000 0.584050 -0.311394
1206.000000 65.000000 0.603159 -0.313632
990.000000 66.000000 0.341312 -0.285958
1257.000000 66.000000 0.675192 -0.320990
1180.000000 67.000000 0.567624 -0.307255
1202.000000 67.000000 0.597346 -0.310693
988.000000 68.000000 0.338996 -0.283702
1055.000000 68.000000 0.413205 -0.290004
1119.000000 68.000000 0.489251 -0.297518
1173.000000 68.000000 0.558186 -0.305065
1013.000000 69.000000 0.366032 -0.284826
153.000000 70.000000 -0.497986 -0.296103
521.000000 70.000000 -0.110777 -0.269792
1098.000000 70.000000 0.463426 -0.292706
850.000000 72.000000 0.198159 -0.270953
1184.000000 73.000000 0.572053 -0.301069
851.000000 74.000000 0.199046 -0.268991
975.000000 74.000000 0.324660 -0.276430
1192.000000 74.000000 0.582653 -0.301151
926.000000 75.000000 0.273698 -0.271983
977.000000 75.000000 0.326703 -0.275550
1103.000000 75.000000 0.468849 -0.287872
1089.000000 76.000000 0.451970 -0.285151
1116.000000 76.000000 0.484545 -0.288371
1139.000000 76.000000 0.513157 -0.291329
362.000000 77.000000 -0.264981 -0.269357
1232.000000 77.000000 0.637508 -0.304022
138.000000 79.000000 -0.515583 -0.288156
985.000000 79.000000 0.334900 -0.272035
1164.000000 80.000000 0.544648 -0.290306
1203.000000 80.000000 0.596683 -0.296022
127.000000 81.000000 -0.529291 -0.287410
1049.000000 81.000000 0.405044 -0.275574
1082.000000 81.000000 0.443140 -0.278994
1167.000000 81.000000 0.548419 -0.289613
1242.000000 81.000000 0.651086 -0.301017
1084.000000 82.000000 0.445384 -0.278141
994.000000 83.000000 0.344216 -0.268610
1238.000000 83.000000 0.645059 -0.298068
959.000000 84.000000 0.307118 -0.264978
973.000000 84.000000 0.321796 -0.265975
1106.000000 84.000000 0.471408 -0.278479
1217.000000 84.000000 0.615365 -0.293622
1002.000000 85.000000 0.352675 -0.267184
1041.000000 86.000000 0.395541 -0.269543
983.000000 87.000000 0.332157 -0.263635
1098.000000 87.000000 0.461447 -0.274332
1069.000000 88.000000 0.427243 -0.270162
1096.000000 88.000000 0.458947 -0.273035
1159.000000 88.000000 0.537075 -0.280749
1205.000000 88.000000 0.598211 -0.287262
981.000000 89.000000 0.329885 -0.261433
1014.000000 89.000000 0.365384 -0.264029
1040.000000 89.000000 0.394142 -0.266306
962.000000 90.000000 0.309834 -0.259061
1028.000000 91.000000 0.380601 -0.263145
1030.000000 91.000000 0.382817 -0.263320
1210.000000 91.000000 0.604625 -0.284615
56.000000 93.000000 -0.622423 -0.284106
129.000000 93.000000 -0.525171 -0.273944
1090.000000 93.000000 0.451276 -0.267037
1233.000000 93.000000 0.636403 -0.285816
996.000000 94.000000 0.345504 -0.257429
886.000000 95.000000 0.232441 -0.249629
931.000000 95.000000 0.277575 -0.252030
986.000000 95.000000 0.334751 -0.255655
1206.000000 95.000000 0.598549 -0.279515
1228.000000 95.000000 0.629053 -0.282776
52.000000 96.000000 -0.627560 -0.281299
1073.000000 96.000000 0.431067 -0.262102
1208.000000 96.000000 0.601143 -0.278681
1210.000000 96.000000 0.603888 -0.278972
47.000000 97.000000 -0.634427 -0.280910
67.000000 97.000000 -0.606611 -0.277962
130.000000 97.000000 -0.523398 -0.269445
846.000000 97.000000 0.193232 -0.245907
1243.000000 97.000000 0.650002 -0.282774
165.000000 98.000000 -0.479862 -0.264220
885.000000 98.000000 0.231309 -0.246596
1176.000000 98.000000 0.557880 -0.271974
920.000000 99.000000 0.266197 -0.247387
1074.000000 99.000000 0.431929 -0.259036
1077.000000 99.000000 0.435412 -0.259333
1178.000000 99.000000 0.560380 -0.271136
1095.000000 100.000000 0.456459 -0.260116
64.000000 101.000000 -0.610162 -0.273893
123.000000 101.000000 -0.531811 -0.265952
1042.000000 101.000000 0.395306 -0.253967
1064.000000 101.000000 0.420213 -0.255969
1090.000000 101.000000 0.450437 -0.258534
1221.000000 101.000000 0.618373 -0.274937
61.000000 102.000000 -0.614161 -0.273199
1133.000000 102.000000 0.502391 -0.262197
63.000000 103.000000 -0.611255 -0.271788
1218.000000 103.000000 0.613916 -0.272248
1242.000000 103.000000 0.647667 -0.275772
1177.000000 104.000000 0.558399 -0.265483
1211.000000 104.000000 0.604113 -0.270124
1224.000000 104.000000 0.622119 -0.271987
945.000000 105.000000 0.291290 -0.242803
119.000000 106.000000 -0.536312 -0.260993
1193.000000 106.000000 0.579390 -0.265402
1207.000000 107.000000 0.598212 -0.266207
1009.000000 108.000000 0.358441 -0.244069
1073.000000 108.000000 0.429904 -0.249483
961.000000 109.000000 0.307553 -0.239757
970.000000 109.000000 0.316925 -0.240329
1043.000000 109.000000 0.395735 -0.245759
1063.000000 109.000000 0.418328 -0.247513
1092.000000 109.000000 0.451985 -0.250277
1152.000000 110.000000 0.525324 -0.255791
1159.000000 110.000000 0.534262 -0.256636
1184.000000 110.000000 0.566856 -0.259787
969.000000 111.000000 0.315752 -0.238248
978.000000 111.000000 0.325180 -0.238832
1066.000000 111.000000 0.421577 -0.245701
1069.000000 112.000000 0.424926 -0.244931
987.000000 113.000000 0.334543 -0.237412
1164.000000 113.000000 0.540327 -0.253981
1188.000000 114.000000 0.571650 -0.255901
54.000000 115.000000 -0.622040 -0.259588
58.000000 115.000000 -0.616487 -0.259038
982.000000 115.000000 0.329127 -0.235057
1043.000000 115.000000 0.395234 -0.239565
1164.000000 115.000000 0.540084 -0.251806
1230.000000 115.000000 0.628950 -0.260455
1245.000000 115.000000 0.650193 -0.262581
984.000000 116.000000 0.331171 -0.234180
1059.000000 116.000000 0.413154 -0.239883
1089.000000 116.000000 0.447769 -0.242619
1193.000000 116.000000 0.578067 -0.254344
1162.000000 117.000000 0.537270 -0.249395
61.000000 118.000000 -0.611934 -0.255283
956.000000 118.000000 0.301837 -0.230428
1187.000000 118.000000 0.569809 -0.251376
1257.000000 118.000000 0.667016 -0.260897
54.000000 119.000000 -0.621492 -0.255113
1158.000000 119.000000 0.531907 -0.246758
1163.000000 119.000000 0.538318 -0.247346
56.000000 120.000000 -0.618579 -0.253727
1155.000000 120.000000 0.527965 -0.245330
1259.000000 120.000000 0.669627 -0.258910
57.000000 123.000000 -0.616792 -0.250250
1013.000000 123.000000 0.361668 -0.229087
1062.000000 123.000000 0.415961 -0.232899
1271.000000 123.000000 0.686699 -0.257201
297.000000 124.000000 -0.329071 -0.225957
1055.000000 124.000000 0.407954 -0.231283
60.000000 125.000000 -0.612383 -0.247632
949.000000 125.000000 0.294245 -0.223055
1239.000000 125.000000 0.640258 -0.250470
1229.000000 126.000000 0.626042 -0.248001
1263.000000 126.000000 0.674589 -0.252659
1022.000000 128.000000 0.371080 -0.224657
1065.000000 128.000000 0.418953 -0.227991
1142.000000 129.000000 0.510582 -0.234241
1217.000000 129.000000 0.608984 -0.243091
1258.000000 129.000000 0.666918 -0.248568
1260.000000 130.000000 0.669678 -0.247712
52.000000 132.000000 -0.622553 -0.240904
1119.000000 132.000000 0.481988 -0.228716
1160.000000 132.000000 0.532984 -0.232985
1221.000000 132.000000 0.614122 -0.240285
56.000000 133.000000 -0.616875 -0.239284
72.000000 133.000000 -0.594959 -0.237279
114.000000 133.000000 -0.539559 -0.232357
1096.000000 133.000000 0.454417 -0.225506
50.000000 134.000000 -0.625081 -0.238942
63.000000 134.000000 -0.607106 -0.237296
102.000000 134.000000 -0.554961 -0.232629
59.000000 135.000000 -0.612480 -0.236694
1171.000000 135.000000 0.546796 -0.230985
1219.000000 136.000000 0.610851 -0.235611
1145.000000 137.000000 0.513491 -0.226044
1245.000000 137.000000 0.647179 -0.237834
1188.000000 138.000000 0.568711 -0.229682
1274.000000 138.000000 0.689032 -0.240555
1276.000000 138.000000 0.691975 -0.240823
1172.000000 139.000000 0.547646 -0.226793
1185.000000 139.000000 0.564633 -0.228254
1226.000000 139.000000 0.620172 -0.233176
1066.000000 140.000000 0.419116 -0.215742
1144.000000 140.000000 0.511935 -0.222759
1231.000000 141.000000 0.626897 -0.231591
935.000000 142.000000 0.279131 -0.205555
1187.000000 142.000000 0.566931 -0.225236
1203.000000 142.000000 0.588291 -0.227085
1236.000000 142.000000 0.633790 -0.231112
915.000000 143.000000 0.259018 -0.203665
540.000000 144.000000 -0.091655 -0.197722
1037.000000 144.000000 0.386377 -0.209517
1133.000000 144.000000 0.497912 -0.217449
1192.000000 144.000000 0.573329 -0.223639
1194.000000 144.000000 0.575990 -0.223867
1202.000000 144.000000 0.586708 -0.224789
1198.000000 146.000000 0.581106 -0.222155
1247.000000 147.000000 0.648749 -0.226940
737.000000 151.000000 0.089101 -0.191069
1030.000000 152.000000 0.378159 -0.200984
1090.000000 152.000000 0.445768 -0.205344
1196.000000 152.000000 0.577759 -0.215436
1202.000000 152.000000 0.585795 -0.216102
1192.000000 153.000000 0.572329 -0.213919
1134.000000 154.000000 0.498201 -0.207052
1153.000000 154.000000 0.521827 -0.208843
1242.000000 154.000000 0.640784 -0.218564
926.000000 155.000000 0.269489 -0.192451
1275.000000 155.000000 0.688303 -0.221498
37.000000 156.000000 -0.640605 -0.216209
1110.000000 156.000000 0.468995 -0.202865
1236.000000 156.000000 0.632083 -0.215644
39.000000 157.000000 -0.637667 -0.214871
1062.000000 157.000000 0.413314 -0.198124
1078.000000 159.000000 0.431359 -0.197256
1129.000000 159.000000 0.491635 -0.201385
40.000000 160.000000 -0.635911 -0.211454
42.000000 160.000000 -0.633103 -0.211223
35.000000 162.000000 -0.642731 -0.209830
38.000000 162.000000 -0.638496 -0.209485
1025.000000 162.000000 0.372089 -0.190663
1136.000000 164.000000 0.499764 -0.196790
1170.000000 164.000000 0.542478 -0.199915
1228.000000 164.000000 0.619990 -0.205959
37.000000 165.000000 -0.639564 -0.206304
1117.000000 165.000000 0.476616 -0.194147
1134.000000 165.000000 0.497223 -0.195576
1239.000000 165.000000 0.635264 -0.206101
41.000000 166.000000 -0.633826 -0.204758
1229.000000 166.000000 0.621158 -0.203888
1217.000000 167.000000 0.604498 -0.201496
1256.000000 167.000000 0.659231 -0.205839
1189.000000 168.000000 0.566803 -0.197527
41.000000 169.000000 -0.633493 -0.201475
1208.000000 169.000000 0.592050 -0.198386
1222.000000 169.000000 0.611146 -0.199863
1027.000000 170.000000 0.373781 -0.182816
1123.000000 170.000000 0.483428 -0.189474
1125.000000 171.000000 0.485764 -0.188603
1227.000000 171.000000 0.617838 -0.198227
1225.000000 172.000000 0.614964 -0.196928
964.000000 173.000000 0.307212 -0.176611
1120.000000 173.000000 0.479575 -0.186141
1260.000000 173.000000 0.664312 -0.199661
1066.000000 174.000000 0.416662 -0.181231
1158.000000 174.000000 0.526276 -0.188276
1035.000000 176.000000 0.382138 -0.177317
1270.000000 176.000000 0.678495 -0.197460
946.000000 177.000000 0.288698 -0.171952
1058.000000 177.000000 0.407487 -0.177706
1035.000000 178.000000 0.382023 -0.175329
1196.000000 178.000000 0.575081 -0.187549
1229.000000 178.000000 0.619873 -0.190840
1078.000000 179.000000 0.429953 -0.176984
1274.000000 179.000000 0.684013 -0.194575
1225.000000 180.000000 0.614133 -0.188265
1258.000000 181.000000 0.660551 -0.190623
1262.000000 181.000000 0.666322 -0.191053
1083.000000 182.000000 0.435479 -0.174288
1132.000000 182.000000 0.493386 -0.177810
1267.000000 182.000000 0.673465 -0.190489
1276.000000 182.000000 0.686619 -0.191464
1218.000000 183.000000 0.604222 -0.184332
1253.000000 183.000000 0.653166 -0.187897
1203.000000 184.000000 0.583841 -0.181819
1081.000000 185.000000 0.432990 -0.171133
1151.000000 185.000000 0.516564 -0.176213
1193.000000 185.000000 0.570455 -0.179829
1078.000000 186.000000 0.429499 -0.169934
1197.000000 186.000000 0.575658 -0.179133
1129.000000 187.000000 0.489361 -0.172437
43.000000 188.000000 -0.628716 -0.180599
1234.000000 188.000000 0.625818 -0.180515
82.000000 189.000000 -0.575615 -0.175859
966.000000 189.000000 0.308571 -0.161165
1145.000000 189.000000 0.508795 -0.171595
1211.000000 189.000000 0.594134 -0.177232
1273.000000 190.000000 0.681370 -0.182290
905.000000 192.000000 0.247296 -0.156074
1066.000000 192.000000 0.415545 -0.163190
1165.000000 193.000000 0.533531 -0.169023
1075.000000 194.000000 0.425592 -0.161724
1126.000000 194.000000 0.485225 -0.165047
1159.000000 194.000000 0.525870 -0.167507
1210.000000 194.000000 0.592325 -0.171807
899.000000 196.000000 0.241293 -0.152085
1009.000000 196.000000 0.353105 -0.156249
1011.000000 196.000000 0.355230 -0.156342
1195.000000 197.000000 0.572038 -0.167312
1174.000000 198.000000 0.544615 -0.164530
40.000000 199.000000 -0.631855 -0.169000
957.000000 199.000000 0.298990 -0.151163
1114.000000 199.000000 0.470529 -0.159135
1216.000000 199.000000 0.600002 -0.167015
1238.000000 199.000000 0.630352 -0.169015
1259.000000 199.000000 0.660156 -0.171007
1234.000000 200.000000 0.624675 -0.167568
1262.000000 200.000000 0.664381 -0.170205
1146.000000 201.000000 0.509134 -0.159297
1124.000000 202.000000 0.482269 -0.156749
1204.000000 202.000000 0.583571 -0.162791
34.000000 204.000000 -0.639816 -0.164154
1180.000000 204.000000 0.551868 -0.158739
1212.000000 204.000000 0.594149 -0.161348
1214.000000 204.000000 0.596853 -0.161519
1227.000000 205.000000 0.614529 -0.161576
1025.000000 206.000000 0.369739 -0.147213
1133.000000 206.000000 0.492868 -0.153273
1139.000000 206.000000 0.500179 -0.153678
1246.000000 207.000000 0.640874 -0.161111
49.000000 208.000000 -0.618550 -0.158531
97.000000 208.000000 -0.554423 -0.154645
101.000000 208.000000 -0.549267 -0.154343
1132.000000 208.000000 0.491522 -0.151168
1242.000000 208.000000 0.635147 -0.159676
1130.000000 209.000000 0.489036 -0.150019
1110.000000 210.000000 0.465104 -0.147754
1145.000000 210.000000 0.507273 -0.149990
1198.000000 211.000000 0.574861 -0.152813
1121.000000 212.000000 0.478034 -0.146404
49.000000 213.000000 -0.618128 -0.153190
1039.000000 213.000000 0.384571 -0.141003
1049.000000 213.000000 0.395520 -0.141474
1168.000000 213.000000 0.535827 -0.148493
43.000000 214.000000 -0.626352 -0.152620
1244.000000 214.000000 0.637440 -0.153391
1114.000000 215.000000 0.469530 -0.142951
1124.000000 215.000000 0.481439 -0.143550
1212.000000 217.000000 0.593091 -0.147584
43.000000 218.000000 -0.626023 -0.148342
1160.000000 218.000000 0.525386 -0.142786
1212.000000 219.000000 0.592937 -0.145472
1131.000000 220.000000 0.489558 -0.138907
97.000000 221.000000 -0.553479 -0.141121
1146.000000 221.000000 0.507789 -0.138809
1194.000000 221.000000 0.568835 -0.142036
60.000000 222.000000 -0.602365 -0.142757
998.000000 222.000000 0.340418 -0.130544
1063.000000 222.000000 0.410600 -0.133276
1015.000000 223.000000 0.358318 -0.130227
1035.000000 223.000000 0.379782 -0.131044
1145.000000 223.000000 0.506435 -0.136707
1272.000000 224.000000 0.676729 -0.144933
1115.000000 226.000000 0.470089 -0.131935
1262.000000 226.000000 0.662077 -0.141943
1103.000000 227.000000 0.455944 -0.130295
1141.000000 227.000000 0.501292 -0.132397
791.000000 228.000000 0.137985 -0.119891
1136.000000 228.000000 0.495143 -0.131092
1240.000000 228.000000 0.630694 -0.138064
1143.000000 229.000000 0.503622 -0.130481
1160.000000 229.000000 0.524681 -0.131498
1238.000000 229.000000 0.627824 -0.136845
1033.000000 231.000000 0.377291 -0.123168
1117.000000 231.000000 0.472189 -0.127021
1169.000000 231.000000 0.535900 -0.130001
1185.000000 231.000000 0.556407 -0.131017
1271.000000 231.000000 0.674705 -0.137244
1105.000000 235.000000 0.457873 -0.122408
1149.000000 235.000000 0.510653 -0.124726
1154.000000 237.000000 0.516728 -0.122973
846.000000 238.000000 0.189359 -0.111448
144.000000 239.000000 -0.493710 -0.119871
786.000000 239.000000 0.133218 -0.109680
1231.000000 239.000000 0.617393 -0.125718
1180.000000 240.000000 0.549394 -0.121407
1229.000000 242.000000 0.614434 -0.122411
953.000000 243.000000 0.293544 -0.109053
1220.000000 247.000000 0.601812 -0.116567
1264.000000 249.000000 0.663256 -0.117297
1056.000000 250.000000 0.401671 -0.105540
87.000000 252.000000 -0.564514 -0.109664
1192.000000 254.000000 0.564137 -0.107652
1008.000000 256.000000 0.349792 -0.098186
1133.000000 257.000000 0.490046 -0.101709
1253.000000 257.000000 0.647014 -0.108031
106.000000 258.000000 -0.539786 -0.102518
1106.000000 258.000000 0.458018 -0.099581
1211.000000 258.000000 0.589032 -0.104541
1227.000000 258.000000 0.610700 -0.105437
1190.000000 259.000000 0.561268 -0.102391
985.000000 260.000000 0.325724 -0.093745
1209.000000 261.000000 0.586196 -0.101313
1247.000000 262.000000 0.638239 -0.102361
1072.000000 264.000000 0.418966 -0.092435
1265.000000 264.000000 0.663757 -0.101270
1095.000000 265.000000 0.445024 -0.092248
1106.000000 265.000000 0.457749 -0.092648
1206.000000 265.000000 0.581994 -0.097006
1276.000000 265.000000 0.679659 -0.100837
1029.000000 266.000000 0.371808 -0.089180
1109.000000 266.000000 0.461210 -0.091769
1251.000000 266.000000 0.643656 -0.098342
1261.000000 266.000000 0.657894 -0.098902
1027.000000 268.000000 0.369612 -0.087201
1081.000000 268.000000 0.428962 -0.088821
1070.000000 269.000000 0.416567 -0.087490
1271.000000 269.000000 0.672150 -0.096252
1068.000000 272.000000 0.414243 -0.084505
1077.000000 272.000000 0.424322 -0.084780
1132.000000 272.000000 0.488233 -0.086656
1198.000000 272.000000 0.571091 -0.089389
1263.000000 272.000000 0.660435 -0.092606
1275.000000 272.000000 0.677805 -0.093250
1170.000000 273.000000 0.534991 -0.087146
1196.000000 273.000000 0.568423 -0.088268
897.000000 274.000000 0.237608 -0.078842
1184.000000 274.000000 0.552800 -0.086717
1225.000000 274.000000 0.607128 -0.088575
1117.000000 275.000000 0.470277 -0.083134
1160.000000 277.000000 0.522290 -0.082694
44.000000 278.000000 -0.620819 -0.084810
1234.000000 278.000000 0.619287 -0.084813
1233.000000 280.000000 0.617816 -0.082670
1191.000000 281.000000 0.561563 -0.079841
40.000000 282.000000 -0.626168 -0.080794
44.000000 283.000000 -0.620594 -0.079569
1085.000000 284.000000 0.433008 -0.073288
1260.000000 284.000000 0.655544 -0.079678
1077.000000 287.000000 0.423896 -0.070148
1214.000000 287.000000 0.591685 -0.074575
1116.000000 288.000000 0.468690 -0.070229
1260.000000 288.000000 0.655367 -0.075429
1243.000000 289.000000 0.631302 -0.073656
1236.000000 290.000000 0.621532 -0.072323
1239.000000 290.000000 0.625690 -0.072443
1270.000000 291.000000 0.669625 -0.072661
84.000000 292.000000 -0.566630 -0.068688
1103.000000 292.000000 0.453415 -0.065928
1276.000000 292.000000 0.678303 -0.071844
1256.000000 293.000000 0.649458 -0.069962
1259.000000 294.000000 0.653691 -0.069022
1109.000000 296.000000 0.460280 -0.062147
1169.000000 296.000000 0.532905 -0.063804
1181.000000 296.000000 0.548134 -0.064174
1256.000000 296.000000 0.649341 -0.066788
1189.000000 298.000000 0.558365 -0.062388
1236.000000 298.000000 0.621232 -0.063950
358.000000 299.000000 -0.261254 -0.055925
1032.000000 299.000000 0.374261 -0.057581
1052.000000 300.000000 0.395895 -0.056996
1080.000000 300.000000 0.426967 -0.057562
1187.000000 300.000000 0.555720 -0.060287
1274.000000 300.000000 0.675075 -0.063210
1031.000000 301.000000 0.373153 -0.055649
1229.000000 302.000000 0.611468 -0.059539
1043.000000 303.000000 0.386044 -0.053944
1231.000000 303.000000 0.614176 -0.058562
1235.000000 303.000000 0.619681 -0.058691
1086.000000 304.000000 0.433665 -0.053791
1222.000000 304.000000 0.601872 -0.057240
1054.000000 305.000000 0.397992 -0.052215
1253.000000 307.000000 0.644706 -0.055067
1110.000000 308.000000 0.461174 -0.050362
1175.000000 308.000000 0.540153 -0.051834
1181.000000 308.000000 0.547793 -0.051985
1106.000000 309.000000 0.456502 -0.049300
1242.000000 309.000000 0.629202 -0.052632
1276.000000 309.000000 0.677680 -0.053667
1036.000000 310.000000 0.378373 -0.047119
1023.000000 311.000000 0.364462 -0.045973
1218.000000 311.000000 0.596268 -0.049878
1229.000000 311.000000 0.611198 -0.050175
1235.000000 311.000000 0.619441 -0.050341
1248.000000 312.000000 0.637510 -0.049657
54.000000 313.000000 -0.605879 -0.047965
1135.000000 313.000000 0.490664 -0.045926
1171.000000 314.000000 0.534954 -0.045677
1085.000000 315.000000 0.432333 -0.043061
1143.000000 317.000000 0.500253 -0.042103
1185.000000 317.000000 0.552709 -0.042942
1252.000000 317.000000 0.643010 -0.044507
1053.000000 318.000000 0.396694 -0.039687
1004.000000 319.000000 0.344354 -0.038135
1105.000000 319.000000 0.455166 -0.039474
1226.000000 319.000000 0.606904 -0.041793
1241.000000 319.000000 0.627546 -0.042140
1244.000000 319.000000 0.631726 -0.042211
1050.000000 320.000000 0.393393 -0.037725
1206.000000 321.000000 0.580012 -0.039298
1232.000000 323.000000 0.615020 -0.037769
1223.000000 324.000000 0.602722 -0.036549
84.000000 325.000000 -0.565766 -0.034980
1135.000000 326.000000 0.490441 -0.033027
84.000000 327.000000 -0.565732 -0.032941
1140.000000 327.000000 0.496453 -0.032106
1162.000000 328.000000 0.523425 -0.031425
1229.000000 328.000000 0.610814 -0.032517
1103.000000 329.000000 0.452715 -0.029655
968.000000 331.000000 0.307231 -0.026516
1177.000000 331.000000 0.542242 -0.028620
1134.000000 334.000000 0.489140 -0.025086
1208.000000 334.000000 0.582440 -0.025996
1268.000000 335.000000 0.665477 -0.025822
92.000000 337.000000 -0.555250 -0.022662
1155.000000 337.000000 0.514642 -0.022324
1224.000000 337.000000 0.603867 -0.023116
1252.000000 337.000000 0.642621 -0.023482
1241.000000 338.000000 0.627202 -0.022292
1169.000000 339.000000 0.532042 -0.020460
1213.000000 339.000000 0.589034 -0.020923
1147.000000 340.000000 0.504804 -0.019255
1187.000000 340.000000 0.554923 -0.019627
1224.000000 340.000000 0.603832 -0.020013
78.000000 342.000000 -0.573370 -0.017717
1134.000000 342.000000 0.489066 -0.017163
1235.000000 342.000000 0.618853 -0.018055
81.000000 343.000000 -0.569437 -0.016670
1255.000000 343.000000 0.646793 -0.017211
81.000000 345.000000 -0.569421 -0.014630
1237.000000 345.000000 0.621585 -0.014952
1253.000000 345.000000 0.643944 -0.015090
1092.000000 347.000000 0.439948 -0.012001
1198.000000 347.000000 0.569138 -0.012597
1276.000000 347.000000 0.676932 -0.013168
1252.000000 348.000000 0.642509 -0.011932
103.000000 349.000000 -0.541120 -0.010434
1190.000000 350.000000 0.558720 -0.009498
1210.000000 352.000000 0.584935 -0.007547
1043.000000 353.000000 0.385550 -0.006050
684.000000 355.000000 0.039769 -0.003876
1168.000000 355.000000 0.530690 -0.004368
1206.000000 356.000000 0.579619 -0.003435
1093.000000 357.000000 0.441060 -0.002271
1238.000000 358.000000 0.622906 -0.001419
1069.000000 359.000000 0.414040 -0.000317
1071.000000 359.000000 0.416265 -0.000318
1244.000000 359.000000 0.631242 -0.000381
1086.000000 360.000000 0.433103 0.000649
1150.000000 360.000000 0.508383 0.000655
1147.000000 362.000000 0.504719 0.002646
1265.000000 362.000000 0.660973 0.002780
1193.000000 364.000000 0.562587 0.004728
1275.000000 364.000000 0.675431 0.004920
1072.000000 365.000000 0.417383 0.005478
1177.000000 366.000000 0.542050 0.006713
1202.000000 366.000000 0.574351 0.006791
1243.000000 367.000000 0.629862 0.007975
1139.000000 368.000000 0.495028 0.008589
1160.000000 368.000000 0.520722 0.008666
1200.000000 368.000000 0.571732 0.008826
1086.000000 370.000000 0.433122 0.010359
1196.000000 370.000000 0.566512 0.010847
1243.000000 370.000000 0.629877 0.011108
1021.000000 374.000000 0.362027 0.013943
1136.000000 374.000000 0.491443 0.014523
1236.000000 377.000000 0.620225 0.018351
13.000000 378.000000 -0.662557 0.019699
17.000000 379.000000 -0.656847 0.020711
1263.000000 379.000000 0.658214 0.020736
19.000000 380.000000 -0.654010 0.021742
1126.000000 380.000000 0.479539 0.020384
1177.000000 380.000000 0.542140 0.020846
1098.000000 381.000000 0.446865 0.021136
1198.000000 381.000000 0.569212 0.022078
1263.000000 381.000000 0.658238 0.022850
13.000000 382.000000 -0.662606 0.023930
19.000000 383.000000 -0.654049 0.024905
1186.000000 383.000000 0.553673 0.023978
1075.000000 384.000000 0.420830 0.023862
1222.000000 384.000000 0.601174 0.025449
14.000000 385.000000 -0.661215 0.027089
16.000000 385.000000 -0.658354 0.027059
1192.000000 385.000000 0.561446 0.026083
1243.000000 386.000000 0.630045 0.027826
16.000000 387.000000 -0.658386 0.029172
18.000000 388.000000 -0.655549 0.030195
1081.000000 388.000000 0.427601 0.027793
1151.000000 389.000000 0.509799 0.029582
972.000000 392.000000 0.311317 0.030638
1247.000000 393.000000 0.635757 0.035222
1067.000000 394.000000 0.412019 0.033448
1178.000000 394.000000 0.543596 0.035006
625.000000 395.000000 -0.013368 0.032154
1273.000000 395.000000 0.672898 0.037866
1248.000000 396.000000 0.637221 0.038388
1034.000000 397.000000 0.376060 0.035952
1215.000000 397.000000 0.591965 0.038747
1231.000000 397.000000 0.613655 0.039075
108.000000 398.000000 -0.535131 0.038907
92.000000 399.000000 -0.555502 0.040220
111.000000 399.000000 -0.531382 0.039859
1186.000000 401.000000 0.553962 0.042250
1244.000000 401.000000 0.631733 0.043540
86.000000 403.000000 -0.563335 0.044414
90.000000 403.000000 -0.558161 0.044327
1096.000000 403.000000 0.444837 0.042590
1227.000000 403.000000 0.608320 0.045217
95.000000 404.000000 -0.551755 0.045234
93.000000 405.000000 -0.554343 0.046294
66.000000 407.000000 -0.589740 0.048983
95.000000 407.000000 -0.551822 0.048279
69.000000 408.000000 -0.585771 0.049936
1175.000000 409.000000 0.540089 0.050116
1205.000000 409.000000 0.578930 0.050861
1253.000000 409.000000 0.644593 0.052182
1265.000000 409.000000 0.661702 0.052534
65.000000 410.000000 -0.591154 0.052101
99.000000 410.000000 -0.546783 0.051227
1111.000000 410.000000 0.462310 0.049720
92.000000 411.000000 -0.555772 0.052417
97.000000 411.000000 -0.549360 0.052291
963.000000 411.000000 0.302382 0.048370
1244.000000 412.000000 0.632030 0.055068
1174.000000 413.000000 0.538921 0.054137
1200.000000 413.000000 0.572449 0.054830
1246.000000 413.000000 0.634859 0.056179
1267.000000 414.000000 0.664737 0.057906
127.000000 415.000000 -0.511884 0.055574
1144.000000 415.000000 0.501735 0.055398
1186.000000 415.000000 0.554298 0.056486
1232.000000 415.000000 0.615496 0.057837
1257.000000 416.000000 0.650485 0.059694
1259.000000 417.000000 0.653367 0.060820
118.000000 418.000000 -0.523078 0.058816
1217.000000 418.000000 0.595194 0.060481
1259.000000 419.000000 0.653437 0.062937
1153.000000 421.000000 0.512908 0.061634
1220.000000 421.000000 0.599337 0.063686
68.000000 422.000000 -0.587512 0.064386
1271.000000 422.000000 0.670801 0.066566
1185.000000 424.000000 0.553279 0.065620
1232.000000 425.000000 0.615836 0.068269
1152.000000 426.000000 0.511821 0.066621
1208.000000 426.000000 0.583426 0.068442
1261.000000 426.000000 0.656557 0.070433
1234.000000 427.000000 0.618664 0.070434
1269.000000 427.000000 0.668103 0.071819
1198.000000 428.000000 0.570297 0.070147
1086.000000 431.000000 0.434023 0.069729
913.000000 432.000000 0.252988 0.067334
1166.000000 433.000000 0.529440 0.074122
14.000000 435.000000 -0.662722 0.080119
11.000000 436.000000 -0.667080 0.081322
1105.000000 436.000000 0.455969 0.075161
1184.000000 436.000000 0.552412 0.077821
1201.000000 436.000000 0.574539 0.078482
1261.000000 437.000000 0.657031 0.082119
129.000000 438.000000 -0.510117 0.078575
113.000000 439.000000 -0.529989 0.080160
14.000000 440.000000 -0.662955 0.085446
16.000000 440.000000 -0.660088 0.085350
1094.000000 440.000000 0.443400 0.078767
1272.000000 441.000000 0.673085 0.086917
1156.000000 442.000000 0.517299 0.082849
1221.000000 442.000000 0.601518 0.085544
20.000000 444.000000 -0.654573 0.089410
1208.000000 445.000000 0.584191 0.088070
1245.000000 445.000000 0.634748 0.089829
23.000000 446.000000 -0.650408 0.091383
26.000000 446.000000 -0.646159 0.091231
1132.000000 446.000000 0.488176 0.085970
101.000000 447.000000 -0.545473 0.088764
104.000000 447.000000 -0.541657 0.088637
1176.000000 447.000000 0.542617 0.088717
1178.000000 447.000000 0.545167 0.088803
1203.000000 447.000000 0.577649 0.089910
1210.000000 447.000000 0.586950 0.090234
1154.000000 448.000000 0.515058 0.088822
1200.000000 448.000000 0.573737 0.090804
1244.000000 448.000000 0.633498 0.092947
106.000000 450.000000 -0.539250 0.091605
20.000000 451.000000 -0.654938 0.096859
1209.000000 451.000000 0.585806 0.094334
1213.000000 451.000000 0.591156 0.094530
105.000000 452.000000 -0.540605 0.093686
1060.000000 452.000000 0.405502 0.089453
1118.000000 453.000000 0.471763 0.092422
637.000000 454.000000 -0.002567 0.085515
1207.000000 454.000000 0.583290 0.097346
1201.000000 455.000000 0.575390 0.098081
19.000000 456.000000 -0.656643 0.102245
1108.000000 456.000000 0.460135 0.095021
1276.000000 456.000000 0.679727 0.103249
103.000000 457.000000 -0.543375 0.098877
1247.000000 457.000000 0.638196 0.102633
1075.000000 459.000000 0.422452 0.096774
1176.000000 459.000000 0.543162 0.100964
1193.000000 459.000000 0.565093 0.101808
1216.000000 459.000000 0.595604 0.103014
1275.000000 459.000000 0.678447 0.106422
1248.000000 460.000000 0.639777 0.105874
1179.000000 461.000000 0.547094 0.103158
1229.000000 461.000000 0.613402 0.105830
1152.000000 462.000000 0.513194 0.102876
1119.000000 463.000000 0.473346 0.102418
1198.000000 463.000000 0.571853 0.106200
115.000000 464.000000 -0.528559 0.105435
118.000000 465.000000 -0.524857 0.106305
116.000000 466.000000 -0.527406 0.107420
120.000000 467.000000 -0.522462 0.108238
1093.000000 467.000000 0.443201 0.105316
116.000000 468.000000 -0.527506 0.109455
1167.000000 468.000000 0.532202 0.109705
115.000000 471.000000 -0.528913 0.112562
128.000000 471.000000 -0.512751 0.111896
1229.000000 472.000000 0.614064 0.117410
1214.000000 473.000000 0.593719 0.117524
119.000000 475.000000 -0.524121 0.116426
1188.000000 475.000000 0.559457 0.118044
119.000000 477.000000 -0.524229 0.118464
1105.000000 477.000000 0.457516 0.115747
1159.000000 479.000000 0.522753 0.120496
1222.000000 479.000000 0.604937 0.124332
1112.000000 481.000000 0.465904 0.120067
976.000000 482.000000 0.317092 0.115743
1142.000000 483.000000 0.501972 0.123626
1092.000000 484.000000 0.442792 0.122101
1215.000000 484.000000 0.595778 0.129121
1207.000000 485.000000 0.585104 0.129631
1225.000000 485.000000 0.609442 0.130864
1213.000000 486.000000 0.593218 0.131086
38.000000 489.000000 -0.631996 0.136185
1223.000000 489.000000 0.606991 0.134949
1247.000000 489.000000 0.640318 0.136722
89.000000 490.000000 -0.563263 0.133645
1092.000000 492.000000 0.443178 0.130049
1253.000000 492.000000 0.649052 0.140404
90.000000 493.000000 -0.562162 0.136695
1083.000000 493.000000 0.432924 0.130599
1163.000000 493.000000 0.528597 0.135057
1143.000000 494.000000 0.503824 0.134851
1166.000000 497.000000 0.532638 0.139362
1270.000000 497.000000 0.673913 0.147190
1117.000000 500.000000 0.472821 0.139400
1121.000000 500.000000 0.477581 0.139632
955.000000 501.000000 0.296284 0.133221
1085.000000 501.000000 0.435609 0.138647
1140.000000 501.000000 0.500580 0.141793
1246.000000 501.000000 0.639858 0.149517
990.000000 504.000000 0.332311 0.137328
1066.000000 504.000000 0.414268 0.140653
946.000000 506.000000 0.287362 0.137702
986.000000 509.000000 0.328343 0.142000
1126.000000 510.000000 0.484179 0.150064
1160.000000 511.000000 0.526034 0.153382
1208.000000 511.000000 0.588373 0.157051
1210.000000 513.000000 0.591225 0.159332
1009.000000 515.000000 0.352721 0.148768
1101.000000 516.000000 0.454940 0.154571
999.000000 517.000000 0.342252 0.150279
1160.000000 518.000000 0.526546 0.160618
1221.000000 518.000000 0.606579 0.165590
1196.000000 520.000000 0.573134 0.165563
1060.000000 522.000000 0.408510 0.158182
1068.000000 523.000000 0.417533 0.159629
1129.000000 525.000000 0.488809 0.165559
1164.000000 525.000000 0.532135 0.168189
1221.000000 525.000000 0.607209 0.173076
1114.000000 530.000000 0.471171 0.169606
1072.000000 532.000000 0.422585 0.168865
1211.000000 536.000000 0.594635 0.183915
1123.000000 537.000000 0.482446 0.177417
1162.000000 538.000000 0.530671 0.181582
1107.000000 539.000000 0.463518 0.178283
1262.000000 539.000000 0.666338 0.192391
1109.000000 540.000000 0.465956 0.179449
1125.000000 540.000000 0.485086 0.180652
1225.000000 540.000000 0.614159 0.189602
1164.000000 541.000000 0.533467 0.184895
1000.000000 542.000000 0.344475 0.174749
98.000000 544.000000 -0.555856 0.189497
1212.000000 544.000000 0.596778 0.192599
1238.000000 545.000000 0.632778 0.196388
97.000000 546.000000 -0.557342 0.191708
973.000000 547.000000 0.316507 0.178328
1070.000000 547.000000 0.421284 0.183820
1087.000000 547.000000 0.440735 0.184992
1202.000000 547.000000 0.583600 0.194814
101.000000 548.000000 -0.552341 0.193450
1045.000000 548.000000 0.393388 0.183215
1074.000000 548.000000 0.425895 0.185100
1213.000000 548.000000 0.598545 0.197009
1141.000000 550.000000 0.505438 0.192303
35.000000 552.000000 -0.642071 0.204573
94.000000 552.000000 -0.561830 0.198367
1206.000000 552.000000 0.589484 0.200592
1155.000000 554.000000 0.523249 0.197728
33.000000 555.000000 -0.645239 0.208095
100.000000 555.000000 -0.554310 0.200969
1224.000000 556.000000 0.614476 0.206854
1165.000000 560.000000 0.536496 0.205000
1083.000000 562.000000 0.437221 0.199973
1165.000000 563.000000 0.536790 0.208179
1167.000000 563.000000 0.539350 0.208377
54.000000 565.000000 -0.616999 0.216661
59.000000 565.000000 -0.610112 0.216088
1081.000000 565.000000 0.435145 0.202886
1150.000000 565.000000 0.517998 0.208833
180.000000 567.000000 -0.456670 0.206306
1191.000000 567.000000 0.571037 0.215149
55.000000 568.000000 -0.615966 0.219829
59.000000 568.000000 -0.610457 0.219364
1105.000000 568.000000 0.463427 0.207907
160.000000 569.000000 -0.480634 0.210083
164.000000 569.000000 -0.475828 0.209732
1079.000000 569.000000 0.433153 0.206823
56.000000 570.000000 -0.614820 0.221903
162.000000 570.000000 -0.478316 0.210947
1067.000000 571.000000 0.419593 0.207944
1138.000000 572.000000 0.503730 0.215054
135.000000 573.000000 -0.511607 0.216600
164.000000 573.000000 -0.476181 0.213892
1064.000000 573.000000 0.416343 0.209756
1270.000000 573.000000 0.681993 0.231201
187.000000 574.000000 -0.449050 0.212944
1129.000000 574.000000 0.492855 0.216300
1135.000000 575.000000 0.500316 0.217922
1137.000000 575.000000 0.502784 0.218116
1187.000000 575.000000 0.566628 0.223334
1069.000000 576.000000 0.422253 0.213206
1140.000000 576.000000 0.506596 0.219463
1147.000000 576.000000 0.515320 0.220159
164.000000 577.000000 -0.476542 0.218061
1270.000000 577.000000 0.682512 0.235709
135.000000 578.000000 -0.512101 0.221883
162.000000 579.000000 -0.479131 0.220334
1078.000000 580.000000 0.432884 0.218034
158.000000 581.000000 -0.484148 0.222803
114.000000 582.000000 -0.539048 0.228330
163.000000 582.000000 -0.478206 0.223380
1082.000000 582.000000 0.437670 0.220429
1095.000000 582.000000 0.452833 0.221549
158.000000 584.000000 -0.484435 0.225952
1040.000000 584.000000 0.390299 0.219162
161.000000 585.000000 -0.480902 0.226715
1138.000000 585.000000 0.505018 0.228782
1016.000000 587.000000 0.364250 0.220495
1064.000000 587.000000 0.417443 0.224088
1212.000000 587.000000 0.601642 0.239382
1114.000000 588.000000 0.475989 0.229564
129.000000 589.000000 -0.520755 0.234199
1144.000000 589.000000 0.512908 0.233659
170.000000 591.000000 -0.470660 0.232150
1156.000000 596.000000 0.528820 0.242474
1164.000000 596.000000 0.539057 0.243393
1146.000000 597.000000 0.516285 0.242426
1118.000000 598.000000 0.481818 0.240506
1107.000000 599.000000 0.468660 0.240453
1224.000000 600.000000 0.619898 0.255368
1069.000000 601.000000 0.424338 0.238977
1175.000000 603.000000 0.554160 0.252314
1047.000000 605.000000 0.399747 0.241224
138.000000 606.000000 -0.511346 0.251422
1066.000000 606.000000 0.421348 0.243907
1109.000000 606.000000 0.471770 0.248054
133.000000 608.000000 -0.517844 0.254149
140.000000 608.000000 -0.509076 0.253345
133.000000 610.000000 -0.518077 0.256308
138.000000 610.000000 -0.511803 0.255727
1264.000000 613.000000 0.678807 0.275832
861.000000 614.000000 0.207455 0.238940
229.000000 616.000000 -0.404527 0.252815
103.000000 617.000000 -0.557485 0.267660
1144.000000 617.000000 0.516083 0.263765
1149.000000 618.000000 0.522527 0.265460
103.000000 619.000000 -0.557747 0.269864
430.000000 620.000000 -0.196624 0.244350
103.000000 621.000000 -0.558012 0.272072
109.000000 621.000000 -0.550169 0.271281
1081.000000 622.000000 0.440220 0.262129
1138.000000 622.000000 0.509150 0.268467
1025.000000 623.000000 0.376818 0.257990
105.000000 624.000000 -0.555790 0.275121
108.000000 626.000000 -0.552135 0.276931
1130.000000 626.000000 0.499659 0.271843
1223.000000 626.000000 0.622225 0.284504
1105.000000 627.000000 0.469218 0.270017
138.000000 628.000000 -0.513963 0.275249
161.000000 628.000000 -0.485462 0.272476
228.000000 628.000000 -0.406750 0.265443
969.000000 628.000000 0.317055 0.258829
1028.000000 628.000000 0.380557 0.263437
142.000000 629.000000 -0.509071 0.275843
166.000000 629.000000 -0.479488 0.272975
1112.000000 629.000000 0.477911 0.272964
156.000000 630.000000 -0.491826 0.275228
162.000000 630.000000 -0.484475 0.274519
962.000000 630.000000 0.309871 0.260385
1070.000000 630.000000 0.428241 0.269483
142.000000 631.000000 -0.509319 0.278024
1004.000000 631.000000 0.354554 0.264538
139.000000 632.000000 -0.513208 0.279494
144.000000 632.000000 -0.506943 0.278866
146.000000 632.000000 -0.504448 0.278618
156.000000 632.000000 -0.492066 0.277397
117.000000 633.000000 -0.541383 0.283465
1021.000000 633.000000 0.373268 0.268034
149.000000 635.000000 -0.501088 0.281518
235.000000 635.000000 -0.399509 0.272137
1220.000000 635.000000 0.619411 0.294290
103.000000 636.000000 -0.560067 0.288729
992.000000 636.000000 0.342031 0.268748
148.000000 637.000000 -0.502582 0.283827
237.000000 637.000000 -0.397449 0.274052
102.000000 638.000000 -0.561669 0.291106
116.000000 638.000000 -0.543359 0.289145
1053.000000 638.000000 0.409535 0.276249
43.000000 639.000000 -0.642563 0.301178
229.000000 639.000000 -0.406672 0.276931
252.000000 639.000000 -0.380900 0.274765
1045.000000 639.000000 0.400563 0.276522
235.000000 640.000000 -0.399986 0.277404
888.000000 640.000000 0.235202 0.266063
1177.000000 640.000000 0.561747 0.293504
100.000000 641.000000 -0.564743 0.294754
239.000000 642.000000 -0.395678 0.279130
102.000000 643.000000 -0.562388 0.296709
33.000000 644.000000 -0.657605 0.308568
218.000000 644.000000 -0.419732 0.283348
231.000000 644.000000 -0.404898 0.282026
964.000000 644.000000 0.312955 0.274869
1266.000000 644.000000 0.686620 0.312102
264.000000 645.000000 -0.368213 0.279976
217.000000 646.000000 -0.421091 0.285585
223.000000 646.000000 -0.414207 0.284961
63.000000 647.000000 -0.615808 0.307193
1086.000000 647.000000 0.448803 0.289389
1114.000000 647.000000 0.482516 0.292747
1144.000000 647.000000 0.519938 0.296671
218.000000 648.000000 -0.420151 0.287616
220.000000 648.000000 -0.417853 0.287405
222.000000 648.000000 -0.415559 0.287196
251.000000 648.000000 -0.382841 0.284320
267.000000 648.000000 -0.365193 0.282853
207.000000 649.000000 -0.432992 0.289873
1078.000000 649.000000 0.439597 0.290637
248.000000 650.000000 -0.386372 0.286718
620.000000 650.000000 -0.018393 0.269728
256.000000 651.000000 -0.377576 0.287015
69.000000 652.000000 -0.608312 0.311974
248.000000 652.000000 -0.386565 0.288835
1014.000000 652.000000 0.367265 0.287307
1101.000000 652.000000 0.467331 0.296597
1261.000000 653.000000 0.680834 0.321828
253.000000 654.000000 -0.381189 0.290471
1083.000000 654.000000 0.446064 0.296615
232.000000 655.000000 -0.404881 0.293630
237.000000 656.000000 -0.399319 0.294183
259.000000 656.000000 -0.374728 0.292016
1070.000000 656.000000 0.431027 0.297285
228.000000 657.000000 -0.409645 0.296190
230.000000 658.000000 -0.407470 0.297050
234.000000 659.000000 -0.403027 0.297700
247.000000 659.000000 -0.388373 0.296370
94.000000 660.000000 -0.575604 0.317164
226.000000 660.000000 -0.412252 0.299624
426.000000 660.000000 -0.202244 0.284481
245.000000 661.000000 -0.390817 0.298705
239.000000 662.000000 -0.397678 0.300391
316.000000 662.000000 -0.313791 0.293389
424.000000 662.000000 -0.204300 0.286604
1242.000000 662.000000 0.654938 0.329152
100.000000 663.000000 -0.568062 0.319646
242.000000 664.000000 -0.394500 0.302222
255.000000 665.000000 -0.380040 0.301969
1156.000000 665.000000 0.537931 0.318553
244.000000 666.000000 -0.392455 0.304159
283.000000 666.000000 -0.349380 0.300371
1078.000000 666.000000 0.441581 0.309079
1263.000000 666.000000 0.685989 0.337530
99.000000 667.000000 -0.570027 0.324377
106.000000 667.000000 -0.560727 0.323270
285.000000 668.000000 -0.347393 0.302306
256.000000 669.000000 -0.379329 0.306143
99.000000 670.000000 -0.570507 0.327816
252.000000 670.000000 -0.383893 0.307622
104.000000 671.000000 -0.564011 0.328161
1069.000000 671.000000 0.431602 0.313459
100.000000 672.000000 -0.569495 0.329951
246.000000 672.000000 -0.390833 0.310397
260.000000 672.000000 -0.375184 0.308952
258.000000 673.000000 -0.377508 0.310226
433.000000 674.000000 -0.196057 0.298389
1028.000000 674.000000 0.384970 0.312109
105.000000 675.000000 -0.563327 0.332591
257.000000 675.000000 -0.378826 0.312476
253.000000 676.000000 -0.383398 0.313968
255.000000 676.000000 -0.381161 0.313759
1082.000000 676.000000 0.447560 0.320549
1109.000000 677.000000 0.480338 0.325242
252.000000 678.000000 -0.384729 0.316230
1079.000000 678.000000 0.444249 0.322375
246.000000 681.000000 -0.391802 0.320124
248.000000 682.000000 -0.389656 0.320990
1018.000000 682.000000 0.374633 0.319686
1220.000000 683.000000 0.627441 0.350006
251.000000 684.000000 -0.386497 0.322833
247.000000 685.000000 -0.391114 0.324359
256.000000 685.000000 -0.380996 0.323377
1006.000000 685.000000 0.361648 0.321685
1058.000000 685.000000 0.420462 0.327479
243.000000 686.000000 -0.395753 0.325896
245.000000 686.000000 -0.393487 0.325671
354.000000 687.000000 -0.276126 0.316660
421.000000 687.000000 -0.208536 0.312371
1248.000000 687.000000 0.668022 0.359865
261.000000 688.000000 -0.375732 0.326095
1216.000000 688.000000 0.622736 0.355198
104.000000 689.000000 -0.566974 0.348939
108.000000 689.000000 -0.561653 0.348265
1030.000000 689.000000 0.388853 0.328587
1168.000000 689.000000 0.557492 0.347958
241.000000 690.000000 -0.398483 0.330496
257.000000 690.000000 -0.380417 0.328700
250.000000 691.000000 -0.388397 0.330565
106.000000 692.000000 -0.564819 0.352091
245.000000 692.000000 -0.394167 0.332226
253.000000 692.000000 -0.385129 0.331322
1004.000000 692.000000 0.360162 0.329044
295.000000 693.000000 -0.338901 0.328049
99.000000 694.000000 -0.574523 0.355630
105.000000 694.000000 -0.566494 0.354594
123.000000 694.000000 -0.542742 0.351561
245.000000 694.000000 -0.394397 0.334419
293.000000 694.000000 -0.341165 0.329320
839.000000 694.000000 0.189608 0.318660
1028.000000 694.000000 0.387159 0.333828
1042.000000 694.000000 0.403085 0.335458
1209.000000 694.000000 0.614064 0.361034
102.000000 695.000000 -0.570674 0.356279
228.000000 695.000000 -0.413989 0.337546
230.000000 695.000000 -0.411680 0.337301
294.000000 697.000000 -0.340373 0.332460
1204.000000 697.000000 0.607678 0.363679
225.000000 698.000000 -0.417837 0.341242
297.000000 698.000000 -0.337221 0.333247
1150.000000 699.000000 0.535534 0.356549
297.000000 700.000000 -0.337416 0.335409
304.000000 700.000000 -0.329859 0.334732
1211.000000 700.000000 0.617955 0.368538
1250.000000 700.000000 0.673328 0.375875
377.000000 701.000000 -0.253570 0.329753
953.000000 701.000000 0.305970 0.333859
224.000000 702.000000 -0.419505 0.345818
302.000000 702.000000 -0.332207 0.337086
1231.000000 702.000000 0.646495 0.374691
1149.000000 703.000000 0.534903 0.361030
1228.000000 703.000000 0.642426 0.375326
220.000000 704.000000 -0.424430 0.348566
222.000000 704.000000 -0.422093 0.348307
302.000000 704.000000 -0.332401 0.339253
376.000000 704.000000 -0.254804 0.333001
873.000000 704.000000 0.223906 0.331028
875.000000 704.000000 0.225912 0.331154
987.000000 705.000000 0.342861 0.341416
227.000000 706.000000 -0.416529 0.349897
112.000000 707.000000 -0.559441 0.368609
115.000000 709.000000 -0.555818 0.370434
223.000000 709.000000 -0.421577 0.353775
1250.000000 709.000000 0.675041 0.386785
113.000000 710.000000 -0.558644 0.371965
1263.000000 710.000000 0.694045 0.390484
121.000000 711.000000 -0.548255 0.371734
226.000000 711.000000 -0.418340 0.355626
1233.000000 712.000000 0.651255 0.387152
107.000000 713.000000 -0.567172 0.376585
110.000000 713.000000 -0.563168 0.376044
119.000000 713.000000 -0.551240 0.374440
381.000000 713.000000 -0.250352 0.342213
929.000000 713.000000 0.281793 0.344693
1251.000000 713.000000 0.677252 0.391847
114.000000 714.000000 -0.558030 0.376510
168.000000 715.000000 -0.488767 0.368562
111.000000 716.000000 -0.562377 0.379418
1133.000000 716.000000 0.516444 0.373495
