980.000000 3.000000 0.336426 -0.352462
1019.000000 3.000000 0.379633 -0.356822
1035.000000 3.000000 0.397837 -0.358793
1088.000000 3.000000 0.460398 -0.366115
1096.000000 3.000000 0.470168 -0.367328
983.000000 4.000000 0.339589 -0.351677
1015.000000 4.000000 0.375009 -0.355234
1131.000000 4.000000 0.513840 -0.371798
1222.000000 4.000000 0.636436 -0.388534
1094.000000 5.000000 0.467413 -0.364725
1193.000000 5.000000 0.595851 -0.381746
1246.000000 5.000000 0.670461 -0.391997
1212.000000 6.000000 0.621992 -0.384176
1249.000000 6.000000 0.674586 -0.391360
1262.000000 6.000000 0.693394 -0.393869
753.000000 7.000000 0.107135 -0.333572
1139.000000 7.000000 0.523603 -0.369644
1237.000000 7.000000 0.657165 -0.387812
1030.000000 8.000000 0.391499 -0.352584
1109.000000 8.000000 0.485451 -0.363587
1209.000000 8.000000 0.617417 -0.381191
1213.000000 8.000000 0.623006 -0.381958
1247.000000 8.000000 0.671317 -0.388535
862.000000 9.000000 0.213298 -0.336387
1013.000000 9.000000 0.372185 -0.349461
911.000000 10.000000 0.262869 -0.338686
1036.000000 10.000000 0.398106 -0.351095
1107.000000 10.000000 0.482656 -0.360975
1183.000000 10.000000 0.581273 -0.373910
1208.000000 10.000000 0.615642 -0.378596
1235.000000 10.000000 0.653727 -0.383784
1252.000000 11.000000 0.677950 -0.385847
1245.000000 13.000000 0.667476 -0.382073
913.000000 14.000000 0.264621 -0.334573
999.000000 14.000000 0.356075 -0.342409
1041.000000 14.000000 0.403347 -0.347262
766.000000 16.000000 0.119292 -0.324650
911.000000 16.000000 0.262415 -0.332295
1257.000000 18.000000 0.683851 -0.378297
991.000000 19.000000 0.346771 -0.336121
999.000000 19.000000 0.355545 -0.336949
1013.000000 20.000000 0.370947 -0.337364
1228.000000 20.000000 0.641856 -0.370385
1036.000000 21.000000 0.396770 -0.338899
1230.000000 21.000000 0.644506 -0.369562
1233.000000 21.000000 0.648773 -0.370128
1235.000000 21.000000 0.651625 -0.370506
1237.000000 23.000000 0.654103 -0.368479
225.000000 24.000000 -0.417536 -0.337668
1253.000000 24.000000 0.676926 -0.370284
996.000000 26.000000 0.351529 -0.329040
1021.000000 28.000000 0.379010 -0.329507
1156.000000 28.000000 0.542155 -0.348078
1063.000000 29.000000 0.426987 -0.333368
1068.000000 29.000000 0.432857 -0.334005
1113.000000 29.000000 0.487228 -0.340207
1242.000000 29.000000 0.660140 -0.362215
1211.000000 30.000000 0.616101 -0.355315
1117.000000 31.000000 0.491905 -0.338532
1178.000000 31.000000 0.570791 -0.348303
1249.000000 31.000000 0.669841 -0.361116
1260.000000 31.000000 0.685775 -0.363151
1024.000000 32.000000 0.381936 -0.325481
1059.000000 32.000000 0.421942 -0.329552
1020.000000 33.000000 0.377347 -0.323961
1036.000000 33.000000 0.395374 -0.325730
1131.000000 33.000000 0.509187 -0.338366
1241.000000 33.000000 0.657966 -0.357244
1011.000000 34.000000 0.367228 -0.321928
1129.000000 34.000000 0.506506 -0.336924
1185.000000 34.000000 0.579702 -0.346010
1238.000000 34.000000 0.653487 -0.355498
1111.000000 35.000000 0.483880 -0.333141
1274.000000 35.000000 0.705489 -0.360895
1160.000000 36.000000 0.546080 -0.339504
1181.000000 36.000000 0.573966 -0.342996
898.000000 37.000000 0.247703 -0.309309
1072.000000 37.000000 0.436551 -0.325656
1152.000000 37.000000 0.535484 -0.337070
1276.000000 37.000000 0.708062 -0.358847
664.000000 38.000000 0.022593 -0.300339
994.000000 38.000000 0.348162 -0.315931
1083.000000 38.000000 0.449474 -0.325960
1244.000000 38.000000 0.661355 -0.351828
1121.000000 39.000000 0.495720 -0.330079
1014.000000 40.000000 0.369934 -0.315768
1154.000000 40.000000 0.537607 -0.333953
1188.000000 40.000000 0.582734 -0.339537
1242.000000 40.000000 0.658120 -0.349083
1247.000000 40.000000 0.665307 -0.349990
1230.000000 41.000000 0.640823 -0.345732
1232.000000 41.000000 0.643662 -0.346091
1238.000000 41.000000 0.652213 -0.347172
1065.000000 42.000000 0.427717 -0.319288
1136.000000 42.000000 0.514167 -0.328905
1235.000000 42.000000 0.647751 -0.345446
1254.000000 42.000000 0.675056 -0.348874
1185.000000 43.000000 0.578172 -0.335551
1246.000000 43.000000 0.663325 -0.346240
1262.000000 43.000000 0.686498 -0.349123
1148.000000 44.000000 0.529218 -0.328457
1168.000000 44.000000 0.555313 -0.331604
1228.000000 44.000000 0.637453 -0.341831
1061.000000 45.000000 0.422699 -0.315527
1139.000000 45.000000 0.517535 -0.325959
1150.000000 46.000000 0.531491 -0.326490
1166.000000 46.000000 0.552355 -0.328991
1273.000000 47.000000 0.701869 -0.346307
1133.000000 48.000000 0.509480 -0.321690
1246.000000 48.000000 0.662429 -0.340308
1268.000000 48.000000 0.694364 -0.344225
837.000000 49.000000 0.186519 -0.293611
70.000000 50.000000 -0.609875 -0.331265
1180.000000 50.000000 0.570300 -0.326654
1199.000000 50.000000 0.596025 -0.329791
137.000000 51.000000 -0.520743 -0.319478
1246.000000 51.000000 0.661897 -0.336759
715.000000 52.000000 0.070153 -0.286851
1011.000000 52.000000 0.365425 -0.302625
1063.000000 52.000000 0.424203 -0.308136
1112.000000 52.000000 0.482746 -0.314274
1148.000000 52.000000 0.528006 -0.319392
69.000000 53.000000 -0.610750 -0.327948
71.000000 53.000000 -0.607988 -0.327612
1042.000000 53.000000 0.399977 -0.304713
1080.000000 53.000000 0.444017 -0.309064
72.000000 55.000000 -0.606276 -0.325127
965.000000 55.000000 0.315579 -0.295402
161.000000 56.000000 -0.489935 -0.310515
1169.000000 56.000000 0.554736 -0.318053
804.000000 58.000000 0.154250 -0.283165
868.000000 58.000000 0.216499 -0.285962
1215.000000 58.000000 0.616776 -0.323203
1265.000000 58.000000 0.688220 -0.331806
63.000000 59.000000 -0.618064 -0.321992
1067.000000 59.000000 0.428051 -0.301004
1260.000000 59.000000 0.680756 -0.329755
60.000000 60.000000 -0.622075 -0.321333
67.000000 60.000000 -0.612349 -0.320171
1175.000000 60.000000 0.562052 -0.314433
1189.000000 60.000000 0.580789 -0.316634
855.000000 61.000000 0.203556 -0.282271
1037.000000 61.000000 0.393485 -0.295614
1153.000000 61.000000 0.533116 -0.309990
1185.000000 61.000000 0.575244 -0.314857
875.000000 62.000000 0.223216 -0.282261
984.000000 62.000000 0.335210 -0.289638
991.000000 62.000000 0.342729 -0.290233
1034.000000 62.000000 0.390009 -0.294243
1096.000000 62.000000 0.461999 -0.301186
1106.000000 62.000000 0.474094 -0.302443
1150.000000 62.000000 0.529107 -0.308431
1272.000000 62.000000 0.697781 -0.328277
66.000000 63.000000 -0.613240 -0.316870
933.000000 63.000000 0.281650 -0.284732
1156.000000 63.000000 0.536700 -0.308181
61.000000 64.000000 -0.620019 -0.316536
1267.000000 64.000000 0.690109 -0.325054
1063.000000 65.000000 0.422737 -0.294083
1270.000000 66.000000 0.694162 -0.323204
1079.000000 67.000000 0.441180 -0.293723
1099.000000 68.000000 0.464872 -0.295005
1079.000000 69.000000 0.440952 -0.291563
77.000000 70.000000 -0.596992 -0.307069
949.000000 70.000000 0.297695 -0.278637
1099.000000 70.000000 0.464629 -0.292826
20.000000 71.000000 -0.677153 -0.315205
1076.000000 71.000000 0.437205 -0.289068
936.000000 72.000000 0.284129 -0.275693
975.000000 72.000000 0.324815 -0.278500
1072.000000 72.000000 0.432419 -0.287549
866.000000 73.000000 0.213780 -0.270688
1071.000000 74.000000 0.431036 -0.285294
1099.000000 74.000000 0.464149 -0.288480
1112.000000 74.000000 0.479899 -0.290058
1118.000000 74.000000 0.487252 -0.290808
1272.000000 74.000000 0.695751 -0.314113
15.000000 75.000000 -0.683752 -0.311351
77.000000 75.000000 -0.596214 -0.301368
20.000000 76.000000 -0.676326 -0.309360
1146.000000 76.000000 0.522030 -0.292269
1226.000000 76.000000 0.629206 -0.304207
1273.000000 76.000000 0.696888 -0.311929
7.000000 77.000000 -0.695103 -0.310325
966.000000 77.000000 0.314943 -0.272657
1084.000000 77.000000 0.445938 -0.283508
958.000000 78.000000 0.306496 -0.271053
1221.000000 78.000000 0.621878 -0.301110
1182.000000 79.000000 0.568491 -0.294006
1203.000000 79.000000 0.596836 -0.297158
1205.000000 79.000000 0.599574 -0.297465
10.000000 80.000000 -0.690224 -0.306323
830.000000 80.000000 0.178433 -0.262132
1107.000000 80.000000 0.473089 -0.282925
77.000000 81.000000 -0.595298 -0.294555
1030.000000 81.000000 0.383714 -0.273773
1127.000000 81.000000 0.497491 -0.284285
1141.000000 81.000000 0.515022 -0.286083
1159.000000 81.000000 0.538025 -0.288501
861.000000 82.000000 0.208457 -0.261431
1171.000000 82.000000 0.553515 -0.289061
997.000000 83.000000 0.347442 -0.268850
1104.000000 83.000000 0.469110 -0.279326
743.000000 84.000000 0.095786 -0.255667
1114.000000 84.000000 0.481123 -0.279424
749.000000 85.000000 0.101384 -0.254807
1184.000000 85.000000 0.570284 -0.287561
1190.000000 85.000000 0.578315 -0.288431
983.000000 86.000000 0.332232 -0.264663
1000.000000 86.000000 0.350434 -0.265988
946.000000 87.000000 0.293438 -0.261049
1029.000000 87.000000 0.382061 -0.267403
1079.000000 87.000000 0.438976 -0.272262
1162.000000 87.000000 0.541088 -0.282258
1193.000000 87.000000 0.582061 -0.286620
120.000000 88.000000 -0.537337 -0.280612
129.000000 89.000000 -0.525685 -0.278331
973.000000 90.000000 0.321362 -0.259829
1152.000000 90.000000 0.527822 -0.277621
1159.000000 90.000000 0.536808 -0.278541
1197.000000 90.000000 0.587028 -0.283830
1208.000000 90.000000 0.602025 -0.285448
1205.000000 91.000000 0.597767 -0.283875
1219.000000 91.000000 0.617076 -0.285963
1226.000000 91.000000 0.626853 -0.287027
979.000000 93.000000 0.327477 -0.257192
981.000000 93.000000 0.329593 -0.257336
1010.000000 93.000000 0.360697 -0.259560
1074.000000 93.000000 0.432529 -0.265374
1159.000000 93.000000 0.536412 -0.275236
1064.000000 94.000000 0.420885 -0.263325
1032.000000 95.000000 0.384686 -0.259332
1189.000000 95.000000 0.575543 -0.277089
1055.000000 96.000000 0.410416 -0.260363
1092.000000 96.000000 0.453324 -0.264054
1161.000000 96.000000 0.538600 -0.272197
1060.000000 97.000000 0.416017 -0.259786
1077.000000 97.000000 0.435612 -0.261445
1177.000000 97.000000 0.559331 -0.273216
121.000000 98.000000 -0.534750 -0.269486
165.000000 98.000000 -0.479862 -0.264220
1202.000000 98.000000 0.592661 -0.275572
1226.000000 98.000000 0.625798 -0.279069
105.000000 99.000000 -0.555352 -0.270462
1042.000000 99.000000 0.395481 -0.256047
1060.000000 99.000000 0.415828 -0.257688
1077.000000 99.000000 0.435412 -0.259333
1131.000000 99.000000 0.500260 -0.265204
1161.000000 99.000000 0.538211 -0.268903
1196.000000 99.000000 0.584391 -0.273606
866.000000 100.000000 0.212556 -0.243760
1072.000000 100.000000 0.429516 -0.257787
1163.000000 100.000000 0.540665 -0.268062
1198.000000 100.000000 0.586953 -0.272769
116.000000 101.000000 -0.540799 -0.266836
1026.000000 102.000000 0.377462 -0.251573
1162.000000 102.000000 0.539118 -0.265742
900.000000 103.000000 0.245941 -0.242351
1016.000000 103.000000 0.366427 -0.249736
102.000000 107.000000 -0.558239 -0.262044
1177.000000 107.000000 0.558008 -0.262180
1056.000000 108.000000 0.410455 -0.247925
1073.000000 108.000000 0.429904 -0.249483
1134.000000 108.000000 0.502938 -0.255844
1141.000000 108.000000 0.511675 -0.256654
1221.000000 108.000000 0.617365 -0.267052
817.000000 109.000000 0.164962 -0.233120
1144.000000 109.000000 0.515326 -0.255925
1177.000000 109.000000 0.557750 -0.259982
924.000000 110.000000 0.269639 -0.236620
1162.000000 110.000000 0.538117 -0.257003
1147.000000 111.000000 0.518872 -0.254116
1186.000000 111.000000 0.569380 -0.258945
1213.000000 111.000000 0.605883 -0.262570
1249.000000 111.000000 0.656500 -0.267700
942.000000 112.000000 0.287811 -0.235616
1232.000000 112.000000 0.632185 -0.264114
1145.000000 113.000000 0.516118 -0.251724
952.000000 114.000000 0.297950 -0.234195
1159.000000 114.000000 0.533778 -0.252290
992.000000 115.000000 0.339712 -0.235728
1145.000000 115.000000 0.515888 -0.249569
994.000000 116.000000 0.341771 -0.234853
1041.000000 116.000000 0.392922 -0.238371
103.000000 117.000000 -0.555671 -0.250967
110.000000 117.000000 -0.546567 -0.250114
677.000000 117.000000 0.034172 -0.222837
1141.000000 117.000000 0.510644 -0.246965
1255.000000 117.000000 0.664269 -0.261747
1186.000000 118.000000 0.568482 -0.251250
106.000000 119.000000 -0.551516 -0.248422
1199.000000 119.000000 0.585741 -0.251814
33.000000 120.000000 -0.650924 -0.256884
98.000000 121.000000 -0.561732 -0.247216
1184.000000 121.000000 0.565459 -0.247714
1213.000000 121.000000 0.604529 -0.251435
28.000000 122.000000 -0.657790 -0.255323
35.000000 122.000000 -0.647800 -0.254352
996.000000 122.000000 0.343494 -0.228924
1133.000000 122.000000 0.500148 -0.240740
1200.000000 122.000000 0.586703 -0.248635
1243.000000 122.000000 0.646353 -0.254393
108.000000 123.000000 -0.548441 -0.243838
1044.000000 123.000000 0.395701 -0.231421
1160.000000 123.000000 0.534001 -0.242670
24.000000 124.000000 -0.663255 -0.253619
41.000000 124.000000 -0.639026 -0.251283
44.000000 124.000000 -0.634800 -0.250877
1215.000000 124.000000 0.606882 -0.248371
27.000000 125.000000 -0.658808 -0.252074
1145.000000 125.000000 0.514768 -0.238836
1175.000000 125.000000 0.553153 -0.242262
1186.000000 125.000000 0.567612 -0.243589
1026.000000 126.000000 0.375592 -0.226980
1153.000000 126.000000 0.524745 -0.238648
1201.000000 126.000000 0.587544 -0.244359
1218.000000 126.000000 0.610753 -0.246546
37.000000 128.000000 -0.644143 -0.247340
40.000000 128.000000 -0.639899 -0.246937
1133.000000 128.000000 0.499514 -0.234357
1155.000000 128.000000 0.527060 -0.236723
1218.000000 128.000000 0.610492 -0.244328
1242.000000 128.000000 0.644108 -0.247512
1058.000000 129.000000 0.410931 -0.226386
1195.000000 129.000000 0.579104 -0.240321
39.000000 130.000000 -0.641045 -0.244833
968.000000 131.000000 0.313497 -0.218158
1141.000000 131.000000 0.509123 -0.232005
1156.000000 131.000000 0.527999 -0.233617
1172.000000 131.000000 0.548547 -0.235413
1058.000000 132.000000 0.410690 -0.223306
1152.000000 132.000000 0.522821 -0.232111
1196.000000 132.000000 0.580076 -0.237162
1202.000000 132.000000 0.588146 -0.237896
1205.000000 132.000000 0.592205 -0.238267
1260.000000 132.000000 0.669405 -0.245452
96.000000 133.000000 -0.562927 -0.234403
1077.000000 133.000000 0.432279 -0.223842
1210.000000 133.000000 0.598880 -0.237790
1212.000000 133.000000 0.601612 -0.238040
1129.000000 134.000000 0.493980 -0.227596
1172.000000 134.000000 0.548205 -0.232176
1228.000000 134.000000 0.623594 -0.238968
1237.000000 134.000000 0.636227 -0.240136
1038.000000 135.000000 0.388125 -0.218711
965.000000 136.000000 0.310105 -0.213019
1155.000000 136.000000 0.526188 -0.228160
1186.000000 136.000000 0.566299 -0.231619
1216.000000 136.000000 0.606721 -0.235236
1170.000000 137.000000 0.545279 -0.228721
1207.000000 137.000000 0.594304 -0.233028
1170.000000 139.000000 0.545058 -0.226572
1187.000000 139.000000 0.567273 -0.228483
1157.000000 140.000000 0.528301 -0.224103
1175.000000 141.000000 0.551318 -0.224973
1179.000000 141.000000 0.556532 -0.225417
1231.000000 141.000000 0.626897 -0.231591
32.000000 142.000000 -0.649411 -0.232347
36.000000 142.000000 -0.643733 -0.231839
1182.000000 142.000000 0.560349 -0.224674
912.000000 144.000000 0.255988 -0.202560
1187.000000 144.000000 0.566706 -0.223075
33.000000 145.000000 -0.647611 -0.228880
37.000000 145.000000 -0.641941 -0.228380
1120.000000 145.000000 0.481966 -0.215178
1263.000000 145.000000 0.672035 -0.231210
1272.000000 145.000000 0.685171 -0.232376
1191.000000 146.000000 0.571775 -0.221363
32.000000 147.000000 -0.648782 -0.226781
1266.000000 147.000000 0.676143 -0.229350
30.000000 148.000000 -0.651505 -0.225918
1135.000000 148.000000 0.499991 -0.213436
1168.000000 148.000000 0.541516 -0.216723
1186.000000 148.000000 0.564943 -0.218650
1051.000000 149.000000 0.401546 -0.205446
1124.000000 149.000000 0.486446 -0.211365
1177.000000 149.000000 0.553052 -0.216603
1259.000000 149.000000 0.665728 -0.226218
118.000000 150.000000 -0.532651 -0.213777
1080.000000 150.000000 0.434346 -0.206602
1180.000000 150.000000 0.556856 -0.215851
1274.000000 150.000000 0.687463 -0.226997
90.000000 152.000000 -0.568695 -0.214560
1220.000000 152.000000 0.610293 -0.218157
40.000000 153.000000 -0.636733 -0.219162
1080.000000 153.000000 0.434112 -0.203531
1179.000000 154.000000 0.555129 -0.211462
1230.000000 154.000000 0.623919 -0.217136
1220.000000 155.000000 0.609946 -0.214879
100.000000 158.000000 -0.554975 -0.207087
1112.000000 158.000000 0.471213 -0.200965
1114.000000 158.000000 0.473603 -0.201133
1080.000000 159.000000 0.433655 -0.197405
1269.000000 159.000000 0.679019 -0.216275
35.000000 160.000000 -0.642962 -0.212033
1061.000000 160.000000 0.411976 -0.195016
30.000000 161.000000 -0.649939 -0.211512
80.000000 161.000000 -0.581000 -0.205945
1154.000000 161.000000 0.522418 -0.201560
1172.000000 161.000000 0.545345 -0.203292
1214.000000 161.000000 0.601050 -0.207675
1223.000000 161.000000 0.613402 -0.208673
33.000000 162.000000 -0.645562 -0.210061
51.000000 162.000000 -0.620330 -0.208013
1120.000000 162.000000 0.480471 -0.197497
1239.000000 162.000000 0.635606 -0.209395
46.000000 163.000000 -0.627169 -0.207481
1118.000000 163.000000 0.477981 -0.196296
1124.000000 163.000000 0.485216 -0.196798
1201.000000 163.000000 0.583258 -0.204114
1275.000000 163.000000 0.687325 -0.212525
1221.000000 164.000000 0.610312 -0.205185
41.000000 165.000000 -0.633938 -0.205853
963.000000 165.000000 0.306555 -0.184369
1008.000000 165.000000 0.353632 -0.186689
1226.000000 166.000000 0.616995 -0.203558
1207.000000 167.000000 0.590907 -0.200437
1107.000000 169.000000 0.464383 -0.189235
1105.000000 170.000000 0.461942 -0.188056
1142.000000 170.000000 0.506639 -0.191060
1263.000000 170.000000 0.668992 -0.203321
1274.000000 170.000000 0.685032 -0.204587
1103.000000 172.000000 0.459432 -0.185858
1045.000000 173.000000 0.393295 -0.180903
1213.000000 173.000000 0.598413 -0.194593
1259.000000 173.000000 0.662869 -0.199549
1059.000000 174.000000 0.408795 -0.180778
1261.000000 174.000000 0.665645 -0.198668
1214.000000 175.000000 0.599568 -0.192541
1129.000000 176.000000 0.490210 -0.183762
1210.000000 176.000000 0.594039 -0.191061
1242.000000 176.000000 0.638281 -0.194387
1181.000000 177.000000 0.555468 -0.187197
1183.000000 177.000000 0.558072 -0.187383
1018.000000 178.000000 0.363618 -0.174383
1104.000000 178.000000 0.460166 -0.179805
1193.000000 178.000000 0.571107 -0.187262
1227.000000 179.000000 0.616999 -0.189550
1238.000000 179.000000 0.632331 -0.190691
1254.000000 179.000000 0.655023 -0.192391
1263.000000 179.000000 0.667986 -0.193367
1007.000000 181.000000 0.351712 -0.170851
1161.000000 181.000000 0.529458 -0.181212
1177.000000 181.000000 0.549917 -0.182611
1253.000000 181.000000 0.653378 -0.190089
18.000000 182.000000 -0.664774 -0.189707
1019.000000 182.000000 0.364479 -0.170489
1181.000000 182.000000 0.555011 -0.181915
1187.000000 182.000000 0.562839 -0.182459
1135.000000 183.000000 0.496968 -0.177012
17.000000 184.000000 -0.666003 -0.187613
1053.000000 184.000000 0.401490 -0.170406
1066.000000 184.000000 0.416026 -0.171190
1162.000000 184.000000 0.530469 -0.178162
1259.000000 184.000000 0.661672 -0.187432
1264.000000 184.000000 0.668896 -0.187961
19.000000 185.000000 -0.663019 -0.186305
941.000000 185.000000 0.283333 -0.164031
1196.000000 185.000000 0.574424 -0.180103
1208.000000 185.000000 0.590461 -0.181224
16.000000 186.000000 -0.667235 -0.185519
1139.000000 186.000000 0.501635 -0.174228
989.000000 187.000000 0.332458 -0.164109
1194.000000 188.000000 0.571504 -0.176740
1271.000000 188.000000 0.678655 -0.184289
1124.000000 189.000000 0.483174 -0.170019
1147.000000 189.000000 0.511272 -0.171750
1267.000000 189.000000 0.672724 -0.182770
18.000000 190.000000 -0.663942 -0.180923
1193.000000 190.000000 0.570006 -0.174534
1195.000000 190.000000 0.572647 -0.174711
1217.000000 190.000000 0.602185 -0.176724
1020.000000 191.000000 0.365089 -0.161681
1118.000000 191.000000 0.475836 -0.167546
1179.000000 191.000000 0.551633 -0.172268
1254.000000 191.000000 0.653773 -0.179248
15.000000 192.000000 -0.668064 -0.179034
1133.000000 192.000000 0.493848 -0.167600
1144.000000 192.000000 0.507330 -0.168420
1152.000000 192.000000 0.517256 -0.169034
1209.000000 193.000000 0.591067 -0.172782
1252.000000 193.000000 0.650716 -0.176866
1102.000000 194.000000 0.456713 -0.163413
1131.000000 194.000000 0.491273 -0.165404
1201.000000 194.000000 0.580258 -0.171005
1206.000000 195.000000 0.586854 -0.170386
1244.000000 195.000000 0.639167 -0.173910
1057.000000 196.000000 0.405250 -0.158693
988.000000 197.000000 0.330972 -0.154336
1219.000000 197.000000 0.604267 -0.169419
993.000000 199.000000 0.336107 -0.152609
1011.000000 199.000000 0.355090 -0.153410
1196.000000 199.000000 0.573190 -0.165286
990.000000 200.000000 0.332930 -0.151510
1179.000000 200.000000 0.550892 -0.162840
1241.000000 200.000000 0.634467 -0.168214
88.000000 201.000000 -0.566687 -0.162683
1100.000000 201.000000 0.453929 -0.156216
1108.000000 201.000000 0.463306 -0.156720
1181.000000 201.000000 0.553399 -0.161954
1270.000000 201.000000 0.675886 -0.169883
1032.000000 202.000000 0.377488 -0.151467
1135.000000 202.000000 0.495571 -0.157496
1140.000000 202.000000 0.501680 -0.157844
1230.000000 202.000000 0.618940 -0.165056
1226.000000 203.000000 0.613328 -0.163628
1228.000000 203.000000 0.616085 -0.163805
1093.000000 204.000000 0.445616 -0.152773
1125.000000 205.000000 0.483271 -0.153762
1082.000000 206.000000 0.432862 -0.150133
1033.000000 207.000000 0.378331 -0.146607
1113.000000 208.000000 0.468769 -0.149957
1183.000000 208.000000 0.555443 -0.154794
1241.000000 208.000000 0.633742 -0.159587
1008.000000 209.000000 0.351465 -0.143533
1048.000000 209.000000 0.394614 -0.145364
1226.000000 209.000000 0.612808 -0.157216
1241.000000 210.000000 0.633567 -0.157435
1107.000000 211.000000 0.461514 -0.146567
1103.000000 212.000000 0.456770 -0.145326
1105.000000 212.000000 0.459110 -0.145443
1216.000000 213.000000 0.598816 -0.152133
1015.000000 214.000000 0.358684 -0.138967
1135.000000 214.000000 0.494775 -0.145250
1097.000000 215.000000 0.449615 -0.141975
1184.000000 215.000000 0.556216 -0.147569
1196.000000 215.000000 0.571911 -0.148461
82.000000 216.000000 -0.573397 -0.147414
1211.000000 216.000000 0.591822 -0.148562
1251.000000 216.000000 0.647173 -0.151833
1273.000000 216.000000 0.678873 -0.153741
1205.000000 217.000000 0.583701 -0.147045
23.000000 218.000000 -0.654179 -0.149995
1199.000000 218.000000 0.575649 -0.145542
1258.000000 218.000000 0.656994 -0.150267
1179.000000 219.000000 0.549468 -0.143053
1270.000000 219.000000 0.674240 -0.150208
1117.000000 220.000000 0.472795 -0.138085
1202.000000 223.000000 0.579260 -0.140521
1264.000000 224.000000 0.665124 -0.144271
982.000000 225.000000 0.323670 -0.127086
1125.000000 225.000000 0.482048 -0.133498
1255.000000 225.000000 0.652124 -0.142458
1257.000000 226.000000 0.654901 -0.141540
1128.000000 228.000000 0.485479 -0.130638
1148.000000 228.000000 0.509826 -0.131793
1171.000000 228.000000 0.538628 -0.133213
21.000000 229.000000 -0.656141 -0.138290
1219.000000 229.000000 0.601665 -0.135441
1124.000000 230.000000 0.480574 -0.128401
1231.000000 230.000000 0.618033 -0.135259
1019.000000 232.000000 0.362231 -0.121661
1106.000000 232.000000 0.459191 -0.125452
1257.000000 232.000000 0.654431 -0.135076
1095.000000 233.000000 0.446366 -0.123913
1217.000000 233.000000 0.598668 -0.131083
1018.000000 234.000000 0.361092 -0.119689
1167.000000 234.000000 0.533185 -0.126798
1090.000000 235.000000 0.440519 -0.121691
1222.000000 235.000000 0.605323 -0.129324
88.000000 237.000000 -0.564092 -0.125121
776.000000 237.000000 0.124000 -0.111411
74.000000 238.000000 -0.582447 -0.124970
1064.000000 238.000000 0.411005 -0.117587
991.000000 239.000000 0.332532 -0.113960
1150.000000 239.000000 0.511665 -0.120716
1214.000000 239.000000 0.594208 -0.124576
1275.000000 239.000000 0.679926 -0.128871
26.000000 240.000000 -0.648210 -0.126108
1267.000000 240.000000 0.668218 -0.127200
992.000000 241.000000 0.333509 -0.112075
30.000000 242.000000 -0.642415 -0.123691
1192.000000 242.000000 0.564825 -0.120060
24.000000 243.000000 -0.650838 -0.123037
1153.000000 243.000000 0.515158 -0.116814
1236.000000 243.000000 0.624043 -0.121820
1250.000000 244.000000 0.643604 -0.121704
1271.000000 245.000000 0.673661 -0.122087
26.000000 246.000000 -0.647796 -0.119692
1247.000000 247.000000 0.639166 -0.118303
1249.000000 247.000000 0.641988 -0.118435
1265.000000 247.000000 0.664833 -0.119515
1270.000000 247.000000 0.672069 -0.119858
80.000000 249.000000 -0.573845 -0.113162
1263.000000 249.000000 0.661816 -0.117230
1184.000000 250.000000 0.553974 -0.111338
1190.000000 251.000000 0.561695 -0.110638
1255.000000 251.000000 0.650235 -0.114560
1164.000000 252.000000 0.528407 -0.108231
1074.000000 253.000000 0.421600 -0.103272
1265.000000 254.000000 0.664369 -0.111992
1090.000000 257.000000 0.439587 -0.099946
1186.000000 258.000000 0.556133 -0.103215
1095.000000 260.000000 0.445208 -0.097178
1149.000000 260.000000 0.509386 -0.099402
1252.000000 260.000000 0.645416 -0.104777
1125.000000 261.000000 0.480288 -0.097366
1261.000000 262.000000 0.658125 -0.103175
21.000000 263.000000 -0.653837 -0.101864
1191.000000 263.000000 0.562368 -0.098324
1257.000000 264.000000 0.652290 -0.100808
1045.000000 265.000000 0.389121 -0.090608
1054.000000 265.000000 0.398965 -0.090883
1058.000000 265.000000 0.403370 -0.091008
1080.000000 265.000000 0.427932 -0.091726
1151.000000 265.000000 0.511629 -0.094444
1153.000000 265.000000 0.514096 -0.094530
1234.000000 265.000000 0.619941 -0.098468
9.000000 266.000000 -0.670884 -0.099344
1093.000000 266.000000 0.442693 -0.091192
1221.000000 266.000000 0.602085 -0.096732
1249.000000 266.000000 0.640831 -0.098232
1095.000000 267.000000 0.444954 -0.090278
1067.000000 268.000000 0.413252 -0.088371
1121.000000 268.000000 0.475257 -0.090231
1231.000000 268.000000 0.615646 -0.095157
1269.000000 268.000000 0.669306 -0.097213
1209.000000 270.000000 0.585741 -0.091971
1055.000000 271.000000 0.399884 -0.085093
1180.000000 271.000000 0.547794 -0.089610
1211.000000 271.000000 0.588365 -0.091029
1154.000000 272.000000 0.515041 -0.087506
1097.000000 273.000000 0.447050 -0.084438
1213.000000 273.000000 0.590948 -0.089048
1235.000000 273.000000 0.620910 -0.090109
1254.000000 273.000000 0.647532 -0.091071
1169.000000 274.000000 0.533688 -0.086089
1145.000000 275.000000 0.503867 -0.084139
1266.000000 275.000000 0.664595 -0.089559
1113.000000 276.000000 0.465540 -0.082007
1052.000000 277.000000 0.396425 -0.079198
1219.000000 277.000000 0.598842 -0.085167
1234.000000 277.000000 0.619334 -0.085862
1167.000000 278.000000 0.531011 -0.081952
1083.000000 281.000000 0.430826 -0.076164
1169.000000 281.000000 0.533414 -0.078988
1221.000000 282.000000 0.601328 -0.080053
1053.000000 283.000000 0.397365 -0.073422
1189.000000 284.000000 0.558851 -0.076691
1040.000000 285.000000 0.383164 -0.071181
1225.000000 285.000000 0.606636 -0.077098
1257.000000 285.000000 0.651219 -0.078481
91.000000 286.000000 -0.557767 -0.074574
1137.000000 287.000000 0.493740 -0.071854
1264.000000 287.000000 0.661143 -0.076667
1267.000000 287.000000 0.665462 -0.076799
1081.000000 288.000000 0.428376 -0.069276
1199.000000 288.000000 0.571741 -0.072968
1240.000000 288.000000 0.627162 -0.074583
1063.000000 289.000000 0.408233 -0.067859
1242.000000 289.000000 0.629906 -0.073615
35.000000 290.000000 -0.632782 -0.072600
1101.000000 290.000000 0.451156 -0.067841
1190.000000 291.000000 0.559891 -0.069569
1221.000000 293.000000 0.600890 -0.068620
1033.000000 294.000000 0.375429 -0.062390
1098.000000 294.000000 0.447595 -0.063837
1223.000000 294.000000 0.603565 -0.067654
1272.000000 294.000000 0.672401 -0.069541
1167.000000 295.000000 0.530421 -0.064753
1174.000000 295.000000 0.539251 -0.064970
1210.000000 295.000000 0.586041 -0.066157
1215.000000 295.000000 0.592729 -0.066331
1244.000000 295.000000 0.632463 -0.067387
1261.000000 295.000000 0.656509 -0.068040
1116.000000 296.000000 0.468472 -0.062324
1213.000000 296.000000 0.590013 -0.065228
1250.000000 296.000000 0.640849 -0.066561
1227.000000 298.000000 0.608868 -0.063636
1249.000000 298.000000 0.639366 -0.064416
1030.000000 300.000000 0.372101 -0.056588
1166.000000 300.000000 0.529020 -0.059677
1202.000000 300.000000 0.575275 -0.060746
1260.000000 300.000000 0.654892 -0.062701
1097.000000 301.000000 0.446281 -0.056955
1240.000000 302.000000 0.626639 -0.059901
1236.000000 304.000000 0.621030 -0.057679
81.000000 305.000000 -0.570136 -0.055474
30.000000 306.000000 -0.639203 -0.055959
1044.000000 306.000000 0.387076 -0.051081
1039.000000 307.000000 0.381652 -0.050039
1184.000000 307.000000 0.551662 -0.053079
1222.000000 308.000000 0.601754 -0.053094
1235.000000 308.000000 0.619527 -0.053471
80.000000 309.000000 -0.571335 -0.051408
83.000000 310.000000 -0.567392 -0.050308
1073.000000 310.000000 0.418922 -0.047716
1092.000000 310.000000 0.440375 -0.048055
1238.000000 310.000000 0.623616 -0.051470
26.000000 311.000000 -0.644681 -0.050819
1276.000000 311.000000 0.677619 -0.051531
1157.000000 312.000000 0.517513 -0.047383
1104.000000 314.000000 0.454092 -0.044358
1229.000000 315.000000 0.611093 -0.046017
1196.000000 316.000000 0.566977 -0.044201
1128.000000 317.000000 0.482212 -0.041829
1272.000000 317.000000 0.671634 -0.045023
1130.000000 318.000000 0.484580 -0.040874
1219.000000 318.000000 0.597442 -0.042669
1227.000000 318.000000 0.608289 -0.042853
1031.000000 319.000000 0.372886 -0.038447
1243.000000 319.000000 0.630331 -0.042187
1275.000000 320.000000 0.675916 -0.041904
1267.000000 321.000000 0.664307 -0.040648
1269.000000 321.000000 0.667192 -0.040695
1273.000000 321.000000 0.672984 -0.040790
990.000000 322.000000 0.329795 -0.035156
1132.000000 322.000000 0.486904 -0.036946
1028.000000 323.000000 0.369635 -0.034596
1174.000000 324.000000 0.538548 -0.035643
1216.000000 324.000000 0.593280 -0.036412
1015.000000 325.000000 0.355830 -0.032560
1192.000000 325.000000 0.561592 -0.034943
1028.000000 326.000000 0.369604 -0.031736
1125.000000 328.000000 0.478476 -0.030911
1087.000000 329.000000 0.434407 -0.029471
1256.000000 329.000000 0.648410 -0.031961
1086.000000 331.000000 0.433252 -0.027516
1194.000000 331.000000 0.564093 -0.028864
1096.000000 332.000000 0.444631 -0.026647
1223.000000 333.000000 0.602566 -0.027239
1119.000000 334.000000 0.471315 -0.024926
1227.000000 334.000000 0.607988 -0.026263
1199.000000 335.000000 0.570564 -0.024853
1194.000000 336.000000 0.564026 -0.023771
1173.000000 337.000000 0.537101 -0.022515
1221.000000 338.000000 0.599793 -0.022046
997.000000 339.000000 0.336906 -0.019171
1208.000000 339.000000 0.582378 -0.020867
1232.000000 339.000000 0.614760 -0.021141
1242.000000 339.000000 0.628581 -0.021260
1202.000000 341.000000 0.574433 -0.018757
1249.000000 342.000000 0.638337 -0.018200
1268.000000 342.000000 0.665386 -0.018403
886.000000 343.000000 0.226394 -0.015004
1141.000000 343.000000 0.497491 -0.016224
1184.000000 345.000000 0.551026 -0.014533
1209.000000 345.000000 0.583649 -0.014723
1248.000000 348.000000 0.636880 -0.011904
1268.000000 350.000000 0.665318 -0.009927
1119.000000 351.000000 0.471197 -0.008200
1025.000000 352.000000 0.366251 -0.006965
1156.000000 352.000000 0.515771 -0.007339
1234.000000 352.000000 0.617403 -0.007651
1133.000000 355.000000 0.487805 -0.004293
1225.000000 355.000000 0.605087 -0.004508
1181.000000 356.000000 0.547137 -0.003386
1219.000000 356.000000 0.596968 -0.003462
1223.000000 356.000000 0.602372 -0.003470
1074.000000 357.000000 0.419612 -0.002252
1204.000000 357.000000 0.576976 -0.002408
1136.000000 359.000000 0.491400 -0.000337
1180.000000 359.000000 0.545858 -0.000352
1235.000000 359.000000 0.618762 -0.000376
1233.000000 360.000000 0.616010 0.000663
962.000000 361.000000 0.301070 0.001574
15.000000 362.000000 -0.659596 0.002777
1190.000000 363.000000 0.558698 0.003706
1118.000000 364.000000 0.470009 0.004585
1219.000000 364.000000 0.596969 0.004785
258.000000 366.000000 -0.362527 0.006342
1005.000000 366.000000 0.345179 0.006315
1147.000000 366.000000 0.504726 0.006627
1169.000000 368.000000 0.531955 0.008700
1261.000000 368.000000 0.655263 0.009105
1072.000000 370.000000 0.417397 0.010308
1133.000000 372.000000 0.487832 0.012526
1223.000000 373.000000 0.602415 0.014093
1179.000000 374.000000 0.544633 0.014802
1243.000000 374.000000 0.629905 0.015286
1136.000000 375.000000 0.491450 0.015514
1259.000000 375.000000 0.652459 0.016473
1239.000000 376.000000 0.624364 0.017338
1251.000000 376.000000 0.641134 0.017451
1117.000000 377.000000 0.468890 0.017360
1164.000000 377.000000 0.525751 0.017711
1187.000000 378.000000 0.554908 0.018916
1185.000000 379.000000 0.552346 0.019912
1209.000000 381.000000 0.583709 0.022200
1273.000000 383.000000 0.672683 0.025104
1021.000000 385.000000 0.362090 0.024397
1187.000000 386.000000 0.554997 0.027035
1268.000000 387.000000 0.665512 0.029274
80.000000 388.000000 -0.570875 0.029223
1223.000000 389.000000 0.602602 0.030632
1235.000000 389.000000 0.619004 0.030828
1221.000000 390.000000 0.599912 0.031634
1261.000000 390.000000 0.655516 0.032328
1230.000000 394.000000 0.612225 0.035938
1155.000000 395.000000 0.514805 0.035637
1220.000000 396.000000 0.598670 0.037815
1231.000000 396.000000 0.613634 0.038036
1139.000000 397.000000 0.495312 0.037374
1196.000000 397.000000 0.566840 0.038375
1095.000000 398.000000 0.443615 0.037692
1199.000000 398.000000 0.570781 0.039455
1054.000000 402.000000 0.397796 0.040994
76.000000 404.000000 -0.576420 0.045660
1167.000000 404.000000 0.529891 0.044891
1273.000000 404.000000 0.673116 0.047447
83.000000 405.000000 -0.567279 0.046521
81.000000 406.000000 -0.569912 0.047590
7.000000 407.000000 -0.671770 0.050578
3.000000 408.000000 -0.677598 0.051760
1163.000000 408.000000 0.524976 0.048830
1180.000000 408.000000 0.546426 0.049221
1256.000000 408.000000 0.648815 0.051214
7.000000 409.000000 -0.671828 0.052707
9.000000 409.000000 -0.668940 0.052647
1161.000000 411.000000 0.522554 0.051800
1188.000000 411.000000 0.556771 0.052467
3.000000 412.000000 -0.677720 0.056028
1247.000000 412.000000 0.636230 0.055159
6.000000 413.000000 -0.673400 0.056998
4.000000 414.000000 -0.676333 0.058129
1132.000000 414.000000 0.487224 0.054120
1205.000000 415.000000 0.579095 0.057024
1260.000000 415.000000 0.654727 0.058736
6.000000 416.000000 -0.673500 0.060195
12.000000 416.000000 -0.664843 0.059991
9.000000 417.000000 -0.669197 0.061157
1165.000000 417.000000 0.527696 0.057940
1208.000000 417.000000 0.583130 0.059170
1275.000000 417.000000 0.676429 0.061375
612.000000 420.000000 -0.025099 0.054727
1163.000000 420.000000 0.525279 0.060908
1197.000000 422.000000 0.568785 0.063961
1257.000000 422.000000 0.650697 0.066040
103.000000 424.000000 -0.542085 0.065308
1138.000000 424.000000 0.494695 0.064218
1181.000000 424.000000 0.548146 0.065493
97.000000 425.000000 -0.549760 0.066513
1171.000000 425.000000 0.535469 0.066194
1245.000000 426.000000 0.633910 0.069807
1139.000000 427.000000 0.495989 0.067239
76.000000 430.000000 -0.577195 0.072347
1248.000000 430.000000 0.638279 0.074138
1125.000000 431.000000 0.479316 0.070808
77.000000 432.000000 -0.575952 0.074367
84.000000 432.000000 -0.566786 0.074107
116.000000 432.000000 -0.525991 0.072980
1189.000000 432.000000 0.558716 0.073921
86.000000 434.000000 -0.564257 0.076081
1260.000000 435.000000 0.655509 0.079948
60.000000 436.000000 -0.598753 0.079173
1256.000000 436.000000 0.649851 0.080828
57.000000 437.000000 -0.602847 0.080338
943.000000 437.000000 0.282679 0.072451
1169.000000 437.000000 0.533354 0.078278
57.000000 439.000000 -0.602933 0.082419
87.000000 439.000000 -0.563153 0.081165
1234.000000 439.000000 0.619163 0.082996
1036.000000 440.000000 0.378978 0.077189
1082.000000 440.000000 0.429738 0.078414
1049.000000 442.000000 0.393131 0.079448
1180.000000 443.000000 0.547556 0.084806
99.000000 445.000000 -0.547941 0.086808
1008.000000 445.000000 0.349309 0.081306
1083.000000 445.000000 0.431018 0.083334
1196.000000 445.000000 0.568351 0.087534
1073.000000 446.000000 0.419785 0.084007
1162.000000 446.000000 0.524919 0.087123
1161.000000 450.000000 0.523835 0.091131
1105.000000 452.000000 0.456493 0.090951
1158.000000 452.000000 0.520183 0.093028
990.000000 453.000000 0.330731 0.088499
1252.000000 457.000000 0.645254 0.102918
1140.000000 460.000000 0.498404 0.100318
120.000000 461.000000 -0.522173 0.102149
1167.000000 461.000000 0.531853 0.102570
1225.000000 461.000000 0.607925 0.105603
10.000000 464.000000 -0.670049 0.111353
246.000000 464.000000 -0.376929 0.100214
1167.000000 464.000000 0.532000 0.105626
8.000000 465.000000 -0.673006 0.112555
132.000000 466.000000 -0.507591 0.106644
1167.000000 466.000000 0.532100 0.107665
1082.000000 467.000000 0.430650 0.104881
1176.000000 467.000000 0.543566 0.109150
3.000000 468.000000 -0.680465 0.116115
7.000000 469.000000 -0.674715 0.116929
1229.000000 470.000000 0.613938 0.115301
1145.000000 472.000000 0.505067 0.112650
1176.000000 472.000000 0.543834 0.114276
1165.000000 473.000000 0.529946 0.114702
1173.000000 473.000000 0.540066 0.115137
1209.000000 473.000000 0.587010 0.117219
96.000000 474.000000 -0.553216 0.116670
16.000000 475.000000 -0.662137 0.122778
18.000000 475.000000 -0.659271 0.122640
94.000000 475.000000 -0.555852 0.117815
1087.000000 476.000000 0.436706 0.113956
1139.000000 476.000000 0.497946 0.116389
14.000000 477.000000 -0.665150 0.125068
1148.000000 477.000000 0.509007 0.117867
1208.000000 477.000000 0.585921 0.121333
18.000000 478.000000 -0.659480 0.125862
97.000000 478.000000 -0.552160 0.120733
98.000000 480.000000 -0.550993 0.122734
1057.000000 480.000000 0.403177 0.116645
95.000000 482.000000 -0.554976 0.124978
1076.000000 482.000000 0.424480 0.119401
1168.000000 483.000000 0.534294 0.125102
14.000000 484.000000 -0.665658 0.132612
95.000000 484.000000 -0.555099 0.127045
965.000000 485.000000 0.305938 0.118274
1242.000000 487.000000 0.633137 0.134210
1244.000000 487.000000 0.635944 0.134358
1132.000000 489.000000 0.490155 0.129147
1134.000000 489.000000 0.492573 0.129259
1152.000000 490.000000 0.514677 0.131313
1258.000000 490.000000 0.656032 0.138642
1188.000000 491.000000 0.560458 0.134615
114.000000 495.000000 -0.531566 0.137181
263.000000 495.000000 -0.359842 0.129599
1185.000000 495.000000 0.556831 0.138566
109.000000 496.000000 -0.537952 0.138535
1236.000000 496.000000 0.625442 0.143358
111.000000 498.000000 -0.535550 0.140464
1110.000000 498.000000 0.464436 0.136993
1148.000000 498.000000 0.510219 0.139234
1183.000000 500.000000 0.554587 0.143622
1116.000000 501.000000 0.471692 0.140351
1017.000000 504.000000 0.360754 0.138405
1056.000000 504.000000 0.403130 0.140162
4.000000 505.000000 -0.681865 0.156231
1118.000000 509.000000 0.474546 0.148549
1199.000000 513.000000 0.576529 0.158431
1026.000000 514.000000 0.370840 0.148562
1091.000000 515.000000 0.443275 0.152966
989.000000 516.000000 0.331744 0.148889
32.000000 517.000000 -0.642747 0.166753
84.000000 517.000000 -0.571805 0.162236
1027.000000 517.000000 0.372059 0.151548
1161.000000 518.000000 0.527805 0.160693
1219.000000 518.000000 0.603847 0.165415
85.000000 520.000000 -0.570736 0.165312
1148.000000 521.000000 0.511784 0.162826
1209.000000 521.000000 0.590560 0.167733
1172.000000 527.000000 0.542486 0.170920
1103.000000 528.000000 0.458047 0.166822
1126.000000 528.000000 0.485399 0.168415
1178.000000 530.000000 0.550455 0.174564
1050.000000 531.000000 0.397906 0.166566
1111.000000 531.000000 0.467681 0.170415
1198.000000 531.000000 0.576742 0.177373
1201.000000 531.000000 0.580734 0.177645
1168.000000 533.000000 0.537872 0.176861
1099.000000 534.000000 0.453770 0.172635
1154.000000 534.000000 0.520264 0.176745
1214.000000 535.000000 0.598606 0.183132
1097.000000 538.000000 0.451711 0.176556
1114.000000 538.000000 0.471746 0.177772
1090.000000 540.000000 0.443715 0.178101
1157.000000 540.000000 0.524529 0.183245
1164.000000 540.000000 0.533380 0.183847
1202.000000 540.000000 0.582913 0.187326
996.000000 541.000000 0.340207 0.173567
1131.000000 543.000000 0.492596 0.184215
1193.000000 543.000000 0.571234 0.189661
1129.000000 546.000000 0.490405 0.187154
1163.000000 548.000000 0.532819 0.192153
1215.000000 551.000000 0.601581 0.200457
1144.000000 552.000000 0.509325 0.194648
1191.000000 554.000000 0.569674 0.201199
1153.000000 556.000000 0.520917 0.199645
1175.000000 556.000000 0.548958 0.201736
1155.000000 557.000000 0.523526 0.200881
1136.000000 559.000000 0.500064 0.201248
1074.000000 560.000000 0.426744 0.197264
1155.000000 560.000000 0.523807 0.204040
1169.000000 560.000000 0.541619 0.205392
1194.000000 560.000000 0.574268 0.207940
997.000000 561.000000 0.342315 0.193323
1048.000000 561.000000 0.397547 0.196453
1141.000000 561.000000 0.506413 0.203789
1167.000000 561.000000 0.539152 0.206255
1175.000000 561.000000 0.549455 0.207052
1009.000000 562.000000 0.355132 0.195002
1059.000000 562.000000 0.409901 0.198218
1053.000000 563.000000 0.403251 0.198811
1140.000000 563.000000 0.505358 0.205792
1079.000000 564.000000 0.432768 0.201712
1069.000000 567.000000 0.421565 0.204017
1058.000000 568.000000 0.409205 0.204226
959.000000 569.000000 0.303158 0.199198
92.000000 570.000000 -0.566310 0.217832
94.000000 570.000000 -0.563682 0.217616
1052.000000 570.000000 0.402626 0.205823
1078.000000 570.000000 0.432082 0.207768
1119.000000 570.000000 0.480343 0.211201
1260.000000 570.000000 0.667064 0.226565
1064.000000 572.000000 0.416268 0.208737
1258.000000 572.000000 0.664426 0.228549
92.000000 573.000000 -0.566637 0.221062
99.000000 573.000000 -0.557465 0.220300
1078.000000 575.000000 0.432478 0.212894
1091.000000 575.000000 0.447546 0.213960
1156.000000 575.000000 0.526550 0.220012
1037.000000 577.000000 0.386482 0.211847
1124.000000 577.000000 0.487041 0.218975
91.000000 579.000000 -0.568626 0.227652
33.000000 580.000000 -0.648264 0.235788
97.000000 580.000000 -0.560850 0.228056
91.000000 581.000000 -0.568854 0.229817
1133.000000 581.000000 0.498438 0.224049
94.000000 582.000000 -0.565015 0.230557
1128.000000 582.000000 0.492400 0.224612
1174.000000 582.000000 0.550388 0.229429
98.000000 584.000000 -0.559994 0.232263
1136.000000 585.000000 0.502541 0.228578
1139.000000 585.000000 0.506259 0.228885
53.000000 588.000000 -0.621189 0.242116
51.000000 589.000000 -0.624100 0.243484
55.000000 589.000000 -0.618543 0.242968
55.000000 591.000000 -0.618802 0.245186
1139.000000 591.000000 0.506884 0.235260
1147.000000 591.000000 0.516884 0.236114
37.000000 592.000000 -0.644163 0.248680
157.000000 593.000000 -0.486535 0.235534
161.000000 594.000000 -0.481783 0.236188
58.000000 595.000000 -0.615172 0.249236
1069.000000 595.000000 0.423814 0.232757
55.000000 596.000000 -0.619458 0.250744
1152.000000 596.000000 0.523742 0.242023
134.000000 597.000000 -0.515346 0.242212
155.000000 597.000000 -0.489379 0.239972
185.000000 597.000000 -0.453433 0.237014
1035.000000 597.000000 0.385751 0.232040
1098.000000 597.000000 0.457749 0.237473
1167.000000 597.000000 0.543041 0.244826
1114.000000 598.000000 0.476976 0.240099
1038.000000 600.000000 0.389306 0.235347
113.000000 601.000000 -0.542491 0.248924
162.000000 601.000000 -0.481283 0.243490
1076.000000 601.000000 0.432394 0.239604
1114.000000 602.000000 0.477385 0.244332
161.000000 603.000000 -0.482702 0.245715
1066.000000 604.000000 0.421169 0.241827
159.000000 605.000000 -0.485342 0.248051
1086.000000 605.000000 0.444392 0.244715
1149.000000 606.000000 0.521090 0.252451
156.000000 608.000000 -0.489322 0.251569
159.000000 609.000000 -0.485770 0.252312
1033.000000 609.000000 0.384490 0.244194
1050.000000 611.000000 0.403629 0.247689
128.000000 613.000000 -0.524751 0.260150
1077.000000 613.000000 0.434673 0.252247
1201.000000 613.000000 0.590079 0.266724
169.000000 614.000000 -0.474192 0.256568
145.000000 615.000000 -0.503657 0.260309
1032.000000 615.000000 0.383877 0.250299
1133.000000 615.000000 0.502085 0.260302
135.000000 617.000000 -0.516390 0.263649
132.000000 619.000000 -0.520414 0.266184
1214.000000 620.000000 0.608846 0.276393
14.000000 623.000000 -0.681697 0.287274
1103.000000 623.000000 0.466372 0.265511
1214.000000 624.000000 0.609429 0.280902
1103.000000 625.000000 0.466592 0.267651
213.000000 627.000000 -0.423760 0.265831
1020.000000 628.000000 0.371742 0.262752
1065.000000 628.000000 0.422274 0.266868
1070.000000 628.000000 0.428039 0.267366
1262.000000 628.000000 0.678200 0.292821
1015.000000 630.000000 0.366434 0.264406
265.000000 631.000000 -0.365914 0.265297
953.000000 631.000000 0.300579 0.260798
141.000000 632.000000 -0.510697 0.279242
136.000000 633.000000 -0.517114 0.280970
1169.000000 633.000000 0.550238 0.284562
857.000000 634.000000 0.204397 0.258578
1058.000000 634.000000 0.414842 0.272514
1136.000000 634.000000 0.508131 0.281299
1012.000000 636.000000 0.363663 0.270385
980.000000 637.000000 0.329312 0.268852
227.000000 639.000000 -0.408942 0.277128
1136.000000 642.000000 0.509161 0.290078
1048.000000 643.000000 0.404350 0.281047
1138.000000 643.000000 0.511809 0.291442
106.000000 645.000000 -0.557406 0.298374
104.000000 646.000000 -0.560185 0.299788
107.000000 647.000000 -0.556382 0.300474
1005.000000 648.000000 0.357066 0.282304
1073.000000 648.000000 0.433633 0.289003
108.000000 649.000000 -0.555360 0.302576
137.000000 649.000000 -0.517961 0.298479
931.000000 649.000000 0.279099 0.277714
1108.000000 649.000000 0.475443 0.294185
132.000000 650.000000 -0.524451 0.300275
159.000000 650.000000 -0.490609 0.296675
228.000000 650.000000 -0.408914 0.288708
137.000000 651.000000 -0.518234 0.300698
233.000000 651.000000 -0.403336 0.289262
1068.000000 651.000000 0.428141 0.291676
134.000000 652.000000 -0.522181 0.302223
155.000000 652.000000 -0.495812 0.299393
164.000000 652.000000 -0.484718 0.298232
136.000000 653.000000 -0.519778 0.303059
160.000000 653.000000 -0.489763 0.299844
138.000000 654.000000 -0.517381 0.303895
153.000000 654.000000 -0.498558 0.301864
156.000000 654.000000 -0.494835 0.301468
162.000000 654.000000 -0.487431 0.300686
1235.000000 655.000000 0.643759 0.319772
118.000000 656.000000 -0.543324 0.308983
160.000000 656.000000 -0.490154 0.303149
235.000000 656.000000 -0.401582 0.294389
231.000000 657.000000 -0.406226 0.295874
120.000000 658.000000 -0.541021 0.310940
1042.000000 658.000000 0.399075 0.296403
1200.000000 659.000000 0.595606 0.318606
233.000000 660.000000 -0.404268 0.298877
1099.000000 660.000000 0.465911 0.305101
117.000000 661.000000 -0.545366 0.314769
119.000000 661.000000 -0.542764 0.314470
229.000000 661.000000 -0.408930 0.300376
231.000000 661.000000 -0.406650 0.300162
1256.000000 661.000000 0.674941 0.330395
105.000000 662.000000 -0.561271 0.317729
223.000000 662.000000 -0.415911 0.302104
268.000000 662.000000 -0.365378 0.297520
229.000000 663.000000 -0.409146 0.302527
1260.000000 663.000000 0.681097 0.333452
45.000000 664.000000 -0.643859 0.329873
937.000000 664.000000 0.286298 0.293574
1062.000000 664.000000 0.422633 0.305030
1093.000000 664.000000 0.459191 0.308735
223.000000 665.000000 -0.416243 0.305342
264.000000 665.000000 -0.370067 0.301086
809.000000 665.000000 0.159184 0.287691
103.000000 666.000000 -0.564545 0.322600
231.000000 666.000000 -0.407188 0.305541
236.000000 666.000000 -0.401498 0.305002
100.000000 667.000000 -0.568693 0.324217
228.000000 667.000000 -0.410727 0.306949
1035.000000 667.000000 0.392106 0.305316
231.000000 668.000000 -0.407406 0.307699
35.000000 670.000000 -0.659142 0.338659
250.000000 670.000000 -0.386132 0.307828
252.000000 670.000000 -0.383893 0.307622
1020.000000 671.000000 0.375726 0.308062
207.000000 672.000000 -0.435643 0.314807
256.000000 672.000000 -0.379633 0.309357
1103.000000 673.000000 0.472452 0.319969
236.000000 674.000000 -0.402367 0.313637
996.000000 674.000000 0.349625 0.308927
251.000000 675.000000 -0.385533 0.313101
232.000000 676.000000 -0.407153 0.316252
237.000000 676.000000 -0.401451 0.315693
1166.000000 676.000000 0.552714 0.332636
228.000000 677.000000 -0.411852 0.317794
1163.000000 677.000000 0.548929 0.333302
68.000000 678.000000 -0.614040 0.342292
244.000000 678.000000 -0.393734 0.317091
247.000000 678.000000 -0.390348 0.316765
260.000000 678.000000 -0.375796 0.315394
423.000000 678.000000 -0.206084 0.302987
1002.000000 678.000000 0.356557 0.313769
1239.000000 678.000000 0.653466 0.347503
898.000000 679.000000 0.247479 0.306487
226.000000 680.000000 -0.414500 0.321298
233.000000 680.000000 -0.406463 0.320490
245.000000 680.000000 -0.392822 0.319149
1011.000000 680.000000 0.366660 0.316809
1234.000000 680.000000 0.646694 0.348975
95.000000 682.000000 -0.577846 0.342327
247.000000 682.000000 -0.390783 0.321099
249.000000 682.000000 -0.388529 0.320881
255.000000 682.000000 -0.381794 0.320235
1160.000000 682.000000 0.545797 0.338558
239.000000 683.000000 -0.399959 0.323077
251.000000 684.000000 -0.386497 0.322833
255.000000 684.000000 -0.382008 0.322400
400.000000 684.000000 -0.229249 0.310458
717.000000 684.000000 0.072317 0.304308
1001.000000 684.000000 0.356052 0.320106
433.000000 685.000000 -0.196601 0.309678
715.000000 685.000000 0.070453 0.305285
1110.000000 685.000000 0.482695 0.334354
97.000000 686.000000 -0.575835 0.346638
246.000000 686.000000 -0.392356 0.325559
251.000000 686.000000 -0.386715 0.325005
1202.000000 686.000000 0.602935 0.350330
3.000000 687.000000 -0.708521 0.364654
245.000000 688.000000 -0.393712 0.327852
286.000000 688.000000 -0.348187 0.323542
432.000000 688.000000 -0.197737 0.312824
550.000000 688.000000 -0.084307 0.308589
1259.000000 688.000000 0.684119 0.363088
98.000000 689.000000 -0.575004 0.349962
251.000000 689.000000 -0.387047 0.328271
1195.000000 689.000000 0.593855 0.352617
100.000000 690.000000 -0.572492 0.350785
998.000000 690.000000 0.353363 0.326269
1224.000000 690.000000 0.634342 0.359030
753.000000 691.000000 0.106521 0.312242
1021.000000 691.000000 0.378949 0.329769
1036.000000 691.000000 0.395883 0.331458
1085.000000 691.000000 0.453115 0.337605
247.000000 692.000000 -0.391901 0.331998
261.000000 692.000000 -0.376162 0.330442
1022.000000 693.000000 0.380291 0.332061
1220.000000 693.000000 0.629260 0.361864
259.000000 695.000000 -0.378727 0.333932
1016.000000 695.000000 0.373795 0.333583
250.000000 696.000000 -0.388964 0.336039
255.000000 696.000000 -0.383327 0.335472
944.000000 696.000000 0.296060 0.327739
1007.000000 697.000000 0.364003 0.334791
1200.000000 698.000000 0.602337 0.364133
1260.000000 698.000000 0.687426 0.375335
246.000000 699.000000 -0.393844 0.339800
345.000000 699.000000 -0.286380 0.330054
732.000000 699.000000 0.086792 0.319900
1218.000000 699.000000 0.627564 0.368649
198.000000 700.000000 -0.449921 0.347026
897.000000 700.000000 0.247865 0.328396
1243.000000 700.000000 0.663256 0.374553
250.000000 701.000000 -0.389541 0.341536
848.000000 701.000000 0.198843 0.326417
974.000000 701.000000 0.328381 0.335791
421.000000 702.000000 -0.209375 0.327986
998.000000 702.000000 0.354598 0.339287
195.000000 703.000000 -0.453937 0.350825
245.000000 703.000000 -0.395455 0.344334
254.000000 703.000000 -0.385252 0.343275
1240.000000 703.000000 0.659524 0.377605
248.000000 705.000000 -0.392281 0.346189
259.000000 705.000000 -0.379852 0.344904
718.000000 705.000000 0.073660 0.325766
868.000000 706.000000 0.219022 0.332823
870.000000 706.000000 0.221024 0.332947
243.000000 709.000000 -0.398464 0.351233
255.000000 709.000000 -0.384824 0.349788
651.000000 709.000000 0.010522 0.329117
1126.000000 709.000000 0.506365 0.364193
1247.000000 709.000000 0.670720 0.386209
105.000000 710.000000 -0.569307 0.373394
253.000000 711.000000 -0.387325 0.352244
107.000000 712.000000 -0.566992 0.375400
111.000000 712.000000 -0.561658 0.374682
248.000000 712.000000 -0.393126 0.353960
1239.000000 714.000000 0.660207 0.390744
111.000000 715.000000 -0.562197 0.378233
145.000000 715.000000 -0.517807 0.372308
229.000000 715.000000 -0.415373 0.359729
231.000000 715.000000 -0.413050 0.359467
298.000000 715.000000 -0.337840 0.351645
378.000000 715.000000 -0.253565 0.344571
103.000000 716.000000 -0.573080 0.380876
108.000000 716.000000 -0.566380 0.379962
