420.000000 3.000000 -0.211229 -0.342513
755.000000 3.000000 0.109170 -0.337797
1110.000000 3.000000 0.487487 -0.369520
1150.000000 3.000000 0.538580 -0.376243
1241.000000 3.000000 0.663671 -0.393462
1259.000000 3.000000 0.689620 -0.396964
866.000000 4.000000 0.217611 -0.341930
1144.000000 4.000000 0.530587 -0.374018
1018.000000 5.000000 0.378267 -0.354477
1036.000000 5.000000 0.398731 -0.356679
1234.000000 5.000000 0.653271 -0.389659
878.000000 6.000000 0.229547 -0.340585
1239.000000 6.000000 0.660221 -0.389417
244.000000 7.000000 -0.397764 -0.354209
975.000000 7.000000 0.330591 -0.347571
1000.000000 7.000000 0.357941 -0.350205
987.000000 8.000000 0.343538 -0.347708
1003.000000 8.000000 0.361154 -0.349435
1114.000000 9.000000 0.491529 -0.363221
991.000000 10.000000 0.347706 -0.345938
995.000000 10.000000 0.352098 -0.346363
1020.000000 10.000000 0.379931 -0.349167
1081.000000 10.000000 0.450907 -0.357102
399.000000 11.000000 -0.231785 -0.335369
879.000000 11.000000 0.230224 -0.335349
891.000000 11.000000 0.242360 -0.336161
505.000000 12.000000 -0.127684 -0.329038
947.000000 12.000000 0.300205 -0.339506
1111.000000 12.000000 0.487316 -0.359297
39.000000 13.000000 -0.660205 -0.380804
995.000000 13.000000 0.351779 -0.343077
1005.000000 13.000000 0.362820 -0.344156
1122.000000 13.000000 0.500939 -0.359877
1093.000000 14.000000 0.464851 -0.354294
1250.000000 14.000000 0.674487 -0.381818
40.000000 15.000000 -0.658396 -0.378197
941.000000 15.000000 0.293630 -0.335760
1134.000000 15.000000 0.515850 -0.359504
1170.000000 15.000000 0.562879 -0.365646
1189.000000 15.000000 0.588514 -0.369074
1015.000000 16.000000 0.373627 -0.341974
1250.000000 16.000000 0.674105 -0.379392
1027.000000 17.000000 0.387016 -0.342250
1104.000000 17.000000 0.477883 -0.352507
1106.000000 17.000000 0.480350 -0.352807
1200.000000 17.000000 0.603236 -0.368725
1234.000000 17.000000 0.650957 -0.375131
1243.000000 17.000000 0.663836 -0.376847
876.000000 18.000000 0.226756 -0.327771
885.000000 18.000000 0.235814 -0.328352
904.000000 18.000000 0.255101 -0.329660
1087.000000 18.000000 0.456998 -0.348893
1191.000000 18.000000 0.590695 -0.365883
1251.000000 18.000000 0.675168 -0.377159
1199.000000 19.000000 0.601487 -0.366163
63.000000 21.000000 -0.624761 -0.366670
936.000000 21.000000 0.287897 -0.328930
1248.000000 21.000000 0.670271 -0.372963
985.000000 22.000000 0.339935 -0.332267
987.000000 22.000000 0.342108 -0.332465
1133.000000 22.000000 0.513444 -0.351264
1188.000000 22.000000 0.585882 -0.360611
1208.000000 22.000000 0.613391 -0.364256
64.000000 23.000000 -0.622994 -0.364102
1124.000000 23.000000 0.501886 -0.348702
1145.000000 24.000000 0.528515 -0.350894
1159.000000 24.000000 0.546755 -0.353217
1205.000000 24.000000 0.608859 -0.361329
1251.000000 24.000000 0.674035 -0.369908
1102.000000 25.000000 0.474246 -0.343128
1132.000000 25.000000 0.511696 -0.347660
784.000000 26.000000 0.136208 -0.314962
908.000000 26.000000 0.258614 -0.321501
1161.000000 26.000000 0.549048 -0.351230
43.000000 27.000000 -0.651868 -0.363210
1095.000000 27.000000 0.465417 -0.339873
1099.000000 27.000000 0.470289 -0.340439
991.000000 28.000000 0.345868 -0.326380
1148.000000 28.000000 0.531744 -0.346768
1192.000000 29.000000 0.590083 -0.353085
44.000000 30.000000 -0.649892 -0.359442
1133.000000 30.000000 0.512186 -0.342094
1149.000000 30.000000 0.532716 -0.344627
1190.000000 30.000000 0.587181 -0.351559
403.000000 32.000000 -0.226456 -0.313097
1147.000000 34.000000 0.529489 -0.339714
1166.000000 34.000000 0.554306 -0.342796
1119.000000 35.000000 0.493809 -0.334302
1192.000000 35.000000 0.589029 -0.346054
1263.000000 35.000000 0.689407 -0.358891
1074.000000 36.000000 0.439040 -0.327015
1081.000000 36.000000 0.447349 -0.327918
290.000000 37.000000 -0.343318 -0.316453
1147.000000 37.000000 0.529016 -0.336281
1180.000000 37.000000 0.572453 -0.341665
1264.000000 37.000000 0.690500 -0.356672
1118.000000 38.000000 0.492126 -0.330771
1160.000000 38.000000 0.545756 -0.337204
34.000000 39.000000 -0.662531 -0.350539
929.000000 39.000000 0.279234 -0.309372
991.000000 39.000000 0.344806 -0.314577
1101.000000 39.000000 0.471050 -0.327254
1177.000000 39.000000 0.568096 -0.338843
1073.000000 40.000000 0.437353 -0.322472
1209.000000 40.000000 0.611533 -0.343174
1211.000000 40.000000 0.614311 -0.343526
1273.000000 40.000000 0.703119 -0.354698
1112.000000 41.000000 0.484262 -0.326544
1117.000000 41.000000 0.490452 -0.327253
1163.000000 41.000000 0.549209 -0.334242
568.000000 42.000000 -0.067164 -0.296814
1115.000000 42.000000 0.487830 -0.325847
1155.000000 42.000000 0.538591 -0.331824
1125.000000 44.000000 0.499997 -0.325030
1132.000000 44.000000 0.508803 -0.326050
535.000000 46.000000 -0.098145 -0.293437
1121.000000 46.000000 0.494715 -0.322212
1167.000000 46.000000 0.553673 -0.329151
993.000000 47.000000 0.346229 -0.306243
1129.000000 47.000000 0.504584 -0.322235
1255.000000 47.000000 0.675606 -0.343099
1274.000000 47.000000 0.703337 -0.346485
1068.000000 48.000000 0.430502 -0.313082
1167.000000 50.000000 0.553038 -0.324577
1275.000000 50.000000 0.704276 -0.343074
1065.000000 51.000000 0.426646 -0.309456
1125.000000 51.000000 0.498999 -0.317181
1271.000000 52.000000 0.698052 -0.339985
1132.000000 53.000000 0.507499 -0.315933
850.000000 54.000000 0.198990 -0.289133
1215.000000 55.000000 0.617283 -0.326688
1168.000000 56.000000 0.553419 -0.317898
1208.000000 56.000000 0.607400 -0.324348
1233.000000 57.000000 0.642266 -0.327432
1140.000000 58.000000 0.516906 -0.311476
1073.000000 59.000000 0.435059 -0.301695
906.000000 60.000000 0.254335 -0.286067
903.000000 61.000000 0.251248 -0.284860
1117.000000 61.000000 0.487701 -0.304974
1167.000000 62.000000 0.551188 -0.310943
1101.000000 63.000000 0.467903 -0.300714
47.000000 64.000000 -0.639661 -0.318858
1063.000000 64.000000 0.422847 -0.295159
1065.000000 64.000000 0.425164 -0.295380
1067.000000 64.000000 0.427486 -0.295603
1097.000000 64.000000 0.462955 -0.299124
39.000000 65.000000 -0.650847 -0.319035
1099.000000 65.000000 0.465240 -0.298278
1160.000000 65.000000 0.541596 -0.306518
30.000000 66.000000 -0.663558 -0.319381
1104.000000 67.000000 0.471036 -0.296711
1162.000000 67.000000 0.543906 -0.304563
50.000000 68.000000 -0.634764 -0.313718
313.000000 68.000000 -0.316137 -0.281897
1040.000000 68.000000 0.396157 -0.288460
1118.000000 68.000000 0.488018 -0.297389
1188.000000 68.000000 0.578183 -0.307350
1234.000000 68.000000 0.641821 -0.314772
19.000000 70.000000 -0.678770 -0.316543
819.000000 72.000000 0.168142 -0.269688
1001.000000 72.000000 0.352678 -0.280623
1047.000000 72.000000 0.403672 -0.284913
1126.000000 72.000000 0.497401 -0.294027
1171.000000 72.000000 0.554956 -0.300262
1240.000000 72.000000 0.649700 -0.311121
1085.000000 73.000000 0.447572 -0.287930
1224.000000 73.000000 0.626882 -0.307340
1080.000000 74.000000 0.441563 -0.286287
1156.000000 74.000000 0.535123 -0.295870
1170.000000 74.000000 0.553349 -0.297870
1242.000000 75.000000 0.652063 -0.307967
959.000000 76.000000 0.307682 -0.273178
1152.000000 76.000000 0.529698 -0.293089
1172.000000 76.000000 0.555688 -0.295917
1201.000000 76.000000 0.594565 -0.300261
66.000000 77.000000 -0.611000 -0.300796
1048.000000 77.000000 0.404305 -0.279707
1145.000000 77.000000 0.520623 -0.291027
1203.000000 77.000000 0.597144 -0.299432
1046.000000 78.000000 0.401941 -0.278451
1124.000000 78.000000 0.494151 -0.287188
1209.000000 78.000000 0.605226 -0.299223
1223.000000 78.000000 0.624676 -0.301428
1128.000000 79.000000 0.498987 -0.286600
959.000000 80.000000 0.307398 -0.269073
1064.000000 80.000000 0.422292 -0.278145
1207.000000 80.000000 0.602165 -0.296636
1155.000000 81.000000 0.532867 -0.287953
24.000000 82.000000 -0.669563 -0.301725
908.000000 82.000000 0.255056 -0.263811
995.000000 82.000000 0.345371 -0.269725
1007.000000 82.000000 0.358343 -0.270710
1072.000000 82.000000 0.431342 -0.276851
1119.000000 82.000000 0.487488 -0.282201
899.000000 83.000000 0.245977 -0.262307
1146.000000 83.000000 0.521094 -0.284538
1207.000000 83.000000 0.601705 -0.293226
960.000000 84.000000 0.308161 -0.265048
1006.000000 84.000000 0.357090 -0.268550
1122.000000 84.000000 0.490934 -0.280392
1172.000000 84.000000 0.554546 -0.286971
1233.000000 84.000000 0.637804 -0.296123
1003.000000 85.000000 0.353757 -0.267266
1132.000000 85.000000 0.503210 -0.280542
1145.000000 85.000000 0.519562 -0.282206
1056.000000 86.000000 0.412514 -0.270979
1210.000000 86.000000 0.605375 -0.290277
1082.000000 88.000000 0.442385 -0.271514
1200.000000 88.000000 0.591391 -0.286521
1141.000000 89.000000 0.513991 -0.277304
1226.000000 89.000000 0.627160 -0.289307
1212.000000 90.000000 0.607529 -0.286045
1018.000000 92.000000 0.369508 -0.261253
1140.000000 92.000000 0.512354 -0.273900
961.000000 93.000000 0.308589 -0.255940
1035.000000 93.000000 0.388196 -0.261677
998.000000 94.000000 0.347651 -0.257582
1086.000000 94.000000 0.446452 -0.265549
1195.000000 94.000000 0.583748 -0.279055
1262.000000 94.000000 0.677881 -0.289169
264.000000 95.000000 -0.366470 -0.257840
818.000000 95.000000 0.166370 -0.246864
827.000000 95.000000 0.174993 -0.247174
949.000000 95.000000 0.296020 -0.253129
820.000000 96.000000 0.168249 -0.245948
934.000000 96.000000 0.280573 -0.251200
1145.000000 96.000000 0.518160 -0.270160
1218.000000 96.000000 0.614938 -0.280147
952.000000 97.000000 0.298990 -0.251297
1102.000000 97.000000 0.465128 -0.264062
1152.000000 97.000000 0.526924 -0.269946
1249.000000 97.000000 0.658600 -0.283694
1072.000000 98.000000 0.429712 -0.259893
1214.000000 98.000000 0.609107 -0.277301
165.000000 99.000000 -0.479750 -0.263147
1146.000000 99.000000 0.519053 -0.267014
1242.000000 99.000000 0.648269 -0.280335
1071.000000 100.000000 0.428360 -0.257689
1190.000000 100.000000 0.576187 -0.271658
1042.000000 101.000000 0.395306 -0.253967
1050.000000 101.000000 0.404296 -0.254677
39.000000 102.000000 -0.644986 -0.276415
1023.000000 102.000000 0.374164 -0.251327
1069.000000 102.000000 0.425861 -0.255395
1090.000000 102.000000 0.450335 -0.257475
1165.000000 102.000000 0.542996 -0.266125
1194.000000 102.000000 0.581280 -0.269984
1034.000000 103.000000 0.386220 -0.251206
1134.000000 103.000000 0.503517 -0.261234
1140.000000 103.000000 0.511012 -0.261943
1101.000000 104.000000 0.463182 -0.256496
1024.000000 105.000000 0.375019 -0.248316
1120.000000 105.000000 0.486026 -0.257485
1091.000000 106.000000 0.451107 -0.253345
1133.000000 106.000000 0.501926 -0.257883
1138.000000 106.000000 0.508154 -0.258463
1226.000000 107.000000 0.624481 -0.268892
1249.000000 107.000000 0.657089 -0.272255
1111.000000 108.000000 0.474767 -0.253301
1173.000000 109.000000 0.552510 -0.259471
1216.000000 109.000000 0.610296 -0.265225
1183.000000 110.000000 0.565532 -0.259657
953.000000 111.000000 0.299158 -0.237259
1217.000000 111.000000 0.611399 -0.263125
1241.000000 111.000000 0.645066 -0.266536
1254.000000 111.000000 0.663697 -0.268432
1047.000000 112.000000 0.399960 -0.242995
1050.000000 113.000000 0.403244 -0.242216
1062.000000 113.000000 0.416829 -0.243260
1049.000000 115.000000 0.401951 -0.240064
979.000000 116.000000 0.325904 -0.233853
1098.000000 116.000000 0.458388 -0.243495
1188.000000 117.000000 0.571265 -0.252602
1076.000000 118.000000 0.432443 -0.239315
1161.000000 118.000000 0.535867 -0.248192
28.000000 120.000000 -0.658070 -0.257584
936.000000 120.000000 0.281256 -0.227316
1136.000000 120.000000 0.504081 -0.243199
971.000000 121.000000 0.317213 -0.228325
1072.000000 121.000000 0.427564 -0.235836
1123.000000 121.000000 0.487966 -0.240747
1143.000000 121.000000 0.512701 -0.242898
1176.000000 121.000000 0.554940 -0.246732
1121.000000 122.000000 0.485423 -0.239478
1166.000000 122.000000 0.541829 -0.244450
1237.000000 122.000000 0.637839 -0.253564
15.000000 123.000000 -0.676406 -0.256009
1028.000000 123.000000 0.378006 -0.230184
1083.000000 125.000000 0.439924 -0.232660
1203.000000 125.000000 0.590375 -0.245713
1218.000000 125.000000 0.610884 -0.247655
1230.000000 125.000000 0.627576 -0.249251
1029.000000 126.000000 0.378879 -0.227202
1062.000000 127.000000 0.415626 -0.228772
1069.000000 128.000000 0.423518 -0.228328
1179.000000 128.000000 0.558028 -0.239479
1229.000000 128.000000 0.625776 -0.245771
1232.000000 128.000000 0.629980 -0.246169
711.000000 129.000000 0.065385 -0.211651
17.000000 130.000000 -0.672535 -0.247797
956.000000 130.000000 0.301154 -0.218475
1060.000000 130.000000 0.413112 -0.225521
1091.000000 130.000000 0.448812 -0.228178
1114.000000 130.000000 0.476142 -0.230332
1190.000000 130.000000 0.572311 -0.238619
1168.000000 131.000000 0.543369 -0.234957
1201.000000 131.000000 0.586920 -0.238869
1202.000000 133.000000 0.588023 -0.236800
1204.000000 133.000000 0.590726 -0.237046
1074.000000 134.000000 0.428743 -0.222557
1076.000000 134.000000 0.431042 -0.222725
931.000000 135.000000 0.275429 -0.212238
1046.000000 136.000000 0.396925 -0.218287
1075.000000 136.000000 0.429725 -0.220579
1174.000000 136.000000 0.550576 -0.230245
1176.000000 136.000000 0.553179 -0.230471
1166.000000 137.000000 0.540122 -0.228280
1172.000000 137.000000 0.547868 -0.228944
1162.000000 139.000000 0.534777 -0.225703
1238.000000 139.000000 0.636992 -0.234698
1064.000000 140.000000 0.416846 -0.215584
1160.000000 140.000000 0.532117 -0.224421
872.000000 141.000000 0.216790 -0.203900
1090.000000 141.000000 0.446678 -0.216680
1106.000000 141.000000 0.465536 -0.218079
849.000000 142.000000 0.194532 -0.202154
9.000000 143.000000 -0.682435 -0.234188
1159.000000 143.000000 0.530528 -0.221115
35.000000 144.000000 -0.644898 -0.229741
1257.000000 144.000000 0.663477 -0.231559
20.000000 145.000000 -0.666220 -0.230524
1234.000000 145.000000 0.630604 -0.227539
1221.000000 146.000000 0.612382 -0.224851
1227.000000 146.000000 0.620698 -0.225576
1056.000000 147.000000 0.407288 -0.207838
1230.000000 147.000000 0.624757 -0.224839
1146.000000 149.000000 0.513536 -0.213440
1180.000000 149.000000 0.556964 -0.216924
1182.000000 149.000000 0.559580 -0.217139
1194.000000 150.000000 0.575315 -0.217375
1081.000000 152.000000 0.435341 -0.204632
1191.000000 152.000000 0.571112 -0.214888
1216.000000 152.000000 0.604799 -0.217693
1126.000000 153.000000 0.488515 -0.207371
1234.000000 153.000000 0.629632 -0.218710
1264.000000 153.000000 0.672474 -0.222370
1086.000000 154.000000 0.440963 -0.202975
1189.000000 154.000000 0.568250 -0.212520
1210.000000 154.000000 0.596384 -0.214830
1176.000000 155.000000 0.551124 -0.210082
1208.000000 156.000000 0.593447 -0.212435
20.000000 157.000000 -0.664731 -0.217132
31.000000 157.000000 -0.648988 -0.215815
889.000000 157.000000 0.232792 -0.189061
1030.000000 157.000000 0.377837 -0.195970
1183.000000 157.000000 0.560042 -0.208669
1232.000000 157.000000 0.626361 -0.214076
1238.000000 158.000000 0.634661 -0.213678
1269.000000 158.000000 0.679141 -0.217394
1207.000000 159.000000 0.591763 -0.209075
1234.000000 159.000000 0.628927 -0.212113
976.000000 160.000000 0.320226 -0.189908
1254.000000 160.000000 0.657177 -0.213357
994.000000 161.000000 0.339007 -0.189872
1221.000000 161.000000 0.610644 -0.208449
1102.000000 162.000000 0.459026 -0.196029
1137.000000 162.000000 0.501169 -0.198963
1269.000000 162.000000 0.678657 -0.212924
1246.000000 163.000000 0.645397 -0.209102
1254.000000 164.000000 0.656706 -0.208926
1106.000000 165.000000 0.463512 -0.193264
1196.000000 165.000000 0.576373 -0.201444
1244.000000 165.000000 0.642328 -0.206669
1032.000000 166.000000 0.379459 -0.187098
1034.000000 166.000000 0.381643 -0.187220
1207.000000 166.000000 0.591012 -0.201514
1005.000000 167.000000 0.350326 -0.184544
1233.000000 168.000000 0.626512 -0.202147
1143.000000 169.000000 0.507963 -0.192189
1264.000000 169.000000 0.670557 -0.204545
995.000000 170.000000 0.339583 -0.181052
1130.000000 170.000000 0.491914 -0.190047
1239.000000 170.000000 0.634705 -0.200622
33.000000 171.000000 -0.644546 -0.200165
1201.000000 171.000000 0.582432 -0.195521
1058.000000 172.000000 0.407804 -0.182721
1193.000000 172.000000 0.571688 -0.193654
1210.000000 172.000000 0.594445 -0.195363
1242.000000 172.000000 0.638715 -0.198763
817.000000 173.000000 0.163253 -0.171721
1245.000000 173.000000 0.642850 -0.197996
1096.000000 174.000000 0.451080 -0.183300
1122.000000 174.000000 0.481902 -0.185269
1152.000000 175.000000 0.518649 -0.186708
1198.000000 175.000000 0.578030 -0.190943
1213.000000 175.000000 0.598209 -0.192439
1221.000000 175.000000 0.609139 -0.193260
1234.000000 175.000000 0.627151 -0.194623
1238.000000 176.000000 0.632648 -0.193960
1155.000000 178.000000 0.522152 -0.183833
1248.000000 178.000000 0.646567 -0.192843
1250.000000 178.000000 0.649415 -0.193058
1163.000000 179.000000 0.532164 -0.183477
1264.000000 180.000000 0.669325 -0.192372
1209.000000 181.000000 0.592194 -0.185599
1257.000000 181.000000 0.659113 -0.190516
1097.000000 182.000000 0.451679 -0.175237
1191.000000 182.000000 0.568094 -0.182826
1223.000000 182.000000 0.611176 -0.185904
1109.000000 183.000000 0.465706 -0.175066
1184.000000 184.000000 0.558737 -0.180073
1189.000000 185.000000 0.565190 -0.179466
1228.000000 185.000000 0.617778 -0.183164
1014.000000 186.000000 0.358916 -0.166292
1164.000000 186.000000 0.532836 -0.176242
1002.000000 187.000000 0.346117 -0.164719
1117.000000 187.000000 0.474927 -0.171558
1131.000000 187.000000 0.491788 -0.172587
1104.000000 188.000000 0.459460 -0.169628
1190.000000 188.000000 0.566234 -0.176383
1041.000000 189.000000 0.387968 -0.164755
1062.000000 189.000000 0.411232 -0.165949
1202.000000 189.000000 0.582040 -0.176403
1157.000000 190.000000 0.523672 -0.171503
971.000000 191.000000 0.313622 -0.159436
1118.000000 192.000000 0.475766 -0.166527
1199.000000 192.000000 0.577773 -0.172948
1254.000000 192.000000 0.653673 -0.178156
901.000000 193.000000 0.243341 -0.154998
1132.000000 194.000000 0.492487 -0.165476
1186.000000 194.000000 0.560475 -0.169709
1208.000000 194.000000 0.589630 -0.171627
1055.000000 195.000000 0.403082 -0.159576
1117.000000 195.000000 0.474366 -0.163401
1189.000000 195.000000 0.564314 -0.168910
1095.000000 196.000000 0.448424 -0.160943
1108.000000 197.000000 0.463564 -0.160769
1274.000000 197.000000 0.682121 -0.174673
1157.000000 198.000000 0.523049 -0.163206
1051.000000 199.000000 0.398433 -0.155393
1176.000000 199.000000 0.547105 -0.163645
1193.000000 201.000000 0.569065 -0.162928
1156.000000 203.000000 0.521423 -0.157962
1102.000000 205.000000 0.456018 -0.152309
938.000000 206.000000 0.279572 -0.143787
1082.000000 206.000000 0.432862 -0.150133
1177.000000 208.000000 0.547694 -0.154339
959.000000 209.000000 0.300660 -0.141632
1011.000000 209.000000 0.354645 -0.143661
1171.000000 209.000000 0.539934 -0.152853
34.000000 210.000000 -0.639282 -0.157682
1163.000000 211.000000 0.529642 -0.150206
1170.000000 211.000000 0.538513 -0.150707
1187.000000 211.000000 0.560414 -0.151966
1253.000000 212.000000 0.650366 -0.156328
16.000000 213.000000 -0.664638 -0.156016
1039.000000 213.000000 0.384571 -0.141003
1180.000000 213.000000 0.551187 -0.149358
1097.000000 214.000000 0.449671 -0.142977
1191.000000 214.000000 0.565414 -0.149132
37.000000 215.000000 -0.634642 -0.152049
108.000000 216.000000 -0.539737 -0.145537
1182.000000 216.000000 0.553552 -0.146383
1268.000000 216.000000 0.671593 -0.153302
1011.000000 217.000000 0.354311 -0.135887
1167.000000 217.000000 0.534280 -0.144290
1261.000000 217.000000 0.661389 -0.151607
1264.000000 217.000000 0.665714 -0.151866
1069.000000 218.000000 0.417508 -0.137517
1203.000000 218.000000 0.580959 -0.145842
1138.000000 219.000000 0.498113 -0.140349
1170.000000 219.000000 0.537951 -0.142430
1132.000000 221.000000 0.490706 -0.137953
1199.000000 221.000000 0.575428 -0.142398
1228.000000 221.000000 0.614580 -0.144594
1071.000000 222.000000 0.419560 -0.133658
1005.000000 223.000000 0.347734 -0.129841
1269.000000 223.000000 0.672447 -0.145770
1150.000000 224.000000 0.512540 -0.135995
1060.000000 225.000000 0.407122 -0.130183
1076.000000 225.000000 0.425053 -0.130933
1139.000000 225.000000 0.498968 -0.134310
1158.000000 225.000000 0.522427 -0.135471
1216.000000 228.000000 0.597669 -0.136279
965.000000 229.000000 0.306103 -0.122704
1169.000000 229.000000 0.536025 -0.132057
1187.000000 229.000000 0.559134 -0.133222
1209.000000 229.000000 0.588170 -0.134728
1211.000000 229.000000 0.590854 -0.134869
1144.000000 230.000000 0.504790 -0.129523
1146.000000 230.000000 0.507246 -0.129640
1155.000000 230.000000 0.518378 -0.130172
1236.000000 230.000000 0.624964 -0.135629
1269.000000 230.000000 0.671877 -0.138171
1079.000000 231.000000 0.428165 -0.125140
1267.000000 231.000000 0.668899 -0.136930
1209.000000 232.000000 0.587961 -0.131580
1252.000000 233.000000 0.647230 -0.133622
1058.000000 234.000000 0.404509 -0.121258
1214.000000 234.000000 0.594544 -0.129824
1261.000000 234.000000 0.660012 -0.133226
1073.000000 235.000000 0.421209 -0.120921
38.000000 236.000000 -0.631614 -0.129525
1081.000000 236.000000 0.430205 -0.120289
914.000000 237.000000 0.254900 -0.113745
1113.000000 238.000000 0.467107 -0.119804
1168.000000 238.000000 0.534212 -0.122755
1133.000000 239.000000 0.490909 -0.119809
1263.000000 239.000000 0.662517 -0.127987
818.000000 240.000000 0.162976 -0.109165
1151.000000 240.000000 0.512845 -0.119755
1197.000000 240.000000 0.571503 -0.122442
1247.000000 240.000000 0.639644 -0.125767
1273.000000 241.000000 0.676859 -0.126556
1162.000000 242.000000 0.526429 -0.118322
1246.000000 242.000000 0.638095 -0.123563
1225.000000 243.000000 0.608881 -0.121092
1183.000000 244.000000 0.553022 -0.117461
1251.000000 244.000000 0.645020 -0.121772
1253.000000 244.000000 0.647858 -0.121910
1256.000000 244.000000 0.652129 -0.122117
1245.000000 245.000000 0.636484 -0.120299
1083.000000 247.000000 0.432004 -0.109523
1123.000000 247.000000 0.478521 -0.111277
1134.000000 248.000000 0.491667 -0.110795
1180.000000 248.000000 0.548935 -0.113174
1234.000000 248.000000 0.620943 -0.116396
1265.000000 248.000000 0.664765 -0.118439
1275.000000 248.000000 0.679281 -0.119123
29.000000 249.000000 -0.643356 -0.116293
1257.000000 250.000000 0.653151 -0.115759
1155.000000 251.000000 0.517224 -0.108794
1235.000000 251.000000 0.622139 -0.113288
1267.000000 252.000000 0.667387 -0.114271
1270.000000 252.000000 0.671732 -0.114468
1153.000000 253.000000 0.514647 -0.106668
1176.000000 253.000000 0.543545 -0.107828
1095.000000 254.000000 0.445440 -0.103101
1255.000000 254.000000 0.650043 -0.111355
1070.000000 255.000000 0.417040 -0.101165
1210.000000 256.000000 0.587804 -0.106568
1252.000000 256.000000 0.645657 -0.109035
1233.000000 257.000000 0.619010 -0.106836
1276.000000 257.000000 0.680147 -0.109464
1121.000000 258.000000 0.475655 -0.100194
1140.000000 259.000000 0.498429 -0.100009
1164.000000 259.000000 0.528063 -0.101108
1198.000000 260.000000 0.571676 -0.101773
1072.000000 261.000000 0.419067 -0.095367
1245.000000 261.000000 0.635485 -0.103306
1113.000000 263.000000 0.466010 -0.094896
1168.000000 263.000000 0.532906 -0.097226
1255.000000 263.000000 0.649499 -0.101759
1159.000000 267.000000 0.521452 -0.092766
1169.000000 267.000000 0.533987 -0.093202
1251.000000 267.000000 0.643601 -0.097281
1126.000000 268.000000 0.481202 -0.090421
1172.000000 268.000000 0.537736 -0.092318
1223.000000 268.000000 0.604700 -0.094745
1228.000000 268.000000 0.611527 -0.095002
1122.000000 270.000000 0.476369 -0.088279
1227.000000 270.000000 0.610056 -0.092856
1164.000000 274.000000 0.527404 -0.085886
1073.000000 275.000000 0.419740 -0.081731
1148.000000 275.000000 0.507538 -0.084252
1202.000000 275.000000 0.576222 -0.086475
1255.000000 275.000000 0.648850 -0.088998
1196.000000 276.000000 0.568291 -0.085182
1164.000000 277.000000 0.527285 -0.082849
13.000000 279.000000 -0.664430 -0.085229
1175.000000 279.000000 0.541084 -0.081249
1247.000000 281.000000 0.637255 -0.082259
1000.000000 282.000000 0.340770 -0.073172
1227.000000 283.000000 0.609449 -0.079268
1250.000000 284.000000 0.641342 -0.079227
1169.000000 285.000000 0.533267 -0.074934
1245.000000 286.000000 0.634226 -0.076897
1004.000000 287.000000 0.344845 -0.068498
1178.000000 287.000000 0.544604 -0.073225
564.000000 288.000000 -0.068516 -0.064432
1237.000000 288.000000 0.622997 -0.074459
591.000000 289.000000 -0.044072 -0.063452
1224.000000 292.000000 0.604997 -0.069771
1104.000000 293.000000 0.454547 -0.064971
1165.000000 294.000000 0.527944 -0.065702
1149.000000 297.000000 0.508038 -0.062214
1170.000000 298.000000 0.534104 -0.061812
17.000000 299.000000 -0.657847 -0.063791
1170.000000 300.000000 0.534046 -0.059790
1115.000000 305.000000 0.467084 -0.053421
24.000000 308.000000 -0.647595 -0.054040
1046.000000 308.000000 0.389214 -0.049193
1129.000000 308.000000 0.483582 -0.050761
21.000000 309.000000 -0.651817 -0.053076
27.000000 310.000000 -0.643300 -0.051843
885.000000 310.000000 0.225614 -0.045389
1193.000000 311.000000 0.563188 -0.049235
1035.000000 312.000000 0.377268 -0.045190
1126.000000 312.000000 0.479926 -0.046738
1182.000000 312.000000 0.548974 -0.047951
32.000000 313.000000 -0.636195 -0.048549
541.000000 313.000000 -0.089326 -0.041856
1176.000000 315.000000 0.541258 -0.044776
1185.000000 316.000000 0.552731 -0.043958
1187.000000 316.000000 0.555305 -0.044002
1228.000000 317.000000 0.609678 -0.043915
1143.000000 318.000000 0.500234 -0.041107
1078.000000 319.000000 0.424380 -0.039069
1097.000000 319.000000 0.445944 -0.039350
1227.000000 319.000000 0.608266 -0.041816
1192.000000 323.000000 0.561628 -0.036980
34.000000 324.000000 -0.633138 -0.036974
1134.000000 324.000000 0.489270 -0.034995
1159.000000 325.000000 0.519744 -0.034388
1124.000000 327.000000 0.477304 -0.031885
1130.000000 327.000000 0.484439 -0.031966
42.000000 328.000000 -0.621965 -0.032642
47.000000 329.000000 -0.615076 -0.031513
1100.000000 331.000000 0.449234 -0.027665
1182.000000 332.000000 0.548601 -0.027678
32.000000 333.000000 -0.635767 -0.027588
1197.000000 333.000000 0.567975 -0.026868
26.000000 334.000000 -0.644175 -0.026632
45.000000 335.000000 -0.617725 -0.025310
60.000000 335.000000 -0.597343 -0.025103
22.000000 336.000000 -0.649799 -0.024587
26.000000 336.000000 -0.644146 -0.024531
29.000000 337.000000 -0.639912 -0.023441
1184.000000 338.000000 0.551089 -0.021624
31.000000 339.000000 -0.637083 -0.021319
1105.000000 339.000000 0.454929 -0.019890
1082.000000 340.000000 0.428655 -0.018744
1200.000000 340.000000 0.571816 -0.019758
1018.000000 342.000000 0.358870 -0.016442
1083.000000 342.000000 0.429769 -0.016810
1105.000000 342.000000 0.454906 -0.016955
1167.000000 342.000000 0.529506 -0.017426
29.000000 343.000000 -0.639843 -0.017151
1091.000000 343.000000 0.438830 -0.015888
1172.000000 344.000000 0.535774 -0.015453
3.000000 345.000000 -0.676958 -0.015286
32.000000 345.000000 -0.635622 -0.015028
1102.000000 345.000000 0.451422 -0.014003
29.000000 346.000000 -0.639816 -0.014006
62.000000 346.000000 -0.594543 -0.013749
264.000000 346.000000 -0.356214 -0.012630
1171.000000 346.000000 0.534500 -0.013433
7.000000 348.000000 -0.671138 -0.012066
1210.000000 348.000000 0.584956 -0.011652
517.000000 349.000000 -0.111139 -0.009325
1138.000000 349.000000 0.493832 -0.010252
1188.000000 349.000000 0.556143 -0.010503
5.000000 350.000000 -0.674019 -0.009956
1217.000000 350.000000 0.594301 -0.009636
1131.000000 351.000000 0.485425 -0.008243
1172.000000 352.000000 0.535729 -0.007397
1206.000000 352.000000 0.579631 -0.007531
7.000000 353.000000 -0.671109 -0.006761
1132.000000 353.000000 0.486613 -0.006269
993.000000 354.000000 0.332714 -0.005012
1047.000000 355.000000 0.389882 -0.004143
1173.000000 356.000000 0.536980 -0.003372
1093.000000 357.000000 0.441060 -0.002271
1120.000000 357.000000 0.472361 -0.002299
1203.000000 358.000000 0.575657 -0.001384
1179.000000 360.000000 0.544584 0.000658
1241.000000 360.000000 0.627064 0.000664
1274.000000 363.000000 0.673975 0.003855
67.000000 364.000000 -0.587819 0.004767
70.000000 364.000000 -0.583834 0.004760
1162.000000 364.000000 0.523195 0.004665
1093.000000 365.000000 0.441063 0.005517
1239.000000 365.000000 0.624297 0.005874
67.000000 368.000000 -0.587832 0.008874
1092.000000 368.000000 0.439930 0.008435
1154.000000 369.000000 0.513312 0.009642
1137.000000 371.000000 0.492630 0.011555
1139.000000 371.000000 0.495041 0.011565
1139.000000 373.000000 0.495051 0.013549
1192.000000 373.000000 0.561329 0.013877
1034.000000 374.000000 0.375882 0.013998
1173.000000 375.000000 0.537032 0.015768
1168.000000 376.000000 0.530747 0.016738
1238.000000 376.000000 0.622979 0.017329
1148.000000 377.000000 0.506004 0.017585
898.000000 378.000000 0.237962 0.017231
1257.000000 378.000000 0.649644 0.019614
40.000000 379.000000 -0.624542 0.020454
43.000000 379.000000 -0.620404 0.020421
1141.000000 382.000000 0.497537 0.022499
1212.000000 385.000000 0.587752 0.026346
40.000000 386.000000 -0.624633 0.027749
42.000000 388.000000 -0.621902 0.029802
45.000000 388.000000 -0.617774 0.029754
55.000000 388.000000 -0.604138 0.029598
68.000000 389.000000 -0.586710 0.030427
1162.000000 389.000000 0.523389 0.029729
1180.000000 389.000000 0.546066 0.029979
1257.000000 392.000000 0.649853 0.034363
55.000000 394.000000 -0.604240 0.035804
58.000000 394.000000 -0.600186 0.035748
1196.000000 394.000000 0.566785 0.035314
1260.000000 395.000000 0.654186 0.037589
55.000000 396.000000 -0.604279 0.037874
1133.000000 396.000000 0.488078 0.036288
1173.000000 398.000000 0.537326 0.038960
1052.000000 399.000000 0.395569 0.038083
1162.000000 399.000000 0.523547 0.039765
54.000000 401.000000 -0.605741 0.043072
57.000000 401.000000 -0.601680 0.043004
60.000000 405.000000 -0.597730 0.047069
1253.000000 405.000000 0.644481 0.047968
1134.000000 406.000000 0.489452 0.046222
1096.000000 408.000000 0.444923 0.047475
1136.000000 409.000000 0.491918 0.049242
1141.000000 409.000000 0.497956 0.049348
1026.000000 411.000000 0.367691 0.049214
1015.000000 413.000000 0.356060 0.050954
1087.000000 415.000000 0.434790 0.054137
1149.000000 417.000000 0.507889 0.057521
1198.000000 417.000000 0.569940 0.058870
1209.000000 417.000000 0.584460 0.059200
1054.000000 418.000000 0.398056 0.056401
1236.000000 418.000000 0.621104 0.061097
1088.000000 421.000000 0.436053 0.060011
1232.000000 421.000000 0.615693 0.064094
33.000000 424.000000 -0.635352 0.067699
984.000000 424.000000 0.323961 0.060897
1111.000000 424.000000 0.462626 0.063502
33.000000 429.000000 -0.635546 0.072958
867.000000 429.000000 0.208580 0.064005
981.000000 430.000000 0.320981 0.066513
1033.000000 430.000000 0.375522 0.067517
1099.000000 430.000000 0.448862 0.069092
915.000000 431.000000 0.254931 0.066431
1134.000000 431.000000 0.490077 0.071078
1090.000000 432.000000 0.438600 0.070812
81.000000 436.000000 -0.570856 0.078325
1049.000000 436.000000 0.392979 0.073653
1052.000000 436.000000 0.396258 0.073727
1225.000000 437.000000 0.606733 0.080510
1000.000000 438.000000 0.340781 0.074460
1091.000000 440.000000 0.439967 0.078678
1138.000000 440.000000 0.495194 0.080190
150.000000 441.000000 -0.484804 0.080850
1066.000000 441.000000 0.411830 0.078937
1129.000000 443.000000 0.484473 0.082870
1080.000000 449.000000 0.427751 0.087154
1274.000000 449.000000 0.676411 0.095604
564.000000 450.000000 -0.068588 0.082042
1150.000000 452.000000 0.510289 0.092692
1273.000000 453.000000 0.675179 0.099846
1083.000000 454.000000 0.431310 0.092151
1089.000000 455.000000 0.438170 0.093340
1112.000000 455.000000 0.464777 0.094181
1127.000000 455.000000 0.482531 0.094765
1071.000000 456.000000 0.417863 0.093703
1090.000000 458.000000 0.439419 0.096327
1157.000000 460.000000 0.519295 0.101083
1079.000000 461.000000 0.427030 0.098876
1110.000000 461.000000 0.462668 0.100058
1003.000000 463.000000 0.344529 0.098377
1087.000000 465.000000 0.436257 0.103106
1050.000000 468.000000 0.395023 0.104679
1053.000000 468.000000 0.398315 0.104784
1060.000000 469.000000 0.406075 0.106011
971.000000 471.000000 0.311659 0.105125
44.000000 473.000000 -0.622549 0.118778
48.000000 476.000000 -0.617227 0.121689
1194.000000 476.000000 0.567342 0.119434
989.000000 477.000000 0.330350 0.111360
41.000000 478.000000 -0.627037 0.124272
963.000000 478.000000 0.303704 0.111558
1192.000000 478.000000 0.564846 0.121386
1092.000000 481.000000 0.442653 0.119125
1107.000000 481.000000 0.460039 0.119826
46.000000 482.000000 -0.620387 0.128171
1244.000000 482.000000 0.635580 0.129022
1047.000000 483.000000 0.392297 0.119177
1075.000000 483.000000 0.423396 0.120343
44.000000 484.000000 -0.623291 0.130431
1151.000000 484.000000 0.513091 0.125142
1088.000000 486.000000 0.438298 0.123897
1081.000000 489.000000 0.430457 0.126540
959.000000 490.000000 0.299992 0.122857
1079.000000 490.000000 0.428235 0.127436
1096.000000 491.000000 0.447741 0.129253
1257.000000 491.000000 0.654679 0.139642
1119.000000 492.000000 0.474748 0.131457
4.000000 493.000000 -0.680848 0.143143
1032.000000 493.000000 0.376393 0.128321
7.000000 494.000000 -0.676563 0.143987
127.000000 494.000000 -0.515267 0.135343
997.000000 494.000000 0.339245 0.127945
105.000000 495.000000 -0.542974 0.137766
109.000000 495.000000 -0.537887 0.137504
4.000000 496.000000 -0.681094 0.146410
132.000000 496.000000 -0.509218 0.137078
1266.000000 496.000000 0.668028 0.145772
80.000000 497.000000 -0.575546 0.141562
110.000000 497.000000 -0.536750 0.139500
82.000000 498.000000 -0.572981 0.142464
84.000000 498.000000 -0.570352 0.142321
108.000000 498.000000 -0.539354 0.140663
6.000000 500.000000 -0.678517 0.150600
8.000000 500.000000 -0.675610 0.150430
1229.000000 500.000000 0.616059 0.147070
85.000000 502.000000 -0.569329 0.146428
110.000000 502.000000 -0.537085 0.144657
1258.000000 503.000000 0.657096 0.152686
63.000000 504.000000 -0.598787 0.150203
70.000000 504.000000 -0.589365 0.149657
105.000000 504.000000 -0.543587 0.147072
109.000000 504.000000 -0.538492 0.146792
61.000000 505.000000 -0.601575 0.151420
1060.000000 505.000000 0.407620 0.141344
105.000000 506.000000 -0.543728 0.149144
107.000000 506.000000 -0.541177 0.149002
1167.000000 506.000000 0.534515 0.148714
1226.000000 506.000000 0.612412 0.153218
106.000000 510.000000 -0.542741 0.153220
1066.000000 510.000000 0.414575 0.146595
108.000000 511.000000 -0.540264 0.154111
1084.000000 511.000000 0.435006 0.148562
1076.000000 512.000000 0.425953 0.149116
1230.000000 512.000000 0.618434 0.159961
81.000000 514.000000 -0.575519 0.159322
118.000000 514.000000 -0.527832 0.156488
1140.000000 514.000000 0.501432 0.155068
79.000000 515.000000 -0.578247 0.160538
950.000000 516.000000 0.291734 0.147401
40.000000 517.000000 -0.631510 0.166024
1037.000000 517.000000 0.382896 0.152034
1062.000000 518.000000 0.410524 0.154319
86.000000 519.000000 -0.569338 0.164177
1207.000000 519.000000 0.587699 0.165438
92.000000 520.000000 -0.561570 0.164737
894.000000 520.000000 0.236311 0.149431
1199.000000 520.000000 0.577108 0.165815
896.000000 521.000000 0.238291 0.150437
1037.000000 521.000000 0.383097 0.155972
1067.000000 521.000000 0.416294 0.157579
994.000000 522.000000 0.337222 0.154923
1131.000000 523.000000 0.491090 0.163654
1217.000000 523.000000 0.601566 0.170573
1023.000000 526.000000 0.368190 0.160187
1141.000000 526.000000 0.503516 0.167458
1148.000000 526.000000 0.512158 0.167985
1242.000000 526.000000 0.636465 0.176137
212.000000 527.000000 -0.417105 0.163519
1109.000000 527.000000 0.465041 0.166211
1197.000000 527.000000 0.575059 0.173045
1145.000000 529.000000 0.508673 0.170854
1174.000000 531.000000 0.545385 0.175274
1135.000000 532.000000 0.496616 0.173185
90.000000 533.000000 -0.565289 0.178594
92.000000 533.000000 -0.562673 0.178417
1100.000000 533.000000 0.454871 0.171689
84.000000 534.000000 -0.573270 0.180191
88.000000 535.000000 -0.568092 0.180889
1230.000000 536.000000 0.620674 0.185781
176.000000 537.000000 -0.459081 0.175904
1069.000000 537.000000 0.419503 0.173694
983.000000 538.000000 0.326458 0.170010
1040.000000 538.000000 0.387293 0.172952
1004.000000 539.000000 0.348556 0.172004
1070.000000 539.000000 0.420760 0.175766
1194.000000 539.000000 0.572177 0.185501
1257.000000 539.000000 0.659131 0.191854
1048.000000 540.000000 0.396217 0.175409
1072.000000 540.000000 0.423091 0.176900
29.000000 544.000000 -0.649695 0.196455
1225.000000 545.000000 0.614674 0.195013
1252.000000 545.000000 0.652615 0.197907
75.000000 546.000000 -0.586382 0.193837
176.000000 546.000000 -0.459731 0.185076
922.000000 546.000000 0.264751 0.175197
1223.000000 546.000000 0.612020 0.195887
1249.000000 546.000000 0.648445 0.198677
963.000000 547.000000 0.306211 0.177867
1188.000000 547.000000 0.565029 0.193437
1191.000000 547.000000 0.568979 0.193728
59.000000 548.000000 -0.608255 0.197621
83.000000 548.000000 -0.575919 0.195184
361.000000 548.000000 -0.261415 0.176950
1221.000000 548.000000 0.609479 0.197843
79.000000 550.000000 -0.581436 0.197722
175.000000 550.000000 -0.461207 0.189241
1194.000000 551.000000 0.573342 0.198294
61.000000 552.000000 -0.605941 0.201738
65.000000 553.000000 -0.600595 0.202396
111.000000 554.000000 -0.540045 0.198851
178.000000 554.000000 -0.457985 0.193108
109.000000 555.000000 -0.542701 0.200098
1170.000000 555.000000 0.542416 0.200190
1221.000000 555.000000 0.610230 0.205437
103.000000 556.000000 -0.550522 0.201738
181.000000 556.000000 -0.454621 0.194925
1034.000000 557.000000 0.381860 0.191531
182.000000 558.000000 -0.453606 0.196897
187.000000 558.000000 -0.447772 0.196511
1083.000000 558.000000 0.436919 0.195892
70.000000 559.000000 -0.594459 0.208349
177.000000 559.000000 -0.459552 0.198316
1250.000000 559.000000 0.651350 0.213116
1191.000000 560.000000 0.570291 0.207625
1228.000000 560.000000 0.620466 0.211668
193.000000 561.000000 -0.441044 0.199120
998.000000 561.000000 0.343373 0.193379
178.000000 562.000000 -0.458615 0.201320
185.000000 562.000000 -0.450413 0.200763
190.000000 562.000000 -0.444595 0.200373
1129.000000 562.000000 0.491759 0.203756
70.000000 563.000000 -0.594896 0.212679
1191.000000 563.000000 0.570607 0.210846
58.000000 564.000000 -0.611372 0.215110
1180.000000 564.000000 0.556259 0.210764
201.000000 565.000000 -0.432137 0.202597
1270.000000 565.000000 0.680983 0.222215
1274.000000 565.000000 0.686843 0.222711
1254.000000 566.000000 0.657919 0.221360
366.000000 568.000000 -0.257237 0.196094
368.000000 568.000000 -0.255251 0.196013
1037.000000 568.000000 0.385863 0.202764
55.000000 569.000000 -0.616083 0.220925
200.000000 569.000000 -0.433592 0.206761
1161.000000 569.000000 0.532288 0.214146
1249.000000 569.000000 0.651126 0.224081
158.000000 570.000000 -0.483135 0.211303
209.000000 571.000000 -0.423455 0.208113
1093.000000 571.000000 0.449550 0.210001
181.000000 572.000000 -0.455911 0.211382
183.000000 572.000000 -0.453563 0.211214
689.000000 572.000000 0.044994 0.194699
178.000000 573.000000 -0.459528 0.212670
185.000000 573.000000 -0.451304 0.212079
227.000000 573.000000 -0.403312 0.208811
198.000000 574.000000 -0.436289 0.212044
206.000000 574.000000 -0.427107 0.211411
212.000000 574.000000 -0.420274 0.210946
1162.000000 574.000000 0.534075 0.219567
1186.000000 575.000000 0.565309 0.223223
176.000000 576.000000 -0.462149 0.215951
181.000000 576.000000 -0.456251 0.215518
202.000000 576.000000 -0.431847 0.213777
198.000000 577.000000 -0.436532 0.215128
213.000000 577.000000 -0.419371 0.213935
1184.000000 577.000000 0.562900 0.225157
195.000000 578.000000 -0.440081 0.216404
203.000000 578.000000 -0.430860 0.215750
1257.000000 578.000000 0.663751 0.235140
43.000000 579.000000 -0.634010 0.233407
377.000000 579.000000 -0.246791 0.206337
1232.000000 579.000000 0.628323 0.233058
189.000000 580.000000 -0.447222 0.218972
203.000000 580.000000 -0.431022 0.217805
1095.000000 580.000000 0.452658 0.219474
1175.000000 580.000000 0.551465 0.227388
1264.000000 580.000000 0.674154 0.238303
195.000000 582.000000 -0.440416 0.220530
234.000000 582.000000 -0.396173 0.217443
1045.000000 582.000000 0.395699 0.217498
46.000000 583.000000 -0.630310 0.237465
199.000000 583.000000 -0.435874 0.221225
1205.000000 583.000000 0.591624 0.234127
1260.000000 583.000000 0.668746 0.241153
193.000000 584.000000 -0.442908 0.222768
1034.000000 585.000000 0.383750 0.219740
1204.000000 585.000000 0.590514 0.236195
1258.000000 585.000000 0.666118 0.243138
200.000000 586.000000 -0.434973 0.224238
203.000000 586.000000 -0.431518 0.223985
197.000000 587.000000 -0.438526 0.225528
209.000000 587.000000 -0.424726 0.224516
1177.000000 587.000000 0.554863 0.235167
1201.000000 587.000000 0.586707 0.238019
1248.000000 587.000000 0.652008 0.244050
1256.000000 587.000000 0.663499 0.245123
51.000000 588.000000 -0.623970 0.242374
241.000000 588.000000 -0.388863 0.223029
1130.000000 588.000000 0.495449 0.231145
200.000000 589.000000 -0.435230 0.227340
1078.000000 589.000000 0.433643 0.227323
1138.000000 589.000000 0.505431 0.233028
839.000000 590.000000 0.185340 0.214717
1166.000000 590.000000 0.540942 0.237147
1181.000000 590.000000 0.560453 0.238885
1195.000000 590.000000 0.579015 0.240568
1133.000000 591.000000 0.499451 0.234632
204.000000 592.000000 -0.430879 0.230100
296.000000 592.000000 -0.329906 0.223324
365.000000 592.000000 -0.259286 0.219588
1160.000000 593.000000 0.533583 0.239698
1190.000000 593.000000 0.572711 0.243236
1271.000000 593.000000 0.686141 0.253978
195.000000 594.000000 -0.441461 0.232966
201.000000 594.000000 -0.434510 0.232434
1075.000000 594.000000 0.430617 0.232241
1156.000000 594.000000 0.528594 0.240323
1170.000000 594.000000 0.546571 0.241929
202.000000 596.000000 -0.433532 0.234421
1112.000000 596.000000 0.474365 0.237787
1251.000000 596.000000 0.657534 0.254590
204.000000 597.000000 -0.431315 0.235283
207.000000 597.000000 -0.427866 0.235020
194.000000 598.000000 -0.442988 0.237223
198.000000 598.000000 -0.438338 0.236859
9.000000 599.000000 -0.685433 0.260470
1194.000000 599.000000 0.578799 0.250312
1207.000000 599.000000 0.596356 0.251989
205.000000 600.000000 -0.430430 0.238311
197.000000 601.000000 -0.439773 0.240078
207.000000 601.000000 -0.428219 0.239172
918.000000 601.000000 0.263164 0.228688
728.000000 602.000000 0.081248 0.223696
1137.000000 602.000000 0.505585 0.246787
1180.000000 602.000000 0.560594 0.251841
202.000000 603.000000 -0.434162 0.241706
1192.000000 603.000000 0.576635 0.254457
193.000000 604.000000 -0.444713 0.243588
204.000000 604.000000 -0.431944 0.242566
1059.000000 604.000000 0.413195 0.241213
1162.000000 605.000000 0.537549 0.252907
1176.000000 605.000000 0.555717 0.254623
1230.000000 605.000000 0.628974 0.261798
202.000000 607.000000 -0.434531 0.245882
323.000000 607.000000 -0.302704 0.236709
942.000000 607.000000 0.287785 0.235931
1227.000000 607.000000 0.625052 0.263625
198.000000 608.000000 -0.439265 0.247305
179.000000 610.000000 -0.461803 0.251278
197.000000 610.000000 -0.440619 0.249498
251.000000 610.000000 -0.379536 0.244760
323.000000 610.000000 -0.302885 0.239720
182.000000 611.000000 -0.458343 0.252031
249.000000 611.000000 -0.381819 0.245949
253.000000 611.000000 -0.377418 0.245629
921.000000 611.000000 0.266695 0.238769
62.000000 612.000000 -0.611956 0.267661
64.000000 612.000000 -0.609201 0.267382
1010.000000 612.000000 0.359562 0.245469
61.000000 614.000000 -0.613618 0.270045
1009.000000 614.000000 0.358631 0.247440
178.000000 615.000000 -0.463510 0.256680
256.000000 616.000000 -0.374527 0.250533
370.000000 616.000000 -0.255464 0.243090
55.000000 617.000000 -0.622369 0.274279
179.000000 617.000000 -0.462527 0.258700
253.000000 617.000000 -0.377902 0.251807
1060.000000 617.000000 0.415498 0.254834
62.000000 618.000000 -0.612806 0.274399
65.000000 618.000000 -0.608671 0.273970
258.000000 618.000000 -0.372498 0.252432
1142.000000 618.000000 0.513686 0.264609
178.000000 619.000000 -0.463931 0.260934
57.000000 620.000000 -0.620022 0.277376
176.000000 620.000000 -0.466429 0.262213
328.000000 620.000000 -0.298341 0.249480
1239.000000 620.000000 0.643865 0.280083
63.000000 621.000000 -0.611858 0.277633
174.000000 621.000000 -0.468934 0.263496
1164.000000 621.000000 0.542129 0.270635
1219.000000 622.000000 0.616059 0.279378
75.000000 623.000000 -0.595703 0.278157
181.000000 623.000000 -0.460782 0.264875
1040.000000 623.000000 0.393463 0.259285
1074.000000 623.000000 0.432171 0.262482
1163.000000 623.000000 0.541095 0.272704
1152.000000 625.000000 0.527220 0.273480
177.000000 626.000000 -0.465884 0.268514
180.000000 626.000000 -0.462298 0.268186
74.000000 627.000000 -0.597640 0.282795
165.000000 627.000000 -0.480473 0.270935
999.000000 628.000000 0.348921 0.261045
1174.000000 628.000000 0.556103 0.279697
1015.000000 629.000000 0.366350 0.263369
242.000000 630.000000 -0.391204 0.266250
1163.000000 630.000000 0.542021 0.280422
120.000000 631.000000 -0.537246 0.280855
163.000000 631.000000 -0.483372 0.275483
167.000000 631.000000 -0.478505 0.275017
117.000000 632.000000 -0.541249 0.282359
123.000000 632.000000 -0.533523 0.281561
1092.000000 632.000000 0.454233 0.273935
1113.000000 632.000000 0.479476 0.276319
1127.000000 632.000000 0.496668 0.277997
11.000000 633.000000 -0.687634 0.299332
127.000000 633.000000 -0.528537 0.282136
168.000000 633.000000 -0.477524 0.277059
239.000000 633.000000 -0.394831 0.269664
1149.000000 633.000000 0.524429 0.281875
14.000000 634.000000 -0.683421 0.300018
357.000000 634.000000 -0.269545 0.261859
240.000000 635.000000 -0.393896 0.271670
262.000000 635.000000 -0.369532 0.269707
353.000000 635.000000 -0.273664 0.263109
1036.000000 635.000000 0.390077 0.271465
1097.000000 635.000000 0.460523 0.277711
127.000000 636.000000 -0.528933 0.285443
163.000000 636.000000 -0.483964 0.280897
238.000000 636.000000 -0.396232 0.272906
966.000000 636.000000 0.314474 0.266796
1021.000000 636.000000 0.373530 0.271162
1238.000000 636.000000 0.644917 0.298258
13.000000 637.000000 -0.685358 0.303669
16.000000 637.000000 -0.680992 0.303187
124.000000 637.000000 -0.532907 0.286948
243.000000 637.000000 -0.390727 0.273491
337.000000 637.000000 -0.290152 0.266138
1036.000000 637.000000 0.390262 0.273563
70.000000 638.000000 -0.604748 0.295828
74.000000 638.000000 -0.599270 0.295221
168.000000 638.000000 -0.478112 0.282469
238.000000 638.000000 -0.396420 0.275010
241.000000 638.000000 -0.393056 0.274728
267.000000 638.000000 -0.364322 0.272403
1143.000000 638.000000 0.517465 0.286592
1233.000000 638.000000 0.638140 0.299765
17.000000 639.000000 -0.679862 0.305354
1200.000000 639.000000 0.592470 0.295779
165.000000 640.000000 -0.482005 0.285000
238.000000 640.000000 -0.396610 0.277117
243.000000 640.000000 -0.391006 0.276644
264.000000 640.000000 -0.367774 0.274746
1000.000000 640.000000 0.350964 0.273538
240.000000 641.000000 -0.394460 0.277980
12.000000 642.000000 -0.687626 0.309667
14.000000 643.000000 -0.684875 0.310509
132.000000 643.000000 -0.523495 0.292509
393.000000 643.000000 -0.233937 0.268947
1228.000000 643.000000 0.631881 0.304721
153.000000 644.000000 -0.497258 0.290858
244.000000 644.000000 -0.390266 0.280763
247.000000 644.000000 -0.386917 0.280479
268.000000 644.000000 -0.363748 0.278577
999.000000 644.000000 0.350216 0.277615
1127.000000 644.000000 0.498173 0.291109
12.000000 645.000000 -0.688117 0.313178
1008.000000 645.000000 0.360072 0.279427
17.000000 646.000000 -0.681006 0.313524
129.000000 646.000000 -0.527728 0.296243
136.000000 646.000000 -0.518822 0.295290
250.000000 646.000000 -0.383765 0.282305
253.000000 646.000000 -0.380433 0.282025
267.000000 646.000000 -0.365016 0.280757
1237.000000 646.000000 0.645108 0.309647
19.000000 647.000000 -0.678269 0.314364
21.000000 647.000000 -0.675372 0.314033
242.000000 647.000000 -0.392793 0.284123
1139.000000 647.000000 0.513603 0.295993
1142.000000 647.000000 0.517400 0.296398
1160.000000 647.000000 0.540482 0.298901
1181.000000 647.000000 0.568086 0.301968
1214.000000 647.000000 0.612954 0.307077
1226.000000 647.000000 0.629712 0.309009
151.000000 648.000000 -0.500257 0.295510
1010.000000 648.000000 0.362520 0.282743
1178.000000 648.000000 0.564247 0.302648
244.000000 649.000000 -0.390746 0.286046
252.000000 649.000000 -0.381824 0.285280
309.000000 649.000000 -0.320162 0.280426
1015.000000 649.000000 0.368090 0.284242
1138.000000 649.000000 0.512611 0.298072
1187.000000 649.000000 0.576413 0.305138
1232.000000 649.000000 0.638505 0.312302
72.000000 650.000000 -0.603866 0.309204
132.000000 650.000000 -0.524451 0.300275
260.000000 650.000000 -0.373064 0.285589
1090.000000 650.000000 0.453902 0.293100
1129.000000 650.000000 0.501447 0.297973
75.000000 651.000000 -0.599913 0.309874
129.000000 651.000000 -0.528422 0.301806
255.000000 651.000000 -0.378684 0.287109
103.000000 652.000000 -0.562394 0.306698
115.000000 652.000000 -0.546642 0.304925
222.000000 652.000000 -0.415980 0.291471
77.000000 653.000000 -0.597496 0.311846
107.000000 653.000000 -0.557266 0.307229
126.000000 653.000000 -0.532551 0.304463
130.000000 653.000000 -0.527423 0.303897
260.000000 653.000000 -0.373342 0.288752
292.000000 653.000000 -0.338553 0.285936
1124.000000 653.000000 0.495618 0.300623
68.000000 654.000000 -0.610012 0.314434
222.000000 654.000000 -0.416192 0.293613
237.000000 654.000000 -0.399115 0.292051
258.000000 654.000000 -0.375645 0.289996
231.000000 655.000000 -0.406018 0.293734
260.000000 655.000000 -0.373529 0.290864
1145.000000 655.000000 0.522322 0.305711
102.000000 656.000000 -0.564323 0.311376
116.000000 656.000000 -0.545926 0.309277
1221.000000 656.000000 0.624175 0.318593
73.000000 657.000000 -0.603614 0.317077
231.000000 657.000000 -0.406226 0.295874
1067.000000 657.000000 0.427646 0.298027
1224.000000 657.000000 0.628550 0.320253
81.000000 658.000000 -0.592840 0.316938
116.000000 658.000000 -0.546222 0.311531
221.000000 658.000000 -0.417773 0.298016
234.000000 658.000000 -0.402923 0.296630
255.000000 658.000000 -0.379352 0.294519
260.000000 658.000000 -0.373813 0.294039
278.000000 658.000000 -0.354089 0.292381
280.000000 658.000000 -0.351918 0.292203
1221.000000 658.000000 0.624508 0.320912
71.000000 659.000000 -0.606689 0.319706
122.000000 659.000000 -0.538577 0.311772
182.000000 659.000000 -0.463746 0.303640
991.000000 659.000000 0.342859 0.292619
120.000000 660.000000 -0.541317 0.313193
173.000000 660.000000 -0.474753 0.305871
1085.000000 660.000000 0.449146 0.303376
132.000000 661.000000 -0.526005 0.312564
258.000000 661.000000 -0.376315 0.297414
81.000000 662.000000 -0.593485 0.321533
130.000000 662.000000 -0.528711 0.313976
134.000000 662.000000 -0.523595 0.313397
237.000000 662.000000 -0.399941 0.300600
245.000000 663.000000 -0.391021 0.300842
1172.000000 663.000000 0.558582 0.318732
76.000000 664.000000 -0.600642 0.324655
136.000000 664.000000 -0.521334 0.315353
205.000000 664.000000 -0.437037 0.306318
223.000000 664.000000 -0.416132 0.304262
235.000000 664.000000 -0.402420 0.302958
272.000000 664.000000 -0.361180 0.299265
138.000000 665.000000 -0.518934 0.316187
1151.000000 665.000000 0.531465 0.317804
123.000000 666.000000 -0.538323 0.319522
147.000000 666.000000 -0.507702 0.316024
214.000000 666.000000 -0.426762 0.307444
173.000000 667.000000 -0.475661 0.313592
243.000000 667.000000 -0.393686 0.305336
1083.000000 667.000000 0.447624 0.310782
140.000000 668.000000 -0.516828 0.319267
146.000000 668.000000 -0.509244 0.318405
224.000000 668.000000 -0.415428 0.308475
1085.000000 668.000000 0.450126 0.312125
328.000000 669.000000 -0.301747 0.299763
645.000000 669.000000 0.004821 0.288548
155.000000 670.000000 -0.498251 0.319372
277.000000 670.000000 -0.356276 0.305164
291.000000 671.000000 -0.341180 0.304941
119.000000 672.000000 -0.544436 0.326942
136.000000 672.000000 -0.522506 0.324362
143.000000 672.000000 -0.513608 0.323331
238.000000 672.000000 -0.399875 0.311255
283.000000 673.000000 -0.350022 0.307792
298.000000 675.000000 -0.334006 0.308553
1082.000000 675.000000 0.447434 0.319447
1099.000000 675.000000 0.467856 0.321656
1169.000000 675.000000 0.556513 0.331970
142.000000 676.000000 -0.515464 0.327991
283.000000 676.000000 -0.350303 0.310985
291.000000 676.000000 -0.341632 0.310244
1230.000000 676.000000 0.640297 0.343528
892.000000 677.000000 0.241304 0.304037
938.000000 677.000000 0.288289 0.307192
1129.000000 677.000000 0.505213 0.328092
1173.000000 677.000000 0.562139 0.334918
342.000000 678.000000 -0.287859 0.308111
281.000000 679.000000 -0.352766 0.314377
287.000000 679.000000 -0.346239 0.313808
305.000000 679.000000 -0.326865 0.312176
1097.000000 679.000000 0.465967 0.325835
325.000000 680.000000 -0.305762 0.311544
956.000000 680.000000 0.307346 0.311767
129.000000 681.000000 -0.532864 0.335650
157.000000 681.000000 -0.497325 0.331434
301.000000 681.000000 -0.331323 0.314654
1126.000000 681.000000 0.502029 0.332167
1188.000000 681.000000 0.582936 0.342051
132.000000 682.000000 -0.529153 0.336325
305.000000 682.000000 -0.327130 0.315360
884.000000 682.000000 0.233576 0.308725
1113.000000 682.000000 0.485972 0.331408
1170.000000 682.000000 0.558978 0.340190
279.000000 683.000000 -0.355339 0.318856
282.000000 683.000000 -0.352061 0.318563
408.000000 683.000000 -0.221211 0.308956
1087.000000 683.000000 0.454442 0.328950
110.000000 684.000000 -0.558172 0.342143
127.000000 684.000000 -0.535922 0.339396
152.000000 684.000000 -0.504026 0.335557
154.000000 684.000000 -0.501516 0.335261
262.000000 684.000000 -0.374195 0.321658
284.000000 684.000000 -0.349977 0.319442
298.000000 684.000000 -0.334818 0.318122
399.000000 684.000000 -0.230249 0.310518
883.000000 684.000000 0.232695 0.310739
133.000000 685.000000 -0.528335 0.339596
329.000000 685.000000 -0.301968 0.316498
871.000000 685.000000 0.220763 0.311065
953.000000 685.000000 0.304601 0.316805
1188.000000 685.000000 0.583623 0.346711
154.000000 686.000000 -0.501813 0.337526
265.000000 686.000000 -0.371071 0.323506
281.000000 686.000000 -0.353447 0.321882
791.000000 686.000000 0.142662 0.308346
111.000000 687.000000 -0.557346 0.345446
278.000000 687.000000 -0.356831 0.323256
302.000000 687.000000 -0.330794 0.320959
446.000000 687.000000 -0.183961 0.311102
113.000000 688.000000 -0.554871 0.346271
208.000000 688.000000 -0.436453 0.332301
297.000000 688.000000 -0.336266 0.322491
305.000000 689.000000 -0.327759 0.322822
1005.000000 689.000000 0.360955 0.325900
154.000000 690.000000 -0.502413 0.342068
299.000000 690.000000 -0.334298 0.324447
344.000000 690.000000 -0.286705 0.320585
440.000000 690.000000 -0.189980 0.314487
909.000000 690.000000 0.259390 0.318707
1047.000000 691.000000 0.408467 0.332753
263.000000 692.000000 -0.373931 0.330226
302.000000 692.000000 -0.331256 0.326312
307.000000 692.000000 -0.325891 0.325850
310.000000 692.000000 -0.322683 0.325577
327.000000 692.000000 -0.304653 0.324090
1186.000000 692.000000 0.582131 0.354551
129.000000 693.000000 -0.534775 0.349422
159.000000 693.000000 -0.496601 0.344727
177.000000 693.000000 -0.474347 0.342086
344.000000 693.000000 -0.286941 0.323760
1070.000000 693.000000 0.435525 0.337843
1136.000000 693.000000 0.516522 0.347355
270.000000 694.000000 -0.366369 0.331654
314.000000 694.000000 -0.318597 0.327357
322.000000 694.000000 -0.310103 0.326651
102.000000 695.000000 -0.570674 0.356279
265.000000 695.000000 -0.372028 0.333277
299.000000 695.000000 -0.334770 0.329819
302.000000 695.000000 -0.331537 0.329535
311.000000 695.000000 -0.321887 0.328700
342.000000 696.000000 -0.289264 0.327105
1152.000000 696.000000 0.537638 0.353403
102.000000 697.000000 -0.571022 0.358621
265.000000 697.000000 -0.372245 0.335458
269.000000 697.000000 -0.367797 0.335026
97.000000 698.000000 -0.577914 0.360670
197.000000 698.000000 -0.450844 0.344915
227.000000 698.000000 -0.415517 0.340992
301.000000 698.000000 -0.332900 0.332861
313.000000 698.000000 -0.320026 0.331738
124.000000 699.000000 -0.542269 0.357194
129.000000 699.000000 -0.535760 0.356361
158.000000 699.000000 -0.498766 0.351725
317.000000 699.000000 -0.315853 0.332448
338.000000 699.000000 -0.293689 0.330627
302.000000 700.000000 -0.332014 0.334924
327.000000 700.000000 -0.305340 0.332633
1130.000000 700.000000 0.509993 0.354446
133.000000 701.000000 -0.530909 0.358018
321.000000 701.000000 -0.311781 0.334237
371.000000 701.000000 -0.259697 0.330184
302.000000 702.000000 -0.332207 0.337086
327.000000 702.000000 -0.305515 0.334778
339.000000 702.000000 -0.292892 0.333749
645.000000 702.000000 0.004865 0.321915
989.000000 702.000000 0.344737 0.338356
126.000000 703.000000 -0.540332 0.361512
265.000000 703.000000 -0.372906 0.342026
358.000000 703.000000 -0.273213 0.333284
973.000000 703.000000 0.327496 0.337857
306.000000 704.000000 -0.328090 0.338865
335.000000 704.000000 -0.297258 0.336230
341.000000 705.000000 -0.291050 0.336793
372.000000 705.000000 -0.258966 0.334353
164.000000 706.000000 -0.492344 0.358821
263.000000 706.000000 -0.375479 0.345549
322.000000 706.000000 -0.311171 0.339529
359.000000 706.000000 -0.272414 0.336403
1050.000000 706.000000 0.413794 0.349755
303.000000 707.000000 -0.331615 0.342410
322.000000 708.000000 -0.311354 0.341689
342.000000 708.000000 -0.290256 0.339927
352.000000 708.000000 -0.279826 0.339099
1120.000000 708.000000 0.498627 0.362073
327.000000 709.000000 -0.306139 0.342315
348.000000 709.000000 -0.284072 0.340498
1054.000000 709.000000 0.418837 0.353631
1149.000000 709.000000 0.535923 0.368032
198.000000 710.000000 -0.451322 0.358326
267.000000 710.000000 -0.371460 0.349505
286.000000 710.000000 -0.350426 0.347420
708.000000 710.000000 0.064289 0.330734
163.000000 711.000000 -0.494377 0.364733
325.000000 711.000000 -0.308442 0.344659
1149.000000 711.000000 0.536268 0.370374
159.000000 712.000000 -0.499554 0.366525
290.000000 712.000000 -0.346254 0.349190
345.000000 712.000000 -0.287456 0.343975
1044.000000 712.000000 0.407614 0.355697
317.000000 713.000000 -0.317153 0.347576
320.000000 713.000000 -0.313949 0.347292
1049.000000 713.000000 0.413538 0.357467
349.000000 714.000000 -0.283446 0.345792
865.000000 714.000000 0.216516 0.341091
187.000000 715.000000 -0.465361 0.365637
291.000000 715.000000 -0.345477 0.352378
344.000000 715.000000 -0.288759 0.347296
1133.000000 715.000000 0.516275 0.372327
192.000000 716.000000 -0.459434 0.366037
286.000000 716.000000 -0.351069 0.354014
349.000000 716.000000 -0.283615 0.347949
356.000000 716.000000 -0.276324 0.347365
