520.000000 3.000000 -0.113591 -0.337902
1004.000000 3.000000 0.362827 -0.355072
1116.000000 3.000000 0.494997 -0.370485
1122.000000 3.000000 0.502561 -0.371466
1228.000000 3.000000 0.645125 -0.390919
1098.000000 4.000000 0.472471 -0.366485
1041.000000 5.000000 0.404483 -0.357315
1064.000000 6.000000 0.431201 -0.359247
1164.000000 6.000000 0.556499 -0.375194
1228.000000 6.000000 0.644540 -0.387276
12.000000 7.000000 -0.700247 -0.393243
767.000000 7.000000 0.120547 -0.334016
868.000000 7.000000 0.219426 -0.338875
1013.000000 7.000000 0.372415 -0.351673
1218.000000 7.000000 0.630216 -0.384127
1168.000000 8.000000 0.561463 -0.373548
1244.000000 8.000000 0.667003 -0.387954
870.000000 9.000000 0.221305 -0.336884
955.000000 9.000000 0.308950 -0.343469
1215.000000 9.000000 0.625617 -0.381137
1091.000000 10.000000 0.463005 -0.358556
12.000000 12.000000 -0.699306 -0.387141
228.000000 12.000000 -0.415573 -0.350646
933.000000 12.000000 0.285508 -0.338304
1236.000000 12.000000 0.654769 -0.381554
1248.000000 12.000000 0.671986 -0.383863
1032.000000 13.000000 0.393170 -0.347270
1139.000000 14.000000 0.522427 -0.361488
1149.000000 14.000000 0.535369 -0.363168
1169.000000 14.000000 0.561723 -0.366646
1224.000000 14.000000 0.637332 -0.376838
1026.000000 15.000000 0.386119 -0.344341
1087.000000 15.000000 0.457426 -0.352289
1105.000000 15.000000 0.479417 -0.354940
57.000000 16.000000 -0.634111 -0.373773
940.000000 16.000000 0.292496 -0.334604
1140.000000 16.000000 0.523382 -0.359332
975.000000 17.000000 0.329605 -0.336699
1136.000000 17.000000 0.518082 -0.357516
1225.000000 17.000000 0.638175 -0.373420
1258.000000 17.000000 0.685490 -0.379699
13.000000 18.000000 -0.696731 -0.379656
787.000000 18.000000 0.139386 -0.323316
889.000000 18.000000 0.239855 -0.328618
1134.000000 18.000000 0.515362 -0.356035
1016.000000 20.000000 0.374298 -0.337696
1109.000000 20.000000 0.483610 -0.349837
950.000000 21.000000 0.302583 -0.330106
1236.000000 21.000000 0.653052 -0.370695
1016.000000 23.000000 0.373965 -0.334414
976.000000 24.000000 0.330012 -0.329240
1136.000000 25.000000 0.516793 -0.348293
1155.000000 25.000000 0.541345 -0.351386
1159.000000 25.000000 0.546587 -0.352055
1165.000000 25.000000 0.554496 -0.353070
1235.000000 25.000000 0.650872 -0.365703
1238.000000 25.000000 0.655157 -0.366265
1133.000000 27.000000 0.512654 -0.345525
408.000000 28.000000 -0.221702 -0.316962
1005.000000 28.000000 0.361217 -0.327797
1036.000000 28.000000 0.395948 -0.331201
1075.000000 28.000000 0.441262 -0.336028
1232.000000 28.000000 0.646039 -0.361553
1255.000000 28.000000 0.679074 -0.365836
1259.000000 28.000000 0.684878 -0.366579
805.000000 29.000000 0.156324 -0.312681
814.000000 29.000000 0.165040 -0.313058
1001.000000 29.000000 0.356709 -0.326304
1112.000000 29.000000 0.485988 -0.340060
1247.000000 29.000000 0.667329 -0.363145
1266.000000 29.000000 0.694884 -0.366669
763.000000 30.000000 0.115993 -0.310179
1078.000000 30.000000 0.444564 -0.334195
1233.000000 30.000000 0.647091 -0.359349
1273.000000 30.000000 0.704934 -0.366748
1020.000000 31.000000 0.377563 -0.326133
1151.000000 31.000000 0.535149 -0.343800
1254.000000 32.000000 0.676884 -0.360841
1257.000000 32.000000 0.681233 -0.361394
1105.000000 33.000000 0.476779 -0.334536
1233.000000 33.000000 0.646538 -0.355772
756.000000 34.000000 0.109219 -0.305901
1148.000000 34.000000 0.530781 -0.339873
1172.000000 34.000000 0.562263 -0.343797
1174.000000 34.000000 0.564928 -0.344134
917.000000 35.000000 0.267182 -0.312691
975.000000 35.000000 0.327921 -0.317366
1142.000000 35.000000 0.522898 -0.337783
61.000000 36.000000 -0.624826 -0.349237
63.000000 36.000000 -0.622032 -0.348880
754.000000 36.000000 0.107265 -0.303814
864.000000 37.000000 0.213663 -0.307268
883.000000 37.000000 0.232601 -0.308368
1017.000000 37.000000 0.373576 -0.319313
1034.000000 37.000000 0.392657 -0.321147
930.000000 39.000000 0.280266 -0.309446
1100.000000 39.000000 0.469832 -0.327117
40.000000 41.000000 -0.653592 -0.347084
882.000000 41.000000 0.231360 -0.304167
1016.000000 41.000000 0.372050 -0.314897
1072.000000 41.000000 0.436050 -0.321246
1078.000000 41.000000 0.443140 -0.321999
51.000000 42.000000 -0.637805 -0.343939
1069.000000 42.000000 0.432400 -0.319775
1251.000000 42.000000 0.670716 -0.348332
38.000000 44.000000 -0.655910 -0.343887
889.000000 44.000000 0.238195 -0.301487
1122.000000 44.000000 0.496246 -0.324598
1247.000000 44.000000 0.664584 -0.345231
1091.000000 45.000000 0.458145 -0.319249
1188.000000 45.000000 0.581890 -0.333738
907.000000 46.000000 0.256234 -0.300552
1122.000000 46.000000 0.495961 -0.322354
1161.000000 46.000000 0.545790 -0.328199
1233.000000 46.000000 0.644190 -0.340361
1264.000000 46.000000 0.688876 -0.345899
982.000000 47.000000 0.334357 -0.305249
1015.000000 47.000000 0.370333 -0.308356
1243.000000 47.000000 0.658297 -0.340958
1251.000000 47.000000 0.669817 -0.342385
998.000000 48.000000 0.351570 -0.305644
1090.000000 48.000000 0.456557 -0.315806
1104.000000 48.000000 0.473488 -0.317640
1188.000000 48.000000 0.581390 -0.330269
1198.000000 48.000000 0.594993 -0.331942
961.000000 50.000000 0.311760 -0.300316
1086.000000 50.000000 0.451519 -0.313096
62.000000 52.000000 -0.620636 -0.330297
1037.000000 52.000000 0.394421 -0.305256
1207.000000 52.000000 0.606691 -0.328820
1249.000000 53.000000 0.665866 -0.334924
1144.000000 54.000000 0.522583 -0.316545
1158.000000 54.000000 0.540638 -0.318635
935.000000 55.000000 0.284267 -0.293136
950.000000 55.000000 0.299832 -0.294234
1137.000000 55.000000 0.513530 -0.314407
1203.000000 55.000000 0.600676 -0.324671
41.000000 56.000000 -0.649530 -0.329220
1104.000000 56.000000 0.472433 -0.308789
1131.000000 56.000000 0.505816 -0.312437
1144.000000 57.000000 0.522145 -0.313173
1108.000000 58.000000 0.477048 -0.307103
42.000000 59.000000 -0.647594 -0.325535
781.000000 59.000000 0.132251 -0.281397
999.000000 59.000000 0.351649 -0.294091
1092.000000 59.000000 0.457569 -0.303974
1132.000000 59.000000 0.506654 -0.309230
1190.000000 59.000000 0.582300 -0.317940
906.000000 60.000000 0.254335 -0.286067
986.000000 60.000000 0.337523 -0.291902
1151.000000 61.000000 0.530538 -0.309698
892.000000 62.000000 0.240142 -0.283193
914.000000 62.000000 0.262310 -0.284514
1122.000000 62.000000 0.493753 -0.304533
1147.000000 62.000000 0.525260 -0.307999
1191.000000 62.000000 0.583173 -0.314664
1182.000000 63.000000 0.570910 -0.312107
1130.000000 64.000000 0.503456 -0.303396
400.000000 65.000000 -0.227590 -0.279393
1116.000000 65.000000 0.485944 -0.300431
35.000000 66.000000 -0.656390 -0.318540
978.000000 66.000000 0.328475 -0.284969
1097.000000 66.000000 0.462709 -0.296941
1148.000000 67.000000 0.525828 -0.302551
1146.000000 68.000000 0.523132 -0.301155
1151.000000 68.000000 0.529533 -0.301859
966.000000 69.000000 0.315540 -0.280915
1157.000000 69.000000 0.537125 -0.301596
1175.000000 69.000000 0.560680 -0.304236
1209.000000 69.000000 0.606649 -0.309521
1272.000000 69.000000 0.696589 -0.320002
1130.000000 70.000000 0.502650 -0.296757
1155.000000 70.000000 0.534398 -0.300192
1162.000000 71.000000 0.543324 -0.300075
1149.000000 73.000000 0.526269 -0.296008
1131.000000 74.000000 0.503373 -0.292479
1074.000000 75.000000 0.434423 -0.284549
1136.000000 75.000000 0.509510 -0.292035
1119.000000 76.000000 0.488231 -0.288746
1124.000000 76.000000 0.494404 -0.289378
954.000000 77.000000 0.302399 -0.271797
1126.000000 77.000000 0.496757 -0.288537
1176.000000 78.000000 0.560675 -0.294253
1274.000000 79.000000 0.697864 -0.308571
1132.000000 80.000000 0.503845 -0.286015
1269.000000 80.000000 0.690357 -0.306579
953.000000 82.000000 0.301014 -0.266610
1042.000000 82.000000 0.397041 -0.273843
1077.000000 82.000000 0.437170 -0.277382
1210.000000 82.000000 0.605985 -0.294822
1056.000000 83.000000 0.412811 -0.274150
1066.000000 83.000000 0.424289 -0.275162
1129.000000 83.000000 0.499724 -0.282350
1158.000000 83.000000 0.536459 -0.286145
1082.000000 85.000000 0.442706 -0.274715
1213.000000 85.000000 0.609667 -0.291869
1218.000000 85.000000 0.616600 -0.292637
984.000000 87.000000 0.333220 -0.263711
1018.000000 87.000000 0.369931 -0.266444
1065.000000 87.000000 0.422729 -0.270817
1165.000000 88.000000 0.544846 -0.281558
1221.000000 88.000000 0.620318 -0.289679
1139.000000 89.000000 0.511473 -0.277051
1176.000000 90.000000 0.558971 -0.280848
25.000000 91.000000 -0.666691 -0.291154
1092.000000 91.000000 0.453860 -0.269385
1108.000000 91.000000 0.473018 -0.271163
28.000000 93.000000 -0.662062 -0.288382
1067.000000 93.000000 0.424433 -0.264673
900.000000 95.000000 0.246344 -0.250325
950.000000 95.000000 0.297052 -0.253193
1096.000000 95.000000 0.458180 -0.265547
28.000000 96.000000 -0.661599 -0.284935
1266.000000 96.000000 0.683405 -0.287481
34.000000 97.000000 -0.652854 -0.282872
44.000000 97.000000 -0.638656 -0.281360
1214.000000 97.000000 0.609253 -0.278429
1216.000000 97.000000 0.612019 -0.278722
1233.000000 97.000000 0.635795 -0.281255
1103.000000 98.000000 0.466218 -0.263103
1136.000000 98.000000 0.506604 -0.266882
1145.000000 98.000000 0.517912 -0.267980
18.000000 99.000000 -0.675574 -0.283018
48.000000 99.000000 -0.632723 -0.278488
165.000000 99.000000 -0.479750 -0.263147
1187.000000 99.000000 0.572316 -0.272358
1038.000000 100.000000 0.390925 -0.254658
1276.000000 100.000000 0.697464 -0.284400
954.000000 101.000000 0.300804 -0.247382
1239.000000 102.000000 0.643546 -0.276463
16.000000 104.000000 -0.677718 -0.277571
1046.000000 104.000000 0.399527 -0.251200
1051.000000 104.000000 0.405155 -0.251642
1154.000000 104.000000 0.528601 -0.262554
1168.000000 104.000000 0.546632 -0.264316
1083.000000 105.000000 0.441813 -0.253601
1051.000000 107.000000 0.404890 -0.248522
1202.000000 107.000000 0.591402 -0.265517
1208.000000 107.000000 0.599579 -0.266346
957.000000 108.000000 0.303471 -0.240515
1150.000000 108.000000 0.523025 -0.257720
1158.000000 110.000000 0.532980 -0.256514
1203.000000 110.000000 0.592350 -0.262315
1205.000000 110.000000 0.595071 -0.262587
1126.000000 111.000000 0.492714 -0.251726
1161.000000 111.000000 0.536708 -0.255792
1137.000000 112.000000 0.506215 -0.251884
1146.000000 112.000000 0.517494 -0.252919
1155.000000 112.000000 0.528904 -0.253981
1189.000000 112.000000 0.573242 -0.258234
1247.000000 113.000000 0.653342 -0.265136
1056.000000 114.000000 0.409928 -0.241696
1146.000000 114.000000 0.517262 -0.250762
1104.000000 115.000000 0.465631 -0.245149
1077.000000 116.000000 0.433783 -0.241492
1119.000000 116.000000 0.483614 -0.245639
1209.000000 116.000000 0.599716 -0.256455
1004.000000 117.000000 0.352395 -0.234536
1124.000000 117.000000 0.489610 -0.245105
1200.000000 117.000000 0.587352 -0.254153
1083.000000 118.000000 0.440565 -0.239959
1105.000000 119.000000 0.466425 -0.241028
1139.000000 120.000000 0.507813 -0.243528
1097.000000 121.000000 0.456716 -0.238142
1204.000000 121.000000 0.592245 -0.250254
1206.000000 121.000000 0.594963 -0.250515
1209.000000 121.000000 0.599052 -0.250908
1026.000000 123.000000 0.375814 -0.230034
447.000000 124.000000 -0.179401 -0.218989
1138.000000 125.000000 0.506025 -0.238078
1261.000000 125.000000 0.671822 -0.253514
988.000000 126.000000 0.334745 -0.224372
993.000000 126.000000 0.340040 -0.224695
998.000000 126.000000 0.345358 -0.225023
1084.000000 126.000000 0.440997 -0.231709
995.000000 127.000000 0.342099 -0.223819
1073.000000 127.000000 0.428189 -0.229703
1212.000000 127.000000 0.602374 -0.244659
1077.000000 129.000000 0.432622 -0.227978
1142.000000 130.000000 0.510475 -0.233175
817.000000 131.000000 0.164310 -0.211793
1196.000000 131.000000 0.580198 -0.238255
1163.000000 132.000000 0.536824 -0.233318
1039.000000 133.000000 0.389378 -0.220819
1194.000000 133.000000 0.577280 -0.235829
1047.000000 134.000000 0.398190 -0.220402
1122.000000 134.000000 0.485434 -0.226904
1131.000000 134.000000 0.496436 -0.227796
1186.000000 134.000000 0.566533 -0.233789
1209.000000 134.000000 0.597392 -0.236566
1031.000000 135.000000 0.380417 -0.218203
1155.000000 136.000000 0.526188 -0.228160
1184.000000 136.000000 0.563661 -0.231387
1247.000000 136.000000 0.650163 -0.239215
1089.000000 138.000000 0.445768 -0.219698
1176.000000 138.000000 0.552953 -0.228314
1171.000000 139.000000 0.546351 -0.226682
1214.000000 139.000000 0.603606 -0.231689
1051.000000 141.000000 0.402130 -0.213570
1055.000000 141.000000 0.406612 -0.213870
1068.000000 141.000000 0.421313 -0.214875
1252.000000 141.000000 0.656668 -0.234272
1119.000000 142.000000 0.481034 -0.218223
1170.000000 142.000000 0.544731 -0.223354
1214.000000 142.000000 0.603241 -0.228396
1177.000000 143.000000 0.553701 -0.223043
1045.000000 144.000000 0.395224 -0.210084
1151.000000 144.000000 0.520302 -0.219228
1175.000000 145.000000 0.550881 -0.220677
1066.000000 147.000000 0.418574 -0.208586
1056.000000 149.000000 0.407141 -0.205806
1140.000000 149.000000 0.506072 -0.212861
1224.000000 150.000000 0.616053 -0.220818
26.000000 151.000000 -0.656847 -0.223076
979.000000 151.000000 0.323823 -0.198937
1111.000000 151.000000 0.470614 -0.208129
1065.000000 152.000000 0.417065 -0.203417
1071.000000 153.000000 0.423806 -0.202846
1140.000000 153.000000 0.505693 -0.208656
1071.000000 155.000000 0.423656 -0.200809
1202.000000 155.000000 0.585462 -0.212854
1227.000000 155.000000 0.619626 -0.215688
1173.000000 156.000000 0.547137 -0.208709
1215.000000 156.000000 0.602973 -0.213219
1234.000000 156.000000 0.629277 -0.215409
1156.000000 157.000000 0.525320 -0.205966
1190.000000 158.000000 0.569146 -0.208329
1227.000000 158.000000 0.619280 -0.212403
1052.000000 159.000000 0.401964 -0.195407
1186.000000 159.000000 0.563770 -0.206840
15.000000 160.000000 -0.671591 -0.214394
1188.000000 160.000000 0.566298 -0.205976
31.000000 161.000000 -0.648517 -0.211396
1206.000000 161.000000 0.590195 -0.206804
1101.000000 162.000000 0.457848 -0.195950
955.000000 163.000000 0.298456 -0.185949
1063.000000 163.000000 0.414020 -0.192122
1113.000000 163.000000 0.471993 -0.195884
1177.000000 163.000000 0.551613 -0.201661
1200.000000 163.000000 0.581919 -0.204009
1202.000000 163.000000 0.584599 -0.204220
709.000000 164.000000 0.063197 -0.178505
974.000000 164.000000 0.317950 -0.185880
1176.000000 165.000000 0.550120 -0.199438
1028.000000 166.000000 0.375104 -0.186856
1074.000000 167.000000 0.426208 -0.188841
1081.000000 168.000000 0.434146 -0.188322
1235.000000 168.000000 0.629309 -0.202368
1063.000000 169.000000 0.413613 -0.186067
1201.000000 169.000000 0.582635 -0.197666
1210.000000 171.000000 0.594548 -0.196439
1133.000000 172.000000 0.495408 -0.188224
1160.000000 172.000000 0.528981 -0.190551
1164.000000 172.000000 0.534057 -0.190912
1215.000000 172.000000 0.601239 -0.195878
21.000000 174.000000 -0.661327 -0.198191
946.000000 174.000000 0.288822 -0.174857
1016.000000 174.000000 0.361690 -0.178227
1062.000000 174.000000 0.412160 -0.180971
1255.000000 174.000000 0.657004 -0.198000
1156.000000 175.000000 0.523668 -0.187054
1230.000000 175.000000 0.621576 -0.194200
1234.000000 175.000000 0.627151 -0.194623
1270.000000 175.000000 0.678607 -0.198569
1218.000000 176.000000 0.604924 -0.191871
20.000000 177.000000 -0.662435 -0.194995
1134.000000 177.000000 0.496222 -0.183130
1225.000000 177.000000 0.614440 -0.191509
1229.000000 177.000000 0.619977 -0.191924
1258.000000 177.000000 0.660985 -0.195026
1267.000000 177.000000 0.674011 -0.196017
1211.000000 178.000000 0.595194 -0.189013
21.000000 179.000000 -0.660782 -0.192686
1229.000000 179.000000 0.619770 -0.189756
1054.000000 180.000000 0.402841 -0.174458
1179.000000 180.000000 0.552596 -0.183845
1192.000000 180.000000 0.569598 -0.185042
1119.000000 181.000000 0.477759 -0.177845
1266.000000 181.000000 0.672119 -0.191485
1230.000000 182.000000 0.620852 -0.186609
1190.000000 183.000000 0.566685 -0.181674
1214.000000 183.000000 0.598772 -0.183941
1262.000000 183.000000 0.666107 -0.188850
1010.000000 184.000000 0.354751 -0.168056
1102.000000 184.000000 0.457388 -0.173553
1233.000000 184.000000 0.624823 -0.184746
1038.000000 185.000000 0.384905 -0.168553
1118.000000 185.000000 0.476266 -0.173675
1070.000000 186.000000 0.420415 -0.169433
1098.000000 186.000000 0.452571 -0.171248
1207.000000 186.000000 0.589020 -0.180061
1234.000000 186.000000 0.626017 -0.182680
1209.000000 187.000000 0.591620 -0.179181
1268.000000 187.000000 0.674387 -0.185078
192.000000 189.000000 -0.440061 -0.167440
1205.000000 189.000000 0.586055 -0.176677
1228.000000 189.000000 0.617385 -0.178849
1232.000000 189.000000 0.622934 -0.179238
1028.000000 190.000000 0.373761 -0.163073
1153.000000 190.000000 0.518661 -0.171185
1031.000000 191.000000 0.376958 -0.162243
1243.000000 192.000000 0.638048 -0.177067
991.000000 194.000000 0.334234 -0.157382
1176.000000 194.000000 0.547511 -0.168873
1242.000000 195.000000 0.636347 -0.173717
995.000000 196.000000 0.338333 -0.155613
1193.000000 196.000000 0.569485 -0.168196
1198.000000 196.000000 0.576095 -0.168625
1132.000000 197.000000 0.492273 -0.162403
1044.000000 198.000000 0.390777 -0.156013
1137.000000 198.000000 0.498292 -0.161733
1231.000000 198.000000 0.620690 -0.169443
1203.000000 199.000000 0.582491 -0.165881
1183.000000 201.000000 0.555992 -0.162114
1199.000000 201.000000 0.576996 -0.163427
1240.000000 201.000000 0.632970 -0.167042
1128.000000 202.000000 0.487084 -0.157017
31.000000 203.000000 -0.644140 -0.165509
999.000000 203.000000 0.342228 -0.148980
1209.000000 203.000000 0.590190 -0.162155
1056.000000 204.000000 0.403708 -0.150707
1172.000000 204.000000 0.541585 -0.158122
1196.000000 204.000000 0.572775 -0.160016
654.000000 205.000000 0.012852 -0.140084
1120.000000 205.000000 0.477281 -0.153437
1232.000000 205.000000 0.621445 -0.162016
1196.000000 206.000000 0.572613 -0.157911
1212.000000 206.000000 0.593980 -0.159226
353.000000 208.000000 -0.268107 -0.141479
989.000000 208.000000 0.331559 -0.143720
1187.000000 208.000000 0.560644 -0.155103
1230.000000 208.000000 0.618411 -0.158627
1255.000000 210.000000 0.653398 -0.158671
1261.000000 210.000000 0.662006 -0.159210
1160.000000 211.000000 0.525865 -0.149994
1220.000000 212.000000 0.604338 -0.153520
1237.000000 213.000000 0.627710 -0.153870
1107.000000 215.000000 0.461280 -0.142542
1167.000000 216.000000 0.534349 -0.145323
1188.000000 216.000000 0.561345 -0.146820
1162.000000 217.000000 0.527966 -0.143950
1186.000000 218.000000 0.558595 -0.144589
998.000000 220.000000 0.340493 -0.132474
1076.000000 220.000000 0.425298 -0.135885
1166.000000 220.000000 0.532811 -0.141128
1039.000000 221.000000 0.384211 -0.133170
1098.000000 221.000000 0.450447 -0.136028
1060.000000 222.000000 0.407260 -0.133136
1134.000000 222.000000 0.493068 -0.137058
1252.000000 222.000000 0.648093 -0.145447
1199.000000 223.000000 0.575283 -0.140304
1234.000000 223.000000 0.622720 -0.142934
1119.000000 224.000000 0.474944 -0.134168
1205.000000 224.000000 0.583180 -0.139689
1183.000000 225.000000 0.554216 -0.137104
1209.000000 225.000000 0.588456 -0.138929
1187.000000 226.000000 0.559335 -0.136337
1216.000000 226.000000 0.597814 -0.138388
1229.000000 226.000000 0.615573 -0.139357
1274.000000 226.000000 0.679482 -0.142921
1115.000000 227.000000 0.470035 -0.130931
1183.000000 228.000000 0.554015 -0.133994
1008.000000 229.000000 0.350674 -0.124156
1054.000000 229.000000 0.400300 -0.125989
1132.000000 231.000000 0.490131 -0.127831
1202.000000 231.000000 0.578697 -0.132148
1034.000000 232.000000 0.378332 -0.122235
1082.000000 232.000000 0.431524 -0.124290
1191.000000 232.000000 0.564148 -0.130371
952.000000 233.000000 0.292810 -0.118510
1166.000000 233.000000 0.531982 -0.127763
1220.000000 233.000000 0.602739 -0.131293
1249.000000 233.000000 0.642977 -0.133397
1154.000000 234.000000 0.516899 -0.126031
1175.000000 234.000000 0.543350 -0.127285
1184.000000 234.000000 0.554920 -0.127847
1223.000000 234.000000 0.606758 -0.130448
1172.000000 237.000000 0.539344 -0.124017
1181.000000 238.000000 0.550801 -0.123529
1212.000000 239.000000 0.591516 -0.124444
1053.000000 241.000000 0.398705 -0.114208
1169.000000 241.000000 0.535304 -0.119738
1027.000000 242.000000 0.370423 -0.112273
1167.000000 242.000000 0.532719 -0.118601
1184.000000 242.000000 0.554430 -0.119582
1220.000000 242.000000 0.602131 -0.121818
1160.000000 243.000000 0.523870 -0.117192
16.000000 244.000000 -0.662193 -0.122519
11.000000 245.000000 -0.669322 -0.121790
1221.000000 246.000000 0.603233 -0.117679
1264.000000 246.000000 0.663460 -0.120522
1266.000000 246.000000 0.666346 -0.120660
1132.000000 247.000000 0.489302 -0.111705
1261.000000 247.000000 0.659077 -0.119242
965.000000 248.000000 0.305558 -0.104628
1202.000000 249.000000 0.577559 -0.113392
1259.000000 249.000000 0.656076 -0.116963
1166.000000 250.000000 0.531025 -0.110373
1226.000000 252.000000 0.609684 -0.111682
1265.000000 252.000000 0.664499 -0.114140
1062.000000 253.000000 0.408200 -0.102831
1157.000000 254.000000 0.519560 -0.105849
1066.000000 255.000000 0.412575 -0.101021
1182.000000 255.000000 0.551129 -0.106091
1213.000000 255.000000 0.591882 -0.107779
909.000000 256.000000 0.249595 -0.095823
1136.000000 256.000000 0.493712 -0.102846
891.000000 257.000000 0.232077 -0.094558
948.000000 258.000000 0.288153 -0.094757
1208.000000 258.000000 0.585023 -0.104377
1214.000000 258.000000 0.593058 -0.104706
1220.000000 258.000000 0.601161 -0.105041
1229.000000 258.000000 0.613443 -0.105551
1154.000000 259.000000 0.515601 -0.100640
1163.000000 259.000000 0.526809 -0.101060
1261.000000 259.000000 0.658305 -0.106383
10.000000 260.000000 -0.669791 -0.105723
1144.000000 261.000000 0.503214 -0.098172
1242.000000 261.000000 0.631283 -0.103134
1252.000000 261.000000 0.645357 -0.103713
1091.000000 263.000000 0.440509 -0.094074
1054.000000 264.000000 0.398996 -0.091854
1250.000000 264.000000 0.642355 -0.100410
1132.000000 265.000000 0.488505 -0.093654
1150.000000 265.000000 0.510397 -0.094401
1211.000000 265.000000 0.588661 -0.097260
38.000000 266.000000 -0.629734 -0.097734
1195.000000 266.000000 0.567441 -0.095430
26.000000 268.000000 -0.646462 -0.096265
1070.000000 268.000000 0.416598 -0.088465
1077.000000 268.000000 0.424449 -0.088690
1149.000000 268.000000 0.509042 -0.091335
1179.000000 268.000000 0.546648 -0.092630
821.000000 269.000000 0.165422 -0.082482
1111.000000 270.000000 0.463404 -0.087880
1167.000000 270.000000 0.531336 -0.090067
1246.000000 270.000000 0.636393 -0.093833
159.000000 271.000000 -0.474374 -0.087183
1109.000000 271.000000 0.461030 -0.086819
1070.000000 272.000000 0.416474 -0.084566
1145.000000 272.000000 0.503981 -0.087151
1168.000000 272.000000 0.532511 -0.088079
1161.000000 273.000000 0.523694 -0.086778
817.000000 274.000000 0.161635 -0.077850
1223.000000 274.000000 0.604405 -0.088480
1242.000000 274.000000 0.630587 -0.089404
1251.000000 274.000000 0.643231 -0.089856
1148.000000 275.000000 0.507538 -0.084252
1118.000000 277.000000 0.471389 -0.081184
1179.000000 277.000000 0.546262 -0.083445
1163.000000 278.000000 0.525995 -0.081798
1262.000000 278.000000 0.658693 -0.086157
1274.000000 278.000000 0.676034 -0.086755
1177.000000 279.000000 0.543629 -0.081327
1208.000000 279.000000 0.583999 -0.082606
1212.000000 279.000000 0.589337 -0.082779
1230.000000 279.000000 0.613735 -0.083581
1252.000000 279.000000 0.644399 -0.084609
1254.000000 279.000000 0.647233 -0.084705
1233.000000 281.000000 0.617771 -0.081623
1255.000000 281.000000 0.648558 -0.082631
1265.000000 282.000000 0.662809 -0.082039
1268.000000 282.000000 0.667136 -0.082181
1253.000000 284.000000 0.645583 -0.079361
1205.000000 285.000000 0.579768 -0.076286
1092.000000 286.000000 0.440924 -0.071522
1273.000000 286.000000 0.674196 -0.078136
1161.000000 287.000000 0.523175 -0.072635
1207.000000 287.000000 0.582343 -0.074302
1232.000000 287.000000 0.616136 -0.075300
1184.000000 288.000000 0.552251 -0.072421
1060.000000 289.000000 0.404917 -0.067788
1073.000000 289.000000 0.419361 -0.068101
1119.000000 289.000000 0.472195 -0.069326
1249.000000 289.000000 0.639717 -0.073904
1164.000000 290.000000 0.526820 -0.069707
1158.000000 291.000000 0.519314 -0.068506
1161.000000 291.000000 0.523043 -0.068602
1196.000000 291.000000 0.567701 -0.069780
1243.000000 291.000000 0.631221 -0.071553
1244.000000 293.000000 0.632540 -0.069490
206.000000 294.000000 -0.419717 -0.063226
1117.000000 295.000000 0.469674 -0.063337
1077.000000 296.000000 0.423680 -0.061388
1170.000000 298.000000 0.534104 -0.061812
1223.000000 298.000000 0.603423 -0.063499
1227.000000 298.000000 0.608868 -0.063636
1084.000000 299.000000 0.431505 -0.058622
1124.000000 299.000000 0.477843 -0.059560
1193.000000 299.000000 0.563523 -0.061491
1271.000000 299.000000 0.670756 -0.064166
1126.000000 300.000000 0.480194 -0.058619
1227.000000 300.000000 0.608800 -0.061555
1066.000000 301.000000 0.411295 -0.056304
1083.000000 301.000000 0.430331 -0.056652
1155.000000 303.000000 0.515256 -0.056362
1232.000000 303.000000 0.615550 -0.058594
1069.000000 304.000000 0.414570 -0.053457
1200.000000 304.000000 0.572523 -0.056582
152.000000 306.000000 -0.481649 -0.052681
1263.000000 308.000000 0.658916 -0.054323
13.000000 309.000000 -0.663239 -0.053319
1233.000000 311.000000 0.616685 -0.050285
1125.000000 312.000000 0.478739 -0.046719
1225.000000 312.000000 0.605715 -0.049029
950.000000 313.000000 0.289261 -0.043203
923.000000 314.000000 0.262487 -0.042014
1248.000000 314.000000 0.637455 -0.047556
1110.000000 315.000000 0.461041 -0.043482
1120.000000 315.000000 0.472765 -0.043661
1211.000000 315.000000 0.586787 -0.045575
37.000000 316.000000 -0.629146 -0.045275
1154.000000 316.000000 0.513726 -0.043313
1175.000000 316.000000 0.539968 -0.043743
1177.000000 317.000000 0.542485 -0.042774
1223.000000 318.000000 0.602850 -0.042761
1235.000000 319.000000 0.619237 -0.042000
1215.000000 320.000000 0.592021 -0.040516
1222.000000 322.000000 0.601408 -0.038598
1155.000000 323.000000 0.514831 -0.036326
1173.000000 324.000000 0.537283 -0.035626
947.000000 326.000000 0.286150 -0.031043
1156.000000 328.000000 0.515987 -0.031338
1055.000000 329.000000 0.398754 -0.029134
27.000000 331.000000 -0.642815 -0.029767
1168.000000 332.000000 0.530867 -0.027490
1152.000000 333.000000 0.510996 -0.026287
18.000000 334.000000 -0.655513 -0.026755
1104.000000 337.000000 0.453789 -0.021839
1230.000000 337.000000 0.612044 -0.023193
22.000000 338.000000 -0.649772 -0.022482
48.000000 338.000000 -0.613575 -0.022155
20.000000 340.000000 -0.652585 -0.020401
1066.000000 340.000000 0.410778 -0.018634
1099.000000 340.000000 0.448001 -0.018867
1212.000000 342.000000 0.587668 -0.017829
31.000000 343.000000 -0.637039 -0.017131
1191.000000 343.000000 0.560061 -0.016617
95.000000 344.000000 -0.551335 -0.015539
1157.000000 345.000000 0.517042 -0.014343
1190.000000 345.000000 0.558751 -0.014577
1185.000000 347.000000 0.552295 -0.012513
1224.000000 349.000000 0.603756 -0.010708
1190.000000 350.000000 0.558720 -0.009498
1075.000000 351.000000 0.420741 -0.008055
1145.000000 351.000000 0.502299 -0.008296
1101.000000 352.000000 0.450240 -0.007161
1180.000000 352.000000 0.545873 -0.007427
1034.000000 354.000000 0.375856 -0.005078
1099.000000 355.000000 0.447932 -0.004228
1194.000000 357.000000 0.563883 -0.002393
809.000000 358.000000 0.153783 -0.001187
1002.000000 358.000000 0.342046 -0.001247
1158.000000 358.000000 0.518229 -0.001344
1217.000000 359.000000 0.594274 -0.000368
41.000000 360.000000 -0.623057 0.000663
47.000000 360.000000 -0.614809 0.000663
1041.000000 365.000000 0.383386 0.005425
1186.000000 365.000000 0.553546 0.005727
1107.000000 366.000000 0.457170 0.006524
22.000000 367.000000 -0.649645 0.008028
25.000000 367.000000 -0.645404 0.008015
1268.000000 367.000000 0.665304 0.008080
29.000000 368.000000 -0.639779 0.009047
31.000000 369.000000 -0.636981 0.010084
863.000000 370.000000 0.204425 0.009796
32.000000 371.000000 -0.635594 0.012171
3.000000 373.000000 -0.676942 0.014490
27.000000 373.000000 -0.642621 0.014302
1171.000000 373.000000 0.534496 0.013741
6.000000 374.000000 -0.672601 0.015528
51.000000 374.000000 -0.609405 0.015157
3.000000 375.000000 -0.676959 0.016618
32.000000 375.000000 -0.635624 0.016356
62.000000 375.000000 -0.594554 0.016101
1261.000000 376.000000 0.655322 0.017547
60.000000 377.000000 -0.597256 0.018179
1130.000000 377.000000 0.484277 0.017452
1215.000000 380.000000 0.591702 0.021239
1096.000000 381.000000 0.444571 0.021120
6.000000 382.000000 -0.672690 0.024024
1204.000000 382.000000 0.577103 0.023168
1252.000000 385.000000 0.642653 0.026913
5.000000 386.000000 -0.674196 0.028289
1172.000000 387.000000 0.535891 0.027850
1098.000000 389.000000 0.446941 0.028945
1091.000000 390.000000 0.438947 0.029842
1102.000000 390.000000 0.451555 0.029967
1141.000000 390.000000 0.497628 0.030447
1107.000000 391.000000 0.457352 0.031005
1153.000000 391.000000 0.512282 0.031607
1188.000000 393.000000 0.556390 0.034159
1238.000000 394.000000 0.623238 0.036093
69.000000 396.000000 -0.585503 0.037600
1113.000000 396.000000 0.464407 0.035991
1263.000000 397.000000 0.658519 0.039768
1183.000000 401.000000 0.550109 0.042188
1035.000000 402.000000 0.377194 0.040743
1087.000000 403.000000 0.434575 0.042446
1100.000000 405.000000 0.449466 0.044612
1021.000000 406.000000 0.362306 0.044376
1167.000000 406.000000 0.529934 0.046905
1034.000000 407.000000 0.376188 0.045510
1088.000000 409.000000 0.435811 0.048307
40.000000 410.000000 -0.625155 0.052795
42.000000 410.000000 -0.622391 0.052738
1220.000000 411.000000 0.599029 0.053327
1140.000000 413.000000 0.496834 0.053310
1131.000000 414.000000 0.486027 0.054097
1220.000000 414.000000 0.599116 0.056433
68.000000 415.000000 -0.587293 0.057170
1149.000000 415.000000 0.507839 0.055520
1138.000000 417.000000 0.494512 0.057245
41.000000 418.000000 -0.624018 0.061127
44.000000 418.000000 -0.619879 0.061028
1172.000000 418.000000 0.536525 0.059141
67.000000 420.000000 -0.588779 0.062355
1134.000000 420.000000 0.489769 0.060130
1179.000000 421.000000 0.545499 0.062383
55.000000 423.000000 -0.605017 0.065862
1058.000000 423.000000 0.402548 0.061305
1066.000000 423.000000 0.411389 0.061474
55.000000 425.000000 -0.605088 0.067940
991.000000 425.000000 0.331193 0.061957
1194.000000 425.000000 0.564966 0.066935
57.000000 426.000000 -0.602415 0.068906
1257.000000 426.000000 0.650850 0.070274
55.000000 427.000000 -0.605161 0.070018
59.000000 428.000000 -0.599786 0.070908
1171.000000 429.000000 0.535597 0.070243
55.000000 430.000000 -0.605274 0.073138
1247.000000 430.000000 0.636874 0.074097
60.000000 431.000000 -0.598552 0.073983
55.000000 432.000000 -0.605353 0.075218
57.000000 432.000000 -0.602642 0.075139
59.000000 435.000000 -0.600060 0.078175
1249.000000 435.000000 0.639899 0.079457
479.000000 438.000000 -0.146372 0.071634
1049.000000 439.000000 0.393054 0.076550
1132.000000 439.000000 0.487930 0.078986
1250.000000 439.000000 0.641491 0.083729
958.000000 441.000000 0.297791 0.076469
1024.000000 444.000000 0.366215 0.080735
1160.000000 447.000000 0.522464 0.088054
1153.000000 449.000000 0.513863 0.089790
1206.000000 449.000000 0.581717 0.092117
1234.000000 449.000000 0.619642 0.093490
1231.000000 450.000000 0.615558 0.094387
1082.000000 451.000000 0.430077 0.089177
1229.000000 451.000000 0.612861 0.095334
1052.000000 452.000000 0.396695 0.089210
1225.000000 452.000000 0.607440 0.096176
1142.000000 454.000000 0.500581 0.094373
1144.000000 454.000000 0.503020 0.094456
1225.000000 454.000000 0.607544 0.098269
33.000000 455.000000 -0.636785 0.100394
1139.000000 457.000000 0.497060 0.097261
1224.000000 457.000000 0.606340 0.101357
1093.000000 458.000000 0.442854 0.096437
1106.000000 458.000000 0.457880 0.096926
979.000000 462.000000 0.319615 0.096782
1135.000000 463.000000 0.492478 0.103111
1051.000000 465.000000 0.396015 0.101797
1148.000000 467.000000 0.508503 0.107743
1049.000000 469.000000 0.393962 0.105616
1094.000000 470.000000 0.444473 0.108321
1103.000000 470.000000 0.454877 0.108701
1125.000000 473.000000 0.480928 0.112684
1117.000000 475.000000 0.471514 0.114309
997.000000 476.000000 0.338641 0.110648
1064.000000 477.000000 0.410822 0.113988
1097.000000 478.000000 0.448277 0.116376
1258.000000 478.000000 0.655140 0.125736
1158.000000 480.000000 0.521560 0.121460
1253.000000 480.000000 0.648154 0.127525
1077.000000 481.000000 0.425566 0.118459
1161.000000 481.000000 0.525367 0.122650
1127.000000 482.000000 0.483765 0.121821
1087.000000 489.000000 0.437296 0.126825
1155.000000 491.000000 0.518463 0.132514
1250.000000 493.000000 0.644870 0.141244
983.000000 495.000000 0.324723 0.128413
1001.000000 495.000000 0.343473 0.129056
46.000000 496.000000 -0.621411 0.143038
1060.000000 498.000000 0.407284 0.134441
1059.000000 500.000000 0.406267 0.136364
1110.000000 501.000000 0.464604 0.140007
43.000000 503.000000 -0.626125 0.150744
1058.000000 504.000000 0.405348 0.140259
41.000000 505.000000 -0.629073 0.153049
1057.000000 506.000000 0.404336 0.142183
111.000000 507.000000 -0.536165 0.149753
1073.000000 507.000000 0.422292 0.143984
1189.000000 507.000000 0.562900 0.151356
41.000000 508.000000 -0.629325 0.156265
1087.000000 508.000000 0.438275 0.145733
280.000000 510.000000 -0.342486 0.143458
443.000000 511.000000 -0.181037 0.139553
1240.000000 511.000000 0.632272 0.159759
46.000000 512.000000 -0.622719 0.160123
49.000000 512.000000 -0.618572 0.159865
1066.000000 513.000000 0.414733 0.149570
1106.000000 513.000000 0.460609 0.151853
1244.000000 513.000000 0.638071 0.162267
43.000000 514.000000 -0.627059 0.162530
1043.000000 514.000000 0.389300 0.149378
1079.000000 514.000000 0.429471 0.151276
958.000000 515.000000 0.299806 0.146727
1072.000000 515.000000 0.421593 0.151883
46.000000 516.000000 -0.623070 0.164412
1257.000000 518.000000 0.657014 0.168883
1072.000000 519.000000 0.421816 0.155868
1082.000000 519.000000 0.433178 0.156445
1078.000000 520.000000 0.428676 0.157211
1089.000000 521.000000 0.441329 0.158868
3.000000 522.000000 -0.684915 0.174974
107.000000 522.000000 -0.542377 0.165625
1263.000000 524.000000 0.666232 0.176015
8.000000 525.000000 -0.677920 0.177778
105.000000 525.000000 -0.545177 0.168916
1031.000000 525.000000 0.376779 0.159607
109.000000 526.000000 -0.540145 0.169636
970.000000 526.000000 0.312494 0.157789
1047.000000 527.000000 0.394371 0.162429
1261.000000 528.000000 0.663745 0.180198
8.000000 529.000000 -0.678325 0.182180
83.000000 529.000000 -0.574143 0.174984
105.000000 529.000000 -0.545505 0.173099
109.000000 529.000000 -0.540389 0.172768
970.000000 529.000000 0.312617 0.160692
1053.000000 529.000000 0.401115 0.164748
1226.000000 529.000000 0.614455 0.177839
64.000000 532.000000 -0.599853 0.179911
110.000000 533.000000 -0.539446 0.176866
64.000000 534.000000 -0.600042 0.182052
1081.000000 534.000000 0.432957 0.171441
105.000000 535.000000 -0.546014 0.179388
109.000000 535.000000 -0.540892 0.179045
1223.000000 535.000000 0.610905 0.184007
60.000000 536.000000 -0.605678 0.184584
63.000000 537.000000 -0.601689 0.185366
107.000000 537.000000 -0.543622 0.181314
1164.000000 537.000000 0.533122 0.180707
1189.000000 538.000000 0.565494 0.183975
109.000000 539.000000 -0.541237 0.183239
1162.000000 539.000000 0.530757 0.182627
108.000000 541.000000 -0.542692 0.185427
82.000000 544.000000 -0.576854 0.191012
1041.000000 544.000000 0.388740 0.178980
78.000000 545.000000 -0.582273 0.192470
118.000000 545.000000 -0.530323 0.188742
1005.000000 547.000000 0.350031 0.179928
1196.000000 549.000000 0.575796 0.196355
85.000000 550.000000 -0.573468 0.197122
91.000000 550.000000 -0.565564 0.196531
38.000000 551.000000 -0.637730 0.203143
1056.000000 551.000000 0.405795 0.186921
1036.000000 552.000000 0.383740 0.186658
1215.000000 552.000000 0.601687 0.201538
992.000000 554.000000 0.336663 0.186139
1074.000000 554.000000 0.426313 0.191173
1229.000000 555.000000 0.621294 0.206318
1139.000000 556.000000 0.503492 0.198383
1239.000000 556.000000 0.635400 0.208537
1251.000000 556.000000 0.652428 0.209917
925.000000 557.000000 0.268178 0.185943
1048.000000 557.000000 0.397282 0.192428
1146.000000 557.000000 0.512256 0.200054
1143.000000 559.000000 0.508709 0.201877
1194.000000 561.000000 0.574373 0.209015
86.000000 562.000000 -0.573373 0.209874
88.000000 562.000000 -0.570729 0.209663
977.000000 562.000000 0.321397 0.193233
1016.000000 562.000000 0.362640 0.195418
90.000000 563.000000 -0.568196 0.210526
85.000000 564.000000 -0.574911 0.212130
85.000000 566.000000 -0.575126 0.214283
88.000000 566.000000 -0.571153 0.213961
90.000000 566.000000 -0.568514 0.213747
983.000000 567.000000 0.327922 0.198486
175.000000 568.000000 -0.462647 0.207753
1067.000000 569.000000 0.419443 0.205905
1191.000000 569.000000 0.571255 0.217304
1193.000000 569.000000 0.573908 0.217523
1009.000000 570.000000 0.355612 0.202972
1001.000000 571.000000 0.347135 0.203485
1045.000000 571.000000 0.394905 0.206340
180.000000 572.000000 -0.457087 0.211466
1225.000000 572.000000 0.617705 0.224474
1227.000000 572.000000 0.620482 0.224715
1216.000000 574.000000 0.605532 0.225593
75.000000 575.000000 -0.589502 0.225146
1186.000000 575.000000 0.565309 0.223223
977.000000 576.000000 0.322153 0.207065
1064.000000 576.000000 0.416572 0.212818
1066.000000 576.000000 0.418841 0.212972
72.000000 577.000000 -0.593785 0.227675
81.000000 577.000000 -0.581681 0.226628
1027.000000 578.000000 0.375587 0.212164
79.000000 579.000000 -0.584591 0.229035
177.000000 579.000000 -0.461230 0.218977
962.000000 579.000000 0.306764 0.209213
1057.000000 579.000000 0.408897 0.215344
1236.000000 581.000000 0.634194 0.235783
61.000000 582.000000 -0.609383 0.234480
975.000000 583.000000 0.320465 0.213903
111.000000 584.000000 -0.543119 0.230804
178.000000 585.000000 -0.460584 0.225130
1167.000000 585.000000 0.541668 0.231877
1169.000000 585.000000 0.544248 0.232100
1227.000000 585.000000 0.622097 0.239072
109.000000 586.000000 -0.545919 0.233177
182.000000 586.000000 -0.455953 0.225810
187.000000 586.000000 -0.450081 0.225364
68.000000 587.000000 -0.600426 0.239114
178.000000 587.000000 -0.460766 0.227216
1001.000000 587.000000 0.348133 0.219493
1080.000000 588.000000 0.435868 0.226460
1227.000000 588.000000 0.622484 0.242401
68.000000 589.000000 -0.600676 0.241316
70.000000 589.000000 -0.597953 0.241065
182.000000 589.000000 -0.456225 0.228936
1025.000000 590.000000 0.374245 0.224164
1189.000000 590.000000 0.571018 0.239840
968.000000 592.000000 0.313703 0.222460
58.000000 593.000000 -0.614910 0.247016
69.000000 593.000000 -0.599819 0.245598
178.000000 593.000000 -0.461324 0.233486
193.000000 593.000000 -0.443699 0.232105
1247.000000 593.000000 0.651389 0.250656
185.000000 594.000000 -0.453153 0.233878
189.000000 594.000000 -0.448460 0.233509
1193.000000 594.000000 0.576834 0.244700
1251.000000 594.000000 0.657257 0.252332
182.000000 595.000000 -0.456781 0.235203
1246.000000 596.000000 0.650373 0.253897
992.000000 597.000000 0.339210 0.228967
1173.000000 597.000000 0.550822 0.245537
1271.000000 597.000000 0.686705 0.258538
55.000000 598.000000 -0.619725 0.252972
1160.000000 598.000000 0.534156 0.245090
53.000000 599.000000 -0.622638 0.254357
205.000000 599.000000 -0.430341 0.237272
1034.000000 599.000000 0.384801 0.234009
1187.000000 599.000000 0.569468 0.249430
158.000000 600.000000 -0.486035 0.242844
201.000000 600.000000 -0.435045 0.238670
910.000000 600.000000 0.255109 0.227309
1003.000000 600.000000 0.351147 0.232744
208.000000 601.000000 -0.427071 0.239083
157.000000 602.000000 -0.487461 0.245072
1266.000000 602.000000 0.680106 0.263531
998.000000 603.000000 0.346004 0.235436
157.000000 604.000000 -0.487673 0.247199
178.000000 604.000000 -0.462389 0.245042
180.000000 604.000000 -0.460014 0.244844
195.000000 605.000000 -0.442474 0.244446
198.000000 605.000000 -0.438982 0.244164
212.000000 606.000000 -0.422933 0.243926
43.000000 607.000000 -0.637752 0.264716
172.000000 607.000000 -0.469853 0.248818
174.000000 607.000000 -0.467460 0.248614
176.000000 607.000000 -0.465071 0.248410
1182.000000 607.000000 0.563861 0.257573
45.000000 608.000000 -0.635077 0.265560
181.000000 608.000000 -0.459226 0.248963
197.000000 608.000000 -0.440428 0.247400
1091.000000 608.000000 0.450552 0.248352
195.000000 609.000000 -0.442855 0.248641
831.000000 609.000000 0.178298 0.232925
888.000000 609.000000 0.233696 0.235168
1140.000000 609.000000 0.510117 0.254644
1173.000000 609.000000 0.552296 0.258624
190.000000 610.000000 -0.448805 0.250178
1092.000000 610.000000 0.451928 0.250558
94.000000 611.000000 -0.568560 0.262223
375.000000 611.000000 -0.250221 0.237870
1144.000000 611.000000 0.515368 0.257267
1257.000000 611.000000 0.668341 0.272498
203.000000 612.000000 -0.433844 0.251023
1181.000000 612.000000 0.563186 0.262943
1222.000000 612.000000 0.618783 0.268538
91.000000 613.000000 -0.572804 0.264824
193.000000 613.000000 -0.445583 0.253042
195.000000 613.000000 -0.443244 0.252846
1256.000000 613.000000 0.667191 0.274636
47.000000 614.000000 -0.633124 0.272047
199.000000 614.000000 -0.438678 0.253508
953.000000 615.000000 0.299556 0.244605
1136.000000 615.000000 0.505818 0.260651
1033.000000 616.000000 0.385068 0.251416
1072.000000 616.000000 0.429173 0.254917
1174.000000 616.000000 0.554501 0.266435
1200.000000 616.000000 0.589137 0.269929
1255.000000 616.000000 0.666195 0.277921
200.000000 617.000000 -0.437808 0.256567
203.000000 617.000000 -0.434325 0.256275
1128.000000 617.000000 0.496123 0.261880
196.000000 618.000000 -0.442570 0.258018
210.000000 618.000000 -0.426338 0.256652
1243.000000 619.000000 0.649411 0.279544
199.000000 620.000000 -0.439269 0.259830
1075.000000 620.000000 0.433034 0.259416
1176.000000 620.000000 0.557652 0.271109
1255.000000 620.000000 0.666802 0.282509
1130.000000 622.000000 0.499182 0.267510
1157.000000 622.000000 0.533235 0.270831
1176.000000 622.000000 0.557919 0.273320
203.000000 623.000000 -0.434916 0.262599
1153.000000 623.000000 0.528242 0.271417
364.000000 624.000000 -0.261908 0.251399
952.000000 624.000000 0.299088 0.253629
908.000000 625.000000 0.254373 0.252058
198.000000 626.000000 -0.441043 0.266281
1152.000000 626.000000 0.527348 0.274576
195.000000 627.000000 -0.444659 0.267653
1191.000000 627.000000 0.578542 0.280952
1122.000000 628.000000 0.490015 0.273054
198.000000 629.000000 -0.441354 0.269466
206.000000 629.000000 -0.432039 0.268644
1205.000000 629.000000 0.597798 0.285221
1001.000000 630.000000 0.351233 0.263265
195.000000 631.000000 -0.445080 0.271910
205.000000 631.000000 -0.433403 0.270867
1191.000000 631.000000 0.579114 0.285432
203.000000 632.000000 -0.435832 0.272135
207.000000 632.000000 -0.431186 0.271723
353.000000 632.000000 -0.273485 0.260075
824.000000 632.000000 0.172383 0.255285
1161.000000 632.000000 0.539700 0.282364
1189.000000 632.000000 0.576574 0.286265
360.000000 634.000000 -0.266507 0.261684
726.000000 634.000000 0.079883 0.254704
192.000000 635.000000 -0.449041 0.276504
203.000000 635.000000 -0.436145 0.275327
1173.000000 635.000000 0.555760 0.287344
202.000000 638.000000 -0.437629 0.278633
247.000000 639.000000 -0.386452 0.275221
323.000000 639.000000 -0.304769 0.269117
1057.000000 639.000000 0.414199 0.277707
62.000000 641.000000 -0.616249 0.300479
64.000000 641.000000 -0.613479 0.300168
182.000000 642.000000 -0.461707 0.285155
248.000000 642.000000 -0.385616 0.278281
250.000000 642.000000 -0.383392 0.278096
919.000000 642.000000 0.266429 0.269824
1058.000000 642.000000 0.415648 0.280994
1113.000000 642.000000 0.480675 0.287167
62.000000 643.000000 -0.616562 0.302767
65.000000 643.000000 -0.612408 0.302297
253.000000 643.000000 -0.380157 0.278870
255.000000 643.000000 -0.377943 0.278688
68.000000 644.000000 -0.608424 0.302971
249.000000 644.000000 -0.384690 0.280292
1009.000000 644.000000 0.361076 0.278468
1117.000000 644.000000 0.485819 0.289843
1119.000000 644.000000 0.488278 0.290093
1170.000000 644.000000 0.553100 0.296976
182.000000 645.000000 -0.462056 0.288400
1059.000000 645.000000 0.417105 0.284291
56.000000 646.000000 -0.625392 0.307161
68.000000 646.000000 -0.608738 0.305257
249.000000 646.000000 -0.384877 0.282399
369.000000 646.000000 -0.258118 0.273311
1098.000000 646.000000 0.462995 0.289707
179.000000 647.000000 -0.465892 0.290923
183.000000 647.000000 -0.461095 0.290449
256.000000 647.000000 -0.377204 0.282800
62.000000 648.000000 -0.617355 0.308500
1237.000000 648.000000 0.645437 0.311966
57.000000 649.000000 -0.624477 0.310454
178.000000 649.000000 -0.467335 0.293217
1210.000000 649.000000 0.607738 0.308733
64.000000 650.000000 -0.614901 0.310478
176.000000 650.000000 -0.469869 0.294549
255.000000 650.000000 -0.378590 0.286054
258.000000 650.000000 -0.375271 0.285774
329.000000 650.000000 -0.299302 0.279988
1216.000000 650.000000 0.616214 0.310846
173.000000 651.000000 -0.473621 0.296008
331.000000 651.000000 -0.297297 0.280876
1096.000000 651.000000 0.461193 0.294899
1207.000000 651.000000 0.603921 0.310547
75.000000 653.000000 -0.600230 0.312164
174.000000 653.000000 -0.472657 0.298069
181.000000 653.000000 -0.464211 0.297210
1119.000000 654.000000 0.489559 0.301069
1197.000000 654.000000 0.590711 0.312391
1210.000000 654.000000 0.608543 0.314477
1103.000000 655.000000 0.470121 0.300123
165.000000 656.000000 -0.484005 0.302499
177.000000 656.000000 -0.469400 0.300978
180.000000 656.000000 -0.465781 0.300606
77.000000 657.000000 -0.598134 0.316432
1171.000000 657.000000 0.556340 0.311767
10.000000 658.000000 -0.693212 0.328809
82.000000 658.000000 -0.591480 0.316778
181.000000 658.000000 -0.464825 0.302670
1161.000000 658.000000 0.543383 0.311395
161.000000 659.000000 -0.489315 0.306329
168.000000 660.000000 -0.480850 0.306516
996.000000 660.000000 0.348349 0.294109
1156.000000 660.000000 0.537184 0.312908
121.000000 661.000000 -0.540168 0.314173
164.000000 661.000000 -0.485886 0.308144
242.000000 661.000000 -0.394190 0.299011
118.000000 662.000000 -0.544214 0.315749
123.000000 662.000000 -0.537726 0.315004
125.000000 662.000000 -0.535143 0.314708
167.000000 662.000000 -0.482335 0.308854
1202.000000 662.000000 0.598835 0.322388
169.000000 663.000000 -0.480019 0.309696
127.000000 664.000000 -0.532860 0.316667
163.000000 664.000000 -0.487515 0.311597
1029.000000 664.000000 0.385057 0.301484
1235.000000 664.000000 0.645293 0.330290
69.000000 665.000000 -0.610439 0.326973
353.000000 665.000000 -0.275588 0.293794
885.000000 665.000000 0.233576 0.291272
1094.000000 665.000000 0.460518 0.309960
1120.000000 665.000000 0.492267 0.313379
73.000000 666.000000 -0.605092 0.327465
122.000000 666.000000 -0.539619 0.319672
240.000000 666.000000 -0.396967 0.304577
356.000000 666.000000 -0.272584 0.294624
1034.000000 666.000000 0.390875 0.304139
1268.000000 666.000000 0.693290 0.338404
1197.000000 667.000000 0.592820 0.327335
71.000000 668.000000 -0.608181 0.330118
238.000000 668.000000 -0.399444 0.306941
266.000000 668.000000 -0.368152 0.304086
1034.000000 668.000000 0.391084 0.306286
1142.000000 668.000000 0.520367 0.319856
165.000000 669.000000 -0.485726 0.316878
14.000000 670.000000 -0.689456 0.342344
134.000000 670.000000 -0.524764 0.322400
238.000000 670.000000 -0.399659 0.309096
264.000000 670.000000 -0.370555 0.306414
243.000000 671.000000 -0.394109 0.309638
979.000000 671.000000 0.331008 0.304213
15.000000 672.000000 -0.688353 0.344547
106.000000 672.000000 -0.561519 0.328988
133.000000 672.000000 -0.526343 0.324809
240.000000 672.000000 -0.397608 0.311038
265.000000 672.000000 -0.369647 0.308453
1154.000000 672.000000 0.536402 0.326185
20.000000 673.000000 -0.681273 0.344855
130.000000 673.000000 -0.530345 0.326394
268.000000 673.000000 -0.366436 0.309226
1026.000000 673.000000 0.382624 0.310823
1137.000000 673.000000 0.514740 0.324757
1235.000000 673.000000 0.646867 0.340875
243.000000 674.000000 -0.394430 0.312874
264.000000 674.000000 -0.370952 0.310693
850.000000 674.000000 0.199407 0.298616
1063.000000 674.000000 0.424955 0.316022
1122.000000 674.000000 0.496009 0.323708
1133.000000 674.000000 0.509819 0.325296
246.000000 675.000000 -0.391153 0.313631
269.000000 675.000000 -0.365531 0.311267
1135.000000 675.000000 0.512498 0.326719
1179.000000 675.000000 0.569814 0.333596
1202.000000 675.000000 0.601019 0.337459
71.000000 676.000000 -0.609543 0.339434
127.000000 676.000000 -0.534671 0.330260
133.000000 676.000000 -0.526946 0.329342
249.000000 676.000000 -0.387884 0.314390
267.000000 676.000000 -0.367836 0.312536
1186.000000 676.000000 0.579388 0.335912
243.000000 677.000000 -0.394755 0.316117
1006.000000 677.000000 0.360849 0.313091
1024.000000 677.000000 0.380805 0.314921
73.000000 678.000000 -0.607128 0.341425
129.000000 678.000000 -0.532398 0.332229
245.000000 678.000000 -0.392604 0.316982
254.000000 678.000000 -0.382489 0.316019
267.000000 678.000000 -0.368036 0.314681
1133.000000 678.000000 0.510410 0.329812
1135.000000 678.000000 0.512944 0.330110
241.000000 679.000000 -0.397240 0.318504
955.000000 679.000000 0.306212 0.310630
1125.000000 679.000000 0.500480 0.329763
1175.000000 679.000000 0.565130 0.337552
66.000000 680.000000 -0.617165 0.344987
75.000000 680.000000 -0.604720 0.343418
126.000000 680.000000 -0.536587 0.334977
244.000000 680.000000 -0.393953 0.319258
247.000000 680.000000 -0.390565 0.318930
311.000000 680.000000 -0.320559 0.312715
929.000000 680.000000 0.279198 0.309662
251.000000 681.000000 -0.386172 0.319581
259.000000 681.000000 -0.377221 0.318731
276.000000 681.000000 -0.358429 0.317005
309.000000 681.000000 -0.322774 0.313947
1010.000000 681.000000 0.365656 0.317783
959.000000 683.000000 0.310762 0.315188
1122.000000 683.000000 0.497310 0.333838
1224.000000 683.000000 0.633069 0.350726
116.000000 684.000000 -0.550266 0.341162
1143.000000 684.000000 0.524070 0.338153
1221.000000 684.000000 0.629026 0.351368
102.000000 685.000000 -0.568968 0.344631
258.000000 685.000000 -0.378759 0.323163
313.000000 685.000000 -0.318866 0.317846
237.000000 686.000000 -0.402581 0.326580
819.000000 686.000000 0.169701 0.309466
72.000000 687.000000 -0.610085 0.352158
231.000000 687.000000 -0.409569 0.328374
989.000000 687.000000 0.343252 0.322156
1154.000000 687.000000 0.538769 0.343339
79.000000 688.000000 -0.600623 0.352096
83.000000 688.000000 -0.595147 0.351392
222.000000 688.000000 -0.420081 0.330553
234.000000 688.000000 -0.406244 0.329118
279.000000 688.000000 -0.355835 0.324234
120.000000 689.000000 -0.545840 0.346274
131.000000 689.000000 -0.531544 0.344496
255.000000 689.000000 -0.382550 0.327830
80.000000 690.000000 -0.599605 0.354270
82.000000 690.000000 -0.596866 0.353916
260.000000 690.000000 -0.377062 0.328375
337.000000 690.000000 -0.293998 0.321141
134.000000 691.000000 -0.527996 0.346315
1083.000000 691.000000 0.450717 0.337334
136.000000 692.000000 -0.525584 0.347145
221.000000 692.000000 -0.421736 0.335092
257.000000 692.000000 -0.380637 0.330879
1085.000000 692.000000 0.453251 0.338724
1149.000000 692.000000 0.533083 0.348287
244.000000 693.000000 -0.395418 0.333438
124.000000 694.000000 -0.541438 0.351396
128.000000 694.000000 -0.536235 0.350739
138.000000 694.000000 -0.523337 0.349125
235.000000 694.000000 -0.405808 0.335594
240.000000 694.000000 -0.400088 0.335002
248.000000 694.000000 -0.390997 0.334074
287.000000 694.000000 -0.347689 0.329910
1093.000000 694.000000 0.463180 0.342075
144.000000 695.000000 -0.515830 0.349322
147.000000 695.000000 -0.512017 0.348852
205.000000 695.000000 -0.440909 0.340478
953.000000 695.000000 0.305447 0.327436
1149.000000 695.000000 0.533573 0.351751
288.000000 696.000000 -0.346798 0.331972
813.000000 696.000000 0.164311 0.319504
139.000000 697.000000 -0.522535 0.352418
173.000000 697.000000 -0.479834 0.347191
332.000000 697.000000 -0.299815 0.328996
1080.000000 697.000000 0.447941 0.343647
1106.000000 697.000000 0.479506 0.347338
1109.000000 697.000000 0.483210 0.347782
159.000000 698.000000 -0.497360 0.350428
240.000000 698.000000 -0.400562 0.339407
330.000000 698.000000 -0.302004 0.330234
139.000000 699.000000 -0.522858 0.354724
672.000000 699.000000 0.030211 0.318974
120.000000 700.000000 -0.547673 0.359031
241.000000 700.000000 -0.399658 0.341496
897.000000 700.000000 0.247865 0.328396
142.000000 701.000000 -0.519339 0.356548
156.000000 701.000000 -0.501587 0.354326
289.000000 701.000000 -0.346210 0.337291
678.000000 701.000000 0.035869 0.321072
291.000000 702.000000 -0.344131 0.338174
295.000000 702.000000 -0.339782 0.337774
1168.000000 702.000000 0.559721 0.363123
141.000000 704.000000 -0.521107 0.360180
283.000000 704.000000 -0.353086 0.341175
300.000000 704.000000 -0.334562 0.339449
1080.000000 705.000000 0.449048 0.352656
1171.000000 705.000000 0.564249 0.367178
1127.000000 706.000000 0.507147 0.360884
283.000000 707.000000 -0.353403 0.344453
228.000000 708.000000 -0.415624 0.352004
287.000000 709.000000 -0.349224 0.346219
1095.000000 709.000000 0.467785 0.359370
129.000000 711.000000 -0.537785 0.370347
133.000000 711.000000 -0.532587 0.369663
325.000000 711.000000 -0.308442 0.344659
614.000000 711.000000 -0.024311 0.331241
1110.000000 711.000000 0.486588 0.363953
1124.000000 711.000000 0.504156 0.366185
110.000000 712.000000 -0.562989 0.374861
112.000000 712.000000 -0.560328 0.374503
285.000000 712.000000 -0.351737 0.349721
320.000000 712.000000 -0.313855 0.346207
263.000000 713.000000 -0.376284 0.353283
282.000000 713.000000 -0.355148 0.351144
304.000000 713.000000 -0.331131 0.348847
1066.000000 713.000000 0.433481 0.359753
1089.000000 713.000000 0.461068 0.363048
112.000000 714.000000 -0.560686 0.376868
127.000000 714.000000 -0.540914 0.374214
278.000000 714.000000 -0.359677 0.352685
954.000000 714.000000 0.308210 0.347982
298.000000 715.000000 -0.337840 0.351645
509.000000 715.000000 -0.124102 0.337519
1081.000000 715.000000 0.451681 0.364156
151.000000 716.000000 -0.510321 0.372474
265.000000 716.000000 -0.374390 0.356378
278.000000 716.000000 -0.359899 0.354893
281.000000 716.000000 -0.356580 0.354560
1066.000000 716.000000 0.433898 0.363153
1094.000000 716.000000 0.467616 0.367236
