1118.000000 3.000000 0.497512 -0.370810
993.000000 4.000000 0.350545 -0.352744
1135.000000 4.000000 0.518965 -0.372474
1169.000000 5.000000 0.563341 -0.377284
87.000000 6.000000 -0.594373 -0.380108
716.000000 6.000000 0.071932 -0.333689
1003.000000 6.000000 0.361377 -0.351641
767.000000 7.000000 0.120547 -0.334016
1155.000000 7.000000 0.544430 -0.372412
94.000000 8.000000 -0.584468 -0.376420
923.000000 8.000000 0.275427 -0.341773
1009.000000 8.000000 0.367829 -0.350109
1040.000000 8.000000 0.402949 -0.353828
1116.000000 8.000000 0.494193 -0.364693
1128.000000 8.000000 0.509348 -0.366639
1138.000000 8.000000 0.522145 -0.368307
46.000000 10.000000 -0.650806 -0.383095
935.000000 10.000000 0.287767 -0.340620
1181.000000 10.000000 0.578564 -0.373543
40.000000 11.000000 -0.659159 -0.383034
105.000000 11.000000 -0.569096 -0.370859
1120.000000 11.000000 0.498739 -0.361866
43.000000 12.000000 -0.654691 -0.381250
1060.000000 12.000000 0.425676 -0.351941
1062.000000 12.000000 0.428027 -0.352208
1067.000000 12.000000 0.433926 -0.352884
1128.000000 12.000000 0.508694 -0.361999
1178.000000 12.000000 0.574147 -0.370623
930.000000 13.000000 0.282297 -0.336984
1137.000000 13.000000 0.520023 -0.362317
120.000000 14.000000 -0.548663 -0.364685
926.000000 14.000000 0.278056 -0.335589
1156.000000 14.000000 0.544522 -0.364368
1188.000000 14.000000 0.587335 -0.370078
986.000000 15.000000 0.341724 -0.339961
1055.000000 15.000000 0.419431 -0.347923
1144.000000 15.000000 0.528711 -0.361159
1064.000000 16.000000 0.429847 -0.347985
1171.000000 16.000000 0.564037 -0.364646
1053.000000 17.000000 0.416844 -0.345432
1073.000000 17.000000 0.440361 -0.348074
1123.000000 17.000000 0.501565 -0.355429
1129.000000 17.000000 0.509156 -0.356383
1132.000000 17.000000 0.512973 -0.356866
1143.000000 17.000000 0.527085 -0.358669
1119.000000 18.000000 0.496378 -0.353653
1147.000000 18.000000 0.532095 -0.358174
1171.000000 18.000000 0.563683 -0.362295
490.000000 19.000000 -0.141859 -0.322334
1161.000000 19.000000 0.550239 -0.359383
883.000000 20.000000 0.233667 -0.326116
1039.000000 20.000000 0.400318 -0.340363
1139.000000 20.000000 0.521440 -0.354536
1069.000000 21.000000 0.435081 -0.343050
1150.000000 21.000000 0.535492 -0.355191
1165.000000 21.000000 0.555182 -0.357735
1180.000000 21.000000 0.575227 -0.360361
992.000000 22.000000 0.347559 -0.332967
1023.000000 22.000000 0.381926 -0.336290
1088.000000 22.000000 0.457641 -0.344520
1194.000000 22.000000 0.594071 -0.361694
1157.000000 23.000000 0.544298 -0.354042
1182.000000 23.000000 0.577571 -0.358364
308.000000 24.000000 -0.325144 -0.328701
1069.000000 24.000000 0.434685 -0.339699
1164.000000 24.000000 0.553344 -0.354064
1195.000000 24.000000 0.595079 -0.359511
1203.000000 24.000000 0.606091 -0.360964
1223.000000 24.000000 0.634032 -0.364657
488.000000 25.000000 -0.143560 -0.316222
947.000000 25.000000 0.299084 -0.325580
1076.000000 25.000000 0.442849 -0.339509
1034.000000 26.000000 0.393906 -0.333163
1195.000000 26.000000 0.594719 -0.357151
1149.000000 27.000000 0.533203 -0.348084
965.000000 28.000000 0.317866 -0.323939
969.000000 28.000000 0.322133 -0.324299
1063.000000 28.000000 0.427114 -0.334476
1138.000000 28.000000 0.518874 -0.345167
1151.000000 28.000000 0.535636 -0.347257
1065.000000 29.000000 0.429331 -0.333621
975.000000 30.000000 0.328377 -0.322707
1071.000000 30.000000 0.436265 -0.333281
1162.000000 30.000000 0.549695 -0.346759
977.000000 31.000000 0.330433 -0.321821
1184.000000 31.000000 0.578869 -0.349339
1195.000000 31.000000 0.593828 -0.351267
974.000000 32.000000 0.327121 -0.320477
1066.000000 32.000000 0.430124 -0.330425
706.000000 33.000000 0.062010 -0.305838
1163.000000 33.000000 0.550514 -0.343455
153.000000 34.000000 -0.503021 -0.336320
992.000000 34.000000 0.346371 -0.320025
1010.000000 34.000000 0.366121 -0.321825
1039.000000 34.000000 0.398673 -0.324980
1167.000000 34.000000 0.555628 -0.342962
1180.000000 34.000000 0.572963 -0.345152
1198.000000 34.000000 0.597409 -0.348276
917.000000 35.000000 0.267182 -0.312691
1170.000000 35.000000 0.559437 -0.342304
1201.000000 35.000000 0.601356 -0.347631
978.000000 36.000000 0.331048 -0.316572
993.000000 36.000000 0.347266 -0.317977
1039.000000 36.000000 0.398445 -0.322798
962.000000 37.000000 0.313894 -0.314100
998.000000 37.000000 0.352622 -0.317390
1195.000000 37.000000 0.592775 -0.344238
1035.000000 38.000000 0.393678 -0.320172
1085.000000 38.000000 0.451864 -0.326221
1172.000000 38.000000 0.561595 -0.339168
1174.000000 38.000000 0.564258 -0.339500
1182.000000 38.000000 0.574972 -0.340843
1185.000000 38.000000 0.579017 -0.341352
1178.000000 40.000000 0.569267 -0.337853
1199.000000 40.000000 0.597732 -0.341427
113.000000 41.000000 -0.553362 -0.334543
928.000000 41.000000 0.278055 -0.307205
1154.000000 41.000000 0.537449 -0.332809
1164.000000 41.000000 0.550524 -0.334403
115.000000 42.000000 -0.550573 -0.333075
1193.000000 42.000000 0.589185 -0.338064
1059.000000 43.000000 0.420613 -0.317475
1199.000000 43.000000 0.597215 -0.337927
1209.000000 43.000000 0.611007 -0.339658
809.000000 44.000000 0.159586 -0.297508
1159.000000 44.000000 0.543490 -0.330169
910.000000 45.000000 0.259347 -0.301786
1197.000000 45.000000 0.594134 -0.335257
1078.000000 46.000000 0.442512 -0.316492
1204.000000 46.000000 0.603574 -0.335289
514.000000 51.000000 -0.117884 -0.288942
1024.000000 52.000000 0.379830 -0.303910
1032.000000 52.000000 0.388786 -0.304731
1209.000000 52.000000 0.609458 -0.329159
1086.000000 53.000000 0.451144 -0.309802
1106.000000 53.000000 0.475263 -0.312365
1019.000000 54.000000 0.374070 -0.301275
1186.000000 54.000000 0.577708 -0.323031
1180.000000 55.000000 0.569496 -0.320922
1182.000000 55.000000 0.572173 -0.321241
943.000000 56.000000 0.292473 -0.292675
1072.000000 56.000000 0.434237 -0.304837
981.000000 57.000000 0.332420 -0.294625
1119.000000 58.000000 0.490573 -0.308561
1072.000000 59.000000 0.433887 -0.301579
1188.000000 59.000000 0.579599 -0.317620
1205.000000 59.000000 0.602764 -0.320380
115.000000 60.000000 -0.547784 -0.312588
1090.000000 60.000000 0.455054 -0.302634
1122.000000 60.000000 0.494022 -0.306748
467.000000 61.000000 -0.162408 -0.280420
898.000000 62.000000 0.246157 -0.283541
1235.000000 62.000000 0.644253 -0.321929
1193.000000 63.000000 0.585722 -0.313838
1119.000000 65.000000 0.489642 -0.300822
1192.000000 65.000000 0.584050 -0.311394
855.000000 66.000000 0.203319 -0.277218
1152.000000 66.000000 0.531103 -0.304237
1160.000000 66.000000 0.541449 -0.305394
1095.000000 67.000000 0.460187 -0.295608
1194.000000 67.000000 0.586445 -0.309425
904.000000 68.000000 0.251838 -0.277775
957.000000 68.000000 0.306174 -0.281276
980.000000 70.000000 0.330283 -0.280968
986.000000 70.000000 0.336689 -0.281453
1075.000000 70.000000 0.436145 -0.290033
1130.000000 71.000000 0.502518 -0.295653
1107.000000 72.000000 0.474057 -0.291623
1198.000000 72.000000 0.591096 -0.304350
1228.000000 72.000000 0.632671 -0.309146
868.000000 73.000000 0.215747 -0.270784
1189.000000 73.000000 0.578761 -0.301827
1195.000000 73.000000 0.586866 -0.302747
1220.000000 73.000000 0.621281 -0.306694
450.000000 74.000000 -0.178285 -0.268049
1202.000000 74.000000 0.596242 -0.302694
1040.000000 75.000000 0.395465 -0.281038
1137.000000 75.000000 0.510769 -0.292167
1198.000000 75.000000 0.590632 -0.300936
798.000000 76.000000 0.147902 -0.264979
941.000000 76.000000 0.289008 -0.271933
1057.000000 76.000000 0.414662 -0.281678
1102.000000 76.000000 0.467523 -0.286667
1203.000000 76.000000 0.597299 -0.300571
1084.000000 77.000000 0.445938 -0.283508
1179.000000 77.000000 0.564795 -0.295815
1185.000000 77.000000 0.572791 -0.296702
1189.000000 77.000000 0.578156 -0.297300
1220.000000 77.000000 0.620640 -0.302098
957.000000 78.000000 0.305453 -0.270982
1214.000000 78.000000 0.612136 -0.300005
1094.000000 79.000000 0.457577 -0.282488
1114.000000 79.000000 0.481727 -0.284855
1132.000000 79.000000 0.503973 -0.287112
1074.000000 80.000000 0.433882 -0.279198
1085.000000 80.000000 0.446784 -0.280396
1173.000000 80.000000 0.556428 -0.291580
1216.000000 80.000000 0.614597 -0.298032
1228.000000 80.000000 0.631380 -0.299926
243.000000 81.000000 -0.390869 -0.274256
1085.000000 82.000000 0.446563 -0.278251
1218.000000 82.000000 0.617065 -0.296060
334.000000 83.000000 -0.293207 -0.265010
1113.000000 83.000000 0.480023 -0.280388
1221.000000 83.000000 0.621091 -0.295385
1046.000000 85.000000 0.401264 -0.271066
1051.000000 85.000000 0.406923 -0.271546
936.000000 86.000000 0.283226 -0.261428
1120.000000 86.000000 0.488230 -0.277975
1146.000000 86.000000 0.520701 -0.281237
1199.000000 86.000000 0.590328 -0.288629
1108.000000 87.000000 0.473478 -0.275473
1128.000000 87.000000 0.497985 -0.277863
1195.000000 87.000000 0.584760 -0.286913
987.000000 88.000000 0.336338 -0.262909
3.000000 89.000000 -0.699036 -0.296941
912.000000 89.000000 0.258688 -0.256981
1206.000000 89.000000 0.599431 -0.286281
1260.000000 89.000000 0.675760 -0.294643
798.000000 90.000000 0.147467 -0.251146
1005.000000 90.000000 0.355516 -0.262255
1204.000000 90.000000 0.596547 -0.284856
1125.000000 92.000000 0.493666 -0.272068
1131.000000 92.000000 0.501099 -0.272791
1160.000000 92.000000 0.537833 -0.276469
1215.000000 92.000000 0.611375 -0.284228
1053.000000 93.000000 0.408427 -0.263322
1250.000000 93.000000 0.660659 -0.288446
1147.000000 94.000000 0.520944 -0.272595
230.000000 95.000000 -0.404169 -0.260781
806.000000 95.000000 0.154921 -0.246477
1058.000000 95.000000 0.413925 -0.261695
1135.000000 97.000000 0.505476 -0.267847
165.000000 98.000000 -0.479862 -0.264220
1087.000000 98.000000 0.447212 -0.261406
1096.000000 98.000000 0.457859 -0.262349
1050.000000 99.000000 0.404477 -0.256764
1227.000000 99.000000 0.627051 -0.278084
813.000000 100.000000 0.161432 -0.241793
905.000000 100.000000 0.251079 -0.245590
1102.000000 100.000000 0.464804 -0.260860
1217.000000 100.000000 0.612965 -0.275483
13.000000 101.000000 -0.682537 -0.281477
811.000000 102.000000 0.159464 -0.239771
1008.000000 102.000000 0.357817 -0.250138
875.000000 103.000000 0.221237 -0.241183
912.000000 103.000000 0.257933 -0.242961
1116.000000 103.000000 0.481371 -0.259183
65.000000 104.000000 -0.608358 -0.270381
840.000000 104.000000 0.187173 -0.238791
1217.000000 104.000000 0.612387 -0.270979
1244.000000 104.000000 0.650373 -0.274931
911.000000 105.000000 0.256826 -0.240917
1045.000000 105.000000 0.398317 -0.250075
11.000000 106.000000 -0.684698 -0.276023
944.000000 106.000000 0.290206 -0.241740
1243.000000 106.000000 0.648648 -0.272505
1120.000000 107.000000 0.485804 -0.255344
1164.000000 107.000000 0.541069 -0.260524
1169.000000 107.000000 0.547550 -0.261154
1213.000000 107.000000 0.606440 -0.267045
1235.000000 107.000000 0.637138 -0.270195
97.000000 108.000000 -0.564688 -0.261591
1247.000000 108.000000 0.654072 -0.270820
1043.000000 109.000000 0.395735 -0.245759
1236.000000 109.000000 0.638261 -0.268077
1041.000000 111.000000 0.393334 -0.243524
1061.000000 111.000000 0.415868 -0.245250
1063.000000 111.000000 0.418148 -0.245429
1217.000000 111.000000 0.611399 -0.263125
1223.000000 111.000000 0.619724 -0.263965
13.000000 112.000000 -0.680893 -0.268843
1257.000000 112.000000 0.667887 -0.267732
1042.000000 113.000000 0.394283 -0.241544
1091.000000 113.000000 0.450411 -0.245964
1169.000000 113.000000 0.546798 -0.254595
1091.000000 115.000000 0.450216 -0.243862
1134.000000 115.000000 0.502149 -0.248329
1145.000000 115.000000 0.515888 -0.249569
772.000000 116.000000 0.122263 -0.225131
1128.000000 116.000000 0.494627 -0.246601
1006.000000 118.000000 0.354474 -0.233663
1236.000000 118.000000 0.636980 -0.257921
766.000000 119.000000 0.116583 -0.222108
955.000000 119.000000 0.300748 -0.229371
998.000000 119.000000 0.345830 -0.232091
1024.000000 120.000000 0.373850 -0.232943
1240.000000 120.000000 0.642366 -0.256228
999.000000 121.000000 0.346762 -0.230137
1134.000000 121.000000 0.501492 -0.241914
1235.000000 121.000000 0.635152 -0.254411
54.000000 122.000000 -0.621087 -0.251765
888.000000 122.000000 0.233187 -0.223038
1262.000000 122.000000 0.673698 -0.257062
1238.000000 123.000000 0.639116 -0.252578
1069.000000 124.000000 0.423860 -0.232463
1145.000000 124.000000 0.514878 -0.239906
1232.000000 124.000000 0.630518 -0.250639
1240.000000 124.000000 0.641813 -0.251730
1266.000000 124.000000 0.679242 -0.255353
1020.000000 126.000000 0.369046 -0.226543
1104.000000 126.000000 0.464547 -0.233568
1246.000000 126.000000 0.650079 -0.250304
1014.000000 127.000000 0.362467 -0.225104
1142.000000 127.000000 0.510795 -0.236373
1147.000000 127.000000 0.517061 -0.236915
888.000000 128.000000 0.232934 -0.217163
1126.000000 128.000000 0.490911 -0.233636
1253.000000 128.000000 0.659840 -0.249011
1257.000000 128.000000 0.665610 -0.249561
994.000000 129.000000 0.340907 -0.221743
1174.000000 129.000000 0.551378 -0.237807
1072.000000 130.000000 0.426785 -0.226516
1138.000000 130.000000 0.505496 -0.232754
1142.000000 130.000000 0.510475 -0.233175
1232.000000 130.000000 0.629715 -0.243939
1016.000000 132.000000 0.364284 -0.220186
55.000000 133.000000 -0.618260 -0.239411
1035.000000 134.000000 0.384888 -0.219507
1149.000000 134.000000 0.518824 -0.229655
60.000000 135.000000 -0.611102 -0.236569
1172.000000 135.000000 0.548092 -0.231098
1106.000000 136.000000 0.465990 -0.223290
1019.000000 137.000000 0.367191 -0.215345
1141.000000 137.000000 0.508501 -0.225633
1000.000000 138.000000 0.346713 -0.213098
38.000000 139.000000 -0.641285 -0.234923
1248.000000 139.000000 0.651198 -0.235989
1251.000000 139.000000 0.655493 -0.236380
1107.000000 140.000000 0.466816 -0.219210
408.000000 141.000000 -0.216399 -0.203843
1100.000000 141.000000 0.458422 -0.217546
1158.000000 141.000000 0.529466 -0.223142
37.000000 142.000000 -0.642318 -0.231713
1125.000000 142.000000 0.488313 -0.218786
1247.000000 142.000000 0.649383 -0.232510
1264.000000 142.000000 0.673879 -0.234712
1034.000000 143.000000 0.383146 -0.210319
1099.000000 143.000000 0.457067 -0.215384
1022.000000 144.000000 0.369976 -0.208497
1127.000000 144.000000 0.490562 -0.216877
1232.000000 144.000000 0.627923 -0.228397
918.000000 145.000000 0.261923 -0.201844
1243.000000 145.000000 0.643309 -0.228662
1249.000000 145.000000 0.651857 -0.229419
1168.000000 146.000000 0.541726 -0.218859
1183.000000 146.000000 0.561218 -0.220474
954.000000 147.000000 0.298206 -0.201574
1015.000000 147.000000 0.362212 -0.205033
1229.000000 147.000000 0.623362 -0.224717
1081.000000 148.000000 0.435657 -0.208731
1160.000000 148.000000 0.531283 -0.215897
1197.000000 148.000000 0.579541 -0.219873
1245.000000 148.000000 0.645776 -0.225579
1178.000000 149.000000 0.554354 -0.216710
1188.000000 149.000000 0.567471 -0.217792
1091.000000 150.000000 0.447095 -0.207482
1248.000000 150.000000 0.649802 -0.223729
63.000000 151.000000 -0.605063 -0.218655
991.000000 151.000000 0.336402 -0.199603
1205.000000 151.000000 0.589951 -0.217524
1095.000000 152.000000 0.451607 -0.205750
1089.000000 153.000000 0.444524 -0.204237
1190.000000 153.000000 0.569679 -0.213703
1239.000000 153.000000 0.636664 -0.219308
1127.000000 154.000000 0.489642 -0.206418
1085.000000 155.000000 0.439727 -0.201872
1192.000000 155.000000 0.572113 -0.211766
1203.000000 155.000000 0.586807 -0.212964
1139.000000 156.000000 0.504177 -0.205417
1157.000000 156.000000 0.526680 -0.207119
44.000000 157.000000 -0.630648 -0.214287
1141.000000 157.000000 0.506559 -0.204553
1120.000000 159.000000 0.480725 -0.200606
1159.000000 159.000000 0.528923 -0.204143
1142.000000 160.000000 0.507524 -0.201502
1189.000000 160.000000 0.567616 -0.206080
39.000000 161.000000 -0.637203 -0.210470
1131.000000 164.000000 0.493640 -0.196357
1146.000000 164.000000 0.512130 -0.197677
1121.000000 165.000000 0.481426 -0.194476
1163.000000 165.000000 0.533432 -0.198191
1271.000000 165.000000 0.681222 -0.209813
1078.000000 167.000000 0.430777 -0.189123
32.000000 168.000000 -0.646297 -0.203571
1175.000000 169.000000 0.548441 -0.195100
1079.000000 170.000000 0.431711 -0.186152
1116.000000 170.000000 0.475016 -0.188913
1207.000000 170.000000 0.590596 -0.197206
312.000000 171.000000 -0.310929 -0.178669
1043.000000 171.000000 0.391213 -0.182778
1097.000000 171.000000 0.452468 -0.186432
1151.000000 171.000000 0.517746 -0.190799
1155.000000 172.000000 0.522674 -0.190105
939.000000 173.000000 0.281794 -0.175536
1071.000000 173.000000 0.422385 -0.182570
1174.000000 173.000000 0.546774 -0.190776
1272.000000 173.000000 0.681757 -0.201017
977.000000 175.000000 0.320528 -0.175261
1097.000000 175.000000 0.452175 -0.182354
1160.000000 175.000000 0.528714 -0.187405
1098.000000 177.000000 0.453199 -0.180390
1115.000000 177.000000 0.473278 -0.181644
1268.000000 177.000000 0.675467 -0.196128
1113.000000 178.000000 0.470819 -0.180469
1130.000000 178.000000 0.491266 -0.181778
1135.000000 178.000000 0.497364 -0.182176
1276.000000 178.000000 0.687060 -0.195907
1121.000000 179.000000 0.480311 -0.180049
1090.000000 180.000000 0.443682 -0.176782
1127.000000 180.000000 0.487471 -0.179482
1176.000000 180.000000 0.548715 -0.183575
1220.000000 180.000000 0.607257 -0.187760
1085.000000 181.000000 0.437844 -0.175431
1119.000000 181.000000 0.477759 -0.177845
1121.000000 183.000000 0.480009 -0.175944
1165.000000 183.000000 0.534360 -0.179462
1195.000000 183.000000 0.573284 -0.182135
1209.000000 183.000000 0.592000 -0.183458
1213.000000 183.000000 0.597414 -0.183844
1151.000000 184.000000 0.516645 -0.177252
1205.000000 184.000000 0.586521 -0.182007
1212.000000 185.000000 0.595865 -0.181605
1218.000000 185.000000 0.604027 -0.182183
1205.000000 186.000000 0.586333 -0.179874
1229.000000 186.000000 0.619064 -0.182183
1129.000000 187.000000 0.489361 -0.172437
1207.000000 187.000000 0.588926 -0.178994
1219.000000 188.000000 0.605104 -0.179058
1065.000000 189.000000 0.414598 -0.166127
1092.000000 189.000000 0.445395 -0.167813
1123.000000 189.000000 0.481971 -0.169946
150.000000 190.000000 -0.489517 -0.169297
1021.000000 190.000000 0.366213 -0.162714
1165.000000 190.000000 0.533775 -0.172150
28.000000 191.000000 -0.649541 -0.178826
1082.000000 191.000000 0.433754 -0.165160
964.000000 193.000000 0.306360 -0.157216
1059.000000 193.000000 0.407647 -0.161789
1265.000000 193.000000 0.669412 -0.178167
43.000000 196.000000 -0.627947 -0.171956
1057.000000 196.000000 0.405250 -0.158693
1163.000000 196.000000 0.530760 -0.165743
1231.000000 196.000000 0.620876 -0.171595
1233.000000 196.000000 0.623654 -0.171782
1114.000000 197.000000 0.470662 -0.161165
1214.000000 197.000000 0.597465 -0.168969
1067.000000 198.000000 0.416323 -0.157264
1071.000000 198.000000 0.420830 -0.157492
1157.000000 199.000000 0.522973 -0.162171
1159.000000 200.000000 0.525409 -0.161287
1166.000000 200.000000 0.534250 -0.161820
1180.000000 200.000000 0.552185 -0.162920
1182.000000 200.000000 0.554775 -0.163081
1186.000000 201.000000 0.559895 -0.162356
1221.000000 201.000000 0.606642 -0.165324
844.000000 202.000000 0.188155 -0.145010
1061.000000 202.000000 0.409380 -0.152955
1144.000000 202.000000 0.506595 -0.158126
12.000000 203.000000 -0.671325 -0.167281
1111.000000 205.000000 0.466591 -0.152865
892.000000 206.000000 0.234180 -0.142411
1207.000000 208.000000 0.587087 -0.156694
207.000000 210.000000 -0.421759 -0.145562
1204.000000 210.000000 0.582913 -0.154340
1221.000000 210.000000 0.605869 -0.155729
1050.000000 211.000000 0.396718 -0.143492
1083.000000 211.000000 0.433726 -0.145199
1204.000000 212.000000 0.582754 -0.152232
1246.000000 212.000000 0.640433 -0.155716
1043.000000 213.000000 0.388937 -0.141190
1156.000000 213.000000 0.520715 -0.147658
1153.000000 214.000000 0.516907 -0.146427
1229.000000 214.000000 0.616523 -0.152131
1159.000000 215.000000 0.524333 -0.145805
1185.000000 215.000000 0.557514 -0.147642
1187.000000 215.000000 0.560115 -0.147789
1125.000000 216.000000 0.482577 -0.142598
1208.000000 216.000000 0.587791 -0.148329
1144.000000 218.000000 0.505518 -0.141745
1261.000000 218.000000 0.661303 -0.150523
853.000000 219.000000 0.196355 -0.129277
955.000000 219.000000 0.296265 -0.131931
1199.000000 219.000000 0.575575 -0.144493
980.000000 220.000000 0.321779 -0.131817
1118.000000 221.000000 0.473925 -0.137134
1103.000000 222.000000 0.456209 -0.135296
1122.000000 222.000000 0.478632 -0.136355
1260.000000 222.000000 0.659528 -0.146106
1203.000000 223.000000 0.580589 -0.140593
1209.000000 223.000000 0.588603 -0.141033
1218.000000 223.000000 0.600750 -0.141704
1186.000000 225.000000 0.558104 -0.137308
1245.000000 225.000000 0.637945 -0.141661
1140.000000 226.000000 0.500129 -0.133354
1004.000000 227.000000 0.346532 -0.125940
1069.000000 228.000000 0.417030 -0.127640
1212.000000 228.000000 0.592270 -0.135991
1214.000000 229.000000 0.594894 -0.135082
1198.000000 230.000000 0.573473 -0.132920
1090.000000 231.000000 0.440709 -0.125660
1151.000000 232.000000 0.513296 -0.127895
1195.000000 232.000000 0.569389 -0.130634
1049.000000 233.000000 0.394629 -0.121863
1185.000000 233.000000 0.556278 -0.128945
1121.000000 234.000000 0.476782 -0.124217
1192.000000 234.000000 0.565325 -0.128358
1143.000000 235.000000 0.503281 -0.124391
1188.000000 235.000000 0.560044 -0.127065
1162.000000 236.000000 0.526770 -0.124453
994.000000 237.000000 0.335717 -0.115973
1218.000000 237.000000 0.599748 -0.126943
1060.000000 239.000000 0.406518 -0.116442
1130.000000 239.000000 0.487293 -0.119654
1229.000000 239.000000 0.614637 -0.125581
1252.000000 239.000000 0.646789 -0.127191
1214.000000 240.000000 0.594142 -0.123527
1035.000000 241.000000 0.379072 -0.113529
1042.000000 241.000000 0.386665 -0.113788
1140.000000 241.000000 0.499295 -0.118155
1260.000000 241.000000 0.658061 -0.125617
1174.000000 242.000000 0.541598 -0.118999
1170.000000 243.000000 0.536458 -0.117746
1214.000000 243.000000 0.593949 -0.120383
1088.000000 247.000000 0.437700 -0.109729
1216.000000 247.000000 0.596396 -0.116319
1247.000000 251.000000 0.638905 -0.114045
1044.000000 253.000000 0.388415 -0.102202
1194.000000 254.000000 0.566749 -0.107760
1211.000000 254.000000 0.589256 -0.108708
1226.000000 255.000000 0.609505 -0.108530
1276.000000 256.000000 0.680210 -0.110543
1084.000000 257.000000 0.432748 -0.099719
1139.000000 258.000000 0.497258 -0.100970
1227.000000 259.000000 0.610644 -0.104387
16.000000 260.000000 -0.661157 -0.105362
24.000000 260.000000 -0.649748 -0.104886
1069.000000 261.000000 0.415711 -0.095265
1191.000000 261.000000 0.562467 -0.100383
1016.000000 265.000000 0.357986 -0.089782
1200.000000 265.000000 0.574054 -0.096707
1051.000000 267.000000 0.395613 -0.088852
1064.000000 267.000000 0.409948 -0.089251
1128.000000 267.000000 0.483630 -0.091496
1066.000000 269.000000 0.412108 -0.087366
1208.000000 269.000000 0.584457 -0.092959
1051.000000 270.000000 0.395525 -0.085945
1234.000000 270.000000 0.619678 -0.093211
1063.000000 271.000000 0.408716 -0.085328
1123.000000 272.000000 0.477483 -0.086325
1198.000000 272.000000 0.571091 -0.089389
14.000000 273.000000 -0.663297 -0.091581
21.000000 273.000000 -0.653290 -0.091217
1187.000000 273.000000 0.556714 -0.087870
1254.000000 273.000000 0.647532 -0.091071
17.000000 274.000000 -0.658946 -0.090359
1160.000000 274.000000 0.522407 -0.085726
953.000000 275.000000 0.292821 -0.078856
1158.000000 275.000000 0.519880 -0.084637
1163.000000 275.000000 0.526112 -0.084834
20.000000 276.000000 -0.654562 -0.088078
1079.000000 276.000000 0.426453 -0.080933
1131.000000 276.000000 0.486888 -0.082627
1257.000000 276.000000 0.651645 -0.088036
1126.000000 277.000000 0.480875 -0.081456
1198.000000 277.000000 0.570869 -0.084239
1218.000000 277.000000 0.597491 -0.085122
1224.000000 277.000000 0.605625 -0.085396
1266.000000 277.000000 0.664494 -0.087423
1128.000000 279.000000 0.483193 -0.079534
1211.000000 279.000000 0.588000 -0.082736
1219.000000 279.000000 0.598752 -0.083087
1228.000000 279.000000 0.610994 -0.083490
1156.000000 280.000000 0.517210 -0.079517
1209.000000 280.000000 0.585288 -0.081615
1264.000000 280.000000 0.661467 -0.084123
1132.000000 282.000000 0.487882 -0.076679
1261.000000 282.000000 0.657067 -0.081851
1177.000000 283.000000 0.543475 -0.077257
1250.000000 283.000000 0.641387 -0.080284
1190.000000 284.000000 0.560147 -0.076729
1213.000000 284.000000 0.590465 -0.077642
1231.000000 284.000000 0.614888 -0.078395
1206.000000 286.000000 0.581055 -0.075294
1266.000000 286.000000 0.664065 -0.077821
1147.000000 287.000000 0.505892 -0.072172
1189.000000 287.000000 0.558739 -0.073623
1228.000000 287.000000 0.610649 -0.075136
1206.000000 289.000000 0.580940 -0.072201
1252.000000 289.000000 0.643951 -0.074029
1259.000000 289.000000 0.653896 -0.074325
1097.000000 290.000000 0.446548 -0.067735
1184.000000 290.000000 0.552180 -0.070382
1204.000000 291.000000 0.578218 -0.070067
1242.000000 292.000000 0.629786 -0.070463
1102.000000 293.000000 0.452233 -0.064920
1097.000000 294.000000 0.446445 -0.063813
1240.000000 294.000000 0.626924 -0.068286
1221.000000 296.000000 0.600782 -0.065506
1241.000000 296.000000 0.628240 -0.066226
1175.000000 297.000000 0.540457 -0.062974
1055.000000 298.000000 0.399220 -0.058983
1204.000000 298.000000 0.577977 -0.062865
1177.000000 299.000000 0.542939 -0.061006
1027.000000 300.000000 0.368895 -0.056535
1188.000000 301.000000 0.556981 -0.059298
1239.000000 301.000000 0.625283 -0.060915
230.000000 302.000000 -0.393081 -0.055001
1064.000000 302.000000 0.409059 -0.055297
1197.000000 304.000000 0.568591 -0.056496
1235.000000 304.000000 0.619649 -0.057647
1240.000000 304.000000 0.626573 -0.057807
993.000000 306.000000 0.333083 -0.050298
1190.000000 306.000000 0.559426 -0.054257
1231.000000 306.000000 0.614083 -0.055437
1210.000000 307.000000 0.585663 -0.053786
1216.000000 307.000000 0.593689 -0.053957
1235.000000 307.000000 0.619556 -0.054515
1241.000000 307.000000 0.627870 -0.054696
1246.000000 307.000000 0.634851 -0.054850
1127.000000 308.000000 0.481198 -0.050718
1260.000000 309.000000 0.654593 -0.053171
1262.000000 309.000000 0.657452 -0.053232
1150.000000 310.000000 0.508937 -0.049232
1173.000000 310.000000 0.537571 -0.049762
1229.000000 310.000000 0.611226 -0.051215
1123.000000 311.000000 0.476387 -0.047667
1185.000000 311.000000 0.552846 -0.049038
1211.000000 311.000000 0.586887 -0.049694
1055.000000 312.000000 0.398971 -0.045490
1158.000000 314.000000 0.518709 -0.045399
988.000000 315.000000 0.327807 -0.041736
1206.000000 315.000000 0.580145 -0.045456
1158.000000 316.000000 0.518668 -0.043393
1188.000000 316.000000 0.556595 -0.044023
1276.000000 316.000000 0.677476 -0.046195
1119.000000 317.000000 0.471551 -0.041671
1135.000000 317.000000 0.490588 -0.041955
1276.000000 318.000000 0.677423 -0.044062
988.000000 319.000000 0.327763 -0.037964
1104.000000 319.000000 0.454008 -0.039459
1114.000000 319.000000 0.465646 -0.039618
30.000000 320.000000 -0.638820 -0.041254
1251.000000 322.000000 0.641479 -0.039224
31.000000 323.000000 -0.637352 -0.038085
1095.000000 323.000000 0.443594 -0.035415
1097.000000 323.000000 0.445886 -0.035443
1134.000000 323.000000 0.489286 -0.035987
1186.000000 323.000000 0.553876 -0.036869
1271.000000 324.000000 0.670016 -0.037554
1224.000000 325.000000 0.604059 -0.035534
1151.000000 326.000000 0.509864 -0.033263
1196.000000 326.000000 0.566778 -0.033993
1016.000000 327.000000 0.356865 -0.030670
1202.000000 327.000000 0.574621 -0.033075
1058.000000 329.000000 0.402045 -0.029164
1118.000000 330.000000 0.470184 -0.028852
1179.000000 330.000000 0.544800 -0.029660
293.000000 331.000000 -0.326146 -0.026638
1218.000000 331.000000 0.595845 -0.029229
32.000000 333.000000 -0.635767 -0.027588
1153.000000 335.000000 0.512201 -0.024301
1175.000000 335.000000 0.539653 -0.024555
1191.000000 335.000000 0.560145 -0.024751
1200.000000 335.000000 0.571874 -0.024866
1091.000000 336.000000 0.438882 -0.022701
1104.000000 336.000000 0.453798 -0.022817
1163.000000 336.000000 0.524567 -0.023411
1222.000000 336.000000 0.601170 -0.024124
1051.000000 337.000000 0.394313 -0.021415
1190.000000 337.000000 0.558827 -0.022706
1174.000000 338.000000 0.538354 -0.021518
1146.000000 339.000000 0.503594 -0.020242
1153.000000 339.000000 0.512160 -0.020306
1103.000000 340.000000 0.452609 -0.018897
1109.000000 340.000000 0.459561 -0.018943
13.000000 343.000000 -0.662544 -0.017311
1218.000000 343.000000 0.595695 -0.016856
1263.000000 344.000000 0.658180 -0.016235
1183.000000 345.000000 0.549744 -0.014525
1199.000000 345.000000 0.570461 -0.014645
1259.000000 346.000000 0.652448 -0.014089
962.000000 349.000000 0.301083 -0.009643
1177.000000 349.000000 0.542069 -0.010444
1257.000000 349.000000 0.649581 -0.010914
1174.000000 350.000000 0.538263 -0.009421
33.000000 351.000000 -0.634184 -0.008746
1111.000000 352.000000 0.461825 -0.007191
1154.000000 352.000000 0.513306 -0.007332
1007.000000 353.000000 0.347270 -0.005980
1093.000000 353.000000 0.441067 -0.006164
1048.000000 354.000000 0.390970 -0.005103
1165.000000 354.000000 0.526938 -0.005364
1134.000000 356.000000 0.489002 -0.003305
1168.000000 356.000000 0.530688 -0.003363
279.000000 359.000000 -0.340502 -0.000302
1267.000000 359.000000 0.663848 -0.000393
1147.000000 360.000000 0.504718 0.000655
1240.000000 362.000000 0.625677 0.002749
985.000000 363.000000 0.324471 0.003462
203.000000 364.000000 -0.422324 0.004516
1243.000000 364.000000 0.629852 0.004841
1248.000000 364.000000 0.636844 0.004853
878.000000 365.000000 0.218708 0.005227
1142.000000 367.000000 0.498652 0.007607
1063.000000 368.000000 0.407407 0.008351
1100.000000 369.000000 0.449094 0.009435
1180.000000 369.000000 0.545878 0.009755
1194.000000 369.000000 0.563903 0.009819
1199.000000 370.000000 0.570431 0.010863
1270.000000 371.000000 0.668213 0.012331
1166.000000 374.000000 0.528227 0.014714
1250.000000 374.000000 0.639708 0.015344
1221.000000 375.000000 0.599725 0.016143
1148.000000 376.000000 0.505996 0.016589
1078.000000 377.000000 0.424140 0.017107
1109.000000 377.000000 0.459543 0.017305
998.000000 378.000000 0.337932 0.017628
1159.000000 378.000000 0.519543 0.018672
1113.000000 379.000000 0.464220 0.019296
1253.000000 380.000000 0.643999 0.021673
1205.000000 381.000000 0.578411 0.022156
1228.000000 381.000000 0.609290 0.022419
1232.000000 381.000000 0.614764 0.022467
1267.000000 381.000000 0.663983 0.022901
1142.000000 382.000000 0.498748 0.022508
1044.000000 383.000000 0.386710 0.022656
1175.000000 383.000000 0.539635 0.023853
1077.000000 384.000000 0.423070 0.023879
20.000000 385.000000 -0.652655 0.026999
1200.000000 386.000000 0.571892 0.027208
1248.000000 386.000000 0.637039 0.027902
1047.000000 389.000000 0.390013 0.028429
1205.000000 389.000000 0.578517 0.030350
1169.000000 390.000000 0.532156 0.030831
836.000000 391.000000 0.179018 0.028930
1150.000000 392.000000 0.508615 0.032563
1173.000000 392.000000 0.537225 0.032906
1242.000000 393.000000 0.628772 0.035126
1251.000000 393.000000 0.641380 0.035300
1194.000000 394.000000 0.564179 0.035279
1238.000000 394.000000 0.623238 0.036093
1088.000000 395.000000 0.435596 0.034674
1236.000000 395.000000 0.620493 0.037096
1136.000000 396.000000 0.491680 0.036334
1155.000000 396.000000 0.514822 0.036637
1159.000000 396.000000 0.519768 0.036703
1247.000000 396.000000 0.635818 0.038367
1153.000000 397.000000 0.512375 0.037604
1198.000000 397.000000 0.569453 0.038413
1164.000000 398.000000 0.526022 0.038797
1007.000000 399.000000 0.347474 0.037559
1172.000000 399.000000 0.536082 0.039950
1070.000000 400.000000 0.415429 0.039285
1223.000000 401.000000 0.602835 0.043050
1206.000000 402.000000 0.580084 0.043699
1167.000000 403.000000 0.529871 0.043884
206.000000 404.000000 -0.419308 0.043189
228.000000 404.000000 -0.395042 0.042866
1189.000000 404.000000 0.557895 0.045365
1123.000000 406.000000 0.476338 0.046010
1225.000000 407.000000 0.605697 0.049317
1262.000000 407.000000 0.657341 0.050328
1195.000000 408.000000 0.565776 0.049584
1230.000000 408.000000 0.612548 0.050489
1160.000000 409.000000 0.521264 0.049767
603.000000 411.000000 -0.033207 0.046605
1231.000000 411.000000 0.614003 0.053639
1145.000000 412.000000 0.502882 0.052428
1160.000000 413.000000 0.521359 0.053786
1247.000000 413.000000 0.636261 0.056210
1170.000000 414.000000 0.533895 0.055045
1224.000000 416.000000 0.604596 0.058628
1240.000000 416.000000 0.626582 0.059135
1100.000000 418.000000 0.449721 0.057344
1121.000000 419.000000 0.474252 0.058814
1238.000000 419.000000 0.623906 0.062209
1090.000000 420.000000 0.438307 0.059079
1101.000000 420.000000 0.450920 0.059328
1172.000000 420.000000 0.536582 0.061164
1233.000000 420.000000 0.617034 0.063085
1166.000000 421.000000 0.529060 0.062002
1174.000000 421.000000 0.539141 0.062235
1210.000000 422.000000 0.585950 0.064386
1112.000000 423.000000 0.463769 0.062542
31.000000 424.000000 -0.638153 0.067773
948.000000 425.000000 0.287488 0.061291
1234.000000 425.000000 0.618589 0.068343
976.000000 426.000000 0.315797 0.062655
1171.000000 428.000000 0.535565 0.069231
28.000000 431.000000 -0.642645 0.075270
1156.000000 431.000000 0.516913 0.071770
20.000000 433.000000 -0.654058 0.077727
22.000000 433.000000 -0.651214 0.077641
910.000000 433.000000 0.250072 0.068223
1144.000000 433.000000 0.502244 0.073388
1228.000000 433.000000 0.610661 0.076464
1236.000000 433.000000 0.621666 0.076795
1089.000000 435.000000 0.437542 0.073722
988.000000 436.000000 0.328294 0.072319
1054.000000 436.000000 0.398450 0.073777
1241.000000 436.000000 0.628736 0.080158
24.000000 437.000000 -0.648556 0.081790
1052.000000 437.000000 0.396283 0.074693
1134.000000 437.000000 0.490267 0.077059
1107.000000 438.000000 0.458354 0.077193
1238.000000 439.000000 0.624699 0.083177
589.000000 440.000000 -0.045903 0.072874
1193.000000 440.000000 0.564221 0.082269
1009.000000 441.000000 0.350268 0.077512
890.000000 442.000000 0.230789 0.076302
33.000000 443.000000 -0.636164 0.087711
1122.000000 443.000000 0.476136 0.082628
1098.000000 444.000000 0.448121 0.082823
1197.000000 444.000000 0.569617 0.086549
1108.000000 446.000000 0.459777 0.085125
1222.000000 448.000000 0.603157 0.091846
546.000000 450.000000 -0.084955 0.082128
1155.000000 450.000000 0.516377 0.090881
1172.000000 450.000000 0.537666 0.091601
1214.000000 450.000000 0.592450 0.093539
1182.000000 451.000000 0.550466 0.093065
1222.000000 451.000000 0.603305 0.094978
38.000000 452.000000 -0.629641 0.096954
1163.000000 452.000000 0.526420 0.093243
1065.000000 454.000000 0.411107 0.091556
1138.000000 454.000000 0.495723 0.094208
1195.000000 455.000000 0.567507 0.097785
43.000000 458.000000 -0.623032 0.103007
890.000000 458.000000 0.231035 0.091163
47.000000 459.000000 -0.617571 0.103836
1073.000000 459.000000 0.420206 0.096704
1168.000000 459.000000 0.533018 0.100581
1096.000000 460.000000 0.446377 0.098521
1154.000000 460.000000 0.515574 0.100945
1192.000000 460.000000 0.563839 0.102787
1215.000000 460.000000 0.594311 0.104003
1131.000000 461.000000 0.487572 0.100931
538.000000 462.000000 -0.092321 0.093119
1032.000000 463.000000 0.375313 0.099238
1072.000000 463.000000 0.419226 0.100583
1162.000000 463.000000 0.525672 0.104364
1180.000000 463.000000 0.548476 0.105258
1091.000000 464.000000 0.440789 0.102276
23.000000 465.000000 -0.651484 0.111609
27.000000 465.000000 -0.645815 0.111361
60.000000 465.000000 -0.600187 0.109391
1178.000000 465.000000 0.546017 0.107205
1266.000000 465.000000 0.665760 0.112316
30.000000 466.000000 -0.641644 0.112240
32.000000 468.000000 -0.638956 0.114241
1101.000000 469.000000 0.452513 0.107624
1192.000000 469.000000 0.564322 0.112074
31.000000 470.000000 -0.640489 0.116432
1058.000000 471.000000 0.403935 0.107890
4.000000 472.000000 -0.679277 0.120370
29.000000 472.000000 -0.643437 0.118691
1070.000000 472.000000 0.417323 0.109324
1105.000000 472.000000 0.457291 0.110774
7.000000 473.000000 -0.674986 0.121244
1195.000000 473.000000 0.568475 0.116384
33.000000 475.000000 -0.638007 0.121622
7.000000 476.000000 -0.675195 0.124484
31.000000 476.000000 -0.640885 0.122822
1024.000000 476.000000 0.367159 0.111531
1102.000000 476.000000 0.453979 0.114616
1259.000000 476.000000 0.656431 0.123659
1100.000000 477.000000 0.451704 0.115519
1168.000000 477.000000 0.533949 0.118955
1189.000000 477.000000 0.560875 0.120170
1002.000000 479.000000 0.343966 0.113686
1129.000000 479.000000 0.486012 0.118905
1161.000000 480.000000 0.525310 0.121629
1178.000000 481.000000 0.546909 0.123641
7.000000 482.000000 -0.675629 0.130972
1098.000000 483.000000 0.449665 0.121389
1131.000000 483.000000 0.488624 0.123037
1201.000000 485.000000 0.577126 0.129232
1203.000000 485.000000 0.579778 0.129364
1251.000000 485.000000 0.645677 0.132737
1078.000000 486.000000 0.426918 0.123436
1093.000000 488.000000 0.444132 0.126120
1054.000000 489.000000 0.400236 0.125332
1127.000000 489.000000 0.484137 0.128872
1199.000000 491.000000 0.574885 0.135360
1139.000000 494.000000 0.498935 0.134613
1151.000000 494.000000 0.513680 0.135335
185.000000 496.000000 -0.446126 0.134095
1048.000000 496.000000 0.393938 0.131930
1058.000000 496.000000 0.404970 0.132380
1096.000000 496.000000 0.447997 0.134238
66.000000 497.000000 -0.594205 0.142582
1089.000000 497.000000 0.439984 0.134873
1105.000000 497.000000 0.458517 0.135716
66.000000 499.000000 -0.594354 0.144691
187.000000 500.000000 -0.444031 0.137978
1094.000000 500.000000 0.445896 0.138125
1130.000000 501.000000 0.488437 0.141179
1133.000000 501.000000 0.492064 0.141361
1099.000000 504.000000 0.451907 0.142399
1106.000000 504.000000 0.460077 0.142794
1182.000000 504.000000 0.553579 0.147710
1135.000000 507.000000 0.494866 0.147588
1252.000000 507.000000 0.648872 0.156495
44.000000 508.000000 -0.625152 0.156010
1128.000000 508.000000 0.486459 0.148160
1134.000000 509.000000 0.493781 0.149561
1168.000000 509.000000 0.535998 0.151888
83.000000 511.000000 -0.572642 0.156009
1032.000000 514.000000 0.377320 0.148844
1080.000000 514.000000 0.430609 0.151332
1087.000000 515.000000 0.438672 0.152732
1133.000000 515.000000 0.492964 0.155615
43.000000 516.000000 -0.627236 0.164679
45.000000 516.000000 -0.624457 0.164501
1190.000000 516.000000 0.564909 0.160861
1024.000000 517.000000 0.368828 0.151406
1138.000000 518.000000 0.499261 0.159026
1165.000000 518.000000 0.532858 0.160994
1056.000000 519.000000 0.403894 0.154987
1253.000000 519.000000 0.651387 0.169593
1020.000000 521.000000 0.364724 0.155135
1266.000000 521.000000 0.670280 0.173024
1122.000000 523.000000 0.480237 0.163027
56.000000 524.000000 -0.610013 0.172088
58.000000 524.000000 -0.607278 0.171905
178.000000 525.000000 -0.455931 0.163603
57.000000 526.000000 -0.608828 0.174138
1191.000000 526.000000 0.567053 0.171467
60.000000 527.000000 -0.604825 0.174932
1208.000000 527.000000 0.589748 0.174026
59.000000 529.000000 -0.606374 0.177167
954.000000 529.000000 0.296269 0.160047
61.000000 530.000000 -0.603742 0.178051
1063.000000 530.000000 0.412323 0.166322
58.000000 531.000000 -0.607929 0.179406
1003.000000 531.000000 0.347104 0.164113
1086.000000 532.000000 0.438565 0.169749
1169.000000 532.000000 0.539064 0.175899
1248.000000 533.000000 0.645645 0.184344
60.000000 534.000000 -0.605484 0.182435
1225.000000 534.000000 0.613560 0.183126
947.000000 542.000000 0.289692 0.172323
1019.000000 543.000000 0.364776 0.176733
1044.000000 543.000000 0.391981 0.178162
1047.000000 544.000000 0.395352 0.179341
597.000000 545.000000 -0.039044 0.169293
1016.000000 546.000000 0.361719 0.179535
1047.000000 546.000000 0.395475 0.181339
1118.000000 547.000000 0.477209 0.187308
1207.000000 548.000000 0.590421 0.196393
1231.000000 548.000000 0.623311 0.198907
33.000000 549.000000 -0.644566 0.201503
1228.000000 550.000000 0.619357 0.200760
34.000000 552.000000 -0.643484 0.204685
1222.000000 552.000000 0.611281 0.202287
957.000000 555.000000 0.300433 0.185391
1020.000000 555.000000 0.366533 0.188688
1189.000000 555.000000 0.567136 0.202066
34.000000 557.000000 -0.644051 0.210182
1140.000000 557.000000 0.504815 0.199516
1017.000000 558.000000 0.363478 0.191495
1112.000000 561.000000 0.471166 0.201258
1095.000000 563.000000 0.451240 0.201933
1103.000000 564.000000 0.460727 0.203610
980.000000 565.000000 0.324680 0.196348
1035.000000 565.000000 0.383468 0.199614
1133.000000 565.000000 0.496920 0.207246
1220.000000 566.000000 0.610090 0.217311
1036.000000 567.000000 0.384698 0.201690
1133.000000 567.000000 0.497103 0.209338
983.000000 568.000000 0.327976 0.199475
978.000000 569.000000 0.322810 0.200191
1028.000000 570.000000 0.376142 0.204178
1146.000000 570.000000 0.513476 0.213719
989.000000 571.000000 0.334441 0.202784
977.000000 572.000000 0.321931 0.203103
1186.000000 572.000000 0.564978 0.219988
1046.000000 574.000000 0.396228 0.209448
1085.000000 574.000000 0.440481 0.212433
1268.000000 574.000000 0.679200 0.232069
1133.000000 575.000000 0.497854 0.217730
1087.000000 577.000000 0.443052 0.215689
1133.000000 579.000000 0.498241 0.221941
1059.000000 583.000000 0.411461 0.219586
1093.000000 584.000000 0.450661 0.223449
1096.000000 584.000000 0.454187 0.223715
1014.000000 586.000000 0.362020 0.219349
1075.000000 586.000000 0.429931 0.223968
1146.000000 586.000000 0.515096 0.230675
1057.000000 589.000000 0.409680 0.225577
1122.000000 589.000000 0.485769 0.231399
1022.000000 590.000000 0.370973 0.223949
1106.000000 590.000000 0.466591 0.230897
1080.000000 592.000000 0.436216 0.230605
1105.000000 592.000000 0.465588 0.232898
917.000000 593.000000 0.261772 0.220743
1024.000000 594.000000 0.373443 0.228155
1122.000000 594.000000 0.486272 0.236681
1085.000000 595.000000 0.442293 0.234171
1151.000000 595.000000 0.522365 0.240837
1005.000000 596.000000 0.353016 0.228834
639.000000 598.000000 -0.000765 0.219228
1071.000000 598.000000 0.426367 0.236039
44.000000 599.000000 -0.635230 0.255579
47.000000 599.000000 -0.631018 0.255170
130.000000 599.000000 -0.520595 0.244801
160.000000 600.000000 -0.483604 0.242637
1002.000000 600.000000 0.350075 0.232674
48.000000 601.000000 -0.629890 0.257274
1082.000000 601.000000 0.439350 0.240153
999.000000 602.000000 0.347004 0.234492
43.000000 604.000000 -0.637330 0.261336
989.000000 604.000000 0.336495 0.235832
1191.000000 604.000000 0.575428 0.255429
115.000000 606.000000 -0.540514 0.254114
889.000000 606.000000 0.234548 0.232254
113.000000 607.000000 -0.543213 0.255445
993.000000 607.000000 0.340950 0.239144
1187.000000 609.000000 0.570746 0.260420
1239.000000 609.000000 0.642244 0.267589
46.000000 610.000000 -0.633955 0.267673
1241.000000 610.000000 0.645231 0.269011
980.000000 611.000000 0.327454 0.242308
1007.000000 611.000000 0.356244 0.244222
1054.000000 612.000000 0.408232 0.249078
989.000000 613.000000 0.337115 0.244956
1064.000000 615.000000 0.419881 0.253114
1133.000000 615.000000 0.502085 0.260302
6.000000 616.000000 -0.692310 0.280414
8.000000 616.000000 -0.689383 0.280112
1003.000000 616.000000 0.352306 0.249034
1050.000000 616.000000 0.404069 0.252884
1061.000000 616.000000 0.416546 0.253881
1251.000000 617.000000 0.660577 0.278463
5.000000 618.000000 -0.694079 0.282874
984.000000 618.000000 0.332163 0.249691
1059.000000 618.000000 0.414451 0.255788
1064.000000 618.000000 0.420162 0.256254
1071.000000 619.000000 0.428307 0.257973
6.000000 620.000000 -0.692918 0.285034
1055.000000 621.000000 0.410180 0.258556
1070.000000 621.000000 0.427347 0.259980
9.000000 622.000000 -0.688834 0.286887
128.000000 622.000000 -0.525854 0.269947
1006.000000 622.000000 0.356003 0.255418
1083.000000 622.000000 0.442560 0.262332
108.000000 623.000000 -0.551736 0.273617
1069.000000 624.000000 0.426487 0.263043
1076.000000 624.000000 0.434594 0.263739
107.000000 625.000000 -0.553307 0.275959
1086.000000 625.000000 0.446392 0.265825
111.000000 626.000000 -0.548226 0.276531
1114.000000 626.000000 0.479997 0.269962
84.000000 627.000000 -0.584093 0.281358
135.000000 627.000000 -0.517616 0.274532
1224.000000 627.000000 0.623773 0.285791
818.000000 628.000000 0.166491 0.251126
106.000000 630.000000 -0.555292 0.281633
1081.000000 630.000000 0.441046 0.270618
1096.000000 630.000000 0.458771 0.272233
64.000000 631.000000 -0.611951 0.288789
1028.000000 631.000000 0.380819 0.266561
1034.000000 631.000000 0.387482 0.267095
1044.000000 632.000000 0.398770 0.269060
62.000000 633.000000 -0.615019 0.291361
913.000000 634.000000 0.259895 0.261377
993.000000 634.000000 0.342946 0.266761
111.000000 635.000000 -0.549445 0.286500
1064.000000 636.000000 0.421927 0.275234
913.000000 638.000000 0.260124 0.265417
1037.000000 638.000000 0.391474 0.274707
1223.000000 638.000000 0.624068 0.298186
109.000000 639.000000 -0.552614 0.291232
1186.000000 640.000000 0.573722 0.294817
84.000000 642.000000 -0.586288 0.298244
80.000000 643.000000 -0.591857 0.299982
798.000000 643.000000 0.147889 0.265299
119.000000 644.000000 -0.540307 0.295404
987.000000 645.000000 0.337394 0.277669
1011.000000 645.000000 0.363348 0.279689
1061.000000 645.000000 0.419404 0.284500
86.000000 647.000000 -0.584346 0.303607
233.000000 647.000000 -0.402933 0.285009
1057.000000 647.000000 0.415019 0.286215
1071.000000 647.000000 0.431192 0.287710
40.000000 648.000000 -0.648273 0.312065
1231.000000 648.000000 0.636926 0.310980
234.000000 649.000000 -0.402001 0.287033
1039.000000 649.000000 0.394778 0.286515
1247.000000 651.000000 0.660240 0.317122
892.000000 652.000000 0.239835 0.278411
1237.000000 652.000000 0.646101 0.316614
1002.000000 653.000000 0.354241 0.287281
1238.000000 654.000000 0.647860 0.319111
898.000000 655.000000 0.246014 0.281805
946.000000 655.000000 0.294973 0.284907
995.000000 656.000000 0.346916 0.289817
1032.000000 656.000000 0.387613 0.293256
1078.000000 657.000000 0.440514 0.299285
1144.000000 657.000000 0.521330 0.307803
90.000000 658.000000 -0.580661 0.315510
162.000000 658.000000 -0.487951 0.305093
1025.000000 658.000000 0.379996 0.294693
968.000000 659.000000 0.318310 0.290713
998.000000 660.000000 0.350517 0.294286
92.000000 661.000000 -0.578445 0.318622
950.000000 661.000000 0.299571 0.291410
86.000000 662.000000 -0.586697 0.320725
91.000000 663.000000 -0.580108 0.321071
406.000000 663.000000 -0.222095 0.288533
890.000000 663.000000 0.238460 0.289512
1230.000000 663.000000 0.638027 0.328259
942.000000 664.000000 0.291474 0.293935
1099.000000 665.000000 0.466547 0.310597
775.000000 666.000000 0.126714 0.287551
884.000000 666.000000 0.232635 0.292239
390.000000 667.000000 -0.238250 0.293514
927.000000 667.000000 0.276210 0.295980
1189.000000 667.000000 0.581953 0.326019
1222.000000 668.000000 0.627609 0.332729
214.000000 669.000000 -0.427110 0.310704
851.000000 671.000000 0.200241 0.295600
78.000000 672.000000 -0.599235 0.333584
1020.000000 673.000000 0.375929 0.310205
1066.000000 673.000000 0.428334 0.315286
878.000000 674.000000 0.227106 0.300109
1182.000000 674.000000 0.573671 0.332937
964.000000 675.000000 0.315380 0.307156
1007.000000 675.000000 0.361751 0.311049
1025.000000 675.000000 0.381714 0.312871
1042.000000 675.000000 0.400899 0.314701
1093.000000 675.000000 0.460602 0.320863
978.000000 676.000000 0.330375 0.309413
1124.000000 676.000000 0.498793 0.326240
917.000000 677.000000 0.266657 0.305673
999.000000 677.000000 0.353180 0.312410
874.000000 679.000000 0.223406 0.305033
178.000000 680.000000 -0.471313 0.327362
876.000000 681.000000 0.225515 0.307214
902.000000 681.000000 0.251657 0.308825
936.000000 681.000000 0.286517 0.311235
1177.000000 681.000000 0.568132 0.340196
594.000000 683.000000 -0.042859 0.302833
1166.000000 684.000000 0.554014 0.341840
937.000000 686.000000 0.287942 0.316574
959.000000 686.000000 0.311016 0.318369
179.000000 687.000000 -0.471059 0.335054
1245.000000 687.000000 0.663704 0.359313
71.000000 688.000000 -0.611646 0.353514
183.000000 688.000000 -0.466337 0.335621
880.000000 688.000000 0.229932 0.314714
1248.000000 688.000000 0.668206 0.361063
59.000000 689.000000 -0.628539 0.356853
3.000000 690.000000 -0.709061 0.368273
187.000000 690.000000 -0.461771 0.337312
203.000000 690.000000 -0.442623 0.335168
1268.000000 690.000000 0.697592 0.367149
5.000000 691.000000 -0.706322 0.369119
179.000000 691.000000 -0.471620 0.339548
216.000000 692.000000 -0.427569 0.335719
1244.000000 692.000000 0.663192 0.365118
1000.000000 693.000000 0.355862 0.329715
1168.000000 693.000000 0.558168 0.352607
5.000000 694.000000 -0.706866 0.372746
56.000000 694.000000 -0.633662 0.363342
183.000000 694.000000 -0.467174 0.342362
188.000000 694.000000 -0.461116 0.341662
193.000000 694.000000 -0.455093 0.340973
181.000000 695.000000 -0.469749 0.343773
213.000000 695.000000 -0.431469 0.339433
216.000000 695.000000 -0.427950 0.339048
990.000000 695.000000 0.345122 0.330869
186.000000 696.000000 -0.463815 0.344193
742.000000 696.000000 0.096204 0.317066
218.000000 697.000000 -0.425865 0.341017
750.000000 697.000000 0.103833 0.318301
966.000000 697.000000 0.319429 0.330733
159.000000 700.000000 -0.497667 0.352715
204.000000 700.000000 -0.442765 0.346208
910.000000 701.000000 0.261205 0.330382
203.000000 702.000000 -0.444226 0.348590
547.000000 702.000000 -0.087455 0.322967
1031.000000 702.000000 0.391485 0.342974
160.000000 703.000000 -0.496879 0.355998
210.000000 703.000000 -0.436056 0.348767
950.000000 703.000000 0.302975 0.335742
45.000000 704.000000 -0.651079 0.377373
182.000000 704.000000 -0.469829 0.353822
1088.000000 704.000000 0.458543 0.352659
1142.000000 704.000000 0.526004 0.361022
1254.000000 704.000000 0.679862 0.381475
179.000000 705.000000 -0.473645 0.355402
185.000000 705.000000 -0.466318 0.354521
213.000000 705.000000 -0.432782 0.350610
48.000000 706.000000 -0.647200 0.379215
1025.000000 706.000000 0.385156 0.346686
178.000000 707.000000 -0.475170 0.357833
200.000000 707.000000 -0.448500 0.354644
204.000000 707.000000 -0.443722 0.354087
209.000000 707.000000 -0.437780 0.353400
263.000000 707.000000 -0.375593 0.346651
538.000000 707.000000 -0.096128 0.328339
1170.000000 707.000000 0.563269 0.369356
183.000000 708.000000 -0.469197 0.358230
1138.000000 708.000000 0.521518 0.365005
1163.000000 708.000000 0.554140 0.369293
199.000000 709.000000 -0.449980 0.357050
214.000000 709.000000 -0.432140 0.354974
933.000000 709.000000 0.285634 0.340726
1087.000000 709.000000 0.458055 0.358192
97.000000 710.000000 -0.580066 0.374842
204.000000 710.000000 -0.444140 0.357479
941.000000 710.000000 0.294103 0.342485
1143.000000 710.000000 0.528303 0.368177
1199.000000 710.000000 0.603183 0.378238
191.000000 711.000000 -0.459910 0.360474
208.000000 711.000000 -0.439517 0.358053
345.000000 711.000000 -0.287371 0.342898
380.000000 711.000000 -0.251227 0.340153
204.000000 712.000000 -0.444421 0.359745
1090.000000 712.000000 0.462136 0.362053
1252.000000 713.000000 0.678694 0.392040
1276.000000 713.000000 0.713535 0.396602
195.000000 714.000000 -0.455511 0.363311
201.000000 715.000000 -0.448438 0.363582
651.000000 715.000000 0.010540 0.335311
1131.000000 715.000000 0.513717 0.371991
196.000000 716.000000 -0.454597 0.365448
886.000000 716.000000 0.237812 0.344609
1175.000000 716.000000 0.571602 0.380926
1177.000000 716.000000 0.574296 0.381296
1190.000000 716.000000 0.591952 0.383725
