97.000000 3.000000 -0.581329 -0.381826
864.000000 3.000000 0.215670 -0.342865
976.000000 3.000000 0.332080 -0.352049
1075.000000 3.000000 0.444711 -0.364204
1162.000000 3.000000 0.554385 -0.378386
1170.000000 3.000000 0.565045 -0.379843
997.000000 4.000000 0.354956 -0.353182
1098.000000 5.000000 0.472317 -0.365335
1149.000000 5.000000 0.536922 -0.373713
1237.000000 5.000000 0.657554 -0.390244
832.000000 6.000000 0.183727 -0.337850
1141.000000 6.000000 0.526356 -0.371155
1170.000000 6.000000 0.564496 -0.376280
1072.000000 7.000000 0.440557 -0.359228
1081.000000 7.000000 0.451339 -0.360513
102.000000 8.000000 -0.573664 -0.374954
853.000000 8.000000 0.204390 -0.336905
855.000000 8.000000 0.206379 -0.337023
973.000000 8.000000 0.328330 -0.346279
1148.000000 8.000000 0.535096 -0.370016
1166.000000 8.000000 0.558798 -0.373189
933.000000 9.000000 0.285760 -0.341526
1245.000000 9.000000 0.668247 -0.386931
1247.000000 9.000000 0.671124 -0.387318
969.000000 10.000000 0.323824 -0.343709
978.000000 10.000000 0.333538 -0.344599
1024.000000 10.000000 0.384447 -0.349639
1166.000000 10.000000 0.558440 -0.370827
31.000000 11.000000 -0.672047 -0.384755
100.000000 11.000000 -0.575810 -0.371761
1068.000000 11.000000 0.435247 -0.354148
1074.000000 11.000000 0.442380 -0.354978
1181.000000 11.000000 0.578381 -0.372356
890.000000 12.000000 0.241276 -0.335031
1068.000000 13.000000 0.434974 -0.351894
83.000000 14.000000 -0.598362 -0.371308
892.000000 14.000000 0.243167 -0.333049
1026.000000 14.000000 0.386237 -0.345446
1098.000000 14.000000 0.470958 -0.355032
879.000000 15.000000 0.229963 -0.331122
1029.000000 15.000000 0.389519 -0.344695
1070.000000 15.000000 0.437071 -0.349914
1177.000000 15.000000 0.572259 -0.366896
685.000000 16.000000 0.042482 -0.322891
1026.000000 16.000000 0.386002 -0.343237
1105.000000 16.000000 0.479266 -0.353798
1029.000000 18.000000 0.389164 -0.341382
127.000000 19.000000 -0.538652 -0.357660
1075.000000 19.000000 0.442468 -0.346098
1267.000000 19.000000 0.698203 -0.378966
84.000000 20.000000 -0.595895 -0.364005
665.000000 20.000000 0.023638 -0.318617
1171.000000 21.000000 0.563157 -0.358776
1174.000000 21.000000 0.567166 -0.359301
939.000000 22.000000 0.290948 -0.328110
998.000000 22.000000 0.354132 -0.333581
1111.000000 22.000000 0.485788 -0.347859
113.000000 23.000000 -0.556347 -0.355371
1272.000000 23.000000 0.704759 -0.375041
1109.000000 24.000000 0.483012 -0.345287
1141.000000 24.000000 0.523361 -0.350245
1066.000000 25.000000 0.431019 -0.338193
1116.000000 25.000000 0.491555 -0.345196
1120.000000 26.000000 0.496402 -0.344662
1105.000000 27.000000 0.477640 -0.341302
1107.000000 27.000000 0.480102 -0.341592
96.000000 28.000000 -0.578180 -0.352459
1002.000000 28.000000 0.357911 -0.327487
946.000000 29.000000 0.297701 -0.321243
1128.000000 31.000000 0.505700 -0.340185
1004.000000 32.000000 0.359703 -0.323369
1127.000000 33.000000 0.504135 -0.337758
1129.000000 33.000000 0.506658 -0.338061
1238.000000 33.000000 0.653671 -0.356691
407.000000 34.000000 -0.222348 -0.310787
990.000000 34.000000 0.344196 -0.319832
1176.000000 34.000000 0.567600 -0.344472
89.000000 35.000000 -0.586431 -0.345491
658.000000 35.000000 0.016998 -0.303336
1131.000000 35.000000 0.508883 -0.336091
1150.000000 35.000000 0.533210 -0.339044
1024.000000 36.000000 0.381501 -0.321138
1048.000000 36.000000 0.408737 -0.323836
832.000000 37.000000 0.182195 -0.305643
948.000000 37.000000 0.299145 -0.312940
1109.000000 37.000000 0.481129 -0.330608
1112.000000 37.000000 0.484829 -0.331034
1122.000000 37.000000 0.497262 -0.332482
1133.000000 37.000000 0.511113 -0.334122
1175.000000 37.000000 0.565759 -0.340824
1038.000000 38.000000 0.397082 -0.320507
86.000000 39.000000 -0.589819 -0.341343
297.000000 39.000000 -0.335576 -0.313672
1175.000000 39.000000 0.565425 -0.338510
40.000000 40.000000 -0.653771 -0.348270
949.000000 40.000000 0.299952 -0.309859
1131.000000 40.000000 0.508132 -0.330422
1172.000000 40.000000 0.561265 -0.336858
30.000000 41.000000 -0.667915 -0.348879
37.000000 41.000000 -0.657876 -0.347622
1182.000000 41.000000 0.574467 -0.337364
1184.000000 41.000000 0.577159 -0.337700
488.000000 42.000000 -0.142944 -0.298848
997.000000 42.000000 0.351048 -0.311942
1054.000000 42.000000 0.414945 -0.317980
1060.000000 42.000000 0.421893 -0.318688
1170.000000 42.000000 0.558283 -0.334226
291.000000 43.000000 -0.341679 -0.309964
1118.000000 43.000000 0.491409 -0.325150
37.000000 45.000000 -0.657161 -0.342881
87.000000 45.000000 -0.587445 -0.334203
112.000000 45.000000 -0.554037 -0.330116
996.000000 45.000000 0.349674 -0.308649
1057.000000 45.000000 0.418062 -0.315058
1126.000000 45.000000 0.501106 -0.324050
28.000000 46.000000 -0.669900 -0.343295
969.000000 46.000000 0.320557 -0.305181
1050.000000 46.000000 0.409882 -0.313165
1113.000000 46.000000 0.484798 -0.321091
1116.000000 46.000000 0.488506 -0.321509
1123.000000 46.000000 0.497209 -0.322497
1137.000000 46.000000 0.514841 -0.324531
1140.000000 46.000000 0.518660 -0.324978
1142.000000 46.000000 0.521213 -0.325277
1165.000000 46.000000 0.551039 -0.328832
31.000000 47.000000 -0.665407 -0.341577
90.000000 47.000000 -0.583050 -0.331390
1053.000000 47.000000 0.413216 -0.312420
1066.000000 47.000000 0.428284 -0.313936
1154.000000 47.000000 0.536513 -0.325969
103.000000 48.000000 -0.565463 -0.328117
1064.000000 48.000000 0.425834 -0.312607
1157.000000 48.000000 0.540257 -0.325295
1174.000000 48.000000 0.562620 -0.327981
1183.000000 48.000000 0.574650 -0.329444
954.000000 49.000000 0.304479 -0.300806
1145.000000 49.000000 0.524604 -0.322333
1159.000000 49.000000 0.542708 -0.324467
1185.000000 49.000000 0.577177 -0.328620
1202.000000 49.000000 0.600309 -0.331458
1044.000000 50.000000 0.402577 -0.308165
1064.000000 50.000000 0.425599 -0.310428
1175.000000 50.000000 0.563628 -0.325848
1072.000000 51.000000 0.434830 -0.310284
1177.000000 51.000000 0.566131 -0.325023
1219.000000 51.000000 0.623556 -0.332036
877.000000 52.000000 0.225742 -0.292566
1151.000000 52.000000 0.531870 -0.319841
1155.000000 52.000000 0.537045 -0.320446
1158.000000 52.000000 0.540943 -0.320903
1208.000000 52.000000 0.608074 -0.328989
1217.000000 52.000000 0.620586 -0.330524
1189.000000 53.000000 0.581919 -0.324669
1060.000000 54.000000 0.420496 -0.305622
924.000000 55.000000 0.272961 -0.292373
1132.000000 55.000000 0.507215 -0.313695
1152.000000 55.000000 0.532712 -0.316601
1145.000000 56.000000 0.523569 -0.314442
1158.000000 56.000000 0.540335 -0.316371
244.000000 57.000000 -0.392099 -0.299602
300.000000 57.000000 -0.330790 -0.294395
977.000000 57.000000 0.328148 -0.294289
1027.000000 57.000000 0.382674 -0.298871
1132.000000 57.000000 0.506933 -0.311461
1143.000000 57.000000 0.520869 -0.313028
1166.000000 57.000000 0.550635 -0.316454
1156.000000 58.000000 0.537438 -0.313811
1158.000000 58.000000 0.540034 -0.314110
1220.000000 58.000000 0.623759 -0.324046
1059.000000 59.000000 0.418779 -0.300104
1142.000000 59.000000 0.519307 -0.310642
1178.000000 59.000000 0.566196 -0.316038
1211.000000 59.000000 0.611051 -0.321375
481.000000 60.000000 -0.149022 -0.280924
922.000000 61.000000 0.270516 -0.286055
1052.000000 61.000000 0.410516 -0.297186
1148.000000 61.000000 0.526685 -0.309263
1157.000000 61.000000 0.538289 -0.310578
970.000000 62.000000 0.320306 -0.288495
1081.000000 62.000000 0.444121 -0.299375
1161.000000 62.000000 0.543340 -0.310044
985.000000 63.000000 0.336197 -0.288675
1174.000000 63.000000 0.560265 -0.310873
1193.000000 63.000000 0.585722 -0.313838
1003.000000 64.000000 0.355551 -0.289184
1065.000000 64.000000 0.425164 -0.295380
1164.000000 64.000000 0.546958 -0.308235
1174.000000 65.000000 0.559960 -0.308608
955.000000 66.000000 0.304231 -0.283196
1160.000000 66.000000 0.541449 -0.305394
1177.000000 66.000000 0.563785 -0.307931
1168.000000 67.000000 0.551752 -0.305448
1192.000000 67.000000 0.583736 -0.309112
1197.000000 67.000000 0.590520 -0.309899
971.000000 68.000000 0.320892 -0.282336
1180.000000 68.000000 0.567471 -0.306122
1028.000000 69.000000 0.382613 -0.286224
1184.000000 69.000000 0.572661 -0.305599
1148.000000 70.000000 0.525407 -0.299207
1158.000000 70.000000 0.538276 -0.300620
1182.000000 70.000000 0.569834 -0.304161
916.000000 71.000000 0.263780 -0.275439
1065.000000 72.000000 0.424290 -0.286789
1133.000000 72.000000 0.506141 -0.294947
1153.000000 72.000000 0.531539 -0.297678
1052.000000 73.000000 0.409257 -0.284358
1091.000000 73.000000 0.454694 -0.288622
1127.000000 73.000000 0.498515 -0.293057
1151.000000 73.000000 0.528831 -0.296285
1191.000000 73.000000 0.581456 -0.302132
1198.000000 73.000000 0.590941 -0.303211
1039.000000 74.000000 0.394438 -0.281998
1192.000000 76.000000 0.582348 -0.298884
923.000000 77.000000 0.270519 -0.269760
1026.000000 77.000000 0.379640 -0.277605
1012.000000 79.000000 0.364050 -0.274261
1204.000000 81.000000 0.597898 -0.295040
1176.000000 82.000000 0.560098 -0.289772
1174.000000 83.000000 0.557318 -0.288369
1192.000000 83.000000 0.581300 -0.290976
1172.000000 84.000000 0.554546 -0.286971
1177.000000 84.000000 0.561134 -0.287678
1181.000000 84.000000 0.566435 -0.288250
1047.000000 85.000000 0.402393 -0.271161
1053.000000 86.000000 0.409098 -0.270686
1066.000000 86.000000 0.423982 -0.271978
1183.000000 86.000000 0.568808 -0.286297
1198.000000 87.000000 0.588822 -0.287353
949.000000 88.000000 0.296470 -0.260228
1058.000000 88.000000 0.414601 -0.269064
1073.000000 88.000000 0.431878 -0.270572
1093.000000 88.000000 0.455375 -0.272703
1112.000000 88.000000 0.478214 -0.274859
1183.000000 88.000000 0.568523 -0.284060
787.000000 89.000000 0.137065 -0.251809
974.000000 89.000000 0.322487 -0.260923
1187.000000 89.000000 0.573716 -0.283511
1229.000000 90.000000 0.631222 -0.288627
786.000000 92.000000 0.136035 -0.248836
1188.000000 92.000000 0.574627 -0.280298
1075.000000 93.000000 0.433690 -0.265475
1096.000000 93.000000 0.458397 -0.267683
1201.000000 93.000000 0.592020 -0.281039
1113.000000 94.000000 0.478736 -0.268506
1154.000000 94.000000 0.529862 -0.273487
1204.000000 94.000000 0.595962 -0.280350
1188.000000 95.000000 0.574205 -0.276949
1036.000000 96.000000 0.389045 -0.258641
1148.000000 96.000000 0.521960 -0.270535
1185.000000 97.000000 0.569926 -0.274306
165.000000 98.000000 -0.479862 -0.264220
1128.000000 98.000000 0.496661 -0.265931
980.000000 99.000000 0.328106 -0.251141
1100.000000 99.000000 0.462519 -0.261711
998.000000 100.000000 0.347195 -0.251427
1004.000000 100.000000 0.353649 -0.251882
1184.000000 100.000000 0.568186 -0.270839
1053.000000 101.000000 0.407686 -0.254949
1101.000000 101.000000 0.463500 -0.259687
1193.000000 101.000000 0.580073 -0.270959
1126.000000 102.000000 0.493727 -0.261385
955.000000 103.000000 0.301713 -0.245427
1069.000000 104.000000 0.425671 -0.253296
1187.000000 104.000000 0.571637 -0.266811
1214.000000 104.000000 0.608242 -0.270550
1096.000000 105.000000 0.457125 -0.254913
1173.000000 105.000000 0.553023 -0.263861
1183.000000 105.000000 0.566188 -0.265171
875.000000 106.000000 0.221106 -0.238219
1011.000000 106.000000 0.360759 -0.246268
1029.000000 106.000000 0.380440 -0.247692
1061.000000 106.000000 0.416320 -0.250460
1065.000000 106.000000 0.420891 -0.250828
1179.000000 106.000000 0.560770 -0.263541
442.000000 107.000000 -0.184763 -0.235720
1127.000000 107.000000 0.494391 -0.256124
1208.000000 107.000000 0.599579 -0.266346
1210.000000 107.000000 0.602318 -0.266625
935.000000 108.000000 0.280898 -0.239218
1077.000000 109.000000 0.434439 -0.248814
1107.000000 109.000000 0.469843 -0.251814
1126.000000 109.000000 0.492936 -0.253868
1250.000000 109.000000 0.658230 -0.270123
1213.000000 110.000000 0.606021 -0.263688
1064.000000 111.000000 0.419290 -0.245520
1215.000000 111.000000 0.608637 -0.262847
1217.000000 111.000000 0.611399 -0.263125
1090.000000 112.000000 0.449332 -0.246919
1101.000000 112.000000 0.462355 -0.248016
1106.000000 112.000000 0.468331 -0.248527
1105.000000 115.000000 0.466827 -0.245250
1071.000000 116.000000 0.426861 -0.240945
1097.000000 116.000000 0.457202 -0.243396
1102.000000 116.000000 0.463144 -0.243892
1115.000000 116.000000 0.478759 -0.245219
1120.000000 116.000000 0.484832 -0.245744
1140.000000 116.000000 0.509506 -0.247926
1019.000000 117.000000 0.368618 -0.235629
1254.000000 117.000000 0.662826 -0.261604
1199.000000 118.000000 0.585871 -0.252917
927.000000 119.000000 0.272195 -0.227835
1088.000000 119.000000 0.446312 -0.239381
1005.000000 120.000000 0.353258 -0.231564
1119.000000 120.000000 0.483196 -0.241392
1244.000000 120.000000 0.648057 -0.256788
1121.000000 121.000000 0.485526 -0.240539
1189.000000 121.000000 0.572090 -0.248338
1210.000000 121.000000 0.600419 -0.251039
1174.000000 122.000000 0.552207 -0.245402
1206.000000 123.000000 0.594703 -0.248304
791.000000 124.000000 0.139921 -0.217855
1129.000000 124.000000 0.495004 -0.238188
1231.000000 124.000000 0.629114 -0.250504
117.000000 126.000000 -0.536501 -0.239552
1053.000000 126.000000 0.405539 -0.229063
1130.000000 126.000000 0.496025 -0.236168
1218.000000 126.000000 0.610753 -0.246546
1093.000000 128.000000 0.451342 -0.230443
1212.000000 128.000000 0.602246 -0.243554
1216.000000 129.000000 0.607607 -0.242963
798.000000 130.000000 0.146366 -0.212252
1043.000000 130.000000 0.394041 -0.224179
1096.000000 130.000000 0.454690 -0.228632
1218.000000 130.000000 0.610234 -0.242114
1111.000000 131.000000 0.472438 -0.228993
1261.000000 131.000000 0.670991 -0.246719
5.000000 132.000000 -0.689750 -0.247167
969.000000 132.000000 0.314478 -0.217220
1212.000000 132.000000 0.601737 -0.239141
1221.000000 132.000000 0.614122 -0.240285
1238.000000 132.000000 0.637903 -0.242500
1109.000000 133.000000 0.469851 -0.226706
804.000000 134.000000 0.151925 -0.208559
896.000000 134.000000 0.240563 -0.211636
973.000000 134.000000 0.318523 -0.215460
1208.000000 135.000000 0.595907 -0.235344
58.000000 136.000000 -0.613733 -0.235716
1036.000000 136.000000 0.385844 -0.217549
1071.000000 136.000000 0.425139 -0.220249
1158.000000 136.000000 0.529998 -0.228482
1230.000000 136.000000 0.626132 -0.237006
1242.000000 136.000000 0.643043 -0.238559
1016.000000 137.000000 0.363944 -0.215142
1036.000000 139.000000 0.385628 -0.214507
1217.000000 140.000000 0.607600 -0.230957
1252.000000 141.000000 0.656668 -0.234272
1130.000000 142.000000 0.494422 -0.219264
6.000000 143.000000 -0.686819 -0.234578
1121.000000 143.000000 0.483361 -0.217362
1055.000000 144.000000 0.406387 -0.210815
1082.000000 144.000000 0.437134 -0.212920
1085.000000 144.000000 0.440608 -0.213166
1161.000000 144.000000 0.532970 -0.220258
1163.000000 145.000000 0.535419 -0.219401
796.000000 146.000000 0.144103 -0.196880
1130.000000 146.000000 0.494040 -0.215062
1230.000000 146.000000 0.624880 -0.225942
1051.000000 148.000000 0.401618 -0.206459
1234.000000 149.000000 0.630113 -0.223119
999.000000 150.000000 0.344919 -0.201059
1040.000000 150.000000 0.389269 -0.203666
1229.000000 150.000000 0.623000 -0.221414
1127.000000 151.000000 0.489913 -0.209550
1130.000000 151.000000 0.493575 -0.209824
1231.000000 151.000000 0.625671 -0.220553
1247.000000 151.000000 0.648253 -0.222495
760.000000 152.000000 0.110377 -0.190469
1042.000000 152.000000 0.391341 -0.201785
1242.000000 152.000000 0.641026 -0.220776
1244.000000 152.000000 0.643862 -0.221019
1260.000000 152.000000 0.666799 -0.222990
758.000000 153.000000 0.108505 -0.189489
1226.000000 153.000000 0.618472 -0.217764
1265.000000 153.000000 0.673928 -0.222495
1276.000000 153.000000 0.690024 -0.223873
55.000000 154.000000 -0.615707 -0.216301
1241.000000 154.000000 0.639369 -0.218444
50.000000 155.000000 -0.622515 -0.215785
1023.000000 155.000000 0.370352 -0.197530
1151.000000 155.000000 0.519216 -0.207596
1251.000000 155.000000 0.653477 -0.218543
14.000000 156.000000 -0.673523 -0.218975
1227.000000 156.000000 0.619510 -0.214592
1248.000000 156.000000 0.649070 -0.217072
1148.000000 157.000000 0.515268 -0.205205
1167.000000 158.000000 0.539216 -0.205982
1013.000000 159.000000 0.359326 -0.192932
1227.000000 159.000000 0.619165 -0.211309
1008.000000 162.000000 0.353802 -0.189662
1156.000000 162.000000 0.524844 -0.200695
1010.000000 163.000000 0.355881 -0.188784
943.000000 164.000000 0.286214 -0.184435
998.000000 164.000000 0.343068 -0.187126
1086.000000 164.000000 0.440199 -0.192755
1167.000000 164.000000 0.538631 -0.199627
1142.000000 165.000000 0.507075 -0.196274
1147.000000 165.000000 0.513285 -0.196720
47.000000 166.000000 -0.625441 -0.204091
54.000000 167.000000 -0.615631 -0.202237
1134.000000 167.000000 0.497051 -0.193496
1243.000000 167.000000 0.640685 -0.204357
1245.000000 167.000000 0.643519 -0.204583
1099.000000 168.000000 0.455034 -0.189647
975.000000 169.000000 0.318741 -0.181031
1261.000000 169.000000 0.666211 -0.204200
991.000000 170.000000 0.335377 -0.180846
1128.000000 170.000000 0.489482 -0.189882
1242.000000 170.000000 0.638935 -0.200954
1248.000000 170.000000 0.647444 -0.201622
1152.000000 171.000000 0.518997 -0.190887
1071.000000 172.000000 0.422453 -0.183579
1237.000000 172.000000 0.631675 -0.198217
1247.000000 172.000000 0.645799 -0.199314
30.000000 173.000000 -0.648581 -0.198300
1087.000000 173.000000 0.440701 -0.183672
1226.000000 173.000000 0.616240 -0.195949
1248.000000 174.000000 0.647001 -0.197228
796.000000 175.000000 0.143494 -0.169397
1104.000000 175.000000 0.460386 -0.182867
1115.000000 175.000000 0.473431 -0.183696
1160.000000 175.000000 0.528714 -0.187405
400.000000 176.000000 -0.223000 -0.170498
1000.000000 176.000000 0.344549 -0.175409
1114.000000 177.000000 0.472085 -0.181569
949.000000 178.000000 0.291695 -0.171108
1183.000000 178.000000 0.557979 -0.186324
1100.000000 179.000000 0.455397 -0.178497
1030.000000 180.000000 0.376466 -0.173063
1200.000000 180.000000 0.580212 -0.185799
1084.000000 181.000000 0.436694 -0.175364
1180.000000 181.000000 0.553803 -0.182880
1184.000000 181.000000 0.559008 -0.183243
410.000000 183.000000 -0.213130 -0.163546
1097.000000 183.000000 0.451609 -0.174222
1196.000000 183.000000 0.574609 -0.182228
1233.000000 183.000000 0.624924 -0.185830
985.000000 184.000000 0.328423 -0.166851
1083.000000 184.000000 0.435347 -0.172270
1248.000000 185.000000 0.645831 -0.185189
33.000000 186.000000 -0.642957 -0.183770
1078.000000 186.000000 0.429499 -0.169934
1150.000000 186.000000 0.515237 -0.175095
1160.000000 186.000000 0.527775 -0.175909
936.000000 187.000000 0.278233 -0.161918
1124.000000 187.000000 0.483320 -0.172067
1137.000000 187.000000 0.499106 -0.173042
1005.000000 188.000000 0.349243 -0.163885
1130.000000 188.000000 0.490499 -0.171485
1153.000000 188.000000 0.518820 -0.173260
1134.000000 189.000000 0.495289 -0.170756
1182.000000 189.000000 0.555694 -0.174627
1138.000000 190.000000 0.500102 -0.170028
1255.000000 191.000000 0.655205 -0.179349
1090.000000 193.000000 0.442825 -0.163650
1264.000000 193.000000 0.667963 -0.178067
27.000000 194.000000 -0.650667 -0.175657
1046.000000 194.000000 0.393187 -0.160075
1140.000000 194.000000 0.502256 -0.166060
1266.000000 194.000000 0.670761 -0.177170
1085.000000 195.000000 0.436945 -0.161327
1097.000000 195.000000 0.450812 -0.162079
1157.000000 195.000000 0.523279 -0.166314
914.000000 198.000000 0.255970 -0.150642
1166.000000 198.000000 0.534405 -0.163899
1074.000000 199.000000 0.424165 -0.156667
1080.000000 199.000000 0.430984 -0.157016
1109.000000 199.000000 0.464613 -0.158808
1112.000000 199.000000 0.468158 -0.159004
1201.000000 199.000000 0.579824 -0.165710
1134.000000 200.000000 0.494493 -0.159473
1145.000000 200.000000 0.507971 -0.160254
1167.000000 200.000000 0.535520 -0.161897
1266.000000 200.000000 0.670168 -0.170591
1138.000000 201.000000 0.499302 -0.158729
1168.000000 202.000000 0.536637 -0.159896
1104.000000 203.000000 0.458481 -0.154448
1125.000000 203.000000 0.483404 -0.155797
1090.000000 204.000000 0.442153 -0.152596
1107.000000 205.000000 0.461878 -0.152616
1264.000000 205.000000 0.666795 -0.164934
1145.000000 206.000000 0.507546 -0.154090
1268.000000 206.000000 0.672500 -0.164216
43.000000 207.000000 -0.626950 -0.160122
1108.000000 207.000000 0.462931 -0.150659
1123.000000 207.000000 0.480741 -0.151600
1195.000000 207.000000 0.571214 -0.156780
1106.000000 208.000000 0.460520 -0.149529
1272.000000 208.000000 0.678138 -0.162400
1276.000000 209.000000 0.683896 -0.161675
1115.000000 210.000000 0.471016 -0.148058
1162.000000 210.000000 0.528452 -0.151168
1274.000000 210.000000 0.680875 -0.160394
1111.000000 211.000000 0.466223 -0.146806
1150.000000 211.000000 0.513384 -0.149303
1202.000000 211.000000 0.580168 -0.153127
1119.000000 212.000000 0.475648 -0.146281
1158.000000 212.000000 0.523286 -0.148825
1199.000000 212.000000 0.576107 -0.151840
1091.000000 213.000000 0.442791 -0.143643
258.000000 214.000000 -0.365602 -0.139194
1124.000000 214.000000 0.481500 -0.144563
1224.000000 214.000000 0.609644 -0.151720
23.000000 215.000000 -0.654434 -0.153238
1276.000000 215.000000 0.683351 -0.155101
1068.000000 216.000000 0.416485 -0.139446
1201.000000 216.000000 0.578452 -0.147791
1212.000000 216.000000 0.593169 -0.148640
108.000000 217.000000 -0.539668 -0.144503
1117.000000 217.000000 0.472969 -0.141110
1115.000000 218.000000 0.470539 -0.139985
1124.000000 219.000000 0.481198 -0.139502
1158.000000 219.000000 0.522813 -0.141626
1275.000000 219.000000 0.681535 -0.150639
19.000000 220.000000 -0.659729 -0.148168
1069.000000 220.000000 0.417409 -0.135539
1217.000000 222.000000 0.599468 -0.142685
1259.000000 222.000000 0.658092 -0.146023
21.000000 223.000000 -0.656620 -0.144761
957.000000 223.000000 0.298163 -0.128178
1110.000000 223.000000 0.464355 -0.134675
1052.000000 224.000000 0.398314 -0.130805
1164.000000 224.000000 0.530023 -0.136880
1226.000000 224.000000 0.611598 -0.141252
1201.000000 225.000000 0.577789 -0.138354
21.000000 226.000000 -0.656378 -0.141524
1084.000000 226.000000 0.434088 -0.130331
1101.000000 226.000000 0.453667 -0.131190
1190.000000 226.000000 0.563245 -0.136542
1208.000000 226.000000 0.587044 -0.137806
1164.000000 227.000000 0.529831 -0.133797
1055.000000 228.000000 0.401448 -0.127013
1102.000000 228.000000 0.454728 -0.129244
42.000000 229.000000 -0.626555 -0.136686
1231.000000 229.000000 0.618107 -0.136321
13.000000 230.000000 -0.667545 -0.137836
1093.000000 230.000000 0.444206 -0.126799
1152.000000 230.000000 0.514652 -0.129993
1220.000000 230.000000 0.602952 -0.134458
10.000000 233.000000 -0.671646 -0.134823
1133.000000 233.000000 0.491229 -0.125865
1143.000000 233.000000 0.503393 -0.126420
1054.000000 234.000000 0.400088 -0.121091
1106.000000 234.000000 0.459091 -0.123455
1051.000000 235.000000 0.396744 -0.119990
1057.000000 235.000000 0.403360 -0.120236
1059.000000 235.000000 0.405575 -0.120320
1127.000000 235.000000 0.483898 -0.123526
1148.000000 236.000000 0.509364 -0.123654
1042.000000 237.000000 0.386818 -0.117681
1201.000000 237.000000 0.576974 -0.125819
1213.000000 237.000000 0.592994 -0.126607
1117.000000 238.000000 0.471831 -0.120001
1147.000000 239.000000 0.507969 -0.120553
1179.000000 239.000000 0.548169 -0.122377
1209.000000 240.000000 0.587428 -0.123203
12.000000 241.000000 -0.668162 -0.126031
1040.000000 241.000000 0.384490 -0.113713
1220.000000 241.000000 0.602196 -0.122870
1240.000000 241.000000 0.629750 -0.124214
1150.000000 243.000000 0.511449 -0.116655
1037.000000 244.000000 0.381127 -0.110690
1139.000000 245.000000 0.497873 -0.114064
1180.000000 245.000000 0.549103 -0.116259
1163.000000 246.000000 0.527465 -0.114295
977.000000 247.000000 0.317840 -0.105903
1117.000000 247.000000 0.471400 -0.110999
1176.000000 247.000000 0.543868 -0.113980
1217.000000 247.000000 0.597747 -0.116380
1255.000000 247.000000 0.650499 -0.118836
1138.000000 248.000000 0.496510 -0.110989
1191.000000 249.000000 0.563110 -0.112760
1199.000000 249.000000 0.573596 -0.113218
1038.000000 250.000000 0.382001 -0.104908
1147.000000 250.000000 0.507399 -0.109411
1184.000000 250.000000 0.553974 -0.111338
1113.000000 251.000000 0.466504 -0.106830
1186.000000 251.000000 0.556504 -0.110418
973.000000 252.000000 0.313608 -0.101040
1115.000000 252.000000 0.468815 -0.105920
1199.000000 252.000000 0.573425 -0.110107
1203.000000 252.000000 0.578710 -0.110333
1237.000000 252.000000 0.624852 -0.112355
949.000000 253.000000 0.289271 -0.099497
1112.000000 253.000000 0.465242 -0.104795
1197.000000 253.000000 0.570737 -0.108959
1239.000000 253.000000 0.627573 -0.111421
1104.000000 254.000000 0.455852 -0.103466
950.000000 255.000000 0.290228 -0.097632
1069.000000 255.000000 0.415922 -0.101129
1097.000000 256.000000 0.447665 -0.101204
1236.000000 256.000000 0.623221 -0.108067
965.000000 258.000000 0.305307 -0.095150
1072.000000 259.000000 0.419137 -0.097323
1111.000000 259.000000 0.463821 -0.098789
1191.000000 259.000000 0.562569 -0.102443
1225.000000 260.000000 0.607853 -0.103226
1130.000000 261.000000 0.486268 -0.097574
1134.000000 262.000000 0.491036 -0.096740
1186.000000 264.000000 0.555835 -0.097053
8.000000 265.000000 -0.672388 -0.100474
1143.000000 265.000000 0.501823 -0.094105
1131.000000 266.000000 0.487264 -0.092613
1219.000000 266.000000 0.599375 -0.096629
1246.000000 267.000000 0.636553 -0.097008
990.000000 268.000000 0.330694 -0.086260
1076.000000 269.000000 0.423291 -0.087680
1176.000000 269.000000 0.542773 -0.091475
987.000000 270.000000 0.327547 -0.084290
1125.000000 270.000000 0.479935 -0.088390
1146.000000 270.000000 0.505283 -0.089201
1168.000000 271.000000 0.532553 -0.089094
1035.000000 273.000000 0.378065 -0.082605
1163.000000 273.000000 0.526193 -0.086859
1173.000000 273.000000 0.538788 -0.087271
923.000000 275.000000 0.262985 -0.078323
19.000000 277.000000 -0.655938 -0.087064
1167.000000 278.000000 0.531011 -0.081952
1117.000000 279.000000 0.470144 -0.079168
1216.000000 279.000000 0.594706 -0.082954
21.000000 282.000000 -0.652850 -0.081657
27.000000 282.000000 -0.644350 -0.081380
1151.000000 283.000000 0.510932 -0.076320
1170.000000 283.000000 0.534600 -0.076997
1021.000000 284.000000 0.362824 -0.071713
1220.000000 284.000000 0.599889 -0.077931
1270.000000 284.000000 0.669935 -0.080138
1038.000000 285.000000 0.381003 -0.071135
1227.000000 285.000000 0.609365 -0.077181
1272.000000 286.000000 0.672743 -0.078091
1134.000000 287.000000 0.490125 -0.071760
1195.000000 287.000000 0.566540 -0.073845
1029.000000 288.000000 0.371266 -0.068057
1142.000000 288.000000 0.499764 -0.071012
1220.000000 288.000000 0.599727 -0.073774
1133.000000 289.000000 0.488862 -0.069737
1112.000000 290.000000 0.463941 -0.068140
1185.000000 290.000000 0.553467 -0.070416
1101.000000 291.000000 0.451129 -0.066859
1181.000000 291.000000 0.548298 -0.069260
1249.000000 291.000000 0.639635 -0.071794
1273.000000 291.000000 0.673977 -0.072788
9.000000 292.000000 -0.669607 -0.071544
11.000000 292.000000 -0.666724 -0.071462
18.000000 292.000000 -0.656689 -0.071176
1198.000000 292.000000 0.570284 -0.068825
1023.000000 293.000000 0.364764 -0.063151
1062.000000 293.000000 0.407035 -0.063963
1163.000000 293.000000 0.525474 -0.066648
1218.000000 293.000000 0.596836 -0.068510
31.000000 294.000000 -0.638219 -0.068549
1194.000000 294.000000 0.564987 -0.066638
1142.000000 295.000000 0.499555 -0.064017
1190.000000 295.000000 0.559756 -0.065482
1210.000000 295.000000 0.586041 -0.066157
1186.000000 296.000000 0.554555 -0.064333
1096.000000 298.000000 0.445201 -0.059870
1228.000000 298.000000 0.610234 -0.063671
1031.000000 299.000000 0.373189 -0.057563
1226.000000 299.000000 0.607470 -0.062562
1082.000000 300.000000 0.429223 -0.057605
1247.000000 300.000000 0.636484 -0.062239
1181.000000 301.000000 0.547983 -0.059093
1044.000000 302.000000 0.387146 -0.054922
1208.000000 302.000000 0.583150 -0.058876
1213.000000 302.000000 0.589817 -0.059031
1263.000000 302.000000 0.659115 -0.060686
1134.000000 303.000000 0.489683 -0.055838
1251.000000 304.000000 0.641977 -0.058165
15.000000 305.000000 -0.660499 -0.057498
1226.000000 305.000000 0.607277 -0.056325
27.000000 306.000000 -0.643422 -0.056054
896.000000 306.000000 0.236250 -0.049178
1193.000000 306.000000 0.563319 -0.054339
1208.000000 306.000000 0.583032 -0.054759
1210.000000 306.000000 0.585692 -0.054816
1217.000000 306.000000 0.595062 -0.055019
1221.000000 306.000000 0.600458 -0.055137
11.000000 307.000000 -0.666176 -0.055505
946.000000 308.000000 0.285318 -0.047832
1220.000000 308.000000 0.599048 -0.053037
1258.000000 308.000000 0.651772 -0.054167
14.000000 309.000000 -0.661804 -0.053288
1204.000000 309.000000 0.577652 -0.051565
1201.000000 311.000000 0.573647 -0.049436
1243.000000 311.000000 0.630539 -0.050565
1255.000000 311.000000 0.647418 -0.050909
1171.000000 313.000000 0.534976 -0.046686
1207.000000 313.000000 0.581518 -0.047534
1260.000000 314.000000 0.654448 -0.047882
701.000000 315.000000 0.055153 -0.039964
1227.000000 315.000000 0.608362 -0.045967
1200.000000 316.000000 0.572213 -0.044292
1224.000000 316.000000 0.604255 -0.044856
1270.000000 316.000000 0.668764 -0.046034
1141.000000 317.000000 0.497827 -0.042066
1247.000000 317.000000 0.635973 -0.044381
1199.000000 318.000000 0.570857 -0.042224
1201.000000 318.000000 0.573482 -0.042267
1187.000000 319.000000 0.555241 -0.040952
1101.000000 320.000000 0.450529 -0.038433
1197.000000 320.000000 0.568197 -0.040137
1225.000000 320.000000 0.605521 -0.040734
1235.000000 321.000000 0.619191 -0.039916
1090.000000 322.000000 0.437902 -0.036322
1110.000000 322.000000 0.460928 -0.036608
1161.000000 324.000000 0.522244 -0.035423
1198.000000 324.000000 0.569427 -0.036071
1207.000000 325.000000 0.581259 -0.035213
1216.000000 325.000000 0.593261 -0.035381
1235.000000 325.000000 0.619107 -0.035749
1155.000000 326.000000 0.514783 -0.033324
1028.000000 327.000000 0.369594 -0.030783
1198.000000 327.000000 0.569374 -0.033007
1263.000000 327.000000 0.658430 -0.034205
1017.000000 329.000000 0.357903 -0.028779
1223.000000 329.000000 0.602630 -0.031376
997.000000 330.000000 0.336966 -0.027667
1232.000000 330.000000 0.614889 -0.030492
1180.000000 331.000000 0.546061 -0.028662
60.000000 332.000000 -0.597386 -0.028197
1135.000000 332.000000 0.490363 -0.027079
1177.000000 332.000000 0.542228 -0.027610
1124.000000 333.000000 0.477231 -0.025965
1191.000000 333.000000 0.560171 -0.026785
1200.000000 333.000000 0.571901 -0.026909
1235.000000 334.000000 0.618952 -0.026379
1167.000000 335.000000 0.529576 -0.024461
1229.000000 335.000000 0.610703 -0.025254
1133.000000 336.000000 0.487920 -0.023095
1204.000000 336.000000 0.577123 -0.023894
1237.000000 336.000000 0.621684 -0.024325
1254.000000 336.000000 0.645462 -0.024561
1082.000000 337.000000 0.428678 -0.021654
1266.000000 337.000000 0.662568 -0.023674
1215.000000 338.000000 0.591721 -0.021974
398.000000 339.000000 -0.222201 -0.018666
986.000000 339.000000 0.325550 -0.019113
1223.000000 339.000000 0.602487 -0.021036
1117.000000 340.000000 0.468909 -0.019005
1144.000000 341.000000 0.501144 -0.018234
1116.000000 342.000000 0.467721 -0.017032
1188.000000 342.000000 0.556193 -0.017607
1213.000000 342.000000 0.589002 -0.017838
1229.000000 342.000000 0.610619 -0.017995
1181.000000 345.000000 0.547187 -0.014511
1187.000000 345.000000 0.554880 -0.014555
1217.000000 345.000000 0.594334 -0.014786
1074.000000 346.000000 0.419643 -0.012886
1153.000000 346.000000 0.512106 -0.013318
1219.000000 347.000000 0.597009 -0.012740
1076.000000 348.000000 0.421871 -0.010961
1174.000000 348.000000 0.538273 -0.011436
1180.000000 348.000000 0.545892 -0.011471
1188.000000 349.000000 0.556143 -0.010503
1260.000000 349.000000 0.653852 -0.010933
1273.000000 349.000000 0.672556 -0.011019
1097.000000 350.000000 0.445650 -0.009100
1245.000000 350.000000 0.632666 -0.009791
1179.000000 352.000000 0.544598 -0.007424
1265.000000 352.000000 0.660991 -0.007794
1276.000000 353.000000 0.676896 -0.006783
1189.000000 355.000000 0.557409 -0.004417
985.000000 356.000000 0.324471 -0.003120
1120.000000 356.000000 0.472362 -0.003283
1195.000000 356.000000 0.565186 -0.003413
1175.000000 357.000000 0.539507 -0.002367
1221.000000 357.000000 0.599664 -0.002434
1188.000000 358.000000 0.556114 -0.001370
1270.000000 358.000000 0.668176 -0.001455
19.000000 359.000000 -0.653890 -0.000389
644.000000 359.000000 0.003740 -0.000272
1190.000000 359.000000 0.558696 -0.000356
646.000000 360.000000 0.005540 0.000629
1068.000000 360.000000 0.412930 0.000648
1172.000000 360.000000 0.535715 0.000657
968.000000 361.000000 0.307135 0.001576
1181.000000 361.000000 0.547134 0.001669
1121.000000 362.000000 0.473539 0.002621
1163.000000 362.000000 0.524437 0.002662
990.000000 363.000000 0.329614 0.003466
1217.000000 363.000000 0.594277 0.003751
23.000000 364.000000 -0.648220 0.004870
1107.000000 364.000000 0.457166 0.004566
1194.000000 364.000000 0.563886 0.004730
1215.000000 364.000000 0.591597 0.004776
287.000000 365.000000 -0.332222 0.005351
1055.000000 365.000000 0.398605 0.005448
1104.000000 365.000000 0.453695 0.005539
1168.000000 365.000000 0.530691 0.005682
1183.000000 365.000000 0.549697 0.005719
1233.000000 365.000000 0.616018 0.005856
1249.000000 365.000000 0.638251 0.005904
1053.000000 367.000000 0.396422 0.007364
1098.000000 367.000000 0.446789 0.007478
1157.000000 367.000000 0.517004 0.007655
1161.000000 367.000000 0.521960 0.007668
1181.000000 367.000000 0.547146 0.007737
1046.000000 368.000000 0.388803 0.008305
1165.000000 369.000000 0.526950 0.009689
36.000000 371.000000 -0.630018 0.012145
1142.000000 371.000000 0.498668 0.011580
1163.000000 371.000000 0.524465 0.011685
1177.000000 371.000000 0.542071 0.011760
1257.000000 372.000000 0.649590 0.013297
1213.000000 373.000000 0.588964 0.014021
1255.000000 373.000000 0.646760 0.014334
1135.000000 374.000000 0.490242 0.014517
1253.000000 374.000000 0.643938 0.015369
9.000000 375.000000 -0.668278 0.016562
31.000000 375.000000 -0.637023 0.016365
1065.000000 375.000000 0.409645 0.015102
5.000000 376.000000 -0.674068 0.017662
1091.000000 376.000000 0.438827 0.016215
1255.000000 376.000000 0.646786 0.017489
993.000000 377.000000 0.332748 0.016662
1251.000000 377.000000 0.641143 0.018500
1153.000000 378.000000 0.512138 0.018622
1218.000000 378.000000 0.595708 0.019210
944.000000 379.000000 0.283078 0.018325
1167.000000 379.000000 0.529518 0.019745
1257.000000 379.000000 0.649655 0.020667
956.000000 381.000000 0.295084 0.020243
1173.000000 381.000000 0.537084 0.021815
1206.000000 381.000000 0.579733 0.022167
1086.000000 384.000000 0.433209 0.023956
1105.000000 384.000000 0.454959 0.024128
1154.000000 384.000000 0.513425 0.024625
1162.000000 385.000000 0.523338 0.025716
1202.000000 385.000000 0.574506 0.026212
1204.000000 386.000000 0.577154 0.027263
1258.000000 386.000000 0.651171 0.028056
1127.000000 387.000000 0.480796 0.027304
1150.000000 388.000000 0.508561 0.028571
1200.000000 388.000000 0.571921 0.029251
1212.000000 389.000000 0.587810 0.030458
1058.000000 390.000000 0.402040 0.029495
1139.000000 390.000000 0.495210 0.030421
1148.000000 391.000000 0.506154 0.031537
1169.000000 391.000000 0.532170 0.031838
1127.000000 392.000000 0.480858 0.032244
1199.000000 392.000000 0.570672 0.033323
1236.000000 392.000000 0.620435 0.033970
957.000000 394.000000 0.296170 0.032395
1016.000000 394.000000 0.356880 0.032907
1136.000000 394.000000 0.491650 0.034350
1146.000000 394.000000 0.503757 0.034498
1192.000000 394.000000 0.561581 0.035244
1170.000000 395.000000 0.533491 0.035882
1135.000000 396.000000 0.490478 0.036319
1221.000000 396.000000 0.600021 0.037835
1272.000000 396.000000 0.671469 0.038908
1039.000000 397.000000 0.381438 0.036009
1187.000000 398.000000 0.555190 0.039222
1237.000000 398.000000 0.621937 0.040244
1049.000000 399.000000 0.392297 0.038045
1265.000000 399.000000 0.661435 0.041932
23.000000 400.000000 -0.648690 0.042748
25.000000 400.000000 -0.645862 0.042700
1055.000000 400.000000 0.398864 0.039083
1094.000000 401.000000 0.442516 0.040605
1243.000000 402.000000 0.630361 0.044563
1258.000000 402.000000 0.651497 0.044934
1121.000000 403.000000 0.473918 0.043012
1158.000000 403.000000 0.518656 0.043703
1160.000000 403.000000 0.521137 0.043743
1214.000000 404.000000 0.590779 0.045940
1233.000000 404.000000 0.616562 0.046404
1265.000000 404.000000 0.661561 0.047232
1241.000000 405.000000 0.627652 0.047652
1255.000000 405.000000 0.647313 0.048021
1275.000000 405.000000 0.676051 0.048567
1130.000000 406.000000 0.484662 0.046144
1154.000000 406.000000 0.513776 0.046628
1250.000000 406.000000 0.640274 0.048940
1101.000000 408.000000 0.450671 0.047566
1246.000000 408.000000 0.634712 0.050930
1257.000000 408.000000 0.650236 0.051242
1104.000000 409.000000 0.454156 0.048602
1173.000000 409.000000 0.537557 0.050068
1195.000000 409.000000 0.565801 0.050605
1240.000000 409.000000 0.626370 0.051809
1261.000000 409.000000 0.655968 0.052416
1170.000000 410.000000 0.533795 0.051007
1199.000000 410.000000 0.571056 0.051730
1226.000000 410.000000 0.607140 0.052458
1228.000000 410.000000 0.609868 0.052514
1257.000000 410.000000 0.650295 0.053355
1180.000000 411.000000 0.546500 0.052264
1169.000000 413.000000 0.532610 0.054010
1266.000000 413.000000 0.663264 0.056811
1243.000000 414.000000 0.630696 0.057135
1104.000000 415.000000 0.454276 0.054488
1069.000000 416.000000 0.414580 0.054755
15.000000 417.000000 -0.660573 0.060950
1188.000000 417.000000 0.556934 0.058579
1224.000000 417.000000 0.604627 0.059666
1240.000000 417.000000 0.626615 0.060182
1163.000000 420.000000 0.525279 0.060908
1245.000000 420.000000 0.633690 0.063499
1075.000000 421.000000 0.421382 0.059727
809.000000 422.000000 0.153994 0.057087
1166.000000 422.000000 0.529089 0.063011
1047.000000 423.000000 0.390511 0.061080
1153.000000 423.000000 0.512965 0.063641
1041.000000 424.000000 0.384021 0.061922
1161.000000 424.000000 0.522902 0.064879
807.000000 425.000000 0.152158 0.059813
1116.000000 425.000000 0.468510 0.064618
1236.000000 425.000000 0.621351 0.068417
1240.000000 425.000000 0.626896 0.068566
1129.000000 426.000000 0.483939 0.065959
1148.000000 426.000000 0.506912 0.066503
1116.000000 427.000000 0.468563 0.066593
1176.000000 427.000000 0.541866 0.068380
1060.000000 428.000000 0.404860 0.066182
1157.000000 428.000000 0.518056 0.068783
1165.000000 428.000000 0.528020 0.069037
1185.000000 428.000000 0.553411 0.069697
1163.000000 429.000000 0.525551 0.069982
1178.000000 429.000000 0.544478 0.070477
1223.000000 429.000000 0.603688 0.072099
1218.000000 430.000000 0.596961 0.072946
983.000000 431.000000 0.323052 0.067494
1000.000000 431.000000 0.340641 0.067807
1064.000000 431.000000 0.409353 0.069181
1186.000000 431.000000 0.554804 0.072792
1210.000000 431.000000 0.586271 0.073676
1159.000000 432.000000 0.520666 0.072875
1183.000000 432.000000 0.550980 0.073705
1162.000000 433.000000 0.524436 0.073985
1060.000000 434.000000 0.405002 0.071990
1212.000000 434.000000 0.589059 0.076856
982.000000 435.000000 0.322098 0.071257
1255.000000 435.000000 0.648385 0.079723
1116.000000 436.000000 0.468823 0.075493
1231.000000 436.000000 0.614900 0.079724
1045.000000 437.000000 0.388646 0.074521
1188.000000 437.000000 0.557610 0.078997
1191.000000 437.000000 0.561498 0.079114
1053.000000 438.000000 0.397404 0.075685
1112.000000 439.000000 0.464222 0.078336
1154.000000 439.000000 0.514715 0.079752
1232.000000 439.000000 0.616407 0.082907
954.000000 440.000000 0.293745 0.075456
1224.000000 440.000000 0.605503 0.083594
1138.000000 441.000000 0.495229 0.081190
1241.000000 441.000000 0.628963 0.085419
1153.000000 442.000000 0.513591 0.082736
1239.000000 442.000000 0.626227 0.086377
1060.000000 443.000000 0.405238 0.080713
1164.000000 443.000000 0.527301 0.084166
1188.000000 443.000000 0.557852 0.085137
1234.000000 443.000000 0.619348 0.087191
1107.000000 444.000000 0.458545 0.083115
1121.000000 445.000000 0.475020 0.084581
1181.000000 445.000000 0.548920 0.086889
1234.000000 445.000000 0.619443 0.089290
1113.000000 446.000000 0.465624 0.085295
1207.000000 448.000000 0.582999 0.091129
1215.000000 448.000000 0.593697 0.091508
1226.000000 448.000000 0.608604 0.092042
986.000000 449.000000 0.326505 0.084604
1044.000000 449.000000 0.387874 0.086075
1092.000000 449.000000 0.441394 0.087545
1114.000000 449.000000 0.466904 0.088304
1167.000000 450.000000 0.531353 0.091385
1202.000000 450.000000 0.576467 0.092962
1136.000000 451.000000 0.493184 0.091122
1159.000000 451.000000 0.521384 0.092059
1177.000000 451.000000 0.544066 0.092840
1105.000000 453.000000 0.456529 0.091940
1157.000000 454.000000 0.519026 0.095008
27.000000 456.000000 -0.645282 0.101789
1139.000000 456.000000 0.497018 0.096257
1098.000000 457.000000 0.448569 0.095635
1190.000000 457.000000 0.561085 0.099598
1192.000000 457.000000 0.563688 0.099697
1164.000000 458.000000 0.527941 0.099377
1022.000000 459.000000 0.364486 0.095083
1139.000000 459.000000 0.497146 0.099269
1233.000000 459.000000 0.618796 0.103953
1104.000000 461.000000 0.455670 0.099819
1092.000000 462.000000 0.441858 0.100342
24.000000 464.000000 -0.650002 0.110481
1081.000000 465.000000 0.429440 0.102877
1160.000000 465.000000 0.523269 0.106299
1081.000000 467.000000 0.429517 0.104842
1090.000000 467.000000 0.439763 0.105195
1127.000000 467.000000 0.483041 0.106765
981.000000 468.000000 0.321828 0.102541
1123.000000 468.000000 0.478312 0.107586
19.000000 469.000000 -0.657439 0.116140
21.000000 469.000000 -0.654585 0.116010
183.000000 469.000000 -0.447176 0.107384
1106.000000 471.000000 0.458413 0.109824
1169.000000 472.000000 0.534938 0.113896
1202.000000 472.000000 0.577638 0.115758
764.000000 473.000000 0.112857 0.103371
1191.000000 473.000000 0.563245 0.116151
29.000000 475.000000 -0.643636 0.121891
583.000000 475.000000 -0.051452 0.104752
1072.000000 476.000000 0.419725 0.113330
1110.000000 477.000000 0.463363 0.115978
1216.000000 477.000000 0.596667 0.121840
91.000000 478.000000 -0.559909 0.121087
1056.000000 479.000000 0.402032 0.115627
1148.000000 479.000000 0.509114 0.119896
1215.000000 480.000000 0.595511 0.124922
1088.000000 481.000000 0.438068 0.118944
1169.000000 481.000000 0.535442 0.123110
1210.000000 482.000000 0.588919 0.126690
1178.000000 483.000000 0.547030 0.125702
1132.000000 484.000000 0.489883 0.124098
541.000000 485.000000 -0.089746 0.114159
1171.000000 485.000000 0.538217 0.127335
1196.000000 486.000000 0.570594 0.129946
1162.000000 487.000000 0.526971 0.128844
281.000000 488.000000 -0.340611 0.122181
1014.000000 488.000000 0.356934 0.122773
1147.000000 488.000000 0.508384 0.128982
1207.000000 488.000000 0.585308 0.132772
1047.000000 489.000000 0.392541 0.125036
1087.000000 489.000000 0.437296 0.126825
1185.000000 489.000000 0.556431 0.132342
38.000000 490.000000 -0.632071 0.137252
874.000000 490.000000 0.216223 0.120703
1067.000000 490.000000 0.414722 0.126884
1148.000000 490.000000 0.509733 0.131076
43.000000 491.000000 -0.625186 0.137943
1124.000000 491.000000 0.480653 0.130724
1174.000000 491.000000 0.542412 0.133699
1262.000000 491.000000 0.661852 0.140035
48.000000 492.000000 -0.618346 0.138633
1090.000000 492.000000 0.440879 0.129949
1150.000000 492.000000 0.512321 0.133233
879.000000 494.000000 0.221119 0.124554
1113.000000 494.000000 0.467751 0.133141
21.000000 495.000000 -0.656473 0.143937
26.000000 495.000000 -0.649354 0.143537
23.000000 496.000000 -0.653700 0.144854
1180.000000 496.000000 0.550436 0.139263
1189.000000 496.000000 0.562102 0.139882
19.000000 497.000000 -0.659496 0.146259
27.000000 497.000000 -0.648095 0.145609
61.000000 497.000000 -0.600956 0.142956
533.000000 497.000000 -0.097172 0.125268
639.000000 497.000000 -0.000762 0.124775
1246.000000 497.000000 0.639532 0.145221
58.000000 498.000000 -0.605105 0.144240
274.000000 498.000000 -0.348318 0.132079
1023.000000 499.000000 0.366959 0.133791
1177.000000 499.000000 0.546784 0.142167
1184.000000 499.000000 0.555811 0.142653
1076.000000 500.000000 0.425323 0.137193
1095.000000 500.000000 0.447052 0.138178
3.000000 501.000000 -0.682976 0.151948
1052.000000 501.000000 0.398566 0.137020
1179.000000 501.000000 0.549494 0.144379
1252.000000 501.000000 0.648359 0.150016
28.000000 502.000000 -0.647089 0.150910
876.000000 502.000000 0.218409 0.131990
1098.000000 502.000000 0.450635 0.140341
3.000000 503.000000 -0.683149 0.154133
991.000000 503.000000 0.333314 0.136401
1089.000000 503.000000 0.440298 0.140851
1063.000000 504.000000 0.410914 0.140504
24.000000 505.000000 -0.653025 0.154487
29.000000 505.000000 -0.645926 0.154060
801.000000 506.000000 0.147494 0.134283
4.000000 507.000000 -0.682043 0.158418
1162.000000 507.000000 0.528268 0.149396
27.000000 508.000000 -0.649019 0.157470
29.000000 508.000000 -0.646184 0.157296
58.000000 508.000000 -0.605895 0.154846
1094.000000 508.000000 0.446336 0.146124
1188.000000 509.000000 0.561745 0.153371
4.000000 510.000000 -0.682314 0.161701
56.000000 510.000000 -0.608790 0.157139
1153.000000 510.000000 0.517208 0.151860
1159.000000 510.000000 0.524708 0.152280
1206.000000 510.000000 0.585611 0.155832
64.000000 511.000000 -0.597999 0.157538
1121.000000 511.000000 0.478249 0.150762
1243.000000 511.000000 0.636485 0.160022
1276.000000 511.000000 0.683908 0.163012
679.000000 512.000000 0.035550 0.138653
1118.000000 512.000000 0.474733 0.151586
1072.000000 513.000000 0.421483 0.149893
1090.000000 513.000000 0.442006 0.150903
1106.000000 513.000000 0.460609 0.151853
1195.000000 513.000000 0.571240 0.158110
1127.000000 515.000000 0.485707 0.155214
1162.000000 515.000000 0.528842 0.157661
1007.000000 516.000000 0.350647 0.149654
349.000000 517.000000 -0.272262 0.147658
1110.000000 517.000000 0.465566 0.156141
1262.000000 517.000000 0.664111 0.168266
1086.000000 518.000000 0.437700 0.155678
1118.000000 518.000000 0.475119 0.157671
1121.000000 518.000000 0.478702 0.157869
1125.000000 518.000000 0.483500 0.158136
1083.000000 519.000000 0.434321 0.156503
1193.000000 519.000000 0.569093 0.164259
1164.000000 520.000000 0.531745 0.162994
353.000000 521.000000 -0.268412 0.151345
1084.000000 521.000000 0.435585 0.158567
1030.000000 522.000000 0.375544 0.156604
1207.000000 522.000000 0.587959 0.168621
67.000000 524.000000 -0.595062 0.171095
1108.000000 524.000000 0.463660 0.163100
1132.000000 524.000000 0.492374 0.164749
1144.000000 524.000000 0.507061 0.165622
1208.000000 524.000000 0.589479 0.170834
1036.000000 525.000000 0.382213 0.159864
1089.000000 525.000000 0.441575 0.162890
334.000000 526.000000 -0.287605 0.156794
1082.000000 526.000000 0.433598 0.163461
1091.000000 526.000000 0.443947 0.164022
67.000000 527.000000 -0.595331 0.174292
63.000000 528.000000 -0.600837 0.175725
1050.000000 528.000000 0.397737 0.163586
1151.000000 528.000000 0.516041 0.170283
783.000000 529.000000 0.131104 0.155436
1066.000000 529.000000 0.415633 0.165501
1247.000000 529.000000 0.643824 0.179886
213.000000 531.000000 -0.416217 0.167455
1250.000000 531.000000 0.648286 0.182366
1174.000000 532.000000 0.545470 0.176322
504.000000 533.000000 -0.124346 0.159042
1078.000000 533.000000 0.429466 0.170244
1092.000000 533.000000 0.445558 0.171151
1074.000000 534.000000 0.424978 0.170996
1193.000000 534.000000 0.570394 0.180102
71.000000 535.000000 -0.590684 0.182458
1181.000000 535.000000 0.554775 0.180083
1191.000000 536.000000 0.567940 0.182039
1094.000000 537.000000 0.448148 0.175335
1121.000000 537.000000 0.480041 0.177267
1128.000000 537.000000 0.488484 0.177796
1143.000000 538.000000 0.506909 0.180006
1034.000000 539.000000 0.380791 0.173604
1128.000000 539.000000 0.488638 0.179854
1135.000000 539.000000 0.497158 0.180402
1153.000000 539.000000 0.519425 0.181865
1162.000000 539.000000 0.530757 0.182627
1177.000000 539.000000 0.549949 0.183943
1158.000000 541.000000 0.525874 0.184375
1210.000000 543.000000 0.593968 0.191323
1245.000000 543.000000 0.642437 0.194954
1037.000000 544.000000 0.384355 0.178744
1133.000000 544.000000 0.495115 0.185410
1074.000000 545.000000 0.425692 0.182070
1078.000000 545.000000 0.430254 0.182340
81.000000 546.000000 -0.578376 0.193244
1136.000000 546.000000 0.498949 0.187726
1122.000000 547.000000 0.482016 0.187624
1016.000000 548.000000 0.361829 0.181514
39.000000 549.000000 -0.636104 0.200845
1039.000000 549.000000 0.386845 0.183846
1128.000000 549.000000 0.489435 0.190174
981.000000 550.000000 0.324951 0.181648
1247.000000 551.000000 0.646155 0.203949
1014.000000 552.000000 0.359908 0.185364
1150.000000 552.000000 0.516796 0.195179
1169.000000 552.000000 0.540847 0.196923
1023.000000 553.000000 0.369656 0.186875
1115.000000 553.000000 0.474094 0.193248
1171.000000 553.000000 0.543510 0.198170
1184.000000 555.000000 0.560569 0.201563
1202.000000 555.000000 0.584419 0.203404
1239.000000 555.000000 0.635287 0.207440
53.000000 556.000000 -0.617366 0.206948
55.000000 556.000000 -0.614606 0.206728
513.000000 556.000000 -0.116364 0.180501
174.000000 557.000000 -0.462931 0.196499
53.000000 558.000000 -0.617587 0.209128
57.000000 558.000000 -0.612073 0.208684
53.000000 560.000000 -0.617811 0.211310
1111.000000 560.000000 0.469890 0.200142
1241.000000 560.000000 0.638682 0.213166
58.000000 561.000000 -0.611033 0.211840
1140.000000 561.000000 0.505175 0.203698
55.000000 562.000000 -0.615275 0.213268
1080.000000 562.000000 0.433766 0.199746
1109.000000 562.000000 0.467674 0.202042
946.000000 563.000000 0.289595 0.192693
1226.000000 563.000000 0.618033 0.214722
742.000000 564.000000 0.093659 0.187696
995.000000 565.000000 0.340426 0.197173
1240.000000 565.000000 0.637859 0.218560
583.000000 566.000000 -0.051980 0.189083
1030.000000 566.000000 0.378063 0.200292
1053.000000 566.000000 0.403460 0.201844
57.000000 567.000000 -0.613092 0.218502
1120.000000 567.000000 0.481283 0.208166
534.000000 568.000000 -0.097097 0.191513
1075.000000 569.000000 0.428563 0.206513
1179.000000 569.000000 0.555480 0.216010
998.000000 571.000000 0.343949 0.203307
1217.000000 571.000000 0.606549 0.222428
980.000000 573.000000 0.325117 0.204259
1123.000000 573.000000 0.485454 0.214694
1004.000000 575.000000 0.350574 0.207658
1187.000000 576.000000 0.566740 0.224414
1220.000000 577.000000 0.611394 0.229367
1019.000000 578.000000 0.366890 0.211626
1137.000000 579.000000 0.503176 0.222334
1273.000000 579.000000 0.687171 0.238363
1216.000000 580.000000 0.606256 0.232176
1138.000000 581.000000 0.504613 0.224547
31.000000 583.000000 -0.651498 0.239397
666.000000 583.000000 0.023972 0.204992
1015.000000 583.000000 0.362898 0.216392
1018.000000 583.000000 0.366143 0.216595
1120.000000 584.000000 0.482852 0.225940
352.000000 585.000000 -0.271984 0.213321
1004.000000 585.000000 0.351208 0.217678
1135.000000 585.000000 0.501305 0.228477
1216.000000 585.000000 0.606875 0.237679
1013.000000 586.000000 0.360941 0.219281
1071.000000 587.000000 0.425426 0.224664
1073.000000 587.000000 0.427718 0.224831
968.000000 588.000000 0.313471 0.218474
225.000000 589.000000 -0.406763 0.225277
1103.000000 589.000000 0.462924 0.229568
1119.000000 589.000000 0.482127 0.231103
989.000000 592.000000 0.335709 0.223744
1024.000000 595.000000 0.373516 0.229172
1026.000000 595.000000 0.375703 0.229319
1126.000000 595.000000 0.491260 0.238151
1216.000000 595.000000 0.608157 0.248735
288.000000 596.000000 -0.338601 0.227849
974.000000 596.000000 0.320194 0.226818
1042.000000 596.000000 0.393434 0.231563
1181.000000 596.000000 0.561171 0.245413
1006.000000 597.000000 0.354159 0.229915
1092.000000 597.000000 0.450671 0.236904
1136.000000 597.000000 0.503797 0.241334
1023.000000 598.000000 0.372646 0.232152
985.000000 599.000000 0.331933 0.230524
999.000000 599.000000 0.346797 0.231456
1078.000000 599.000000 0.434525 0.237702
1136.000000 599.000000 0.504014 0.243469
1139.000000 599.000000 0.507745 0.243796
933.000000 600.000000 0.278242 0.228468
1021.000000 600.000000 0.370612 0.234042
1249.000000 600.000000 0.655224 0.258832
1024.000000 601.000000 0.373964 0.235287
1074.000000 602.000000 0.430176 0.240464
1153.000000 602.000000 0.525694 0.248597
1248.000000 602.000000 0.654074 0.260954
933.000000 603.000000 0.278402 0.231448
1002.000000 603.000000 0.350285 0.235716
1126.000000 603.000000 0.492104 0.246657
1017.000000 604.000000 0.366554 0.237822
1080.000000 604.000000 0.437303 0.243102
1040.000000 605.000000 0.391930 0.240646
1263.000000 605.000000 0.676168 0.266522
588.000000 606.000000 -0.047706 0.227110
1083.000000 606.000000 0.440983 0.245477
989.000000 609.000000 0.336836 0.240895
1054.000000 609.000000 0.407968 0.245962
1065.000000 611.000000 0.420657 0.249027
1152.000000 611.000000 0.525486 0.258218
914.000000 612.000000 0.259709 0.239398
1242.000000 612.000000 0.646946 0.271426
1055.000000 613.000000 0.409453 0.250208
1073.000000 613.000000 0.430041 0.251865
1137.000000 613.000000 0.506832 0.258609
959.000000 614.000000 0.305700 0.243972
1139.000000 614.000000 0.509447 0.259922
1135.000000 615.000000 0.504572 0.260534
1068.000000 616.000000 0.424563 0.254536
463.000000 617.000000 -0.164808 0.240236
881.000000 618.000000 0.227205 0.243752
1084.000000 618.000000 0.443326 0.258202
892.000000 619.000000 0.238120 0.245260
1076.000000 619.000000 0.434096 0.258461
1099.000000 619.000000 0.461157 0.260813
1104.000000 619.000000 0.467137 0.261348
973.000000 620.000000 0.320701 0.250961
988.000000 621.000000 0.336624 0.253036
1074.000000 621.000000 0.431973 0.260372
1079.000000 621.000000 0.437785 0.260870
1114.000000 621.000000 0.479430 0.264588
450.000000 623.000000 -0.177451 0.246562
1119.000000 623.000000 0.485753 0.267306
1270.000000 624.000000 0.689261 0.289440
998.000000 625.000000 0.347613 0.257882
1099.000000 625.000000 0.461802 0.267212
1179.000000 626.000000 0.562418 0.278162
884.000000 627.000000 0.230587 0.252839
1064.000000 627.000000 0.421027 0.265715
974.000000 628.000000 0.322310 0.259181
42.000000 629.000000 -0.642415 0.289855
45.000000 629.000000 -0.638174 0.289394
260.000000 629.000000 -0.371214 0.263642
976.000000 629.000000 0.324490 0.260346
984.000000 629.000000 0.332959 0.260931
1045.000000 631.000000 0.399803 0.268104
1103.000000 631.000000 0.467263 0.274089
1184.000000 631.000000 0.569750 0.284431
149.000000 632.000000 -0.500717 0.278248
158.000000 632.000000 -0.489608 0.277158
170.000000 632.000000 -0.474985 0.275748
634.000000 632.000000 -0.005387 0.252048
637.000000 632.000000 -0.002614 0.252046
40.000000 633.000000 -0.645870 0.294751
1005.000000 633.000000 0.355800 0.266688
1224.000000 633.000000 0.624689 0.292626
962.000000 634.000000 0.310147 0.264468
975.000000 634.000000 0.323797 0.265396
983.000000 634.000000 0.332271 0.265991
991.000000 634.000000 0.340803 0.266605
1182.000000 634.000000 0.567515 0.287502
1219.000000 634.000000 0.617864 0.292996
1237.000000 634.000000 0.643179 0.295799
40.000000 635.000000 -0.646184 0.297049
1042.000000 635.000000 0.396802 0.272023
1231.000000 635.000000 0.634840 0.296004
1044.000000 636.000000 0.399147 0.273264
1050.000000 636.000000 0.405930 0.273841
1170.000000 636.000000 0.551963 0.288038
1181.000000 636.000000 0.566473 0.289597
512.000000 637.000000 -0.118952 0.258477
1054.000000 637.000000 0.410575 0.275290
110.000000 638.000000 -0.551166 0.289977
676.000000 638.000000 0.033482 0.258034
1049.000000 638.000000 0.404991 0.275855
1082.000000 638.000000 0.443077 0.279265
42.000000 639.000000 -0.643979 0.301337
44.000000 639.000000 -0.641147 0.301019
48.000000 639.000000 -0.635502 0.300386
1002.000000 639.000000 0.353045 0.272664
456.000000 640.000000 -0.172300 0.263159
1173.000000 640.000000 0.556468 0.292929
999.000000 641.000000 0.349966 0.274494
1048.000000 641.000000 0.404152 0.278929
595.000000 642.000000 -0.041539 0.262013
959.000000 643.000000 0.307648 0.273478
247.000000 644.000000 -0.386917 0.280479
966.000000 644.000000 0.315054 0.275016
595.000000 645.000000 -0.041564 0.264961
948.000000 645.000000 0.296345 0.274758
4.000000 646.000000 -0.699981 0.315669
1052.000000 646.000000 0.409200 0.284635
1063.000000 646.000000 0.421813 0.285778
1175.000000 646.000000 0.559977 0.299950
633.000000 647.000000 -0.006329 0.266740
670.000000 647.000000 0.027978 0.266830
1010.000000 647.000000 0.362431 0.281695
1056.000000 647.000000 0.413873 0.286111
1069.000000 647.000000 0.428866 0.287492
979.000000 648.000000 0.329101 0.280145
774.000000 649.000000 0.125278 0.270540
4.000000 650.000000 -0.700644 0.320377
9.000000 650.000000 -0.693325 0.319544
951.000000 650.000000 0.299810 0.280108
982.000000 650.000000 0.332456 0.282462
1028.000000 650.000000 0.382562 0.286506
1035.000000 650.000000 0.390383 0.287182
953.000000 651.000000 0.301964 0.281283
1063.000000 653.000000 0.422566 0.293278
1069.000000 653.000000 0.429525 0.293938
1107.000000 653.000000 0.474726 0.298434
1217.000000 653.000000 0.618094 0.314465
106.000000 654.000000 -0.558733 0.308508
943.000000 654.000000 0.291794 0.283663
109.000000 655.000000 -0.554934 0.309188
693.000000 655.000000 0.049428 0.274925
950.000000 655.000000 0.299130 0.285195
998.000000 655.000000 0.350076 0.289029
1085.000000 655.000000 0.448550 0.297935
1139.000000 655.000000 0.514697 0.304871
105.000000 656.000000 -0.560353 0.310920
119.000000 656.000000 -0.542025 0.308836
1060.000000 656.000000 0.419429 0.296174
82.000000 658.000000 -0.591480 0.316778
108.000000 658.000000 -0.556701 0.312731
131.000000 658.000000 -0.526853 0.309345
870.000000 658.000000 0.218298 0.283324
955.000000 658.000000 0.304567 0.288670
915.000000 659.000000 0.263423 0.286932
921.000000 659.000000 0.269531 0.287319
639.000000 660.000000 -0.000768 0.279583
1213.000000 660.000000 0.613685 0.321896
63.000000 661.000000 -0.618086 0.323337
1021.000000 661.000000 0.375844 0.297490
1037.000000 661.000000 0.393737 0.299094
66.000000 662.000000 -0.614089 0.323997
84.000000 662.000000 -0.589407 0.321047
104.000000 662.000000 -0.562595 0.317883
1180.000000 664.000000 0.569374 0.321129
60.000000 665.000000 -0.622935 0.328486
891.000000 665.000000 0.239578 0.291619
905.000000 665.000000 0.253668 0.292466
1217.000000 665.000000 0.620095 0.328373
521.000000 666.000000 -0.111191 0.287061
653.000000 666.000000 0.012265 0.285571
109.000000 667.000000 -0.556766 0.322801
961.000000 667.000000 0.311560 0.298511
1146.000000 667.000000 0.525335 0.319319
907.000000 668.000000 0.255881 0.295682
1043.000000 668.000000 0.401269 0.307245
108.000000 669.000000 -0.558399 0.325239
961.000000 669.000000 0.311720 0.300605
104.000000 670.000000 -0.563852 0.327015
80.000000 672.000000 -0.596499 0.333248
107.000000 672.000000 -0.560195 0.328828
956.000000 672.000000 0.306698 0.303350
78.000000 673.000000 -0.599403 0.334745
756.000000 673.000000 0.108885 0.294062
1007.000000 673.000000 0.361556 0.308912
1054.000000 673.000000 0.414416 0.313883
1223.000000 673.000000 0.629884 0.338761
1124.000000 674.000000 0.498506 0.323993
117.000000 675.000000 -0.547516 0.330677
980.000000 675.000000 0.332431 0.308531
1185.000000 675.000000 0.577872 0.334588
1031.000000 677.000000 0.388661 0.315664
1241.000000 677.000000 0.656147 0.346676
82.000000 678.000000 -0.594783 0.339881
885.000000 678.000000 0.234337 0.304645
1047.000000 679.000000 0.407060 0.319612
1053.000000 679.000000 0.413958 0.320306
906.000000 680.000000 0.255650 0.308049
783.000000 681.000000 0.134819 0.302968
831.000000 681.000000 0.181153 0.304875
954.000000 681.000000 0.305323 0.312658
1040.000000 682.000000 0.399406 0.322083
1119.000000 682.000000 0.493419 0.332272
1008.000000 683.000000 0.363651 0.319733
1030.000000 683.000000 0.388187 0.322056
1050.000000 683.000000 0.410970 0.324328
885.000000 684.000000 0.234701 0.310862
779.000000 685.000000 0.131126 0.306908
875.000000 685.000000 0.224751 0.311298
891.000000 686.000000 0.240862 0.313318
960.000000 686.000000 0.312075 0.318455
1134.000000 687.000000 0.513040 0.340182
398.000000 688.000000 -0.231492 0.314734
597.000000 688.000000 -0.040098 0.307862
88.000000 689.000000 -0.588511 0.351690
974.000000 689.000000 0.327257 0.322892
984.000000 689.000000 0.338025 0.323824
90.000000 690.000000 -0.585971 0.352513
160.000000 690.000000 -0.494904 0.341170
920.000000 690.000000 0.270663 0.319499
943.000000 690.000000 0.294518 0.321280
84.000000 691.000000 -0.594309 0.354738
664.000000 691.000000 0.022649 0.310768
938.000000 691.000000 0.289378 0.321937
1216.000000 692.000000 0.623465 0.359941
659.000000 693.000000 0.017973 0.312774
833.000000 693.000000 0.183675 0.317326
884.000000 693.000000 0.234259 0.320180
886.000000 693.000000 0.236272 0.320307
957.000000 693.000000 0.309503 0.325648
1092.000000 693.000000 0.461829 0.340810
1182.000000 693.000000 0.576898 0.355023
935.000000 694.000000 0.286492 0.324878
1216.000000 694.000000 0.623832 0.362318
922.000000 695.000000 0.273097 0.324926
765.000000 696.000000 0.118101 0.317712
970.000000 696.000000 0.323614 0.330027
624.000000 697.000000 -0.014839 0.316829
988.000000 697.000000 0.343143 0.332833
385.000000 698.000000 -0.245233 0.326035
921.000000 698.000000 0.272294 0.328027
967.000000 698.000000 0.320589 0.331899
867.000000 699.000000 0.217597 0.325411
175.000000 700.000000 -0.477815 0.350304
960.000000 700.000000 0.313307 0.333410
1019.000000 700.000000 0.377707 0.339387
777.000000 701.000000 0.129754 0.323255
967.000000 701.000000 0.320867 0.335129
1060.000000 701.000000 0.424807 0.345461
1176.000000 701.000000 0.570234 0.363357
873.000000 702.000000 0.223780 0.328924
974.000000 703.000000 0.328573 0.337953
1029.000000 703.000000 0.389333 0.343842
1061.000000 703.000000 0.426240 0.347827
1191.000000 703.000000 0.590904 0.368418
179.000000 704.000000 -0.473497 0.354263
723.000000 704.000000 0.078374 0.324839
971.000000 705.000000 0.325537 0.339830
1001.000000 705.000000 0.358224 0.342884
883.000000 706.000000 0.234095 0.333784
962.000000 706.000000 0.315989 0.340060
1217.000000 706.000000 0.627477 0.376845
845.000000 707.000000 0.196206 0.332534
956.000000 707.000000 0.309690 0.340587
996.000000 707.000000 0.352927 0.344539
1053.000000 707.000000 0.417411 0.351260
1172.000000 707.000000 0.565942 0.369713
1238.000000 707.000000 0.657427 0.382058
497.000000 708.000000 -0.135399 0.330661
855.000000 709.000000 0.206235 0.335203
875.000000 709.000000 0.226232 0.336432
998.000000 709.000000 0.355344 0.346945
1020.000000 710.000000 0.379981 0.350525
1028.000000 710.000000 0.389033 0.351476
1216.000000 710.000000 0.626836 0.381464
882.000000 711.000000 0.233419 0.339013
1159.000000 711.000000 0.549382 0.372119
1238.000000 711.000000 0.658196 0.386905
68.000000 712.000000 -0.620235 0.382640
97.000000 712.000000 -0.580432 0.377218
107.000000 712.000000 -0.566992 0.375400
176.000000 712.000000 -0.478387 0.363861
189.000000 713.000000 -0.462630 0.363050
1141.000000 713.000000 0.526228 0.371344
808.000000 714.000000 0.160249 0.338018
889.000000 714.000000 0.240716 0.342686
1180.000000 714.000000 0.577977 0.379468
1261.000000 714.000000 0.691906 0.394989
1263.000000 714.000000 0.694807 0.395371
209.000000 715.000000 -0.438887 0.362446
500.000000 715.000000 -0.132767 0.337842
547.000000 715.000000 -0.087762 0.336403
850.000000 715.000000 0.201614 0.341243
912.000000 715.000000 0.264326 0.345466
1039.000000 715.000000 0.402230 0.358420
58.000000 716.000000 -0.634996 0.389379
69.000000 716.000000 -0.619605 0.387265
180.000000 716.000000 -0.474077 0.367846
595.000000 716.000000 -0.042280 0.336583
602.000000 716.000000 -0.035669 0.336509
1122.000000 716.000000 0.502443 0.371664
