964.000000 3.000000 0.319135 -0.350848
996.000000 3.000000 0.353962 -0.354176
1031.000000 3.000000 0.393258 -0.358290
1068.000000 3.000000 0.436360 -0.363207
1227.000000 3.000000 0.643707 -0.390723
976.000000 4.000000 0.331978 -0.350953
954.000000 5.000000 0.308258 -0.347714
1029.000000 5.000000 0.390728 -0.355806
1076.000000 5.000000 0.445622 -0.362070
998.000000 6.000000 0.355840 -0.351087
1234.000000 6.000000 0.653076 -0.388444
1042.000000 7.000000 0.405380 -0.355201
938.000000 8.000000 0.291082 -0.343030
1049.000000 8.000000 0.413356 -0.354983
1051.000000 8.000000 0.415682 -0.355245
1070.000000 8.000000 0.438036 -0.357815
968.000000 9.000000 0.322846 -0.344699
970.000000 9.000000 0.324997 -0.344894
998.000000 9.000000 0.355512 -0.347785
1011.000000 9.000000 0.369948 -0.349232
1070.000000 10.000000 0.437758 -0.355552
1014.000000 11.000000 0.373075 -0.347367
1031.000000 11.000000 0.392273 -0.349369
1027.000000 12.000000 0.387607 -0.347779
1070.000000 12.000000 0.437482 -0.353294
1214.000000 13.000000 0.623451 -0.376136
1238.000000 13.000000 0.657435 -0.380728
1006.000000 14.000000 0.363820 -0.343169
1032.000000 14.000000 0.393049 -0.346161
1119.000000 14.000000 0.497005 -0.358249
1032.000000 16.000000 0.392809 -0.343946
710.000000 17.000000 0.066046 -0.322228
1068.000000 17.000000 0.434433 -0.347397
1065.000000 18.000000 0.430759 -0.345877
1255.000000 18.000000 0.680953 -0.377918
107.000000 19.000000 -0.565005 -0.361085
1062.000000 19.000000 0.427100 -0.344364
864.000000 20.000000 0.214633 -0.324941
1115.000000 20.000000 0.491067 -0.350747
1011.000000 21.000000 0.368610 -0.336051
107.000000 22.000000 -0.564483 -0.357570
1062.000000 22.000000 0.426710 -0.341017
1080.000000 22.000000 0.448026 -0.343411
1210.000000 22.000000 0.616175 -0.364626
1231.000000 22.000000 0.645739 -0.368550
869.000000 24.000000 0.219382 -0.321055
1006.000000 24.000000 0.362741 -0.332244
1008.000000 24.000000 0.364956 -0.332457
1039.000000 24.000000 0.399839 -0.335949
105.000000 25.000000 -0.566631 -0.354409
918.000000 25.000000 0.268937 -0.323283
976.000000 25.000000 0.329917 -0.328164
1002.000000 25.000000 0.358221 -0.330739
1060.000000 25.000000 0.423985 -0.337424
1068.000000 25.000000 0.433375 -0.338453
1123.000000 25.000000 0.500319 -0.346261
1217.000000 25.000000 0.625405 -0.362350
1076.000000 26.000000 0.442715 -0.338392
122.000000 28.000000 -0.543678 -0.348057
1044.000000 28.000000 0.405089 -0.332140
1047.000000 28.000000 0.408537 -0.332499
1125.000000 28.000000 0.502375 -0.343145
962.000000 29.000000 0.314586 -0.322606
1024.000000 29.000000 0.382266 -0.328748
1051.000000 29.000000 0.413029 -0.331881
1060.000000 29.000000 0.423480 -0.332991
1066.000000 29.000000 0.430505 -0.333749
1018.000000 30.000000 0.375436 -0.327003
1041.000000 30.000000 0.401418 -0.329590
1068.000000 30.000000 0.432729 -0.332895
1081.000000 30.000000 0.448141 -0.334593
121.000000 31.000000 -0.544493 -0.344756
963.000000 31.000000 0.315473 -0.320561
990.000000 31.000000 0.344486 -0.323053
1121.000000 31.000000 0.496900 -0.339127
1172.000000 31.000000 0.562769 -0.347280
1234.000000 31.000000 0.648331 -0.358341
1000.000000 32.000000 0.355308 -0.322964
1043.000000 32.000000 0.403471 -0.327631
92.000000 33.000000 -0.582714 -0.347309
1059.000000 33.000000 0.421819 -0.328450
1128.000000 33.000000 0.505396 -0.337910
1256.000000 33.000000 0.679598 -0.360009
995.000000 34.000000 0.349640 -0.320317
1053.000000 34.000000 0.414737 -0.326621
1172.000000 34.000000 0.562263 -0.343797
1215.000000 34.000000 0.620960 -0.351308
1259.000000 34.000000 0.683769 -0.359360
123.000000 35.000000 -0.541235 -0.339827
828.000000 35.000000 0.178386 -0.307511
1131.000000 35.000000 0.508883 -0.336091
1235.000000 35.000000 0.649021 -0.353757
1029.000000 36.000000 0.387120 -0.321682
1054.000000 36.000000 0.415654 -0.324545
1122.000000 36.000000 0.497409 -0.333612
626.000000 37.000000 -0.012918 -0.301297
994.000000 37.000000 0.348258 -0.317002
1057.000000 37.000000 0.419009 -0.323808
1214.000000 37.000000 0.619024 -0.347588
118.000000 38.000000 -0.547282 -0.337185
1031.000000 38.000000 0.389156 -0.319730
1036.000000 38.000000 0.394811 -0.320283
1122.000000 38.000000 0.497115 -0.331353
1018.000000 39.000000 0.374481 -0.317258
1046.000000 39.000000 0.406095 -0.320326
1211.000000 39.000000 0.614488 -0.344701
1028.000000 40.000000 0.385561 -0.317237
1030.000000 40.000000 0.387811 -0.317453
1213.000000 40.000000 0.617096 -0.343879
1215.000000 40.000000 0.619886 -0.344234
1080.000000 41.000000 0.445514 -0.322253
1123.000000 41.000000 0.497928 -0.328116
1211.000000 41.000000 0.614135 -0.342352
91.000000 42.000000 -0.582533 -0.337010
1085.000000 42.000000 0.451344 -0.321790
1125.000000 42.000000 0.500287 -0.327281
1132.000000 42.000000 0.509098 -0.328309
1083.000000 43.000000 0.448829 -0.320428
90.000000 44.000000 -0.583550 -0.334860
1018.000000 44.000000 0.373964 -0.311876
1025.000000 44.000000 0.381771 -0.312601
1266.000000 44.000000 0.692154 -0.348647
1001.000000 45.000000 0.355128 -0.309123
1022.000000 45.000000 0.378315 -0.311212
1128.000000 45.000000 0.503616 -0.324339
1133.000000 45.000000 0.509919 -0.325069
1224.000000 45.000000 0.631628 -0.339945
88.000000 46.000000 -0.585922 -0.332878
1030.000000 46.000000 0.387168 -0.310973
1033.000000 46.000000 0.390545 -0.311292
1099.000000 46.000000 0.467674 -0.319192
1130.000000 46.000000 0.505987 -0.323504
84.000000 47.000000 -0.591185 -0.332388
1003.000000 47.000000 0.357124 -0.307182
1094.000000 47.000000 0.461496 -0.317427
983.000000 48.000000 0.335343 -0.304280
1130.000000 48.000000 0.505697 -0.321255
690.000000 49.000000 0.046800 -0.289508
986.000000 50.000000 0.338393 -0.302431
1094.000000 50.000000 0.461107 -0.314114
1100.000000 51.000000 0.468227 -0.313788
106.000000 52.000000 -0.560847 -0.323061
114.000000 52.000000 -0.550311 -0.321811
1097.000000 53.000000 0.464339 -0.311192
1108.000000 53.000000 0.477706 -0.312630
1273.000000 53.000000 0.700811 -0.339144
861.000000 54.000000 0.209798 -0.289675
1105.000000 54.000000 0.473912 -0.311127
1113.000000 54.000000 0.483707 -0.312189
962.000000 56.000000 0.312335 -0.294119
49.000000 57.000000 -0.638018 -0.326680
87.000000 57.000000 -0.585472 -0.320364
105.000000 57.000000 -0.561388 -0.317516
1026.000000 58.000000 0.381458 -0.297705
1114.000000 58.000000 0.484403 -0.307893
1169.000000 58.000000 0.554427 -0.315780
1192.000000 58.000000 0.585168 -0.319409
1171.000000 59.000000 0.556912 -0.314952
44.000000 60.000000 -0.644583 -0.324026
1167.000000 60.000000 0.551491 -0.313206
49.000000 61.000000 -0.637340 -0.322014
855.000000 61.000000 0.203556 -0.282271
1109.000000 62.000000 0.477751 -0.302827
106.000000 63.000000 -0.559146 -0.310551
1125.000000 63.000000 0.497348 -0.303828
1202.000000 63.000000 0.597989 -0.315283
44.000000 64.000000 -0.643908 -0.319361
79.000000 64.000000 -0.595214 -0.313617
110.000000 64.000000 -0.553731 -0.308818
1052.000000 64.000000 0.410195 -0.293968
1200.000000 64.000000 0.595091 -0.313812
860.000000 65.000000 0.208270 -0.278465
1070.000000 65.000000 0.430866 -0.294861
1169.000000 65.000000 0.553364 -0.307853
967.000000 66.000000 0.316823 -0.284101
973.000000 66.000000 0.323166 -0.284570
1072.000000 66.000000 0.433087 -0.294007
1075.000000 66.000000 0.436597 -0.294347
1056.000000 67.000000 0.414458 -0.291180
1078.000000 67.000000 0.440004 -0.293609
25.000000 68.000000 -0.670423 -0.317881
966.000000 68.000000 0.315616 -0.281951
1169.000000 69.000000 0.552768 -0.303343
513.000000 70.000000 -0.118322 -0.269991
1049.000000 70.000000 0.406147 -0.287245
1078.000000 70.000000 0.439663 -0.290370
80.000000 71.000000 -0.592748 -0.305459
85.000000 71.000000 -0.585970 -0.304685
1002.000000 71.000000 0.353849 -0.281754
1200.000000 71.000000 0.593979 -0.305803
1141.000000 72.000000 0.516223 -0.296022
86.000000 73.000000 -0.584312 -0.302260
1269.000000 73.000000 0.691516 -0.314788
1077.000000 75.000000 0.437931 -0.284879
1084.000000 75.000000 0.446163 -0.285660
86.000000 76.000000 -0.583857 -0.298859
79.000000 77.000000 -0.593184 -0.298788
939.000000 77.000000 0.286882 -0.270779
1078.000000 77.000000 0.438883 -0.282843
1084.000000 77.000000 0.445938 -0.283508
1087.000000 77.000000 0.449485 -0.283846
924.000000 78.000000 0.271474 -0.268805
1093.000000 78.000000 0.456499 -0.283452
1076.000000 79.000000 0.436324 -0.280482
300.000000 80.000000 -0.328955 -0.270485
1012.000000 80.000000 0.363963 -0.273218
1052.000000 80.000000 0.408550 -0.276928
1239.000000 80.000000 0.646965 -0.301689
685.000000 81.000000 0.041828 -0.257779
1015.000000 81.000000 0.367159 -0.272435
1081.000000 81.000000 0.441964 -0.278884
1163.000000 81.000000 0.543209 -0.289054
85.000000 82.000000 -0.584308 -0.292229
1065.000000 82.000000 0.423238 -0.276121
1138.000000 82.000000 0.511110 -0.284593
1007.000000 83.000000 0.358259 -0.269671
1094.000000 83.000000 0.457122 -0.278180
1236.000000 83.000000 0.642216 -0.297749
1136.000000 84.000000 0.508340 -0.282142
84.000000 85.000000 -0.585214 -0.288995
1132.000000 85.000000 0.503210 -0.280542
1140.000000 85.000000 0.513241 -0.281558
1155.000000 85.000000 0.532327 -0.283527
957.000000 86.000000 0.304898 -0.262799
1074.000000 86.000000 0.433248 -0.272801
1094.000000 86.000000 0.456786 -0.274958
1081.000000 87.000000 0.441318 -0.272474
1145.000000 87.000000 0.519303 -0.280008
1161.000000 87.000000 0.539793 -0.282123
1170.000000 87.000000 0.551506 -0.283353
1079.000000 88.000000 0.438871 -0.271197
1157.000000 88.000000 0.534498 -0.280482
972.000000 89.000000 0.320381 -0.260780
1072.000000 89.000000 0.430615 -0.269408
1092.000000 89.000000 0.454077 -0.271523
1094.000000 89.000000 0.456454 -0.271742
1245.000000 89.000000 0.654104 -0.292267
833.000000 90.000000 0.180945 -0.252327
1070.000000 90.000000 0.428196 -0.268145
1139.000000 90.000000 0.511347 -0.275959
1144.000000 90.000000 0.517651 -0.276591
857.000000 91.000000 0.204158 -0.252293
948.000000 92.000000 0.295179 -0.256104
1076.000000 92.000000 0.434955 -0.266637
1078.000000 92.000000 0.437286 -0.266842
1143.000000 92.000000 0.516134 -0.274276
1167.000000 92.000000 0.546907 -0.277401
1068.000000 93.000000 0.425586 -0.264773
99.000000 94.000000 -0.563914 -0.276804
1180.000000 94.000000 0.563702 -0.276953
87.000000 95.000000 -0.579745 -0.277353
111.000000 95.000000 -0.548054 -0.274082
968.000000 95.000000 0.315764 -0.254380
1183.000000 95.000000 0.567542 -0.276255
1017.000000 96.000000 0.368082 -0.257031
1180.000000 97.000000 0.563291 -0.273622
1158.000000 98.000000 0.534478 -0.269614
1267.000000 98.000000 0.684556 -0.285323
97.000000 99.000000 -0.565878 -0.271530
165.000000 99.000000 -0.479750 -0.263147
1020.000000 99.000000 0.371119 -0.254178
1093.000000 99.000000 0.454192 -0.260969
69.000000 100.000000 -0.603435 -0.274302
1067.000000 100.000000 0.423751 -0.257303
957.000000 103.000000 0.303783 -0.245552
985.000000 103.000000 0.333115 -0.247420
1018.000000 103.000000 0.368609 -0.249894
1023.000000 103.000000 0.374083 -0.250296
1099.000000 103.000000 0.460901 -0.257348
1108.000000 105.000000 0.471470 -0.256175
1173.000000 105.000000 0.553023 -0.263861
1272.000000 105.000000 0.690812 -0.278004
984.000000 107.000000 0.331778 -0.243286
1106.000000 108.000000 0.468748 -0.252771
1114.000000 109.000000 0.478288 -0.252556
1132.000000 109.000000 0.500343 -0.254541
1137.000000 109.000000 0.506558 -0.255112
1142.000000 109.000000 0.512813 -0.255691
1039.000000 110.000000 0.391189 -0.244390
1106.000000 110.000000 0.468539 -0.250648
1117.000000 110.000000 0.481822 -0.251813
1251.000000 110.000000 0.659521 -0.269131
24.000000 111.000000 -0.665107 -0.268376
1113.000000 111.000000 0.476865 -0.250321
1102.000000 112.000000 0.463547 -0.248117
1207.000000 112.000000 0.597525 -0.260633
15.000000 113.000000 -0.677837 -0.267406
20.000000 113.000000 -0.670589 -0.266678
1025.000000 113.000000 0.375482 -0.240177
1062.000000 114.000000 0.416740 -0.242221
941.000000 115.000000 0.286620 -0.232565
1174.000000 115.000000 0.553063 -0.253031
12.000000 116.000000 -0.681768 -0.264413
999.000000 116.000000 0.347107 -0.235199
1064.000000 116.000000 0.418844 -0.240320
1126.000000 116.000000 0.492169 -0.246385
70.000000 117.000000 -0.599726 -0.255191
92.000000 117.000000 -0.570147 -0.252339
11.000000 118.000000 -0.682937 -0.262273
15.000000 118.000000 -0.677115 -0.261699
1143.000000 119.000000 0.512924 -0.245043
1147.000000 119.000000 0.517950 -0.245493
96.000000 121.000000 -0.564363 -0.247461
985.000000 121.000000 0.331899 -0.229206
1111.000000 121.000000 0.473420 -0.239518
1157.000000 121.000000 0.530398 -0.244482
1173.000000 121.000000 0.551024 -0.246369
1119.000000 122.000000 0.482990 -0.239273
1129.000000 122.000000 0.495215 -0.240315
1161.000000 122.000000 0.535398 -0.243865
992.000000 123.000000 0.339175 -0.227649
1044.000000 123.000000 0.395701 -0.231421
1106.000000 123.000000 0.467225 -0.236914
1173.000000 123.000000 0.550784 -0.244196
1111.000000 125.000000 0.473021 -0.235300
1182.000000 125.000000 0.562329 -0.243102
1128.000000 126.000000 0.493567 -0.235961
230.000000 127.000000 -0.401437 -0.227657
1119.000000 127.000000 0.482483 -0.233986
1125.000000 127.000000 0.489790 -0.234593
1052.000000 129.000000 0.404174 -0.225904
1113.000000 129.000000 0.475035 -0.231286
1116.000000 129.000000 0.478653 -0.231580
1164.000000 129.000000 0.538444 -0.236658
1111.000000 130.000000 0.472534 -0.230042
1123.000000 130.000000 0.487046 -0.231219
145.000000 131.000000 -0.500783 -0.231184
1006.000000 131.000000 0.353579 -0.220518
1133.000000 131.000000 0.499204 -0.231174
1139.000000 131.000000 0.506633 -0.231796
1152.000000 131.000000 0.522929 -0.233180
1156.000000 131.000000 0.527999 -0.233617
1110.000000 132.000000 0.471143 -0.227848
1137.000000 132.000000 0.504047 -0.230526
1163.000000 132.000000 0.536824 -0.233318
917.000000 133.000000 0.261463 -0.213539
1052.000000 133.000000 0.403860 -0.221808
1132.000000 133.000000 0.497767 -0.228954
1165.000000 133.000000 0.539280 -0.232466
974.000000 134.000000 0.319565 -0.215519
977.000000 134.000000 0.322696 -0.215694
1062.000000 134.000000 0.415054 -0.221575
1141.000000 135.000000 0.508706 -0.227755
1172.000000 135.000000 0.548092 -0.231098
1149.000000 136.000000 0.518612 -0.227524
1178.000000 136.000000 0.555789 -0.230698
1184.000000 136.000000 0.563661 -0.231387
854.000000 137.000000 0.199507 -0.207142
1151.000000 137.000000 0.521026 -0.226669
1155.000000 137.000000 0.526081 -0.227092
1186.000000 137.000000 0.566183 -0.230535
1069.000000 138.000000 0.422692 -0.218032
1173.000000 138.000000 0.549053 -0.227979
1217.000000 138.000000 0.607847 -0.233158
1012.000000 139.000000 0.359497 -0.212865
1141.000000 139.000000 0.508298 -0.223514
1186.000000 139.000000 0.565952 -0.228368
1149.000000 140.000000 0.518196 -0.223270
1129.000000 141.000000 0.493293 -0.220219
1142.000000 141.000000 0.509341 -0.221498
1163.000000 141.000000 0.535842 -0.223672
1064.000000 142.000000 0.416690 -0.213539
1202.000000 142.000000 0.586942 -0.226967
1013.000000 143.000000 0.360313 -0.208914
1144.000000 143.000000 0.511633 -0.219582
1151.000000 143.000000 0.520404 -0.220289
1163.000000 143.000000 0.535629 -0.221535
1153.000000 144.000000 0.522823 -0.219432
1186.000000 144.000000 0.565386 -0.222963
1188.000000 145.000000 0.567914 -0.222107
1145.000000 146.000000 0.512582 -0.216510
1153.000000 146.000000 0.522619 -0.217309
1213.000000 146.000000 0.601396 -0.223897
1156.000000 147.000000 0.526309 -0.216552
1177.000000 147.000000 0.553266 -0.218747
951.000000 148.000000 0.295089 -0.200442
1153.000000 148.000000 0.522418 -0.215189
1190.000000 148.000000 0.570226 -0.219091
1168.000000 150.000000 0.541308 -0.214590
1171.000000 150.000000 0.545172 -0.214901
1178.000000 150.000000 0.554248 -0.215638
1174.000000 151.000000 0.548946 -0.214146
1164.000000 152.000000 0.535977 -0.212052
1169.000000 152.000000 0.542388 -0.212561
1155.000000 153.000000 0.524446 -0.210095
1176.000000 153.000000 0.551331 -0.212218
1185.000000 153.000000 0.563087 -0.213166
961.000000 154.000000 0.305034 -0.195046
1169.000000 154.000000 0.542184 -0.210432
1034.000000 155.000000 0.382339 -0.198233
1128.000000 155.000000 0.490770 -0.205464
1144.000000 155.000000 0.510469 -0.206931
1242.000000 155.000000 0.640665 -0.217459
949.000000 156.000000 0.292666 -0.192507
1154.000000 156.000000 0.522893 -0.206829
1181.000000 156.000000 0.557530 -0.209531
1200.000000 156.000000 0.582669 -0.211554
73.000000 158.000000 -0.590706 -0.209930
964.000000 158.000000 0.307921 -0.191270
1028.000000 158.000000 0.375595 -0.194843
1173.000000 158.000000 0.546934 -0.206580
1186.000000 158.000000 0.563874 -0.207911
1196.000000 158.000000 0.577108 -0.208966
1122.000000 159.000000 0.483139 -0.200777
1152.000000 159.000000 0.520091 -0.203477
1088.000000 160.000000 0.442816 -0.196989
1188.000000 160.000000 0.566298 -0.205976
1212.000000 160.000000 0.598435 -0.208540
1147.000000 161.000000 0.513648 -0.200911
82.000000 162.000000 -0.578230 -0.204660
1047.000000 162.000000 0.396205 -0.192052
1065.000000 164.000000 0.416207 -0.191250
1168.000000 164.000000 0.539912 -0.199723
105.000000 165.000000 -0.547810 -0.199149
1200.000000 166.000000 0.581606 -0.200784
954.000000 169.000000 0.297164 -0.180057
1170.000000 170.000000 0.541908 -0.193572
1173.000000 170.000000 0.545766 -0.193853
1176.000000 171.000000 0.549544 -0.193078
1035.000000 172.000000 0.382373 -0.181297
1048.000000 172.000000 0.396674 -0.182088
1096.000000 172.000000 0.451225 -0.185338
1206.000000 172.000000 0.589043 -0.194954
1178.000000 173.000000 0.551945 -0.191150
1194.000000 173.000000 0.572914 -0.192686
1180.000000 174.000000 0.554447 -0.190279
1074.000000 175.000000 0.425660 -0.180753
1183.000000 175.000000 0.558260 -0.189502
1077.000000 176.000000 0.429012 -0.179945
1107.000000 176.000000 0.463852 -0.182067
1181.000000 176.000000 0.555560 -0.188256
1212.000000 177.000000 0.596649 -0.190187
1248.000000 177.000000 0.646675 -0.193939
1078.000000 180.000000 0.429887 -0.175975
1182.000000 180.000000 0.556493 -0.184117
1275.000000 180.000000 0.685370 -0.193575
1018.000000 181.000000 0.363458 -0.171422
1109.000000 181.000000 0.465850 -0.177107
1107.000000 182.000000 0.463414 -0.175943
1181.000000 183.000000 0.554922 -0.180860
1269.000000 183.000000 0.676269 -0.189599
1216.000000 184.000000 0.601396 -0.183062
997.000000 185.000000 0.340941 -0.166437
1180.000000 186.000000 0.553358 -0.177611
1189.000000 186.000000 0.565100 -0.178408
1187.000000 188.000000 0.562301 -0.176117
1064.000000 189.000000 0.413475 -0.166068
998.000000 190.000000 0.341757 -0.161597
1095.000000 190.000000 0.448810 -0.166999
1204.000000 190.000000 0.584624 -0.175521
1087.000000 191.000000 0.439493 -0.165474
1098.000000 191.000000 0.452236 -0.166185
1174.000000 192.000000 0.545104 -0.170801
1177.000000 192.000000 0.548965 -0.171051
1043.000000 193.000000 0.389944 -0.160903
1125.000000 193.000000 0.484091 -0.165999
1179.000000 193.000000 0.551465 -0.170170
1246.000000 193.000000 0.642189 -0.176275
1162.000000 194.000000 0.529653 -0.167743
1182.000000 194.000000 0.555268 -0.169372
1101.000000 195.000000 0.455477 -0.162337
52.000000 196.000000 -0.615481 -0.171120
1058.000000 196.000000 0.406363 -0.158749
1121.000000 196.000000 0.479077 -0.162657
1208.000000 196.000000 0.589452 -0.169500
1210.000000 196.000000 0.592146 -0.169678
109.000000 197.000000 -0.539876 -0.165181
1069.000000 198.000000 0.418574 -0.157378
1080.000000 198.000000 0.431043 -0.158017
1102.000000 198.000000 0.456454 -0.159369
926.000000 200.000000 0.267793 -0.149120
1219.000000 200.000000 0.603999 -0.166214
1067.000000 201.000000 0.416155 -0.154277
1073.000000 201.000000 0.422919 -0.154614
1100.000000 202.000000 0.453867 -0.155209
1242.000000 202.000000 0.635688 -0.166147
1250.000000 202.000000 0.647002 -0.166888
1238.000000 203.000000 0.629985 -0.164703
1247.000000 203.000000 0.642653 -0.165526
990.000000 204.000000 0.332763 -0.147632
1109.000000 204.000000 0.464294 -0.153750
1115.000000 204.000000 0.471391 -0.154130
1194.000000 204.000000 0.570137 -0.159853
1097.000000 205.000000 0.450193 -0.152007
1124.000000 206.000000 0.482005 -0.152680
1224.000000 206.000000 0.610316 -0.160247
1239.000000 206.000000 0.631115 -0.161563
1081.000000 208.000000 0.431610 -0.148081
1169.000000 209.000000 0.537386 -0.152707
1226.000000 209.000000 0.612808 -0.157216
1179.000000 210.000000 0.550119 -0.152407
1115.000000 211.000000 0.470955 -0.147048
1135.000000 211.000000 0.494968 -0.148306
1205.000000 211.000000 0.584169 -0.153365
37.000000 214.000000 -0.634726 -0.153123
784.000000 214.000000 0.131681 -0.132759
1207.000000 214.000000 0.586607 -0.150360
1064.000000 215.000000 0.412056 -0.140235
1109.000000 215.000000 0.463630 -0.142658
1256.000000 215.000000 0.654388 -0.153343
1044.000000 216.000000 0.389892 -0.138292
780.000000 217.000000 0.127935 -0.129925
1233.000000 217.000000 0.621812 -0.149257
1235.000000 217.000000 0.624590 -0.149421
1203.000000 218.000000 0.580959 -0.145842
1248.000000 219.000000 0.642666 -0.148348
1035.000000 220.000000 0.379911 -0.133973
1105.000000 220.000000 0.458655 -0.137409
1202.000000 221.000000 0.579406 -0.142618
1224.000000 221.000000 0.609086 -0.144282
924.000000 222.000000 0.265145 -0.128153
962.000000 223.000000 0.303239 -0.128337
1148.000000 223.000000 0.510130 -0.136892
1031.000000 224.000000 0.375415 -0.129902
1101.000000 224.000000 0.453772 -0.133189
1210.000000 224.000000 0.589871 -0.140054
1220.000000 225.000000 0.603319 -0.139740
1246.000000 225.000000 0.639354 -0.141740
795.000000 227.000000 0.141712 -0.120868
1028.000000 227.000000 0.372061 -0.126859
1109.000000 227.000000 0.462964 -0.130610
1107.000000 228.000000 0.460566 -0.129503
34.000000 229.000000 -0.637730 -0.137289
793.000000 229.000000 0.139828 -0.118993
1008.000000 229.000000 0.350674 -0.124156
1029.000000 230.000000 0.373018 -0.123983
1120.000000 230.000000 0.475804 -0.128185
1214.000000 230.000000 0.594823 -0.134030
1003.000000 231.000000 0.345337 -0.122047
415.000000 232.000000 -0.207180 -0.117346
1225.000000 232.000000 0.609635 -0.132703
1136.000000 233.000000 0.494862 -0.126029
41.000000 234.000000 -0.627578 -0.131438
1047.000000 234.000000 0.392396 -0.120804
1124.000000 234.000000 0.480360 -0.124374
1251.000000 234.000000 0.645735 -0.132474
19.000000 235.000000 -0.658543 -0.131983
1227.000000 235.000000 0.612165 -0.129672
23.000000 237.000000 -0.652686 -0.129538
1225.000000 237.000000 0.609284 -0.127420
1242.000000 237.000000 0.632828 -0.128612
1252.000000 237.000000 0.646933 -0.129333
1272.000000 237.000000 0.675699 -0.130815
1235.000000 239.000000 0.622928 -0.125993
1120.000000 240.000000 0.475289 -0.118146
19.000000 241.000000 -0.658106 -0.125532
1271.000000 241.000000 0.673947 -0.126411
1220.000000 242.000000 0.602131 -0.121818
1125.000000 244.000000 0.481050 -0.114379
1117.000000 245.000000 0.471493 -0.112997
1153.000000 245.000000 0.515052 -0.114782
1161.000000 245.000000 0.525012 -0.115207
747.000000 246.000000 0.097272 -0.102877
1129.000000 246.000000 0.485743 -0.112565
1228.000000 246.000000 0.612799 -0.118124
38.000000 247.000000 -0.630864 -0.117835
921.000000 247.000000 0.261559 -0.104506
1125.000000 247.000000 0.480906 -0.111371
1080.000000 248.000000 0.428562 -0.108416
18.000000 249.000000 -0.658987 -0.117016
1229.000000 249.000000 0.613983 -0.115025
923.000000 250.000000 0.263466 -0.101732
1000.000000 250.000000 0.341575 -0.103700
1276.000000 250.000000 0.680606 -0.117028
30.000000 251.000000 -0.641818 -0.114099
1151.000000 251.000000 0.512274 -0.108596
36.000000 252.000000 -0.633337 -0.112659
1090.000000 252.000000 0.439783 -0.104876
1148.000000 252.000000 0.508530 -0.107437
1159.000000 252.000000 0.522150 -0.107979
1275.000000 252.000000 0.679010 -0.114799
1134.000000 253.000000 0.491432 -0.105769
1239.000000 253.000000 0.627573 -0.111421
999.000000 254.000000 0.340415 -0.099843
1178.000000 255.000000 0.545997 -0.105883
1235.000000 255.000000 0.621895 -0.109063
1144.000000 256.000000 0.503439 -0.103210
934.000000 257.000000 0.274203 -0.095393
992.000000 257.000000 0.333045 -0.096785
1065.000000 257.000000 0.411391 -0.099032
1228.000000 257.000000 0.612128 -0.106545
960.000000 258.000000 0.300239 -0.095032
1060.000000 258.000000 0.405809 -0.097884
1242.000000 258.000000 0.631458 -0.106309
1230.000000 259.000000 0.614760 -0.104557
1236.000000 259.000000 0.623045 -0.104901
941.000000 261.000000 0.281086 -0.091781
1216.000000 261.000000 0.595587 -0.101687
1173.000000 263.000000 0.539232 -0.097459
1184.000000 263.000000 0.553302 -0.097982
22.000000 264.000000 -0.652357 -0.100741
941.000000 264.000000 0.281024 -0.088961
1219.000000 264.000000 0.599479 -0.098716
1107.000000 265.000000 0.458914 -0.092685
1175.000000 265.000000 0.541681 -0.095511
1234.000000 265.000000 0.619941 -0.098468
1236.000000 265.000000 0.622709 -0.098577
26.000000 266.000000 -0.646571 -0.098389
1251.000000 266.000000 0.643656 -0.098342
1107.000000 267.000000 0.458840 -0.090706
1191.000000 267.000000 0.562174 -0.094210
1058.000000 268.000000 0.403277 -0.088093
1054.000000 269.000000 0.398844 -0.087002
1136.000000 269.000000 0.493166 -0.089809
1189.000000 271.000000 0.559392 -0.090009
1223.000000 271.000000 0.604550 -0.091611
16.000000 272.000000 -0.660481 -0.092543
397.000000 272.000000 -0.223748 -0.080470
1075.000000 272.000000 0.422073 -0.084718
1073.000000 275.000000 0.419740 -0.081731
1174.000000 276.000000 0.539933 -0.084260
1185.000000 276.000000 0.554004 -0.084714
1074.000000 277.000000 0.420802 -0.079811
1126.000000 277.000000 0.480875 -0.081456
1259.000000 278.000000 0.654399 -0.086009
1154.000000 279.000000 0.514772 -0.080451
1176.000000 279.000000 0.542355 -0.081288
1127.000000 280.000000 0.481966 -0.078505
1084.000000 283.000000 0.431902 -0.074237
1132.000000 284.000000 0.487817 -0.074686
1035.000000 285.000000 0.377770 -0.071067
1148.000000 285.000000 0.507181 -0.074210
1193.000000 286.000000 0.563970 -0.074795
1258.000000 286.000000 0.652599 -0.077464
1160.000000 287.000000 0.521929 -0.072601
1090.000000 288.000000 0.438587 -0.069510
1137.000000 289.000000 0.493678 -0.069858
1070.000000 290.000000 0.415986 -0.067056
1135.000000 290.000000 0.491237 -0.068801
1256.000000 290.000000 0.649580 -0.073138
1259.000000 291.000000 0.653812 -0.072203
1094.000000 292.000000 0.443054 -0.065697
1115.000000 292.000000 0.467403 -0.066248
1262.000000 293.000000 0.658020 -0.070203
969.000000 294.000000 0.308658 -0.061261
1130.000000 294.000000 0.485122 -0.064677
1264.000000 294.000000 0.660849 -0.069220
1082.000000 295.000000 0.429334 -0.062476
1269.000000 295.000000 0.668015 -0.068354
892.000000 296.000000 0.232488 -0.058385
925.000000 296.000000 0.264647 -0.058771
7.000000 297.000000 -0.672299 -0.066291
1266.000000 297.000000 0.663609 -0.066108
9.000000 298.000000 -0.669371 -0.065149
1082.000000 298.000000 0.429266 -0.059553
1098.000000 298.000000 0.447499 -0.059916
1184.000000 298.000000 0.551919 -0.062233
1114.000000 299.000000 0.466050 -0.059314
1140.000000 300.000000 0.496995 -0.058974
1203.000000 300.000000 0.576593 -0.060778
1106.000000 301.000000 0.456672 -0.057157
1149.000000 301.000000 0.507929 -0.058210
1215.000000 301.000000 0.592528 -0.060127
1102.000000 302.000000 0.452018 -0.056085
1110.000000 302.000000 0.461303 -0.056264
1204.000000 303.000000 0.577821 -0.057726
11.000000 304.000000 -0.666274 -0.058694
1115.000000 304.000000 0.467106 -0.054407
1142.000000 304.000000 0.499318 -0.055036
1192.000000 304.000000 0.562075 -0.056353
23.000000 306.000000 -0.649073 -0.056181
26.000000 306.000000 -0.644832 -0.056086
1249.000000 307.000000 0.639063 -0.054943
1112.000000 308.000000 0.463508 -0.050403
1149.000000 308.000000 0.507757 -0.051208
1106.000000 310.000000 0.456483 -0.048318
1114.000000 310.000000 0.465808 -0.048475
1154.000000 310.000000 0.513853 -0.049321
1265.000000 310.000000 0.661726 -0.052264
1060.000000 311.000000 0.404482 -0.046533
1217.000000 311.000000 0.594922 -0.049852
165.000000 312.000000 -0.466195 -0.046491
1046.000000 312.000000 0.389151 -0.045352
263.000000 313.000000 -0.357548 -0.043965
1048.000000 313.000000 0.391310 -0.044422
1200.000000 313.000000 0.572283 -0.047363
1059.000000 314.000000 0.403333 -0.043624
1165.000000 314.000000 0.527421 -0.045547
1184.000000 315.000000 0.551469 -0.044951
1222.000000 316.000000 0.601543 -0.044808
1276.000000 316.000000 0.677476 -0.046195
1049.000000 317.000000 0.392342 -0.040594
1183.000000 317.000000 0.550143 -0.042900
1046.000000 318.000000 0.389066 -0.039594
1092.000000 318.000000 0.440239 -0.040249
1121.000000 318.000000 0.473893 -0.040719
1141.000000 319.000000 0.497791 -0.040076
1170.000000 319.000000 0.533592 -0.040613
1223.000000 319.000000 0.602828 -0.041725
1276.000000 320.000000 0.677372 -0.041929
1098.000000 322.000000 0.447048 -0.036434
1054.000000 323.000000 0.397725 -0.034891
1131.000000 323.000000 0.485692 -0.035940
1133.000000 323.000000 0.488086 -0.035971
1271.000000 323.000000 0.670038 -0.038617
1276.000000 324.000000 0.677279 -0.037664
994.000000 326.000000 0.333891 -0.031419
1097.000000 326.000000 0.445846 -0.032514
1185.000000 326.000000 0.552538 -0.033806
1191.000000 326.000000 0.560278 -0.033907
1204.000000 326.000000 0.577274 -0.034134
1231.000000 326.000000 0.613589 -0.034631
1135.000000 328.000000 0.490413 -0.031044
1184.000000 328.000000 0.551222 -0.031761
1200.000000 328.000000 0.571977 -0.032019
1187.000000 329.000000 0.555062 -0.030793
1083.000000 330.000000 0.429871 -0.028456
1190.000000 331.000000 0.558905 -0.028805
1139.000000 332.000000 0.495180 -0.027126
1245.000000 332.000000 0.632864 -0.028621
1029.000000 333.000000 0.370609 -0.025073
1170.000000 333.000000 0.533367 -0.026510
1175.000000 333.000000 0.539678 -0.026574
1212.000000 333.000000 0.587775 -0.027079
1100.000000 335.000000 0.449194 -0.023758
1275.000000 335.000000 0.675616 -0.025928
1027.000000 336.000000 0.368453 -0.022200
1032.000000 336.000000 0.373793 -0.022236
1105.000000 336.000000 0.454954 -0.022826
1165.000000 336.000000 0.527062 -0.023433
1167.000000 336.000000 0.529565 -0.023456
1025.000000 337.000000 0.366318 -0.021235
1107.000000 337.000000 0.457263 -0.021865
1118.000000 337.000000 0.470110 -0.021964
1191.000000 338.000000 0.560109 -0.021701
1229.000000 340.000000 0.610640 -0.020069
1024.000000 341.000000 0.365231 -0.017423
1186.000000 341.000000 0.553627 -0.018603
1101.000000 342.000000 0.450288 -0.016928
1199.000000 343.000000 0.570478 -0.016686
1276.000000 343.000000 0.676969 -0.017426
1120.000000 345.000000 0.472403 -0.014108
938.000000 346.000000 0.277097 -0.012376
1194.000000 346.000000 0.563930 -0.013589
1085.000000 347.000000 0.432001 -0.011969
1182.000000 347.000000 0.548451 -0.012494
1197.000000 349.000000 0.567820 -0.010552
1177.000000 350.000000 0.542064 -0.009435
1072.000000 352.000000 0.417389 -0.007080
1206.000000 352.000000 0.579631 -0.007531
1176.000000 353.000000 0.540783 -0.006403
1235.000000 354.000000 0.618772 -0.005575
8.000000 357.000000 -0.669653 -0.002515
1137.000000 359.000000 0.492603 -0.000337
1021.000000 360.000000 0.361998 0.000644
1112.000000 360.000000 0.462979 0.000652
979.000000 361.000000 0.318325 0.001579
1064.000000 361.000000 0.408500 0.001610
1156.000000 361.000000 0.515758 0.001655
1268.000000 361.000000 0.665289 0.001725
1152.000000 362.000000 0.510836 0.002651
975.000000 363.000000 0.314246 0.003453
1113.000000 363.000000 0.464149 0.003595
1158.000000 363.000000 0.518231 0.003657
800.000000 365.000000 0.145450 0.005173
1056.000000 365.000000 0.399701 0.005450
5.000000 366.000000 -0.674000 0.007038
1119.000000 366.000000 0.471189 0.006553
1179.000000 368.000000 0.544600 0.008740
1259.000000 368.000000 0.652411 0.009096
4.000000 369.000000 -0.675463 0.010231
1012.000000 369.000000 0.352517 0.009169
1106.000000 369.000000 0.456020 0.009457
1123.000000 370.000000 0.475922 0.010504
1185.000000 370.000000 0.552280 0.010791
22.000000 371.000000 -0.649667 0.012236
899.000000 371.000000 0.238911 0.010778
1258.000000 371.000000 0.651004 0.012251
1108.000000 374.000000 0.458363 0.014360
1209.000000 374.000000 0.583643 0.015019
1025.000000 375.000000 0.366277 0.014911
1183.000000 375.000000 0.549747 0.015842
1227.000000 376.000000 0.607874 0.017229
1261.000000 376.000000 0.655322 0.017547
1122.000000 378.000000 0.474786 0.018380
944.000000 379.000000 0.283078 0.018325
1075.000000 379.000000 0.420792 0.019024
1166.000000 379.000000 0.528266 0.019736
1182.000000 379.000000 0.548502 0.019883
1244.000000 379.000000 0.631348 0.020521
924.000000 380.000000 0.263305 0.019173
1018.000000 380.000000 0.358884 0.019627
1064.000000 380.000000 0.408569 0.019915
1187.000000 380.000000 0.554927 0.020945
13.000000 382.000000 -0.662606 0.023930
1178.000000 383.000000 0.543442 0.023887
1230.000000 384.000000 0.612061 0.025556
1050.000000 385.000000 0.393243 0.024619
1217.000000 385.000000 0.594446 0.026413
6.000000 386.000000 -0.672748 0.028273
1109.000000 386.000000 0.459619 0.026127
1235.000000 387.000000 0.618972 0.028747
1110.000000 388.000000 0.460805 0.028099
1251.000000 388.000000 0.641290 0.030048
1153.000000 389.000000 0.512255 0.029609
1248.000000 389.000000 0.637087 0.031047
1169.000000 390.000000 0.532156 0.030831
1091.000000 391.000000 0.438958 0.030816
1135.000000 391.000000 0.490406 0.031361
1199.000000 391.000000 0.570656 0.032301
1239.000000 391.000000 0.624567 0.032982
777.000000 392.000000 0.124306 0.029639
1187.000000 393.000000 0.555101 0.034142
1209.000000 393.000000 0.583883 0.034519
1025.000000 394.000000 0.366414 0.032995
1205.000000 394.000000 0.578601 0.035473
1246.000000 394.000000 0.634376 0.036250
1140.000000 395.000000 0.496489 0.035403
1143.000000 395.000000 0.500124 0.035448
1208.000000 395.000000 0.582591 0.036554
1243.000000 396.000000 0.630225 0.038283
1269.000000 396.000000 0.667128 0.038842
1189.000000 397.000000 0.557751 0.038243
1229.000000 397.000000 0.610917 0.039033
1248.000000 399.000000 0.637287 0.041536
1194.000000 400.000000 0.564293 0.041396
1157.000000 401.000000 0.517380 0.041679
1171.000000 401.000000 0.534859 0.041948
933.000000 403.000000 0.272321 0.040589
1022.000000 403.000000 0.363328 0.041532
1169.000000 403.000000 0.532382 0.043925
1186.000000 405.000000 0.554048 0.046315
1127.000000 406.000000 0.481086 0.046086
1212.000000 406.000000 0.588154 0.047953
1183.000000 407.000000 0.550241 0.048277
1222.000000 408.000000 0.601652 0.050275
689.000000 409.000000 0.044317 0.044817
906.000000 410.000000 0.245914 0.046843
1160.000000 410.000000 0.521287 0.050772
1221.000000 411.000000 0.600381 0.053355
1241.000000 412.000000 0.627848 0.054978
1250.000000 412.000000 0.640448 0.055251
17.000000 414.000000 -0.657614 0.057704
1097.000000 414.000000 0.446185 0.053362
1132.000000 414.000000 0.487224 0.054120
1207.000000 414.000000 0.581715 0.056053
1155.000000 415.000000 0.515216 0.055670
1048.000000 417.000000 0.391484 0.055327
1218.000000 417.000000 0.596509 0.059478
1275.000000 417.000000 0.676429 0.061375
1182.000000 418.000000 0.549246 0.059424
1167.000000 419.000000 0.530257 0.060012
1221.000000 420.000000 0.600656 0.062682
1157.000000 421.000000 0.517848 0.061746
1177.000000 421.000000 0.542950 0.062324
1188.000000 421.000000 0.557053 0.062657
1212.000000 422.000000 0.588619 0.064452
1216.000000 422.000000 0.593980 0.064587
1240.000000 422.000000 0.626786 0.065421
276.000000 423.000000 -0.344160 0.060254
1177.000000 423.000000 0.543011 0.064353
1274.000000 423.000000 0.675195 0.067749
230.000000 424.000000 -0.393207 0.062070
1141.000000 424.000000 0.498326 0.064302
1190.000000 424.000000 0.559735 0.065781
1198.000000 424.000000 0.570160 0.066044
1119.000000 425.000000 0.472042 0.064697
1202.000000 425.000000 0.575450 0.067205
1232.000000 426.000000 0.615873 0.069313
1116.000000 427.000000 0.468563 0.066593
17.000000 429.000000 -0.658167 0.073610
1254.000000 429.000000 0.646709 0.073329
952.000000 430.000000 0.291569 0.066035
1199.000000 430.000000 0.571680 0.072236
1021.000000 431.000000 0.362730 0.068223
1101.000000 431.000000 0.451196 0.070128
1178.000000 431.000000 0.544547 0.072510
1186.000000 431.000000 0.554804 0.072792
1097.000000 432.000000 0.446614 0.071001
972.000000 433.000000 0.311835 0.069187
1139.000000 433.000000 0.496172 0.073228
1259.000000 434.000000 0.654036 0.078841
13.000000 435.000000 -0.664158 0.080164
981.000000 435.000000 0.321072 0.071239
1005.000000 436.000000 0.345964 0.072661
1160.000000 436.000000 0.522047 0.076943
1033.000000 437.000000 0.375678 0.074234
1060.000000 437.000000 0.405078 0.074896
1230.000000 437.000000 0.613570 0.080726
1251.000000 437.000000 0.642810 0.081660
1062.000000 438.000000 0.407314 0.075917
1071.000000 438.000000 0.417319 0.076157
1236.000000 438.000000 0.621882 0.082037
970.000000 439.000000 0.309908 0.074809
18.000000 440.000000 -0.657229 0.085254
1139.000000 442.000000 0.496475 0.082225
1182.000000 442.000000 0.550079 0.083867
1114.000000 443.000000 0.466696 0.082358
1185.000000 443.000000 0.553978 0.085012
1084.000000 444.000000 0.432121 0.082386
1143.000000 444.000000 0.501407 0.084374
1181.000000 444.000000 0.548879 0.085868
1105.000000 445.000000 0.456252 0.084037
1146.000000 446.000000 0.505143 0.086495
1160.000000 446.000000 0.522424 0.087043
1180.000000 447.000000 0.547724 0.088888
1118.000000 448.000000 0.471579 0.087455
1156.000000 448.000000 0.517534 0.088903
1110.000000 449.000000 0.462216 0.088162
1158.000000 449.000000 0.520057 0.089994
1265.000000 449.000000 0.663376 0.095115
25.000000 450.000000 -0.647782 0.095527
1197.000000 450.000000 0.569887 0.092727
4.000000 451.000000 -0.677974 0.097738
1096.000000 451.000000 0.446051 0.089648
1149.000000 451.000000 0.509019 0.091643
1179.000000 451.000000 0.546620 0.092929
632.000000 452.000000 -0.007080 0.083700
984.000000 452.000000 0.324513 0.087406
1276.000000 452.000000 0.679495 0.098941
11.000000 453.000000 -0.667950 0.099492
1040.000000 453.000000 0.383648 0.089824
1086.000000 453.000000 0.434682 0.091272
954.000000 454.000000 0.294019 0.088631
1015.000000 454.000000 0.356916 0.090089
1154.000000 454.000000 0.515308 0.094879
1248.000000 454.000000 0.639435 0.099508
975.000000 455.000000 0.315346 0.090042
1151.000000 455.000000 0.511647 0.095760
1258.000000 456.000000 0.653729 0.102198
1198.000000 458.000000 0.571591 0.101031
1136.000000 459.000000 0.493512 0.099140
1157.000000 459.000000 0.519249 0.100070
1237.000000 459.000000 0.624334 0.104179
12.000000 461.000000 -0.666978 0.108008
1238.000000 462.000000 0.625896 0.107404
1146.000000 463.000000 0.505860 0.103609
1144.000000 464.000000 0.503459 0.104525
1242.000000 464.000000 0.631593 0.109758
150.000000 465.000000 -0.485742 0.104814
1137.000000 466.000000 0.495034 0.106216
1152.000000 467.000000 0.513432 0.107937
1155.000000 467.000000 0.517146 0.108083
1099.000000 468.000000 0.450156 0.106550
1247.000000 469.000000 0.638921 0.115377
929.000000 471.000000 0.269433 0.104087
1143.000000 471.000000 0.502571 0.111541
1245.000000 471.000000 0.636236 0.117376
1254.000000 471.000000 0.648957 0.117965
1150.000000 472.000000 0.511212 0.112902
1171.000000 472.000000 0.537471 0.114003
1189.000000 472.000000 0.560583 0.115003
1238.000000 472.000000 0.626512 0.117984
1147.000000 473.000000 0.507571 0.113763
1215.000000 473.000000 0.595066 0.117586
5.000000 474.000000 -0.677960 0.122462
1090.000000 474.000000 0.440051 0.112108
1205.000000 474.000000 0.581738 0.118019
21.000000 475.000000 -0.654985 0.122434
954.000000 475.000000 0.294515 0.108470
1005.000000 475.000000 0.346987 0.109940
1184.000000 475.000000 0.554277 0.117812
1230.000000 475.000000 0.615632 0.120639
19.000000 476.000000 -0.657909 0.123644
1111.000000 476.000000 0.464490 0.115028
1158.000000 476.000000 0.521341 0.117384
16.000000 477.000000 -0.662276 0.124928
1134.000000 477.000000 0.491935 0.117144
1184.000000 477.000000 0.554393 0.119874
1225.000000 477.000000 0.608900 0.122423
1242.000000 477.000000 0.632427 0.123557
1153.000000 478.000000 0.515234 0.119149
1222.000000 478.000000 0.604871 0.123279
1239.000000 478.000000 0.628304 0.124416
1256.000000 479.000000 0.652354 0.126667
933.000000 480.000000 0.273616 0.112661
1225.000000 481.000000 0.609167 0.126640
1130.000000 482.000000 0.487368 0.121977
1206.000000 482.000000 0.583572 0.126428
1158.000000 483.000000 0.521730 0.124521
1180.000000 483.000000 0.549598 0.125824
1248.000000 483.000000 0.641286 0.130377
1038.000000 484.000000 0.382529 0.119799
1221.000000 484.000000 0.603912 0.129531
1171.000000 485.000000 0.538217 0.127335
1192.000000 485.000000 0.565284 0.128646
1198.000000 485.000000 0.573162 0.129035
943.000000 486.000000 0.283753 0.118597
1209.000000 486.000000 0.587846 0.130813
1227.000000 487.000000 0.612326 0.133120
1034.000000 488.000000 0.378353 0.123534
1218.000000 488.000000 0.600114 0.133537
1199.000000 489.000000 0.574748 0.133272
1260.000000 489.000000 0.658821 0.137719
1039.000000 490.000000 0.383854 0.125683
1134.000000 490.000000 0.492629 0.130270
1226.000000 490.000000 0.611171 0.136224
179.000000 491.000000 -0.452808 0.129416
912.000000 491.000000 0.253144 0.122510
1142.000000 491.000000 0.502423 0.131742
928.000000 492.000000 0.268962 0.123869
1178.000000 492.000000 0.547598 0.134990
1240.000000 492.000000 0.630713 0.139397
10.000000 493.000000 -0.672131 0.142658
1231.000000 493.000000 0.618277 0.139778
1138.000000 494.000000 0.497716 0.134554
1206.000000 494.000000 0.584393 0.138992
1245.000000 494.000000 0.637885 0.141924
1084.000000 495.000000 0.434162 0.132632
1107.000000 495.000000 0.460750 0.133820
1131.000000 495.000000 0.489288 0.135159
1125.000000 496.000000 0.482131 0.135824
1136.000000 496.000000 0.495402 0.136466
1182.000000 496.000000 0.553016 0.139399
1250.000000 496.000000 0.645109 0.144468
1045.000000 497.000000 0.390694 0.132778
1146.000000 497.000000 0.507691 0.138089
1030.000000 498.000000 0.374442 0.133109
1054.000000 498.000000 0.400635 0.134163
1086.000000 498.000000 0.436598 0.135714
1069.000000 499.000000 0.417385 0.135857
1151.000000 500.000000 0.514056 0.141469
1203.000000 500.000000 0.580834 0.145071
1207.000000 502.000000 0.586322 0.147475
1224.000000 502.000000 0.609344 0.148800
1033.000000 504.000000 0.377943 0.139096
1053.000000 505.000000 0.399859 0.141003
1218.000000 505.000000 0.601395 0.151506
1229.000000 505.000000 0.616462 0.152398
1105.000000 506.000000 0.459021 0.144747
1146.000000 506.000000 0.508266 0.147283
1073.000000 507.000000 0.422292 0.143984
1247.000000 508.000000 0.641865 0.157139
1126.000000 509.000000 0.484115 0.149049
1211.000000 509.000000 0.592244 0.155179
1033.000000 510.000000 0.378216 0.144969
1219.000000 510.000000 0.603164 0.156896
1133.000000 511.000000 0.492698 0.151534
826.000000 513.000000 0.171041 0.141239
1031.000000 513.000000 0.376190 0.147816
1136.000000 513.000000 0.496478 0.153774
1169.000000 513.000000 0.537562 0.156107
596.000000 514.000000 -0.039811 0.140514
926.000000 514.000000 0.267620 0.144690
1068.000000 514.000000 0.417032 0.150671
1148.000000 514.000000 0.511281 0.155623
1199.000000 514.000000 0.576610 0.159485
1112.000000 515.000000 0.467802 0.154245
1264.000000 515.000000 0.666810 0.166271
1145.000000 516.000000 0.507715 0.157466
1183.000000 516.000000 0.555782 0.160304
1201.000000 516.000000 0.579431 0.161758
197.000000 517.000000 -0.433512 0.154400
1043.000000 517.000000 0.389450 0.152333
1191.000000 517.000000 0.566301 0.161992
793.000000 518.000000 0.140230 0.145327
280.000000 519.000000 -0.342865 0.152195
1143.000000 519.000000 0.505465 0.160406
968.000000 521.000000 0.310241 0.152879
1047.000000 521.000000 0.394049 0.156489
1173.000000 521.000000 0.543283 0.164736
1207.000000 521.000000 0.587872 0.167559
1123.000000 522.000000 0.481368 0.162076
1044.000000 523.000000 0.390856 0.158308
1132.000000 523.000000 0.492303 0.163725
1098.000000 524.000000 0.451942 0.162450
1168.000000 524.000000 0.537135 0.167466
1220.000000 524.000000 0.605750 0.171914
1116.000000 525.000000 0.473205 0.164653
1130.000000 525.000000 0.490020 0.165630
1206.000000 525.000000 0.586882 0.171719
1223.000000 525.000000 0.609951 0.173261
1225.000000 525.000000 0.612700 0.173446
19.000000 526.000000 -0.662119 0.177781
1221.000000 526.000000 0.607302 0.174147
925.000000 527.000000 0.267052 0.157065
1200.000000 527.000000 0.579043 0.173310
1042.000000 528.000000 0.388929 0.163147
1135.000000 528.000000 0.496317 0.169071
1217.000000 528.000000 0.602024 0.175918
1121.000000 529.000000 0.479458 0.169080
1156.000000 529.000000 0.522369 0.171712
1136.000000 530.000000 0.497687 0.171202
1110.000000 531.000000 0.466497 0.170345
189.000000 532.000000 -0.443614 0.169958
1209.000000 532.000000 0.591554 0.179448
1089.000000 533.000000 0.442088 0.170953
1185.000000 535.000000 0.559983 0.180439
1098.000000 536.000000 0.452739 0.174595
1149.000000 536.000000 0.514186 0.178417
1210.000000 536.000000 0.593283 0.183819
584.000000 537.000000 -0.050864 0.161906
1128.000000 537.000000 0.488484 0.177796
1143.000000 538.000000 0.506909 0.180006
1065.000000 539.000000 0.415118 0.175449
1180.000000 539.000000 0.553834 0.184212
1084.000000 540.000000 0.436793 0.177692
1117.000000 540.000000 0.475474 0.180043
1087.000000 541.000000 0.440316 0.178908
1120.000000 542.000000 0.479220 0.182323
1146.000000 543.000000 0.511035 0.185443
16.000000 544.000000 -0.668322 0.197874
1171.000000 544.000000 0.542672 0.188669
1211.000000 544.000000 0.595422 0.192498
1080.000000 545.000000 0.432543 0.182477
1197.000000 546.000000 0.576828 0.193248
1271.000000 546.000000 0.680193 0.201130
25.000000 547.000000 -0.655724 0.200188
361.000000 548.000000 -0.261415 0.176950
1044.000000 548.000000 0.392285 0.183153
1169.000000 548.000000 0.540474 0.192701
1074.000000 550.000000 0.426033 0.187122
1221.000000 551.000000 0.609797 0.201094
1168.000000 552.000000 0.539566 0.196828
230.000000 553.000000 -0.398609 0.188429
906.000000 554.000000 0.249190 0.182305
1098.000000 554.000000 0.454049 0.192940
1169.000000 554.000000 0.541037 0.199037
1035.000000 555.000000 0.382830 0.189593
1083.000000 556.000000 0.436771 0.193854
1184.000000 556.000000 0.560670 0.202629
1230.000000 557.000000 0.622909 0.208615
1171.000000 558.000000 0.543993 0.203467
978.000000 559.000000 0.322282 0.190333
1164.000000 559.000000 0.535123 0.203845
1164.000000 561.000000 0.535317 0.205961
1195.000000 561.000000 0.575702 0.209121
1141.000000 562.000000 0.506504 0.204836
35.000000 563.000000 -0.643335 0.216680
40.000000 564.000000 -0.636400 0.217194
750.000000 564.000000 0.101055 0.187811
1166.000000 564.000000 0.538169 0.209339
869.000000 565.000000 0.213416 0.191591
1147.000000 565.000000 0.514245 0.208547
1186.000000 565.000000 0.564223 0.212463
26.000000 566.000000 -0.656498 0.221080
1037.000000 566.000000 0.385730 0.200751
1070.000000 567.000000 0.422703 0.204092
1098.000000 567.000000 0.455082 0.206291
1157.000000 567.000000 0.527011 0.211626
1159.000000 568.000000 0.529645 0.212884
1082.000000 569.000000 0.436610 0.207058
1114.000000 569.000000 0.474241 0.209718
529.000000 570.000000 -0.101754 0.193482
24.000000 571.000000 -0.659978 0.226890
53.000000 571.000000 -0.619085 0.223355
886.000000 571.000000 0.230170 0.197970
1170.000000 571.000000 0.544023 0.217201
1188.000000 571.000000 0.567505 0.219131
959.000000 573.000000 0.303361 0.203134
1040.000000 573.000000 0.389511 0.208012
1043.000000 573.000000 0.392828 0.208222
1243.000000 573.000000 0.643080 0.227780
529.000000 574.000000 -0.101817 0.197276
1127.000000 574.000000 0.490413 0.216112
969.000000 575.000000 0.313783 0.205634
1051.000000 575.000000 0.401871 0.210824
1129.000000 575.000000 0.492950 0.217349
728.000000 576.000000 0.080894 0.198869
1071.000000 576.000000 0.424534 0.213363
1074.000000 576.000000 0.427965 0.213600
1079.000000 576.000000 0.433710 0.214001
1049.000000 577.000000 0.399785 0.212709
1054.000000 577.000000 0.405377 0.213079
1105.000000 577.000000 0.464207 0.217239
1136.000000 577.000000 0.501743 0.220126
1071.000000 578.000000 0.424693 0.215412
1131.000000 578.000000 0.495687 0.220693
27.000000 579.000000 -0.656693 0.235442
56.000000 580.000000 -0.616025 0.232893
1065.000000 580.000000 0.418018 0.216987
1090.000000 580.000000 0.446802 0.219042
1093.000000 580.000000 0.450312 0.219300
1100.000000 581.000000 0.458638 0.220952
60.000000 582.000000 -0.610757 0.234603
528.000000 582.000000 -0.102873 0.204903
1007.000000 582.000000 0.354225 0.214860
1175.000000 582.000000 0.551688 0.229541
28.000000 583.000000 -0.655781 0.239789
916.000000 583.000000 0.260307 0.210877
24.000000 584.000000 -0.661645 0.241436
26.000000 584.000000 -0.658775 0.241172
522.000000 584.000000 -0.108481 0.206913
863.000000 584.000000 0.208257 0.209718
1264.000000 584.000000 0.674686 0.242815
1189.000000 585.000000 0.570422 0.234396
1232.000000 585.000000 0.629087 0.239715
920.000000 586.000000 0.264445 0.214002
1160.000000 586.000000 0.532803 0.232178
1169.000000 586.000000 0.544360 0.233177
28.000000 587.000000 -0.656309 0.244274
998.000000 587.000000 0.344935 0.219299
1164.000000 587.000000 0.538033 0.233693
1184.000000 587.000000 0.564047 0.235981
1258.000000 587.000000 0.666387 0.245392
1079.000000 589.000000 0.434798 0.227409
658.000000 591.000000 0.016663 0.212573
963.000000 591.000000 0.308462 0.221174
1077.000000 591.000000 0.432661 0.229307
1142.000000 591.000000 0.510622 0.235578
1152.000000 591.000000 0.523187 0.236659
1256.000000 591.000000 0.664042 0.249634
1014.000000 592.000000 0.362433 0.225411
1084.000000 592.000000 0.440858 0.230960
1186.000000 592.000000 0.567283 0.241658
857.000000 593.000000 0.202771 0.218240
1011.000000 593.000000 0.359263 0.226214
1189.000000 593.000000 0.571382 0.243114
1139.000000 594.000000 0.507203 0.238456
1224.000000 594.000000 0.619094 0.248678
296.000000 595.000000 -0.330093 0.226332
1102.000000 595.000000 0.462304 0.235758
1137.000000 595.000000 0.504824 0.239308
1150.000000 595.000000 0.521101 0.240726
514.000000 597.000000 -0.116182 0.219521
937.000000 597.000000 0.282142 0.225703
1105.000000 597.000000 0.466072 0.238150
568.000000 598.000000 -0.066079 0.219631
64.000000 599.000000 -0.607435 0.252888
851.000000 599.000000 0.197189 0.223865
1053.000000 599.000000 0.405988 0.235535
1153.000000 599.000000 0.525349 0.245363
1242.000000 599.000000 0.645089 0.256722
1049.000000 601.000000 0.401657 0.237265
1172.000000 601.000000 0.550002 0.249766
1038.000000 602.000000 0.389466 0.237400
1097.000000 602.000000 0.457049 0.242627
1234.000000 602.000000 0.634181 0.258985
207.000000 603.000000 -0.428398 0.241252
1073.000000 603.000000 0.429114 0.241415
1102.000000 603.000000 0.463086 0.244173
1144.000000 603.000000 0.514445 0.248644
346.000000 604.000000 -0.279007 0.232408
838.000000 604.000000 0.184845 0.228283
1146.000000 605.000000 0.517188 0.251025
1064.000000 606.000000 0.419062 0.243729
357.000000 607.000000 -0.268049 0.234808
180.000000 608.000000 -0.460413 0.249063
1037.000000 608.000000 0.388841 0.243490
328.000000 609.000000 -0.297672 0.238416
1070.000000 609.000000 0.426209 0.247399
1204.000000 609.000000 0.593607 0.262683
1226.000000 609.000000 0.623936 0.265732
1024.000000 610.000000 0.374659 0.244502
38.000000 611.000000 -0.645397 0.269953
1064.000000 611.000000 0.419513 0.248936
1073.000000 611.000000 0.429852 0.249769
1131.000000 611.000000 0.499147 0.255769
1087.000000 612.000000 0.446244 0.252170
651.000000 614.000000 0.010285 0.234605
1059.000000 614.000000 0.414084 0.251610
355.000000 615.000000 -0.270492 0.242885
77.000000 616.000000 -0.592005 0.270047
965.000000 616.000000 0.312065 0.246374
1013.000000 616.000000 0.363123 0.249799
494.000000 617.000000 -0.135410 0.239342
835.000000 617.000000 0.182417 0.240898
1123.000000 617.000000 0.489968 0.261309
1212.000000 617.000000 0.605660 0.272733
1073.000000 618.000000 0.430521 0.257115
38.000000 619.000000 -0.646572 0.279043
77.000000 619.000000 -0.592422 0.273396
955.000000 619.000000 0.301873 0.248764
1167.000000 619.000000 0.545760 0.268826
645.000000 620.000000 0.004766 0.240393
992.000000 621.000000 0.340886 0.253329
1101.000000 621.000000 0.463759 0.263158
1137.000000 621.000000 0.507778 0.267262
1140.000000 621.000000 0.511536 0.267624
803.000000 622.000000 0.151994 0.244748
815.000000 622.000000 0.163424 0.245124
1108.000000 622.000000 0.472277 0.264991
1142.000000 622.000000 0.514172 0.268955
62.000000 623.000000 -0.613530 0.280034
60.000000 624.000000 -0.616444 0.281457
363.000000 625.000000 -0.262970 0.252457
1051.000000 625.000000 0.406017 0.262372
1060.000000 625.000000 0.416251 0.263222
1070.000000 625.000000 0.427740 0.264196
811.000000 626.000000 0.159736 0.248925
1007.000000 627.000000 0.357481 0.260647
1038.000000 627.000000 0.391584 0.263277
54.000000 628.000000 -0.625388 0.286886
1183.000000 628.000000 0.567997 0.280942
983.000000 629.000000 0.331897 0.260857
1113.000000 629.000000 0.479127 0.273080
671.000000 630.000000 0.028803 0.250190
1001.000000 630.000000 0.351233 0.263265
1183.000000 630.000000 0.568277 0.283173
51.000000 631.000000 -0.630041 0.290759
66.000000 631.000000 -0.609193 0.288489
182.000000 631.000000 -0.460461 0.273318
614.000000 631.000000 -0.023869 0.251130
1004.000000 631.000000 0.354554 0.264538
1006.000000 631.000000 0.356720 0.264700
1226.000000 631.000000 0.627183 0.290651
1108.000000 632.000000 0.473408 0.275737
221.000000 633.000000 -0.415185 0.271377
1073.000000 633.000000 0.432027 0.272974
1147.000000 633.000000 0.521885 0.281614
54.000000 634.000000 -0.626302 0.293723
1001.000000 634.000000 0.351554 0.267398
1130.000000 634.000000 0.500638 0.280546
1268.000000 634.000000 0.687914 0.300745
57.000000 635.000000 -0.622269 0.294402
357.000000 636.000000 -0.269663 0.263882
1095.000000 636.000000 0.458248 0.278561
996.000000 637.000000 0.346406 0.270100
251.000000 638.000000 -0.381918 0.273808
1004.000000 638.000000 0.355128 0.271792
1032.000000 640.000000 0.386076 0.276343
1034.000000 640.000000 0.388307 0.276530
194.000000 641.000000 -0.447342 0.282717
967.000000 641.000000 0.315885 0.272001
978.000000 641.000000 0.327495 0.272824
1047.000000 641.000000 0.403020 0.278830
1142.000000 641.000000 0.516595 0.289766
1220.000000 641.000000 0.620348 0.301150
502.000000 643.000000 -0.128547 0.264659
744.000000 643.000000 0.096877 0.263880
1220.000000 643.000000 0.620665 0.303443
871.000000 644.000000 0.218583 0.269231
860.000000 645.000000 0.207824 0.269713
983.000000 645.000000 0.333122 0.277350
1029.000000 645.000000 0.383202 0.281324
1089.000000 645.000000 0.452131 0.287574
1219.000000 645.000000 0.619588 0.305579
928.000000 646.000000 0.275837 0.274454
1009.000000 646.000000 0.361251 0.280560
1096.000000 647.000000 0.460715 0.290555
109.000000 648.000000 -0.553902 0.301306
995.000000 649.000000 0.346317 0.282492
571.000000 650.000000 -0.063949 0.270158
1014.000000 651.000000 0.367173 0.286254
31.000000 652.000000 -0.661792 0.318212
810.000000 653.000000 0.159702 0.275671
1015.000000 654.000000 0.368549 0.289507
1102.000000 654.000000 0.468786 0.298905
1203.000000 654.000000 0.598907 0.313348
811.000000 655.000000 0.160735 0.277710
978.000000 655.000000 0.328597 0.287345
980.000000 655.000000 0.330728 0.287508
1025.000000 656.000000 0.379801 0.292570
1199.000000 656.000000 0.593756 0.315000
31.000000 657.000000 -0.662633 0.324061
1165.000000 657.000000 0.548457 0.310863
215.000000 658.000000 -0.424697 0.298676
110.000000 659.000000 -0.554222 0.313560
1020.000000 659.000000 0.374542 0.295270
1194.000000 659.000000 0.587431 0.317638
1067.000000 661.000000 0.428099 0.302351
1116.000000 661.000000 0.486781 0.308403
812.000000 662.000000 0.161957 0.284780
1011.000000 662.000000 0.364898 0.297593
1193.000000 662.000000 0.586558 0.320920
338.000000 663.000000 -0.290898 0.292775
1021.000000 663.000000 0.376040 0.299618
220.000000 665.000000 -0.419700 0.305678
274.000000 665.000000 -0.359086 0.300138
1053.000000 665.000000 0.412365 0.305102
1098.000000 665.000000 0.465339 0.310468
462.000000 666.000000 -0.167515 0.288986
994.000000 666.000000 0.346719 0.300259
1078.000000 666.000000 0.441581 0.309079
486.000000 667.000000 -0.144498 0.289112
952.000000 668.000000 0.302190 0.298850
907.000000 669.000000 0.255945 0.296714
994.000000 669.000000 0.346991 0.303433
372.000000 670.000000 -0.256560 0.297703
902.000000 671.000000 0.251013 0.298461
995.000000 671.000000 0.348259 0.305646
337.000000 672.000000 -0.292597 0.302212
1192.000000 672.000000 0.586844 0.332285
1064.000000 673.000000 0.426001 0.315048
709.000000 674.000000 0.064633 0.294088
871.000000 674.000000 0.220142 0.299716
1074.000000 674.000000 0.437838 0.317350
1099.000000 674.000000 0.467723 0.320546
1071.000000 675.000000 0.434431 0.318079
1101.000000 676.000000 0.470420 0.323035
1238.000000 676.000000 0.651678 0.344954
1063.000000 677.000000 0.425313 0.319303
1104.000000 677.000000 0.474213 0.324555
742.000000 678.000000 0.095767 0.298759
750.000000 678.000000 0.103333 0.298954
4.000000 680.000000 -0.705810 0.356056
986.000000 680.000000 0.339343 0.314387
886.000000 681.000000 0.235521 0.307811
954.000000 681.000000 0.305323 0.312658
956.000000 681.000000 0.307429 0.312823
1055.000000 681.000000 0.416504 0.322729
952.000000 682.000000 0.303302 0.313550
577.000000 683.000000 -0.058800 0.303043
860.000000 683.000000 0.209731 0.308382
1001.000000 683.000000 0.355953 0.319032
1105.000000 683.000000 0.476265 0.331401
1021.000000 684.000000 0.378192 0.322166
1057.000000 684.000000 0.419179 0.326258
705.000000 685.000000 0.061048 0.305120
817.000000 685.000000 0.167717 0.308353
950.000000 686.000000 0.301529 0.317616
1019.000000 686.000000 0.376171 0.324120
1094.000000 686.000000 0.463283 0.333238
1017.000000 687.000000 0.374047 0.324990
992.000000 688.000000 0.346611 0.323520
39.000000 689.000000 -0.656831 0.360499
473.000000 689.000000 -0.157814 0.311972
841.000000 690.000000 0.191370 0.314619
1033.000000 690.000000 0.392361 0.330019
43.000000 691.000000 -0.651499 0.362154
465.000000 691.000000 -0.165644 0.314362
1089.000000 692.000000 0.458064 0.339271
1065.000000 693.000000 0.429638 0.337197
1067.000000 693.000000 0.431989 0.337454
1113.000000 694.000000 0.487721 0.344968
39.000000 696.000000 -0.658124 0.368880
304.000000 696.000000 -0.329480 0.330422
609.000000 697.000000 -0.028917 0.316911
717.000000 697.000000 0.072558 0.317537
915.000000 697.000000 0.266040 0.326516
939.000000 697.000000 0.290908 0.328391
1047.000000 697.000000 0.409195 0.339374
690.000000 698.000000 0.047124 0.318136
42.000000 699.000000 -0.654406 0.371922
45.000000 699.000000 -0.650139 0.371361
633.000000 699.000000 -0.006400 0.318847
835.000000 699.000000 0.185933 0.323650
961.000000 699.000000 0.314280 0.332426
1063.000000 699.000000 0.428065 0.343619
1082.000000 699.000000 0.450611 0.346169
1158.000000 699.000000 0.545989 0.357894
831.000000 701.000000 0.182109 0.325531
836.000000 701.000000 0.187016 0.325783
863.000000 701.000000 0.213728 0.327269
1051.000000 701.000000 0.414319 0.344309
1092.000000 701.000000 0.462961 0.349835
1106.000000 701.000000 0.480100 0.351887
866.000000 702.000000 0.216779 0.328496
968.000000 702.000000 0.322032 0.336301
1056.000000 703.000000 0.420390 0.347176
1117.000000 703.000000 0.494076 0.355849
754.000000 705.000000 0.107870 0.326649
960.000000 707.000000 0.313948 0.340955
977.000000 707.000000 0.332203 0.342586
761.000000 708.000000 0.114652 0.329965
1053.000000 709.000000 0.417671 0.353500
5.000000 710.000000 -0.709805 0.392194
964.000000 710.000000 0.318505 0.344581
1213.000000 710.000000 0.622633 0.380891
974.000000 711.000000 0.329357 0.346643
1024.000000 711.000000 0.384617 0.352107
1209.000000 711.000000 0.617238 0.381331
8.000000 712.000000 -0.705819 0.394079
545.000000 712.000000 -0.089593 0.333338
1196.000000 712.000000 0.599427 0.380067
280.000000 713.000000 -0.357355 0.351362
6.000000 714.000000 -0.709096 0.396897
8.000000 714.000000 -0.706193 0.396524
544.000000 714.000000 -0.090594 0.335438
620.000000 714.000000 -0.018674 0.334306
761.000000 714.000000 0.114842 0.336198
971.000000 714.000000 0.326417 0.349618
828.000000 715.000000 0.179872 0.340037
955.000000 715.000000 0.309367 0.349162
1020.000000 715.000000 0.380573 0.356075
866.000000 716.000000 0.217644 0.343276
