1107.000000 3.000000 0.483752 -0.369043
1212.000000 3.000000 0.622572 -0.387799
1090.000000 4.000000 0.462682 -0.365269
1095.000000 4.000000 0.468789 -0.366026
1044.000000 6.000000 0.407819 -0.356579
1222.000000 6.000000 0.636047 -0.386111
920.000000 7.000000 0.272396 -0.342604
1083.000000 7.000000 0.453750 -0.360804
251.000000 8.000000 -0.389663 -0.352237
863.000000 8.000000 0.214358 -0.337504
917.000000 9.000000 0.269133 -0.340221
919.000000 9.000000 0.271201 -0.340379
1046.000000 9.000000 0.409747 -0.353474
1096.000000 9.000000 0.469257 -0.360444
1086.000000 10.000000 0.456939 -0.357824
989.000000 12.000000 0.345306 -0.343541
1078.000000 12.000000 0.447022 -0.354408
1185.000000 12.000000 0.583620 -0.371902
860.000000 13.000000 0.211062 -0.332050
907.000000 13.000000 0.258535 -0.335186
1089.000000 13.000000 0.460136 -0.354848
1214.000000 13.000000 0.623451 -0.376136
639.000000 14.000000 -0.000770 -0.324682
1122.000000 14.000000 0.500780 -0.358724
1255.000000 14.000000 0.681714 -0.382773
218.000000 15.000000 -0.426852 -0.348589
934.000000 15.000000 0.286303 -0.335172
10.000000 16.000000 -0.701464 -0.382645
278.000000 16.000000 -0.358541 -0.340350
642.000000 16.000000 0.002049 -0.322631
945.000000 16.000000 0.297748 -0.335031
1084.000000 16.000000 0.453663 -0.350730
883.000000 17.000000 0.233862 -0.329274
967.000000 17.000000 0.321009 -0.335936
1189.000000 17.000000 0.588149 -0.366703
1261.000000 17.000000 0.689846 -0.380267
162.000000 18.000000 -0.494175 -0.353184
890.000000 18.000000 0.240867 -0.328685
991.000000 18.000000 0.346873 -0.337208
1071.000000 18.000000 0.437851 -0.346679
1083.000000 18.000000 0.452178 -0.348329
961.000000 19.000000 0.314418 -0.333227
1068.000000 19.000000 0.434166 -0.345155
1079.000000 19.000000 0.447242 -0.346646
855.000000 20.000000 0.205688 -0.324422
969.000000 20.000000 0.322870 -0.332888
972.000000 20.000000 0.326089 -0.333170
1210.000000 21.000000 0.616360 -0.365817
1051.000000 22.000000 0.413891 -0.339620
1067.000000 22.000000 0.432588 -0.341668
1078.000000 22.000000 0.445637 -0.343139
1145.000000 22.000000 0.528843 -0.353206
967.000000 23.000000 0.320452 -0.329476
984.000000 23.000000 0.338751 -0.331088
1015.000000 23.000000 0.372849 -0.334304
1045.000000 23.000000 0.406841 -0.337774
1073.000000 23.000000 0.439552 -0.341345
1041.000000 24.000000 0.402128 -0.336187
1102.000000 24.000000 0.474391 -0.344260
893.000000 25.000000 0.243434 -0.321521
963.000000 25.000000 0.316005 -0.326969
995.000000 25.000000 0.350535 -0.330021
1105.000000 25.000000 0.477931 -0.343565
1206.000000 25.000000 0.610062 -0.360326
1256.000000 25.000000 0.681083 -0.369639
938.000000 26.000000 0.289578 -0.323775
961.000000 26.000000 0.313789 -0.325721
1122.000000 26.000000 0.498909 -0.344967
1248.000000 26.000000 0.669330 -0.366937
265.000000 27.000000 -0.371764 -0.329748
957.000000 27.000000 0.309460 -0.324302
966.000000 27.000000 0.319021 -0.325098
991.000000 27.000000 0.345967 -0.327459
1204.000000 27.000000 0.606928 -0.357594
955.000000 28.000000 0.307258 -0.323063
1022.000000 28.000000 0.380131 -0.329617
1254.000000 29.000000 0.677439 -0.364446
1264.000000 29.000000 0.691968 -0.366300
210.000000 30.000000 -0.434304 -0.332909
1083.000000 30.000000 0.450532 -0.334861
1212.000000 31.000000 0.617313 -0.354313
965.000000 32.000000 0.317511 -0.319672
1016.000000 32.000000 0.372991 -0.324618
1047.000000 32.000000 0.408059 -0.328102
1254.000000 32.000000 0.676884 -0.360841
886.000000 33.000000 0.235858 -0.312708
953.000000 33.000000 0.304725 -0.317581
959.000000 33.000000 0.311059 -0.318088
983.000000 33.000000 0.336710 -0.320239
269.000000 34.000000 -0.366593 -0.321743
1077.000000 34.000000 0.442851 -0.329617
1148.000000 34.000000 0.530781 -0.339873
1200.000000 34.000000 0.600157 -0.348629
205.000000 35.000000 -0.439560 -0.328007
950.000000 35.000000 0.301405 -0.315215
954.000000 35.000000 0.305612 -0.315545
1024.000000 35.000000 0.381609 -0.322223
1073.000000 35.000000 0.437985 -0.327994
1146.000000 35.000000 0.528041 -0.338411
887.000000 36.000000 0.236677 -0.309650
1015.000000 36.000000 0.371457 -0.320184
1159.000000 36.000000 0.544770 -0.339342
1199.000000 36.000000 0.598430 -0.346106
972.000000 37.000000 0.324532 -0.314969
1031.000000 37.000000 0.389266 -0.320816
1232.000000 37.000000 0.644385 -0.350833
984.000000 38.000000 0.337324 -0.314990
988.000000 38.000000 0.341648 -0.315362
1024.000000 38.000000 0.381287 -0.318972
1038.000000 38.000000 0.397082 -0.320507
1042.000000 38.000000 0.401636 -0.320959
967.000000 39.000000 0.319029 -0.312409
991.000000 39.000000 0.344806 -0.314577
1031.000000 39.000000 0.389047 -0.318646
1040.000000 39.000000 0.399244 -0.319644
1233.000000 39.000000 0.645445 -0.348641
1261.000000 39.000000 0.685765 -0.353728
269.000000 40.000000 -0.365983 -0.315282
948.000000 40.000000 0.298905 -0.309779
995.000000 40.000000 0.349059 -0.313888
1036.000000 40.000000 0.394589 -0.318110
943.000000 41.000000 0.293604 -0.308335
959.000000 41.000000 0.310386 -0.309619
986.000000 41.000000 0.339206 -0.311978
998.000000 41.000000 0.352234 -0.313107
1015.000000 41.000000 0.370940 -0.314794
1104.000000 41.000000 0.474437 -0.325432
861.000000 42.000000 0.210422 -0.301954
934.000000 42.000000 0.284179 -0.306601
983.000000 42.000000 0.335880 -0.310640
1000.000000 42.000000 0.354323 -0.312230
1035.000000 42.000000 0.393237 -0.315832
942.000000 43.000000 0.292408 -0.306159
1134.000000 43.000000 0.511481 -0.327475
1001.000000 44.000000 0.355224 -0.310190
1011.000000 44.000000 0.366211 -0.311169
1015.000000 44.000000 0.370635 -0.311571
1022.000000 44.000000 0.378419 -0.312288
1017.000000 45.000000 0.372752 -0.310701
1041.000000 45.000000 0.399712 -0.313242
1122.000000 45.000000 0.496103 -0.323476
1255.000000 45.000000 0.675965 -0.345479
941.000000 46.000000 0.291139 -0.302943
1010.000000 46.000000 0.364909 -0.308929
1029.000000 46.000000 0.386045 -0.310867
1031.000000 47.000000 0.388187 -0.310001
1033.000000 47.000000 0.390438 -0.310214
1044.000000 47.000000 0.402907 -0.311408
1255.000000 47.000000 0.675606 -0.343099
1004.000000 48.000000 0.358123 -0.306212
928.000000 49.000000 0.277481 -0.298866
1047.000000 49.000000 0.406109 -0.309576
943.000000 50.000000 0.292917 -0.298917
1025.000000 50.000000 0.381149 -0.306154
919.000000 51.000000 0.268118 -0.296171
1014.000000 51.000000 0.368831 -0.303982
1040.000000 51.000000 0.397923 -0.306652
1050.000000 51.000000 0.409320 -0.307746
1086.000000 51.000000 0.451393 -0.311997
465.000000 52.000000 -0.164677 -0.289568
907.000000 52.000000 0.255847 -0.294352
1016.000000 52.000000 0.370944 -0.303112
1037.000000 52.000000 0.394421 -0.305256
940.000000 53.000000 0.289581 -0.295572
967.000000 53.000000 0.317855 -0.297657
1044.000000 53.000000 0.402250 -0.304929
938.000000 54.000000 0.287438 -0.294388
1115.000000 54.000000 0.486170 -0.312459
903.000000 55.000000 0.251614 -0.291013
1120.000000 55.000000 0.492219 -0.312027
161.000000 56.000000 -0.489935 -0.310515
863.000000 56.000000 0.211667 -0.287740
893.000000 56.000000 0.241492 -0.289384
1023.000000 57.000000 0.378216 -0.298473
921.000000 58.000000 0.269693 -0.289077
998.000000 58.000000 0.350653 -0.295056
1043.000000 58.000000 0.400580 -0.299447
1074.000000 58.000000 0.436348 -0.302897
145.000000 59.000000 -0.509470 -0.309370
939.000000 59.000000 0.288114 -0.289278
1070.000000 60.000000 0.431434 -0.300264
1073.000000 60.000000 0.434943 -0.300610
1250.000000 60.000000 0.666089 -0.326844
1052.000000 61.000000 0.410516 -0.297186
1027.000000 62.000000 0.382177 -0.293547
1075.000000 62.000000 0.437056 -0.298674
942.000000 63.000000 0.290933 -0.285357
1068.000000 63.000000 0.428761 -0.296794
1162.000000 63.000000 0.544495 -0.309065
154.000000 64.000000 -0.497535 -0.302592
1077.000000 64.000000 0.439174 -0.296739
971.000000 65.000000 0.321127 -0.285452
1249.000000 65.000000 0.663789 -0.320802
943.000000 66.000000 0.291757 -0.282334
979.000000 66.000000 0.329540 -0.285049
1029.000000 66.000000 0.384017 -0.289497
1067.000000 66.000000 0.427263 -0.293448
932.000000 68.000000 0.280287 -0.279527
969.000000 68.000000 0.318779 -0.282181
1044.000000 69.000000 0.400576 -0.287800
1077.000000 69.000000 0.438602 -0.291336
1062.000000 70.000000 0.421040 -0.288608
1084.000000 70.000000 0.446734 -0.291055
1114.000000 70.000000 0.482847 -0.294682
936.000000 71.000000 0.284195 -0.276718
973.000000 71.000000 0.322775 -0.279381
1068.000000 71.000000 0.427875 -0.288185
1082.000000 71.000000 0.444257 -0.289746
965.000000 72.000000 0.314262 -0.277738
66.000000 73.000000 -0.611629 -0.305372
1062.000000 73.000000 0.420720 -0.285399
1125.000000 73.000000 0.496029 -0.292798
934.000000 74.000000 0.281943 -0.273516
936.000000 75.000000 0.283931 -0.272625
971.000000 75.000000 0.320355 -0.275091
1025.000000 75.000000 0.378716 -0.279615
1049.000000 75.000000 0.405640 -0.281928
1056.000000 75.000000 0.413620 -0.282640
1067.000000 75.000000 0.426284 -0.283793
1065.000000 76.000000 0.423864 -0.282512
798.000000 77.000000 0.147870 -0.263987
933.000000 77.000000 0.280724 -0.270389
1023.000000 77.000000 0.376319 -0.277331
770.000000 78.000000 0.121294 -0.262189
1011.000000 78.000000 0.363044 -0.275219
1065.000000 78.000000 0.423654 -0.280379
941.000000 79.000000 0.288809 -0.268869
970.000000 79.000000 0.319002 -0.270894
1058.000000 80.000000 0.415399 -0.277530
1062.000000 80.000000 0.419989 -0.277939
1066.000000 80.000000 0.424600 -0.278353
1235.000000 80.000000 0.641276 -0.301045
944.000000 81.000000 0.291769 -0.267027
1030.000000 81.000000 0.383714 -0.273773
1032.000000 81.000000 0.385939 -0.273957
1084.000000 81.000000 0.445494 -0.279213
1214.000000 81.000000 0.611667 -0.296579
1027.000000 83.000000 0.380203 -0.271406
1085.000000 83.000000 0.446453 -0.277180
1231.000000 83.000000 0.635135 -0.296956
929.000000 84.000000 0.276198 -0.263022
1053.000000 84.000000 0.409293 -0.272797
992.000000 85.000000 0.341913 -0.266386
1088.000000 85.000000 0.449777 -0.275367
1145.000000 85.000000 0.519562 -0.282206
778.000000 86.000000 0.128637 -0.254513
1090.000000 86.000000 0.452034 -0.274515
1230.000000 86.000000 0.633252 -0.293357
1018.000000 87.000000 0.369931 -0.266444
1047.000000 87.000000 0.402203 -0.269057
1079.000000 87.000000 0.438976 -0.272262
1093.000000 87.000000 0.455485 -0.273775
1022.000000 88.000000 0.374240 -0.265747
1027.000000 88.000000 0.379758 -0.266183
1096.000000 88.000000 0.458947 -0.273035
947.000000 89.000000 0.294340 -0.259082
982.000000 89.000000 0.330946 -0.261507
1206.000000 89.000000 0.599431 -0.286281
1022.000000 90.000000 0.374068 -0.263667
1027.000000 90.000000 0.379583 -0.264099
1185.000000 90.000000 0.570903 -0.282108
61.000000 91.000000 -0.615775 -0.285626
1091.000000 91.000000 0.452674 -0.269277
1013.000000 92.000000 0.364044 -0.260838
1235.000000 92.000000 0.639387 -0.287266
947.000000 94.000000 0.294021 -0.254015
956.000000 94.000000 0.303325 -0.254593
595.000000 95.000000 -0.041393 -0.244112
944.000000 95.000000 0.290872 -0.252816
1005.000000 95.000000 0.355118 -0.257099
1061.000000 95.000000 0.417351 -0.261982
947.000000 96.000000 0.293896 -0.251992
1070.000000 96.000000 0.427597 -0.261805
1021.000000 97.000000 0.372380 -0.256326
1023.000000 97.000000 0.374576 -0.256492
1032.000000 98.000000 0.384427 -0.256217
1075.000000 98.000000 0.433188 -0.260190
165.000000 99.000000 -0.479750 -0.263147
946.000000 99.000000 0.292681 -0.248902
1035.000000 99.000000 0.387672 -0.255437
1041.000000 99.000000 0.394362 -0.255959
954.000000 100.000000 0.300867 -0.248391
1101.000000 100.000000 0.463607 -0.260753
1042.000000 101.000000 0.395306 -0.253967
1103.000000 101.000000 0.465894 -0.259901
1268.000000 101.000000 0.685557 -0.282011
1017.000000 102.000000 0.367597 -0.250844
1015.000000 103.000000 0.365338 -0.249657
1037.000000 103.000000 0.389553 -0.251460
1087.000000 103.000000 0.446701 -0.256111
940.000000 105.000000 0.286170 -0.242509
982.000000 105.000000 0.329801 -0.245179
1004.000000 105.000000 0.353270 -0.246761
1017.000000 105.000000 0.367360 -0.247759
1037.000000 106.000000 0.389299 -0.248355
1105.000000 106.000000 0.467759 -0.254791
1221.000000 106.000000 0.617651 -0.269302
1268.000000 106.000000 0.684795 -0.276247
1017.000000 107.000000 0.367203 -0.245706
1071.000000 107.000000 0.427691 -0.250342
1265.000000 107.000000 0.680259 -0.274645
998.000000 108.000000 0.346606 -0.243258
1005.000000 108.000000 0.354124 -0.243770
1067.000000 108.000000 0.422998 -0.248923
1269.000000 108.000000 0.685959 -0.274096
960.000000 109.000000 0.306516 -0.239695
1007.000000 109.000000 0.356206 -0.242898
1020.000000 109.000000 0.370321 -0.243888
1023.000000 109.000000 0.373603 -0.244124
1035.000000 109.000000 0.386829 -0.245091
1075.000000 109.000000 0.432122 -0.248625
962.000000 111.000000 0.308466 -0.237808
1018.000000 111.000000 0.367984 -0.241684
1027.000000 111.000000 0.377835 -0.242386
1273.000000 111.000000 0.691381 -0.271242
953.000000 112.000000 0.299099 -0.236257
945.000000 113.000000 0.290823 -0.234788
966.000000 113.000000 0.312499 -0.236046
1055.000000 113.000000 0.408883 -0.242646
947.000000 114.000000 0.292814 -0.233904
958.000000 114.000000 0.304140 -0.234551
990.000000 115.000000 0.337588 -0.235592
1006.000000 115.000000 0.354689 -0.236711
1017.000000 115.000000 0.366591 -0.237520
1053.000000 115.000000 0.406453 -0.240403
1063.000000 115.000000 0.417791 -0.241270
1115.000000 115.000000 0.478864 -0.246281
1081.000000 116.000000 0.438424 -0.241863
1027.000000 117.000000 0.377366 -0.236236
1052.000000 117.000000 0.405156 -0.238251
1061.000000 118.000000 0.415253 -0.237985
1040.000000 119.000000 0.391568 -0.235207
1087.000000 119.000000 0.445141 -0.239287
990.000000 120.000000 0.337252 -0.230541
1045.000000 120.000000 0.397058 -0.234582
1059.000000 120.000000 0.412811 -0.235744
1106.000000 120.000000 0.467521 -0.240073
1043.000000 122.000000 0.394667 -0.232367
1063.000000 122.000000 0.417183 -0.234017
1032.000000 123.000000 0.382404 -0.230487
1041.000000 123.000000 0.392362 -0.231184
1080.000000 123.000000 0.436621 -0.234471
1032.000000 125.000000 0.382252 -0.228445
1199.000000 125.000000 0.584973 -0.245206
1070.000000 126.000000 0.424833 -0.230480
1056.000000 127.000000 0.408836 -0.228279
1066.000000 127.000000 0.420177 -0.229107
1033.000000 128.000000 0.383128 -0.225463
1064.000000 128.000000 0.417815 -0.227908
974.000000 129.000000 0.319859 -0.220504
1002.000000 129.000000 0.349429 -0.222266
1062.000000 129.000000 0.415460 -0.226713
1107.000000 130.000000 0.467744 -0.229660
129.000000 131.000000 -0.520716 -0.232862
1035.000000 132.000000 0.385034 -0.221540
1044.000000 132.000000 0.395001 -0.222214
1107.000000 132.000000 0.467555 -0.227565
1254.000000 132.000000 0.660735 -0.244639
1246.000000 133.000000 0.649132 -0.242442
1084.000000 134.000000 0.440292 -0.223407
1253.000000 134.000000 0.659027 -0.242254
1035.000000 135.000000 0.384815 -0.218492
1047.000000 135.000000 0.398114 -0.219382
1244.000000 135.000000 0.646017 -0.239939
919.000000 136.000000 0.263325 -0.210689
1068.000000 136.000000 0.421713 -0.220005
1050.000000 137.000000 0.401313 -0.217570
1099.000000 137.000000 0.457596 -0.221613
1104.000000 137.000000 0.463519 -0.222064
1160.000000 137.000000 0.532438 -0.227628
1271.000000 137.000000 0.684763 -0.241285
126.000000 138.000000 -0.523754 -0.225715
1068.000000 139.000000 0.421472 -0.216925
1042.000000 140.000000 0.392186 -0.213925
1215.000000 140.000000 0.604854 -0.230713
123.000000 141.000000 -0.527231 -0.222834
137.000000 141.000000 -0.509675 -0.221407
1103.000000 141.000000 0.461972 -0.217811
1252.000000 141.000000 0.656668 -0.234272
1273.000000 141.000000 0.687163 -0.237025
1028.000000 142.000000 0.376643 -0.210915
1099.000000 142.000000 0.457154 -0.216420
1261.000000 142.000000 0.669522 -0.234321
899.000000 143.000000 0.243152 -0.202992
1097.000000 144.000000 0.454625 -0.214175
1208.000000 144.000000 0.594822 -0.225492
1213.000000 144.000000 0.601633 -0.226085
1091.000000 146.000000 0.447425 -0.211602
1102.000000 146.000000 0.460350 -0.212534
1165.000000 146.000000 0.537874 -0.218544
1115.000000 147.000000 0.475758 -0.212638
1249.000000 147.000000 0.651605 -0.227191
1252.000000 147.000000 0.655900 -0.227568
997.000000 149.000000 0.342857 -0.201937
1103.000000 149.000000 0.461276 -0.209514
1105.000000 149.000000 0.463645 -0.209685
1109.000000 149.000000 0.468402 -0.210030
1159.000000 149.000000 0.529910 -0.214733
1167.000000 149.000000 0.540127 -0.215552
1094.000000 150.000000 0.450600 -0.207727
1031.000000 151.000000 0.379318 -0.202055
109.000000 152.000000 -0.543954 -0.212565
975.000000 152.000000 0.319604 -0.197735
1098.000000 152.000000 0.455127 -0.205996
1159.000000 152.000000 0.529609 -0.211550
1000.000000 153.000000 0.345805 -0.198135
1080.000000 153.000000 0.434112 -0.203531
109.000000 154.000000 -0.543750 -0.210435
1053.000000 154.000000 0.403425 -0.200525
1159.000000 154.000000 0.529410 -0.209431
1085.000000 155.000000 0.439727 -0.201872
1089.000000 155.000000 0.444365 -0.202186
142.000000 156.000000 -0.502060 -0.205153
1079.000000 156.000000 0.432732 -0.200390
1087.000000 156.000000 0.441965 -0.201004
1096.000000 156.000000 0.452455 -0.201716
1169.000000 156.000000 0.541982 -0.208305
945.000000 158.000000 0.288508 -0.190369
1116.000000 158.000000 0.476000 -0.201302
1036.000000 159.000000 0.384272 -0.194349
1081.000000 159.000000 0.434805 -0.197480
1120.000000 159.000000 0.480725 -0.200606
1033.000000 160.000000 0.380923 -0.193156
1083.000000 160.000000 0.437034 -0.196610
1091.000000 161.000000 0.446224 -0.196196
1093.000000 161.000000 0.448554 -0.196350
109.000000 162.000000 -0.542956 -0.201941
1042.000000 162.000000 0.390678 -0.191727
1053.000000 162.000000 0.402877 -0.192450
1068.000000 162.000000 0.419741 -0.193483
1124.000000 162.000000 0.485301 -0.197835
1167.000000 162.000000 0.538824 -0.201743
1188.000000 162.000000 0.566092 -0.203836
1018.000000 163.000000 0.364464 -0.189248
1022.000000 163.000000 0.368780 -0.189485
1084.000000 163.000000 0.437963 -0.193626
1127.000000 163.000000 0.488854 -0.197053
1129.000000 163.000000 0.491287 -0.197224
1135.000000 163.000000 0.498623 -0.197745
1029.000000 164.000000 0.376312 -0.188911
959.000000 165.000000 0.302453 -0.184182
1023.000000 165.000000 0.369743 -0.187554
1054.000000 165.000000 0.403792 -0.189497
1056.000000 165.000000 0.406026 -0.189630
1042.000000 166.000000 0.390422 -0.187718
1066.000000 166.000000 0.417199 -0.189297
135.000000 167.000000 -0.509720 -0.194284
1055.000000 167.000000 0.404777 -0.187551
1085.000000 167.000000 0.438823 -0.189627
1136.000000 167.000000 0.499504 -0.193667
1022.000000 168.000000 0.368486 -0.184512
1209.000000 168.000000 0.593506 -0.199568
1135.000000 169.000000 0.498107 -0.191503
1143.000000 169.000000 0.507963 -0.192189
1036.000000 170.000000 0.383587 -0.183350
1133.000000 170.000000 0.495574 -0.190297
1141.000000 170.000000 0.505403 -0.190974
1145.000000 170.000000 0.510356 -0.191319
1207.000000 171.000000 0.590493 -0.196131
134.000000 172.000000 -0.510526 -0.189158
66.000000 173.000000 -0.598586 -0.194482
124.000000 173.000000 -0.522908 -0.188979
132.000000 174.000000 -0.512836 -0.187246
134.000000 174.000000 -0.510356 -0.187077
1140.000000 174.000000 0.503831 -0.186731
1151.000000 174.000000 0.517484 -0.187665
1208.000000 174.000000 0.591538 -0.193008
1236.000000 175.000000 0.629949 -0.194836
67.000000 176.000000 -0.596927 -0.191154
1207.000000 176.000000 0.589988 -0.190761
88.000000 177.000000 -0.568801 -0.188040
926.000000 178.000000 0.268565 -0.170201
1060.000000 178.000000 0.409662 -0.176829
1162.000000 178.000000 0.530983 -0.184437
1214.000000 178.000000 0.599265 -0.189312
124.000000 179.000000 -0.522392 -0.182713
1064.000000 179.000000 0.414088 -0.176078
1154.000000 179.000000 0.520813 -0.182705
62.000000 180.000000 -0.603318 -0.187352
1161.000000 182.000000 0.529373 -0.180167
98.000000 184.000000 -0.555101 -0.179720
100.000000 184.000000 -0.552512 -0.179543
1256.000000 184.000000 0.657359 -0.187116
1089.000000 185.000000 0.442189 -0.171656
1105.000000 185.000000 0.460844 -0.172746
128.000000 186.000000 -0.516820 -0.175104
1112.000000 186.000000 0.469046 -0.172222
1091.000000 187.000000 0.444369 -0.169768
1114.000000 187.000000 0.471352 -0.171344
1085.000000 189.000000 0.437320 -0.167361
1114.000000 190.000000 0.471140 -0.168286
1236.000000 191.000000 0.628316 -0.177466
104.000000 193.000000 -0.546593 -0.169760
1036.000000 193.000000 0.382290 -0.160531
1082.000000 193.000000 0.433630 -0.163151
1272.000000 193.000000 0.679599 -0.178878
1119.000000 195.000000 0.476753 -0.163538
1122.000000 195.000000 0.480345 -0.163746
1124.000000 195.000000 0.482747 -0.163885
1129.000000 195.000000 0.488778 -0.164237
1273.000000 195.000000 0.680858 -0.176775
890.000000 196.000000 0.232512 -0.151823
895.000000 196.000000 0.237384 -0.151967
1112.000000 196.000000 0.468357 -0.162047
1127.000000 196.000000 0.486291 -0.163073
1198.000000 196.000000 0.576095 -0.168625
105.000000 197.000000 -0.544986 -0.165499
897.000000 197.000000 0.239308 -0.151077
878.000000 198.000000 0.220820 -0.149598
891.000000 198.000000 0.233428 -0.149955
894.000000 198.000000 0.236351 -0.150041
1032.000000 198.000000 0.377685 -0.155399
1078.000000 198.000000 0.428765 -0.157899
1199.000000 198.000000 0.577250 -0.166597
98.000000 199.000000 -0.553835 -0.163970
1109.000000 199.000000 0.464613 -0.158808
1129.000000 199.000000 0.488498 -0.160148
1203.000000 199.000000 0.582491 -0.165881
1078.000000 200.000000 0.428648 -0.155899
595.000000 201.000000 -0.040739 -0.143867
1085.000000 201.000000 0.436583 -0.155308
1175.000000 201.000000 0.545661 -0.161479
1196.000000 201.000000 0.573023 -0.163177
105.000000 202.000000 -0.544593 -0.160286
1033.000000 202.000000 0.378572 -0.151515
1051.000000 202.000000 0.398275 -0.152424
1090.000000 202.000000 0.442272 -0.154602
1100.000000 202.000000 0.453867 -0.155209
1115.000000 202.000000 0.471520 -0.156157
1167.000000 202.000000 0.535366 -0.159819
105.000000 204.000000 -0.544439 -0.158204
875.000000 204.000000 0.217768 -0.143856
1035.000000 204.000000 0.380646 -0.149648
871.000000 205.000000 0.213891 -0.142814
1106.000000 206.000000 0.460642 -0.151545
1108.000000 206.000000 0.462992 -0.151668
1192.000000 207.000000 0.567266 -0.156542
85.000000 208.000000 -0.570063 -0.155572
1058.000000 208.000000 0.405722 -0.146853
1177.000000 208.000000 0.547694 -0.154339
1201.000000 208.000000 0.579078 -0.156208
1215.000000 208.000000 0.597871 -0.157354
884.000000 209.000000 0.226337 -0.139369
882.000000 210.000000 0.224377 -0.138376
1081.000000 210.000000 0.431499 -0.146086
1104.000000 210.000000 0.458057 -0.147396
1217.000000 210.000000 0.600419 -0.155397
1091.000000 211.000000 0.442903 -0.145643
116.000000 212.000000 -0.529892 -0.149110
882.000000 212.000000 0.224327 -0.136493
1104.000000 212.000000 0.457939 -0.145384
121.000000 214.000000 -0.523481 -0.146706
1054.000000 214.000000 0.400988 -0.140731
1160.000000 214.000000 0.525657 -0.146903
1192.000000 214.000000 0.566725 -0.149207
1162.000000 215.000000 0.528103 -0.146010
87.000000 216.000000 -0.566830 -0.147043
1130.000000 216.000000 0.488594 -0.142904
1164.000000 217.000000 0.530487 -0.144085
1099.000000 218.000000 0.451770 -0.139083
1128.000000 218.000000 0.486061 -0.140754
1203.000000 220.000000 0.580809 -0.143741
1000.000000 221.000000 0.342552 -0.131584
1047.000000 221.000000 0.392951 -0.133524
1102.000000 221.000000 0.455097 -0.136243
1201.000000 221.000000 0.578078 -0.142544
1207.000000 221.000000 0.586072 -0.142988
120.000000 222.000000 -0.524202 -0.138555
89.000000 223.000000 -0.563715 -0.139598
1144.000000 223.000000 0.505207 -0.136646
1195.000000 224.000000 0.569936 -0.138974
99.000000 225.000000 -0.550632 -0.136839
1142.000000 225.000000 0.502634 -0.134489
1208.000000 226.000000 0.587044 -0.137806
44.000000 227.000000 -0.623930 -0.138665
1144.000000 227.000000 0.504965 -0.132574
1149.000000 227.000000 0.511120 -0.132873
1077.000000 228.000000 0.426041 -0.128013
36.000000 229.000000 -0.634925 -0.137137
41.000000 229.000000 -0.627946 -0.136761
1140.000000 229.000000 0.499954 -0.130308
1152.000000 229.000000 0.514712 -0.131013
34.000000 230.000000 -0.637654 -0.136220
38.000000 230.000000 -0.632053 -0.135919
1006.000000 230.000000 0.348529 -0.123118
1137.000000 230.000000 0.496244 -0.129122
1142.000000 230.000000 0.502340 -0.129408
1147.000000 230.000000 0.508476 -0.129698
1062.000000 231.000000 0.409077 -0.124374
1207.000000 231.000000 0.585354 -0.132491
1006.000000 232.000000 0.348457 -0.121189
1064.000000 232.000000 0.411261 -0.123478
104.000000 233.000000 -0.543714 -0.128258
1253.000000 233.000000 0.648651 -0.133697
32.000000 234.000000 -0.640168 -0.132093
1160.000000 234.000000 0.524381 -0.126381
35.000000 235.000000 -0.635882 -0.130806
1207.000000 235.000000 0.585083 -0.128302
1160.000000 236.000000 0.524264 -0.124337
923.000000 237.000000 0.263766 -0.113960
1162.000000 237.000000 0.526712 -0.123430
1157.000000 238.000000 0.520403 -0.122123
1206.000000 238.000000 0.583551 -0.125099
91.000000 239.000000 -0.560068 -0.122865
1162.000000 239.000000 0.526597 -0.121386
1032.000000 240.000000 0.375870 -0.114389
1192.000000 240.000000 0.564947 -0.122132
1143.000000 241.000000 0.502957 -0.118312
1153.000000 241.000000 0.515266 -0.118847
1164.000000 241.000000 0.528996 -0.119455
1210.000000 241.000000 0.588703 -0.122221
1216.000000 241.000000 0.596776 -0.122608
1245.000000 241.000000 0.636757 -0.124560
1136.000000 242.000000 0.494384 -0.116938
1161.000000 243.000000 0.525121 -0.117247
1214.000000 244.000000 0.593886 -0.119336
118.000000 245.000000 -0.525348 -0.115160
1144.000000 245.000000 0.503972 -0.114317
1202.000000 245.000000 0.577797 -0.117551
1153.000000 246.000000 0.515000 -0.113767
1198.000000 246.000000 0.572455 -0.116272
1050.000000 247.000000 0.395183 -0.108245
1163.000000 248.000000 0.527359 -0.112256
1218.000000 248.000000 0.599038 -0.115394
1016.000000 249.000000 0.358456 -0.105150
1123.000000 249.000000 0.478428 -0.109275
1167.000000 249.000000 0.532338 -0.111446
1186.000000 249.000000 0.556615 -0.112478
1196.000000 249.000000 0.569650 -0.113045
1141.000000 250.000000 0.500061 -0.109118
1146.000000 250.000000 0.506172 -0.109362
1217.000000 250.000000 0.597564 -0.113238
1084.000000 251.000000 0.432979 -0.105623
1204.000000 251.000000 0.580094 -0.111430
1214.000000 251.000000 0.593458 -0.112013
1143.000000 252.000000 0.502405 -0.107197
1174.000000 252.000000 0.541049 -0.108748
1218.000000 252.000000 0.598797 -0.111204
169.000000 253.000000 -0.463321 -0.104677
1190.000000 253.000000 0.561585 -0.108575
1212.000000 253.000000 0.590654 -0.109808
1216.000000 253.000000 0.596036 -0.110041
1239.000000 253.000000 0.627573 -0.111421
1174.000000 254.000000 0.540945 -0.106701
1181.000000 254.000000 0.549895 -0.107065
1205.000000 254.000000 0.581251 -0.108369
1218.000000 254.000000 0.598680 -0.109111
1183.000000 255.000000 0.552416 -0.106143
1249.000000 255.000000 0.641475 -0.109915
1079.000000 256.000000 0.427122 -0.100516
1096.000000 256.000000 0.446512 -0.101165
1185.000000 256.000000 0.554944 -0.105220
1189.000000 256.000000 0.560125 -0.105429
1206.000000 256.000000 0.582469 -0.106346
1217.000000 256.000000 0.597213 -0.106962
1220.000000 256.000000 0.601274 -0.107133
1183.000000 257.000000 0.552312 -0.104089
1039.000000 259.000000 0.382790 -0.096228
1093.000000 259.000000 0.442948 -0.098088
1176.000000 259.000000 0.543241 -0.101688
1185.000000 259.000000 0.554790 -0.102137
1101.000000 260.000000 0.452131 -0.097406
1075.000000 261.000000 0.422434 -0.095471
1104.000000 261.000000 0.455573 -0.096531
1162.000000 261.000000 0.525463 -0.098982
1218.000000 261.000000 0.598287 -0.101795
1220.000000 261.000000 0.600995 -0.101903
1261.000000 261.000000 0.658185 -0.104244
1050.000000 262.000000 0.394672 -0.093668
1187.000000 263.000000 0.557176 -0.098128
1208.000000 263.000000 0.584757 -0.099183
1045.000000 264.000000 0.389151 -0.091576
1191.000000 264.000000 0.562319 -0.097295
1239.000000 264.000000 0.626930 -0.099795
1186.000000 265.000000 0.555787 -0.096027
1222.000000 265.000000 0.603495 -0.097829
1178.000000 267.000000 0.545415 -0.093607
502.000000 268.000000 -0.125240 -0.082981
1189.000000 268.000000 0.559529 -0.093089
1223.000000 268.000000 0.604700 -0.094745
1155.000000 270.000000 0.516359 -0.089565
1187.000000 270.000000 0.556847 -0.090945
1197.000000 270.000000 0.569871 -0.091403
1201.000000 270.000000 0.575131 -0.091590
1220.000000 270.000000 0.600527 -0.092507
1223.000000 270.000000 0.604599 -0.092656
902.000000 271.000000 0.242507 -0.081709
1043.000000 271.000000 0.386773 -0.084751
1088.000000 271.000000 0.436809 -0.086109
1158.000000 271.000000 0.520040 -0.088678
1209.000000 271.000000 0.585694 -0.090934
1214.000000 271.000000 0.592385 -0.091173
1233.000000 272.000000 0.618197 -0.091060
1079.000000 273.000000 0.426544 -0.083865
1180.000000 273.000000 0.547708 -0.087568
1225.000000 273.000000 0.607176 -0.089620
1183.000000 274.000000 0.551514 -0.086674
1186.000000 275.000000 0.555336 -0.085779
1101.000000 276.000000 0.451567 -0.081614
1162.000000 276.000000 0.524823 -0.083782
1206.000000 276.000000 0.581472 -0.085620
1244.000000 276.000000 0.633285 -0.087393
984.000000 277.000000 0.324301 -0.077584
1185.000000 277.000000 0.553962 -0.083691
1221.000000 277.000000 0.601549 -0.085259
1203.000000 278.000000 0.577411 -0.083424
1247.000000 278.000000 0.637396 -0.085427
998.000000 279.000000 0.338749 -0.075982
1154.000000 279.000000 0.514772 -0.080451
1180.000000 279.000000 0.547460 -0.081446
1232.000000 282.000000 0.616350 -0.080531
1200.000000 284.000000 0.573208 -0.077119
97.000000 285.000000 -0.550091 -0.075373
1087.000000 285.000000 0.435252 -0.072365
1079.000000 287.000000 0.426147 -0.070199
1201.000000 288.000000 0.574370 -0.073043
1205.000000 288.000000 0.579652 -0.073194
1224.000000 288.000000 0.605152 -0.073933
1225.000000 290.000000 0.606435 -0.071890
1210.000000 292.000000 0.586147 -0.069253
1226.000000 292.000000 0.607721 -0.069846
1213.000000 293.000000 0.590119 -0.068328
1125.000000 294.000000 0.479161 -0.064540
1214.000000 295.000000 0.591387 -0.066296
1253.000000 295.000000 0.645124 -0.067730
1093.000000 297.000000 0.441788 -0.060779
1100.000000 297.000000 0.449825 -0.060944
1143.000000 297.000000 0.500715 -0.062048
1214.000000 297.000000 0.591318 -0.064228
1229.000000 298.000000 0.611602 -0.063705
1089.000000 299.000000 0.437180 -0.058733
1235.000000 299.000000 0.619815 -0.062870
1112.000000 300.000000 0.463685 -0.058280
1248.000000 300.000000 0.637888 -0.062275
1100.000000 301.000000 0.449733 -0.057021
1110.000000 301.000000 0.461326 -0.057249
1181.000000 301.000000 0.547983 -0.059093
1082.000000 302.000000 0.429181 -0.055658
1123.000000 303.000000 0.476560 -0.055577
1211.000000 305.000000 0.587054 -0.055876
1219.000000 305.000000 0.597786 -0.056113
869.000000 307.000000 0.210331 -0.048022
1218.000000 307.000000 0.596379 -0.054014
908.000000 308.000000 0.247873 -0.047440
951.000000 308.000000 0.290316 -0.047888
1240.000000 308.000000 0.626449 -0.053619
1200.000000 309.000000 0.572385 -0.051459
1205.000000 309.000000 0.578973 -0.051592
1205.000000 311.000000 0.578921 -0.049538
1211.000000 311.000000 0.586887 -0.049694
1145.000000 312.000000 0.502784 -0.047126
1094.000000 313.000000 0.442606 -0.045162
1130.000000 313.000000 0.484673 -0.045827
1219.000000 313.000000 0.597563 -0.047837
1242.000000 313.000000 0.629089 -0.048443
1156.000000 314.000000 0.516234 -0.045357
1152.000000 315.000000 0.511285 -0.044274
1233.000000 315.000000 0.616579 -0.046118
1235.000000 315.000000 0.619334 -0.046169
1252.000000 315.000000 0.643061 -0.046611
1250.000000 316.000000 0.640215 -0.045507
1152.000000 317.000000 0.511246 -0.042274
1224.000000 321.000000 0.604140 -0.039676
1253.000000 321.000000 0.644326 -0.040321
1113.000000 322.000000 0.464429 -0.036653
1132.000000 323.000000 0.486889 -0.035955
1256.000000 323.000000 0.648531 -0.038283
17.000000 324.000000 -0.657123 -0.037333
1093.000000 324.000000 0.441295 -0.034413
1115.000000 324.000000 0.466741 -0.034716
19.000000 325.000000 -0.654252 -0.036234
70.000000 325.000000 -0.584150 -0.035233
970.000000 325.000000 0.309304 -0.032156
1104.000000 325.000000 0.453921 -0.033582
1138.000000 326.000000 0.494052 -0.033070
1200.000000 326.000000 0.572011 -0.034063
1213.000000 326.000000 0.589225 -0.034296
1128.000000 327.000000 0.482055 -0.031939
1234.000000 328.000000 0.617673 -0.032607
16.000000 329.000000 -0.658451 -0.032069
58.000000 330.000000 -0.600111 -0.030293
1133.000000 330.000000 0.487988 -0.029036
1254.000000 330.000000 0.645557 -0.030872
1256.000000 330.000000 0.648392 -0.030907
1264.000000 330.000000 0.659807 -0.031051
1064.000000 331.000000 0.408638 -0.027296
1237.000000 331.000000 0.621760 -0.029534
974.000000 332.000000 0.313318 -0.025619
1144.000000 332.000000 0.501236 -0.027187
1146.000000 332.000000 0.503669 -0.027211
1276.000000 332.000000 0.677121 -0.029139
16.000000 333.000000 -0.658382 -0.027842
1140.000000 336.000000 0.496343 -0.023166
1266.000000 336.000000 0.662582 -0.024733
1223.000000 337.000000 0.602511 -0.023104
1233.000000 337.000000 0.616158 -0.023231
1252.000000 337.000000 0.642621 -0.023482
72.000000 338.000000 -0.581308 -0.021870
1276.000000 339.000000 0.677016 -0.021684
1240.000000 340.000000 0.625789 -0.020193
1135.000000 341.000000 0.490274 -0.018161
46.000000 342.000000 -0.616268 -0.018025
1241.000000 342.000000 0.627156 -0.018117
1133.000000 344.000000 0.487853 -0.015177
1240.000000 344.000000 0.625748 -0.016020
1132.000000 346.000000 0.486644 -0.013192
1256.000000 347.000000 0.648175 -0.013012
816.000000 348.000000 0.160292 -0.010290
1139.000000 348.000000 0.495043 -0.011249
1093.000000 349.000000 0.441080 -0.010059
1187.000000 349.000000 0.554855 -0.010497
43.000000 350.000000 -0.620327 -0.009735
813.000000 350.000000 0.157501 -0.008466
1063.000000 350.000000 0.407411 -0.008982
1257.000000 351.000000 0.649569 -0.008809
1271.000000 351.000000 0.669646 -0.008884
1276.000000 351.000000 0.676906 -0.008911
45.000000 354.000000 -0.617560 -0.005569
1254.000000 354.000000 0.645303 -0.005640
1264.000000 354.000000 0.659547 -0.005675
1274.000000 355.000000 0.673979 -0.004648
1039.000000 356.000000 0.381227 -0.003176
1060.000000 356.000000 0.404091 -0.003201
1157.000000 356.000000 0.516995 -0.003343
1271.000000 356.000000 0.669626 -0.003578
46.000000 357.000000 -0.616181 -0.002451
1108.000000 358.000000 0.458324 -0.001307
1184.000000 358.000000 0.550972 -0.001367
1249.000000 358.000000 0.638244 -0.001431
1067.000000 359.000000 0.411821 -0.000317
1077.000000 359.000000 0.422967 -0.000319
828.000000 360.000000 0.171469 0.000632
927.000000 360.000000 0.266214 0.000637
1166.000000 360.000000 0.528180 0.000657
1249.000000 360.000000 0.638243 0.000664
47.000000 362.000000 -0.614810 0.002738
826.000000 362.000000 0.169601 0.002455
949.000000 363.000000 0.288025 0.003434
1066.000000 363.000000 0.410714 0.003539
1029.000000 364.000000 0.370506 0.004453
1190.000000 364.000000 0.558700 0.004722
49.000000 365.000000 -0.612083 0.005844
1155.000000 365.000000 0.514530 0.005650
1183.000000 365.000000 0.549697 0.005719
60.000000 366.000000 -0.597186 0.006843
1125.000000 366.000000 0.478276 0.006569
1075.000000 367.000000 0.420737 0.007417
1122.000000 367.000000 0.474729 0.007546
1267.000000 367.000000 0.663863 0.008076
1158.000000 368.000000 0.518244 0.008658
1263.000000 368.000000 0.658124 0.009115
1047.000000 369.000000 0.389892 0.009266
68.000000 370.000000 -0.586511 0.010921
47.000000 372.000000 -0.614850 0.013113
1150.000000 372.000000 0.508416 0.012616
1256.000000 372.000000 0.648170 0.013290
1045.000000 373.000000 0.387736 0.013089
1126.000000 373.000000 0.479491 0.013477
1163.000000 373.000000 0.524476 0.013691
1258.000000 374.000000 0.651027 0.015411
1266.000000 374.000000 0.662469 0.015479
1269.000000 374.000000 0.666791 0.015504
1275.000000 374.000000 0.675487 0.015556
64.000000 375.000000 -0.591877 0.016085
1037.000000 376.000000 0.379113 0.015921
1203.000000 376.000000 0.575725 0.017019
65.000000 378.000000 -0.590568 0.019161
1262.000000 379.000000 0.656783 0.020725
780.000000 380.000000 0.127034 0.018762
1166.000000 381.000000 0.528285 0.021745
1253.000000 381.000000 0.644011 0.022723
1044.000000 382.000000 0.386702 0.021699
1204.000000 383.000000 0.577115 0.024191
1220.000000 383.000000 0.598459 0.024390
1199.000000 384.000000 0.570556 0.025152
1205.000000 386.000000 0.578474 0.027276
52.000000 387.000000 -0.608193 0.028608
965.000000 387.000000 0.304185 0.025903
1125.000000 387.000000 0.478421 0.027282
56.000000 388.000000 -0.602785 0.029582
1046.000000 388.000000 0.388918 0.027462
1136.000000 388.000000 0.491570 0.028399
1217.000000 388.000000 0.594490 0.029506
1099.000000 391.000000 0.448112 0.030909
1140.000000 391.000000 0.496432 0.031428
1072.000000 392.000000 0.417558 0.031572
1047.000000 394.000000 0.390063 0.033224
1084.000000 394.000000 0.431052 0.033651
1203.000000 394.000000 0.575962 0.035438
1105.000000 396.000000 0.455099 0.035878
1184.000000 396.000000 0.551296 0.037135
988.000000 397.000000 0.327730 0.035477
1143.000000 397.000000 0.500156 0.037439
1204.000000 397.000000 0.577336 0.038529
421.000000 398.000000 -0.200380 0.035438
1105.000000 398.000000 0.455128 0.037837
1172.000000 398.000000 0.536063 0.038941
44.000000 399.000000 -0.619357 0.041219
1042.000000 399.000000 0.384701 0.037959
1154.000000 399.000000 0.513640 0.039622
1100.000000 400.000000 0.449384 0.039720
1098.000000 401.000000 0.447100 0.040667
1156.000000 401.000000 0.516144 0.041660
1158.000000 401.000000 0.518617 0.041698
1265.000000 401.000000 0.661483 0.044052
1014.000000 404.000000 0.354882 0.042384
431.000000 405.000000 -0.190972 0.041794
776.000000 405.000000 0.123432 0.041435
1161.000000 406.000000 0.522441 0.046776
1188.000000 406.000000 0.556648 0.047377
1026.000000 407.000000 0.367633 0.045397
1130.000000 407.000000 0.484682 0.047135
1194.000000 407.000000 0.564449 0.048538
162.000000 408.000000 -0.469719 0.047853
1105.000000 408.000000 0.455295 0.047640
1145.000000 408.000000 0.502793 0.048437
1152.000000 408.000000 0.511357 0.048587
1132.000000 409.000000 0.487115 0.049159
1197.000000 409.000000 0.568412 0.050656
1216.000000 410.000000 0.593614 0.052182
1111.000000 411.000000 0.462330 0.050704
1158.000000 411.000000 0.518829 0.051729
1218.000000 412.000000 0.596360 0.054305
1130.000000 413.000000 0.484808 0.053083
1088.000000 414.000000 0.435906 0.053182
1094.000000 414.000000 0.442747 0.053302
1144.000000 414.000000 0.501711 0.054400
1221.000000 415.000000 0.600498 0.057499
1217.000000 416.000000 0.595132 0.058412
931.000000 417.000000 0.270487 0.053602
1100.000000 417.000000 0.449699 0.056364
39.000000 418.000000 -0.626787 0.061193
1056.000000 418.000000 0.400250 0.056439
1109.000000 419.000000 0.460171 0.058530
1217.000000 419.000000 0.595226 0.061516
1142.000000 420.000000 0.499431 0.060337
1147.000000 420.000000 0.505521 0.060470
1219.000000 420.000000 0.597953 0.062616
1276.000000 420.000000 0.677994 0.064617
43.000000 421.000000 -0.621359 0.064195
1133.000000 422.000000 0.488620 0.062092
1147.000000 422.000000 0.505575 0.062470
1219.000000 422.000000 0.598020 0.064688
887.000000 423.000000 0.227665 0.058679
1201.000000 423.000000 0.574066 0.065117
1230.000000 423.000000 0.613018 0.066110
1102.000000 424.000000 0.452170 0.063277
1126.000000 424.000000 0.480309 0.063892
1131.000000 424.000000 0.486276 0.064027
43.000000 425.000000 -0.621502 0.068377
51.000000 425.000000 -0.610529 0.068084
1142.000000 425.000000 0.499568 0.065329
47.000000 426.000000 -0.616037 0.069274
258.000000 426.000000 -0.363151 0.063434
58.000000 427.000000 -0.601099 0.069908
1109.000000 427.000000 0.460370 0.066407
34.000000 428.000000 -0.634108 0.071866
37.000000 428.000000 -0.629927 0.071749
1141.000000 428.000000 0.498442 0.068296
1176.000000 428.000000 0.541899 0.069395
1210.000000 428.000000 0.586159 0.070578
919.000000 429.000000 0.258823 0.064624
943.000000 429.000000 0.282554 0.064962
1070.000000 430.000000 0.415998 0.068355
1124.000000 430.000000 0.478098 0.069787
1141.000000 430.000000 0.498502 0.070293
1210.000000 430.000000 0.586233 0.072643
1226.000000 430.000000 0.607810 0.073256
1007.000000 432.000000 0.347978 0.068894
1126.000000 432.000000 0.480535 0.071831
1133.000000 432.000000 0.488906 0.072043
1142.000000 433.000000 0.499810 0.073324
58.000000 434.000000 -0.601370 0.077177
1121.000000 434.000000 0.474661 0.073664
1128.000000 434.000000 0.482981 0.073879
1137.000000 434.000000 0.493786 0.074163
917.000000 435.000000 0.256945 0.070182
1088.000000 435.000000 0.436403 0.073694
1236.000000 435.000000 0.621751 0.078891
1180.000000 436.000000 0.547282 0.077670
1077.000000 437.000000 0.424016 0.075346
1087.000000 437.000000 0.435321 0.075623
1120.000000 437.000000 0.473571 0.076608
1168.000000 437.000000 0.532095 0.078241
1104.000000 438.000000 0.454869 0.077102
1124.000000 439.000000 0.478376 0.078721
1263.000000 439.000000 0.659992 0.084342
1119.000000 440.000000 0.472486 0.079550
1207.000000 440.000000 0.582641 0.082854
1032.000000 441.000000 0.374699 0.078052
1230.000000 441.000000 0.613749 0.084910
1255.000000 441.000000 0.648664 0.086085
962.000000 443.000000 0.301869 0.078428
1125.000000 443.000000 0.479700 0.082731
1159.000000 443.000000 0.521061 0.083972
1149.000000 444.000000 0.508743 0.084599
1209.000000 444.000000 0.585478 0.087080
1213.000000 444.000000 0.590825 0.087260
1135.000000 445.000000 0.491750 0.085081
1194.000000 445.000000 0.565736 0.087446
28.000000 446.000000 -0.643336 0.091130
1124.000000 446.000000 0.478616 0.085681
1176.000000 446.000000 0.542575 0.087698
1207.000000 446.000000 0.582906 0.089059
1163.000000 447.000000 0.526210 0.088176
1077.000000 449.000000 0.424369 0.087059
1110.000000 449.000000 0.462216 0.088162
1155.000000 449.000000 0.516336 0.089872
1197.000000 450.000000 0.569887 0.092727
1201.000000 450.000000 0.575148 0.092915
1206.000000 450.000000 0.581765 0.093152
962.000000 451.000000 0.302030 0.085971
1194.000000 451.000000 0.566008 0.093617
1216.000000 451.000000 0.595189 0.094678
1070.000000 452.000000 0.416614 0.089766
1110.000000 452.000000 0.462323 0.091132
1166.000000 452.000000 0.530182 0.093373
1192.000000 452.000000 0.563446 0.094552
1012.000000 453.000000 0.353720 0.089052
1218.000000 453.000000 0.597988 0.096862
1183.000000 454.000000 0.551889 0.096182
1247.000000 454.000000 0.638027 0.099453
1096.000000 455.000000 0.446192 0.093589
1199.000000 456.000000 0.572805 0.099015
1154.000000 457.000000 0.515439 0.097911
1212.000000 457.000000 0.590121 0.100718
1214.000000 457.000000 0.592805 0.100823
1057.000000 458.000000 0.402379 0.095191
1135.000000 458.000000 0.492262 0.098095
1217.000000 458.000000 0.596899 0.102025
992.000000 459.000000 0.332954 0.094261
1161.000000 459.000000 0.524232 0.100254
1056.000000 460.000000 0.401343 0.097103
1059.000000 460.000000 0.404653 0.097203
1061.000000 460.000000 0.406866 0.097270
1131.000000 461.000000 0.487572 0.100931
1218.000000 461.000000 0.598414 0.105212
45.000000 462.000000 -0.620497 0.107107
54.000000 462.000000 -0.608158 0.106592
860.000000 462.000000 0.202338 0.094399
1139.000000 462.000000 0.497278 0.102285
915.000000 464.000000 0.255482 0.097220
1147.000000 464.000000 0.507132 0.104664
1205.000000 464.000000 0.581158 0.107617
1127.000000 465.000000 0.482952 0.104762
1131.000000 466.000000 0.487793 0.105943
965.000000 467.000000 0.305444 0.101172
1146.000000 467.000000 0.506048 0.107647
1232.000000 467.000000 0.617885 0.112323
1259.000000 467.000000 0.655828 0.114012
1267.000000 468.000000 0.667399 0.115605
58.000000 469.000000 -0.603130 0.113697
1114.000000 469.000000 0.467701 0.108184
1200.000000 469.000000 0.574820 0.112526
971.000000 470.000000 0.311633 0.104175
1084.000000 470.000000 0.433039 0.107913
1145.000000 470.000000 0.504968 0.110629
1149.000000 471.000000 0.509929 0.111839
1011.000000 473.000000 0.353245 0.108209
969.000000 474.000000 0.309700 0.107922
1061.000000 474.000000 0.407371 0.110934
967.000000 475.000000 0.307689 0.108817
1099.000000 475.000000 0.450456 0.113489
1150.000000 475.000000 0.511366 0.115944
56.000000 476.000000 -0.606281 0.121171
1189.000000 476.000000 0.560816 0.119136
1181.000000 478.000000 0.550584 0.120729
955.000000 479.000000 0.295630 0.112288
1090.000000 479.000000 0.440268 0.117054
1107.000000 479.000000 0.459944 0.117832
1141.000000 479.000000 0.500537 0.119524
1176.000000 480.000000 0.544290 0.122493
1080.000000 481.000000 0.428960 0.118590
1091.000000 482.000000 0.441551 0.120071
1125.000000 483.000000 0.481423 0.122724
1176.000000 483.000000 0.544469 0.125580
1275.000000 483.000000 0.680087 0.132377
1071.000000 484.000000 0.418939 0.121154
1180.000000 484.000000 0.549659 0.126855
1191.000000 484.000000 0.563913 0.127544
1171.000000 485.000000 0.538217 0.127335
913.000000 486.000000 0.254003 0.117825
1096.000000 486.000000 0.447495 0.124277
1150.000000 486.000000 0.511969 0.127120
1168.000000 487.000000 0.534534 0.129207
975.000000 488.000000 0.316251 0.121443
977.000000 488.000000 0.318305 0.121506
1231.000000 488.000000 0.617907 0.134468
58.000000 489.000000 -0.604441 0.134729
1044.000000 489.000000 0.389260 0.124912
1052.000000 489.000000 0.398032 0.125246
1187.000000 489.000000 0.559026 0.132473
1251.000000 489.000000 0.645978 0.137027
1165.000000 490.000000 0.530929 0.132103
1208.000000 490.000000 0.586783 0.134938
1180.000000 491.000000 0.550104 0.134087
1249.000000 491.000000 0.643298 0.139019
1071.000000 492.000000 0.419299 0.129039
1232.000000 492.000000 0.619585 0.138791
1039.000000 493.000000 0.383978 0.128610
1030.000000 494.000000 0.374276 0.129213
1146.000000 494.000000 0.507508 0.135031
1230.000000 494.000000 0.616972 0.140766
1267.000000 494.000000 0.669312 0.143684
1206.000000 495.000000 0.584465 0.140042
1211.000000 495.000000 0.591165 0.140406
1222.000000 495.000000 0.606067 0.141222
1062.000000 496.000000 0.409416 0.132564
1100.000000 496.000000 0.452635 0.134448
1204.000000 497.000000 0.581944 0.141996
935.000000 498.000000 0.276095 0.129751
1145.000000 498.000000 0.506523 0.139047
1147.000000 498.000000 0.508985 0.139171
1258.000000 498.000000 0.656675 0.147276
1030.000000 499.000000 0.374484 0.134084
1053.000000 499.000000 0.399576 0.135100
1201.000000 499.000000 0.578102 0.143874
21.000000 500.000000 -0.656882 0.149336
962.000000 500.000000 0.303355 0.132494
1226.000000 500.000000 0.611930 0.146833
1270.000000 500.000000 0.674167 0.150455
58.000000 501.000000 -0.605336 0.147418
1261.000000 501.000000 0.661233 0.150775
1196.000000 502.000000 0.571712 0.146648
1062.000000 503.000000 0.409749 0.139467
47.000000 504.000000 -0.620664 0.151486
1043.000000 504.000000 0.388822 0.139549
1239.000000 504.000000 0.630273 0.152156
1268.000000 504.000000 0.671607 0.154638
828.000000 505.000000 0.172775 0.133808
1061.000000 505.000000 0.408733 0.141393
1170.000000 505.000000 0.538255 0.147891
1178.000000 505.000000 0.548491 0.148461
1218.000000 505.000000 0.601395 0.151506
1229.000000 507.000000 0.616628 0.154532
1231.000000 507.000000 0.619392 0.154699
1264.000000 507.000000 0.666080 0.157552
1227.000000 508.000000 0.613954 0.155433
1142.000000 509.000000 0.503546 0.150087
1163.000000 509.000000 0.529669 0.151531
959.000000 511.000000 0.300680 0.142925
991.000000 511.000000 0.333626 0.144129
1117.000000 511.000000 0.473481 0.150511
1213.000000 511.000000 0.595106 0.157461
1094.000000 512.000000 0.446566 0.150132
1033.000000 513.000000 0.378356 0.147910
1211.000000 513.000000 0.592572 0.159415
1236.000000 513.000000 0.626855 0.161557
1261.000000 513.000000 0.662296 0.163811
34.000000 514.000000 -0.639655 0.163330
1029.000000 514.000000 0.374076 0.148702
1230.000000 514.000000 0.618608 0.162103
992.000000 515.000000 0.334832 0.148043
1072.000000 515.000000 0.421593 0.151883
1217.000000 515.000000 0.600864 0.162045
35.000000 516.000000 -0.638428 0.165398
1057.000000 516.000000 0.404845 0.152068
1159.000000 516.000000 0.525140 0.158475
1230.000000 516.000000 0.618784 0.164246
1236.000000 516.000000 0.627122 0.164782
1069.000000 517.000000 0.418321 0.153708
1128.000000 517.000000 0.487046 0.157318
1157.000000 517.000000 0.522704 0.159361
1195.000000 517.000000 0.571564 0.162318
1233.000000 517.000000 0.623034 0.165587
33.000000 518.000000 -0.641427 0.167742
979.000000 519.000000 0.321486 0.151384
1192.000000 519.000000 0.567778 0.164177
1244.000000 519.000000 0.638619 0.168749
1128.000000 520.000000 0.487250 0.160379
1210.000000 520.000000 0.591820 0.166758
1234.000000 520.000000 0.624698 0.168903
1241.000000 520.000000 0.634488 0.169550
1122.000000 521.000000 0.480100 0.160989
1200.000000 522.000000 0.578607 0.168015
1243.000000 522.000000 0.637491 0.171901
943.000000 523.000000 0.284923 0.153864
1034.000000 524.000000 0.379985 0.158775
1152.000000 524.000000 0.516980 0.166222
1033.000000 526.000000 0.379001 0.160695
1183.000000 526.000000 0.556597 0.170786
1185.000000 526.000000 0.559200 0.170955
956.000000 527.000000 0.298223 0.158196
1122.000000 527.000000 0.480515 0.167108
1137.000000 527.000000 0.498686 0.168191
1151.000000 527.000000 0.515963 0.169248
770.000000 529.000000 0.119046 0.155237
962.000000 529.000000 0.304418 0.160364
1103.000000 529.000000 0.458114 0.167836
1199.000000 529.000000 0.577891 0.175342
1207.000000 529.000000 0.588585 0.176065
59.000000 530.000000 -0.606468 0.178239
1197.000000 530.000000 0.575325 0.176223
1274.000000 530.000000 0.682846 0.183731
1102.000000 532.000000 0.457144 0.170811
1205.000000 532.000000 0.586175 0.179077
1262.000000 532.000000 0.665598 0.184689
1272.000000 532.000000 0.680129 0.185731
940.000000 533.000000 0.282273 0.163362
1194.000000 533.000000 0.571624 0.179133
1200.000000 534.000000 0.579677 0.180743
1209.000000 535.000000 0.591837 0.182654
936.000000 536.000000 0.278367 0.166098
932.000000 537.000000 0.274396 0.166909
1022.000000 537.000000 0.367680 0.170968
1119.000000 537.000000 0.477643 0.177118
1195.000000 537.000000 0.573314 0.183469
1218.000000 537.000000 0.604249 0.185668
1224.000000 537.000000 0.612479 0.186262
1211.000000 538.000000 0.594828 0.186058
1214.000000 538.000000 0.598897 0.186350
186.000000 539.000000 -0.447554 0.177239
901.000000 539.000000 0.243743 0.167733
953.000000 539.000000 0.295655 0.169667
1032.000000 539.000000 0.378613 0.173492
1135.000000 540.000000 0.497238 0.181435
3.000000 541.000000 -0.686896 0.195981
253.000000 541.000000 -0.372717 0.175101
722.000000 541.000000 0.074983 0.165858
1172.000000 542.000000 0.543776 0.186654
1177.000000 542.000000 0.550220 0.187106
1221.000000 542.000000 0.608858 0.191356
1060.000000 543.000000 0.409756 0.179146
1131.000000 543.000000 0.492596 0.184215
1120.000000 544.000000 0.479374 0.184379
1139.000000 544.000000 0.502468 0.185900
1176.000000 544.000000 0.549111 0.189126
58.000000 546.000000 -0.609417 0.195562
897.000000 546.000000 0.240054 0.174299
1101.000000 546.000000 0.456966 0.184988
1034.000000 547.000000 0.381253 0.181553
1067.000000 547.000000 0.417889 0.183620
1153.000000 547.000000 0.520109 0.190213
1227.000000 547.000000 0.617650 0.197393
1127.000000 548.000000 0.488139 0.189058
1010.000000 549.000000 0.355463 0.182172
1155.000000 549.000000 0.522797 0.192483
1191.000000 549.000000 0.569175 0.195860
1121.000000 550.000000 0.481052 0.190638
1160.000000 550.000000 0.529196 0.193982
1196.000000 550.000000 0.575896 0.197425
1189.000000 551.000000 0.566736 0.197795
948.000000 552.000000 0.291131 0.182064
1090.000000 552.000000 0.444570 0.190295
1111.000000 552.000000 0.469243 0.191899
1033.000000 553.000000 0.380521 0.187473
35.000000 554.000000 -0.642295 0.206769
782.000000 554.000000 0.130604 0.178902
996.000000 554.000000 0.340876 0.186351
1097.000000 554.000000 0.452878 0.192863
999.000000 555.000000 0.344100 0.187500
1029.000000 555.000000 0.376283 0.189225
1035.000000 555.000000 0.382830 0.189593
1033.000000 556.000000 0.380705 0.190469
1047.000000 556.000000 0.396108 0.191358
1097.000000 556.000000 0.453032 0.194910
1162.000000 556.000000 0.532289 0.200485
1207.000000 556.000000 0.591254 0.205009
1008.000000 557.000000 0.353775 0.189980
1057.000000 557.000000 0.407313 0.193029
1059.000000 557.000000 0.409555 0.193165
1086.000000 557.000000 0.440308 0.195096
1094.000000 557.000000 0.449602 0.195703
1048.000000 558.000000 0.397348 0.193434
1248.000000 558.000000 0.648380 0.211777
996.000000 559.000000 0.341147 0.191289
1008.000000 559.000000 0.353889 0.191964
1137.000000 559.000000 0.501294 0.201337
1166.000000 559.000000 0.537677 0.204038
1181.000000 559.000000 0.557051 0.205527
1196.000000 559.000000 0.576822 0.207076
1201.000000 559.000000 0.583501 0.207606
1107.000000 561.000000 0.465216 0.200845
1146.000000 561.000000 0.512622 0.204249
1095.000000 562.000000 0.451161 0.200906
1179.000000 562.000000 0.554750 0.208524
995.000000 563.000000 0.340313 0.195192
1053.000000 563.000000 0.403251 0.198811
87.000000 564.000000 -0.572262 0.211917
1024.000000 564.000000 0.371406 0.197906
1170.000000 564.000000 0.543303 0.209741
65.000000 565.000000 -0.601906 0.215408
1103.000000 565.000000 0.460809 0.204641
1261.000000 566.000000 0.668013 0.222220
54.000000 567.000000 -0.617231 0.218850
1176.000000 567.000000 0.551366 0.213554
207.000000 568.000000 -0.425505 0.205204
994.000000 568.000000 0.339540 0.200092
1031.000000 568.000000 0.379285 0.202365
1093.000000 568.000000 0.449304 0.206912
1154.000000 568.000000 0.523319 0.212389
1065.000000 569.000000 0.417175 0.205756
1217.000000 569.000000 0.606315 0.220241
1166.000000 570.000000 0.538777 0.215720
1173.000000 570.000000 0.547792 0.216447
1219.000000 570.000000 0.609179 0.221568
998.000000 571.000000 0.343949 0.203307
1255.000000 571.000000 0.659976 0.227054
1261.000000 571.000000 0.668638 0.227809
1011.000000 572.000000 0.357880 0.205094
1107.000000 572.000000 0.466145 0.212222
1178.000000 572.000000 0.554497 0.219120
1208.000000 572.000000 0.594386 0.222470
1062.000000 573.000000 0.414081 0.209605
1105.000000 573.000000 0.463856 0.213086
1147.000000 573.000000 0.515020 0.216985
1262.000000 573.000000 0.670341 0.230177
55.000000 575.000000 -0.616797 0.227511
980.000000 575.000000 0.325229 0.206242
1183.000000 575.000000 0.561363 0.222890
1220.000000 575.000000 0.611152 0.227169
318.000000 576.000000 -0.306115 0.206162
1005.000000 576.000000 0.351704 0.208720
1119.000000 576.000000 0.480888 0.217462
986.000000 577.000000 0.331632 0.208572
1003.000000 577.000000 0.349631 0.209596
1140.000000 577.000000 0.506694 0.220519
1143.000000 577.000000 0.510424 0.220817
1044.000000 578.000000 0.394294 0.213360
1065.000000 578.000000 0.417861 0.214940
1155.000000 578.000000 0.525594 0.223100
1166.000000 578.000000 0.539618 0.224260
1263.000000 578.000000 0.672438 0.235921
824.000000 579.000000 0.170696 0.203664
987.000000 579.000000 0.332801 0.210622
1030.000000 579.000000 0.378934 0.213380
1176.000000 579.000000 0.552656 0.226422
1210.000000 579.000000 0.597930 0.230351
1055.000000 580.000000 0.406725 0.216212
1173.000000 580.000000 0.548868 0.227167
1198.000000 580.000000 0.581834 0.230016
1200.000000 580.000000 0.584519 0.230251
1251.000000 580.000000 0.655381 0.236601
397.000000 581.000000 -0.227212 0.207486
668.000000 581.000000 0.025797 0.203102
1100.000000 581.000000 0.458638 0.220952
66.000000 582.000000 -0.602537 0.233867
824.000000 582.000000 0.170780 0.206547
1195.000000 582.000000 0.578055 0.231840
1044.000000 583.000000 0.394662 0.218441
1046.000000 583.000000 0.396886 0.218590
1051.000000 583.000000 0.402468 0.218968
1121.000000 583.000000 0.483968 0.224986
1208.000000 583.000000 0.595694 0.234492
972.000000 584.000000 0.317398 0.214725
1100.000000 584.000000 0.458907 0.224074
1108.000000 584.000000 0.468415 0.224806
1225.000000 584.000000 0.619187 0.237710
1231.000000 584.000000 0.627557 0.238475
1236.000000 584.000000 0.634580 0.239120
67.000000 585.000000 -0.601541 0.237039
820.000000 585.000000 0.167064 0.209320
949.000000 585.000000 0.293737 0.214455
1216.000000 585.000000 0.606875 0.237679
69.000000 586.000000 -0.598940 0.237891
421.000000 586.000000 -0.204074 0.211460
1164.000000 586.000000 0.537922 0.232619
1171.000000 586.000000 0.546946 0.233402
1204.000000 586.000000 0.590636 0.237291
53.000000 587.000000 -0.621061 0.241007
962.000000 587.000000 0.307202 0.217140
1036.000000 587.000000 0.386100 0.221918
1130.000000 587.000000 0.495348 0.230087
1179.000000 587.000000 0.557478 0.235398
1094.000000 588.000000 0.452193 0.227697
1109.000000 588.000000 0.469986 0.229086
1113.000000 588.000000 0.474785 0.229468
1172.000000 588.000000 0.548470 0.235673
1242.000000 588.000000 0.643592 0.244371
64.000000 589.000000 -0.606142 0.241819
922.000000 589.000000 0.266593 0.217045
986.000000 589.000000 0.332354 0.220548
1165.000000 589.000000 0.539542 0.235957
1244.000000 590.000000 0.646703 0.246879
1266.000000 590.000000 0.678414 0.249876
972.000000 591.000000 0.317806 0.221698
1095.000000 591.000000 0.453644 0.230915
1225.000000 591.000000 0.620089 0.245473
1011.000000 592.000000 0.359194 0.225203
1037.000000 592.000000 0.387579 0.227086
1044.000000 592.000000 0.395346 0.227624
1259.000000 592.000000 0.668517 0.251176
366.000000 593.000000 -0.258335 0.220524
937.000000 593.000000 0.281932 0.221740
957.000000 593.000000 0.302381 0.222824
1153.000000 593.000000 0.524674 0.238913
1212.000000 593.000000 0.602405 0.246002
1276.000000 593.000000 0.693488 0.254678
816.000000 594.000000 0.163520 0.217886
1228.000000 594.000000 0.624669 0.249210
1233.000000 594.000000 0.631678 0.249879
978.000000 596.000000 0.324380 0.227065
980.000000 596.000000 0.326479 0.227190
1011.000000 596.000000 0.359473 0.229252
1029.000000 596.000000 0.379066 0.230562
1056.000000 596.000000 0.409122 0.232692
1141.000000 596.000000 0.509912 0.240807
1236.000000 596.000000 0.636175 0.252524
1251.000000 596.000000 0.657534 0.254590
1244.000000 597.000000 0.647658 0.254747
1010.000000 598.000000 0.358536 0.231209
1166.000000 598.000000 0.541868 0.245791
903.000000 599.000000 0.248091 0.225994
942.000000 599.000000 0.287339 0.227958
963.000000 599.000000 0.308929 0.229156
1000.000000 599.000000 0.347866 0.231524
1142.000000 599.000000 0.511491 0.244127
305.000000 600.000000 -0.320970 0.230787
768.000000 600.000000 0.118445 0.222482
250.000000 601.000000 -0.379931 0.235612
963.000000 601.000000 0.309048 0.231158
240.000000 602.000000 -0.391050 0.237419
1062.000000 602.000000 0.416430 0.239400
1148.000000 602.000000 0.519366 0.248023
1269.000000 602.000000 0.684491 0.263964
782.000000 603.000000 0.131639 0.225692
956.000000 603.000000 0.301928 0.232743
1065.000000 603.000000 0.419938 0.240700
1163.000000 603.000000 0.538596 0.250856
1224.000000 603.000000 0.620309 0.258722
945.000000 604.000000 0.290683 0.233106
1227.000000 604.000000 0.624633 0.260257
1164.000000 605.000000 0.540124 0.253148
1244.000000 605.000000 0.648784 0.263780
201.000000 606.000000 -0.435596 0.244930
1047.000000 606.000000 0.399831 0.242257
1100.000000 606.000000 0.461005 0.247138
1127.000000 606.000000 0.493657 0.249967
1135.000000 606.000000 0.503544 0.250852
1199.000000 606.000000 0.586430 0.258683
1202.000000 606.000000 0.590488 0.259082
1234.000000 606.000000 0.634742 0.263487
854.000000 607.000000 0.200384 0.231791
946.000000 607.000000 0.291879 0.236160
858.000000 608.000000 0.204301 0.232925
1157.000000 608.000000 0.531499 0.255563
1161.000000 608.000000 0.536627 0.256047
1173.000000 608.000000 0.552170 0.257529
1183.000000 608.000000 0.565311 0.258800
412.000000 609.000000 -0.213675 0.234240
1062.000000 609.000000 0.417049 0.246671
1129.000000 609.000000 0.496451 0.253398
1243.000000 609.000000 0.647934 0.268167
1027.000000 610.000000 0.377954 0.244740
1172.000000 610.000000 0.551117 0.259592
1193.000000 610.000000 0.578890 0.262315
1226.000000 610.000000 0.624077 0.266857
812.000000 611.000000 0.160219 0.234269
967.000000 611.000000 0.313828 0.241454
1029.000000 611.000000 0.380236 0.245929
1075.000000 611.000000 0.432164 0.249958
1176.000000 611.000000 0.556476 0.261198
920.000000 612.000000 0.265741 0.239712
928.000000 612.000000 0.273822 0.240143
1236.000000 612.000000 0.638428 0.270551
1091.000000 613.000000 0.451050 0.253624
1157.000000 613.000000 0.532107 0.260999
1190.000000 613.000000 0.575274 0.265236
932.000000 614.000000 0.277991 0.242364
955.000000 614.000000 0.301560 0.243722
965.000000 614.000000 0.311936 0.244353
1077.000000 614.000000 0.434769 0.253297
1144.000000 614.000000 0.515723 0.260513
1201.000000 614.000000 0.590217 0.267838
1069.000000 615.000000 0.425619 0.253582
1112.000000 615.000000 0.476342 0.257946
1223.000000 615.000000 0.620606 0.272059
1264.000000 615.000000 0.679108 0.278130
983.000000 617.000000 0.331034 0.248603
1237.000000 617.000000 0.640578 0.276370
1047.000000 618.000000 0.400869 0.254699
1166.000000 618.000000 0.544333 0.267598
1230.000000 618.000000 0.630843 0.276470
1191.000000 619.000000 0.577425 0.272029
1197.000000 619.000000 0.585496 0.272859
229.000000 620.000000 -0.404884 0.256982
843.000000 620.000000 0.190238 0.244143
965.000000 620.000000 0.312328 0.250423
1062.000000 620.000000 0.418062 0.258162
1076.000000 620.000000 0.434195 0.259515
1224.000000 620.000000 0.622729 0.277851
1095.000000 621.000000 0.456609 0.262518
1126.000000 621.000000 0.494118 0.265960
1131.000000 621.000000 0.500304 0.266546
1164.000000 621.000000 0.542129 0.270635
1175.000000 621.000000 0.556471 0.272081
1184.000000 621.000000 0.568359 0.273294
867.000000 622.000000 0.213644 0.247092
915.000000 622.000000 0.261243 0.249431
1044.000000 622.000000 0.397855 0.258599
1080.000000 622.000000 0.439052 0.262028
860.000000 623.000000 0.206852 0.247784
943.000000 623.000000 0.289755 0.252054
337.000000 624.000000 -0.289332 0.252961
837.000000 624.000000 0.184598 0.247859
1088.000000 624.000000 0.448643 0.264971
1155.000000 624.000000 0.530928 0.272768
1168.000000 624.000000 0.547716 0.274462
1236.000000 624.000000 0.640212 0.284192
1152.000000 625.000000 0.527220 0.273480
1211.000000 625.000000 0.605440 0.281591
976.000000 626.000000 0.324275 0.257280
1235.000000 626.000000 0.639100 0.286323
1039.000000 627.000000 0.392702 0.263367
1047.000000 627.000000 0.401685 0.264096
1086.000000 627.000000 0.446602 0.267952
1125.000000 627.000000 0.493591 0.272328
1225.000000 627.000000 0.625172 0.285942
935.000000 628.000000 0.281867 0.256614
1123.000000 628.000000 0.491246 0.273173
822.000000 629.000000 0.170357 0.252250
1054.000000 629.000000 0.409797 0.266853
1088.000000 629.000000 0.449172 0.270295
1163.000000 629.000000 0.541887 0.279317
1237.000000 629.000000 0.642398 0.290062
265.000000 630.000000 -0.365830 0.264261
855.000000 630.000000 0.202276 0.254514
1123.000000 630.000000 0.491485 0.275340
1174.000000 630.000000 0.556378 0.281918
1194.000000 630.000000 0.583008 0.284742
1240.000000 630.000000 0.646819 0.291675
391.000000 631.000000 -0.235310 0.256999
416.000000 631.000000 -0.210702 0.255827
883.000000 631.000000 0.229792 0.256784
909.000000 631.000000 0.255702 0.258133
1047.000000 631.000000 0.402058 0.268291
1151.000000 631.000000 0.526719 0.279937
1155.000000 631.000000 0.531838 0.280461
1224.000000 631.000000 0.624381 0.290344
999.000000 632.000000 0.349236 0.265170
1197.000000 632.000000 0.587354 0.287427
1233.000000 632.000000 0.637196 0.292877
954.000000 633.000000 0.301750 0.262900
1011.000000 633.000000 0.362319 0.267184
240.000000 634.000000 -0.393804 0.270620
769.000000 634.000000 0.120164 0.255589
829.000000 634.000000 0.177264 0.257448
1008.000000 634.000000 0.359138 0.267972
1086.000000 634.000000 0.447351 0.275420
1143.000000 634.000000 0.516944 0.282194
230.000000 635.000000 -0.405151 0.272613
819.000000 635.000000 0.167692 0.258076
1068.000000 635.000000 0.426439 0.274582
826.000000 636.000000 0.174451 0.259320
940.000000 636.000000 0.287490 0.265035
1107.000000 636.000000 0.472663 0.279940
1119.000000 636.000000 0.487290 0.281371
1190.000000 636.000000 0.578497 0.290903
63.000000 637.000000 -0.614245 0.295760
70.000000 637.000000 -0.604596 0.294692
260.000000 637.000000 -0.371899 0.271964
614.000000 637.000000 -0.023897 0.256987
999.000000 637.000000 0.349638 0.270343
1150.000000 637.000000 0.526233 0.286415
1203.000000 637.000000 0.596259 0.293966
969.000000 638.000000 0.317768 0.269064
1226.000000 638.000000 0.628273 0.298658
824.000000 639.000000 0.172638 0.262224
1115.000000 639.000000 0.482753 0.284147
1155.000000 639.000000 0.532910 0.289301
1165.000000 639.000000 0.545852 0.290681
232.000000 640.000000 -0.403373 0.277695
325.000000 640.000000 -0.302759 0.270002
633.000000 640.000000 -0.006320 0.259867
843.000000 640.000000 0.191031 0.263964
1036.000000 640.000000 0.390543 0.276717
1052.000000 640.000000 0.408595 0.278266
1141.000000 640.000000 0.515198 0.288532
631.000000 641.000000 -0.008173 0.260850
68.000000 642.000000 -0.608113 0.300688
611.000000 642.000000 -0.026701 0.261901
823.000000 642.000000 0.171788 0.265170
1065.000000 642.000000 0.423700 0.281720
1130.000000 642.000000 0.501651 0.289299
1202.000000 642.000000 0.595654 0.299488
1227.000000 642.000000 0.630313 0.303410
347.000000 643.000000 -0.280279 0.271606
748.000000 643.000000 0.100629 0.263965
991.000000 643.000000 0.341518 0.275916
1013.000000 643.000000 0.365361 0.277772
1110.000000 643.000000 0.477140 0.287890
1154.000000 643.000000 0.532173 0.293603
62.000000 644.000000 -0.616720 0.303912
771.000000 644.000000 0.122306 0.265503
935.000000 644.000000 0.282874 0.272863
964.000000 644.000000 0.312955 0.274869
951.000000 645.000000 0.299457 0.274967
1111.000000 645.000000 0.478602 0.290191
1167.000000 645.000000 0.549313 0.297665
906.000000 646.000000 0.253533 0.273116
938.000000 646.000000 0.286088 0.275105
946.000000 646.000000 0.294343 0.275646
1161.000000 646.000000 0.541637 0.297926
1198.000000 646.000000 0.590819 0.303421
884.000000 647.000000 0.231594 0.272913
950.000000 647.000000 0.298559 0.276951
1001.000000 647.000000 0.352635 0.280913
1147.000000 647.000000 0.523759 0.297082
767.000000 648.000000 0.118633 0.269360
937.000000 648.000000 0.285192 0.277087
945.000000 648.000000 0.293446 0.277630
948.000000 648.000000 0.296553 0.277838
1138.000000 648.000000 0.512476 0.296965
1140.000000 648.000000 0.515002 0.297235
234.000000 649.000000 -0.402001 0.287033
624.000000 649.000000 -0.014678 0.268728
866.000000 649.000000 0.213904 0.274021
1067.000000 649.000000 0.426762 0.289419
1096.000000 649.000000 0.460953 0.292725
1126.000000 649.000000 0.497578 0.296476
1147.000000 649.000000 0.524035 0.299304
1228.000000 649.000000 0.632854 0.311645
987.000000 650.000000 0.337801 0.282869
1190.000000 650.000000 0.580603 0.306734
60.000000 651.000000 -0.620618 0.312273
813.000000 651.000000 0.162509 0.273779
1163.000000 651.000000 0.544959 0.303813
1186.000000 651.000000 0.575377 0.307255
761.000000 652.000000 0.113071 0.273178
941.000000 652.000000 0.289587 0.281465
1006.000000 652.000000 0.358507 0.286585
1137.000000 652.000000 0.511756 0.301262
1142.000000 652.000000 0.518085 0.301949
1196.000000 652.000000 0.589035 0.309947
1224.000000 652.000000 0.627720 0.314458
46.000000 653.000000 -0.640590 0.316880
799.000000 653.000000 0.149171 0.275288
919.000000 653.000000 0.267108 0.281036
944.000000 654.000000 0.292829 0.283734
1045.000000 654.000000 0.402061 0.292440
700.000000 655.000000 0.055952 0.275008
971.000000 655.000000 0.321167 0.286785
986.000000 655.000000 0.337143 0.288003
1101.000000 655.000000 0.467702 0.299874
1237.000000 655.000000 0.646604 0.320108
71.000000 656.000000 -0.606201 0.316250
946.000000 656.000000 0.295045 0.285940
1160.000000 656.000000 0.541785 0.308994
1190.000000 656.000000 0.581539 0.313570
734.000000 657.000000 0.087781 0.277541
821.000000 657.000000 0.170435 0.280096
955.000000 657.000000 0.304492 0.287633
977.000000 657.000000 0.327695 0.289350
986.000000 657.000000 0.337311 0.290095
1211.000000 659.000000 0.610745 0.320408
942.000000 660.000000 0.291185 0.289789
1132.000000 660.000000 0.506561 0.309467
693.000000 661.000000 0.049495 0.280880
1096.000000 661.000000 0.462421 0.305821
1201.000000 661.000000 0.597301 0.321071
471.000000 662.000000 -0.158697 0.284607
610.000000 662.000000 -0.027746 0.281660
937.000000 662.000000 0.286156 0.291503
944.000000 662.000000 0.293403 0.292006
980.000000 662.000000 0.331308 0.294829
1017.000000 662.000000 0.371511 0.298165
1189.000000 662.000000 0.581143 0.320276
842.000000 663.000000 0.191056 0.287039
915.000000 663.000000 0.263680 0.291044
934.000000 663.000000 0.283132 0.292326
976.000000 663.000000 0.327124 0.295543
72.000000 664.000000 -0.606135 0.325316
987.000000 664.000000 0.338985 0.297529
1055.000000 664.000000 0.414552 0.304244
1124.000000 664.000000 0.497102 0.312816
612.000000 665.000000 -0.025902 0.284634
1052.000000 665.000000 0.411218 0.304992
1085.000000 665.000000 0.449755 0.308838
1132.000000 665.000000 0.507262 0.315048
956.000000 666.000000 0.306226 0.297072
1103.000000 666.000000 0.471526 0.312217
1194.000000 666.000000 0.588568 0.325686
294.000000 667.000000 -0.337598 0.300450
333.000000 667.000000 -0.296382 0.297298
988.000000 667.000000 0.340325 0.300779
1181.000000 667.000000 0.571191 0.324724
591.000000 668.000000 -0.045509 0.287797
911.000000 668.000000 0.259939 0.295940
1167.000000 668.000000 0.552765 0.323648
918.000000 669.000000 0.267133 0.297436
1159.000000 669.000000 0.542441 0.323545
85.000000 671.000000 -0.589522 0.331256
437.000000 671.000000 -0.192001 0.295138
712.000000 671.000000 0.067399 0.291125
1035.000000 671.000000 0.392529 0.309619
1097.000000 671.000000 0.464906 0.316959
1206.000000 671.000000 0.605846 0.333485
81.000000 672.000000 -0.595134 0.333080
834.000000 672.000000 0.183667 0.295818
997.000000 672.000000 0.350526 0.306894
1120.000000 672.000000 0.493236 0.321186
1129.000000 672.000000 0.504487 0.322465
72.000000 673.000000 -0.607649 0.335763
549.000000 673.000000 -0.084941 0.293447
886.000000 673.000000 0.235040 0.299545
987.000000 673.000000 0.339783 0.307037
1111.000000 673.000000 0.482246 0.321054
1160.000000 673.000000 0.544367 0.328254
337.000000 674.000000 -0.292748 0.304302
683.000000 674.000000 0.040295 0.293760
895.000000 674.000000 0.244138 0.301121
995.000000 674.000000 0.348538 0.308834
1099.000000 674.000000 0.467723 0.320546
1164.000000 674.000000 0.549765 0.330027
1205.000000 674.000000 0.604979 0.336808
982.000000 675.000000 0.334579 0.308709
1033.000000 675.000000 0.390701 0.313719
467.000000 676.000000 -0.163087 0.298928
787.000000 677.000000 0.138510 0.299041
864.000000 677.000000 0.213365 0.302417
1091.000000 677.000000 0.458456 0.322816
575.000000 678.000000 -0.060605 0.298027
689.000000 678.000000 0.045949 0.297842
778.000000 678.000000 0.129943 0.299757
885.000000 678.000000 0.234337 0.304645
954.000000 678.000000 0.305079 0.309495
99.000000 679.000000 -0.571977 0.338183
115.000000 679.000000 -0.550772 0.335575
400.000000 679.000000 -0.228954 0.305284
768.000000 679.000000 0.120444 0.300462
916.000000 679.000000 0.265773 0.307688
1117.000000 679.000000 0.490500 0.328608
575.000000 680.000000 -0.060634 0.300043
834.000000 680.000000 0.184033 0.303989
47.000000 681.000000 -0.644005 0.349536
899.000000 681.000000 0.248619 0.308629
974.000000 681.000000 0.326536 0.314364
1097.000000 681.000000 0.466237 0.328063
44.000000 682.000000 -0.648440 0.351260
906.000000 682.000000 0.255784 0.310132
1040.000000 682.000000 0.399406 0.322083
1147.000000 682.000000 0.528903 0.336493
47.000000 683.000000 -0.644364 0.351906
575.000000 683.000000 -0.060678 0.303073
904.000000 683.000000 0.253819 0.311040
915.000000 683.000000 0.265030 0.311794
44.000000 684.000000 -0.648801 0.353634
582.000000 684.000000 -0.054122 0.303986
760.000000 684.000000 0.112980 0.305305
782.000000 684.000000 0.133963 0.305989
1065.000000 684.000000 0.428503 0.327237
1093.000000 684.000000 0.461801 0.330868
1124.000000 684.000000 0.499962 0.335264
1149.000000 684.000000 0.531800 0.339095
1183.000000 684.000000 0.576692 0.344689
1062.000000 685.000000 0.425120 0.327968
1083.000000 685.000000 0.449918 0.330646
74.000000 686.000000 -0.607147 0.350627
607.000000 686.000000 -0.030711 0.305750
1060.000000 686.000000 0.422911 0.328824
49.000000 687.000000 -0.642256 0.356292
71.000000 687.000000 -0.611468 0.352336
107.000000 687.000000 -0.562645 0.346112
1013.000000 687.000000 0.369598 0.324568
1092.000000 687.000000 0.461000 0.334083
344.000000 688.000000 -0.286549 0.318472
912.000000 688.000000 0.262314 0.316819
946.000000 688.000000 0.297496 0.319406
992.000000 688.000000 0.346611 0.323520
1020.000000 688.000000 0.377503 0.326397
1029.000000 688.000000 0.387612 0.327385
1084.000000 688.000000 0.451512 0.334119
1109.000000 688.000000 0.481892 0.337591
1185.000000 688.000000 0.580079 0.349696
1205.000000 688.000000 0.607433 0.353218
1245.000000 688.000000 0.663888 0.360510
76.000000 689.000000 -0.604923 0.353802
101.000000 689.000000 -0.570982 0.349449
420.000000 689.000000 -0.209635 0.314497
49.000000 690.000000 -0.642803 0.359861
633.000000 690.000000 -0.006386 0.309685
994.000000 690.000000 0.348988 0.325870
1181.000000 690.000000 0.575029 0.351339
95.000000 691.000000 -0.579385 0.352814
310.000000 691.000000 -0.322593 0.324508
1062.000000 691.000000 0.425868 0.334597
1086.000000 691.000000 0.454316 0.337741
1158.000000 691.000000 0.544648 0.348608
583.000000 692.000000 -0.053289 0.312087
659.000000 692.000000 0.017968 0.311758
669.000000 692.000000 0.027342 0.311817
877.000000 692.000000 0.227171 0.318699
1176.000000 692.000000 0.568661 0.352811
1179.000000 692.000000 0.572685 0.353330
348.000000 693.000000 -0.282786 0.323446
571.000000 693.000000 -0.064596 0.313284
911.000000 693.000000 0.261647 0.322003
1116.000000 693.000000 0.491303 0.344280
1255.000000 693.000000 0.679243 0.368366
574.000000 694.000000 -0.061786 0.314255
770.000000 694.000000 0.122815 0.315818
1030.000000 694.000000 0.389420 0.334056
1066.000000 694.000000 0.430941 0.338437
1238.000000 694.000000 0.654968 0.366399
77.000000 695.000000 -0.604620 0.360702
805.000000 695.000000 0.156511 0.318131
884.000000 695.000000 0.234386 0.322273
1011.000000 695.000000 0.368226 0.333041
1154.000000 695.000000 0.540080 0.352576
1160.000000 695.000000 0.547941 0.353579
1204.000000 695.000000 0.607313 0.361308
658.000000 696.000000 0.017049 0.315824
886.000000 696.000000 0.236465 0.323450
941.000000 696.000000 0.292917 0.327490
1099.000000 696.000000 0.470769 0.345185
72.000000 697.000000 -0.611886 0.363978
571.000000 697.000000 -0.064662 0.317366
892.000000 697.000000 0.242591 0.324895
1056.000000 697.000000 0.419624 0.340495
1112.000000 697.000000 0.486928 0.348230
1010.000000 698.000000 0.367439 0.336204
1053.000000 698.000000 0.416262 0.341227
1065.000000 698.000000 0.430285 0.342764
1169.000000 698.000000 0.560355 0.358612
1191.000000 698.000000 0.589997 0.362501
471.000000 699.000000 -0.160167 0.322364
981.000000 699.000000 0.335743 0.334306
1001.000000 699.000000 0.357586 0.336334
1097.000000 699.000000 0.468759 0.348291
941.000000 700.000000 0.293250 0.331756
999.000000 700.000000 0.355488 0.337213
1025.000000 700.000000 0.384458 0.340070
74.000000 701.000000 -0.609851 0.368363
566.000000 701.000000 -0.069451 0.321549
715.000000 701.000000 0.070744 0.321597
1094.000000 701.000000 0.465392 0.350123
560.000000 702.000000 -0.075142 0.322689
579.000000 702.000000 -0.057197 0.322359
877.000000 702.000000 0.227794 0.329176
996.000000 702.000000 0.352399 0.339078
1065.000000 702.000000 0.430811 0.347235
798.000000 703.000000 0.150066 0.326118
964.000000 703.000000 0.317846 0.337006
1121.000000 703.000000 0.499094 0.356473
943.000000 704.000000 0.295687 0.336207
987.000000 704.000000 0.342759 0.340328
1050.000000 704.000000 0.413539 0.347523
1151.000000 704.000000 0.537677 0.362533
1189.000000 704.000000 0.588358 0.369238
308.000000 705.000000 -0.326036 0.339756
673.000000 705.000000 0.031201 0.325129
885.000000 705.000000 0.236048 0.332860
890.000000 705.000000 0.241106 0.333197
1071.000000 705.000000 0.438310 0.351411
1087.000000 705.000000 0.457477 0.353649
1106.000000 705.000000 0.480702 0.356452
11.000000 706.000000 -0.700344 0.386202
888.000000 706.000000 0.239149 0.334119
978.000000 706.000000 0.333185 0.341598
1113.000000 706.000000 0.489546 0.358671
1159.000000 706.000000 0.548506 0.366245
9.000000 707.000000 -0.703434 0.387792
108.000000 707.000000 -0.564762 0.369316
999.000000 707.000000 0.356232 0.344860
1074.000000 707.000000 0.442154 0.354079
884.000000 708.000000 0.235238 0.335967
901.000000 708.000000 0.252508 0.337155
911.000000 708.000000 0.262755 0.337899
921.000000 708.000000 0.273073 0.338676
925.000000 708.000000 0.277220 0.338996
1050.000000 708.000000 0.414051 0.351991
1116.000000 708.000000 0.493607 0.361439
1120.000000 708.000000 0.498627 0.362073
1123.000000 708.000000 0.502408 0.362552
1048.000000 709.000000 0.411859 0.352852
10.000000 710.000000 -0.702542 0.391263
1010.000000 710.000000 0.368768 0.349372
7.000000 711.000000 -0.707084 0.393043
298.000000 711.000000 -0.337430 0.347268
995.000000 711.000000 0.352254 0.348817
1086.000000 711.000000 0.457136 0.360324
1218.000000 711.000000 0.629836 0.383052
704.000000 712.000000 0.060538 0.332733
706.000000 712.000000 0.062431 0.332767
815.000000 712.000000 0.166985 0.336246
1008.000000 712.000000 0.366764 0.351354
9.000000 713.000000 -0.704554 0.395114
845.000000 713.000000 0.196539 0.338845
1011.000000 713.000000 0.370227 0.352801
1083.000000 713.000000 0.453802 0.362166
1140.000000 713.000000 0.524936 0.371174
116.000000 714.000000 -0.555380 0.376153
254.000000 714.000000 -0.386552 0.355459
286.000000 714.000000 -0.350853 0.351812
692.000000 714.000000 0.049219 0.334620
1107.000000 714.000000 0.483329 0.366941
7.000000 715.000000 -0.707831 0.397935
10.000000 715.000000 -0.703479 0.397372
548.000000 715.000000 -0.086811 0.336379
954.000000 715.000000 0.308303 0.349068
1226.000000 715.000000 0.641896 0.389433
86.000000 716.000000 -0.596137 0.384036
606.000000 716.000000 -0.031893 0.336472
702.000000 716.000000 0.058711 0.336844
921.000000 716.000000 0.273717 0.347261
1050.000000 716.000000 0.415097 0.360975
1089.000000 716.000000 0.461515 0.366482
1091.000000 716.000000 0.463951 0.366782
