1225.000000 3.000000 0.640873 -0.390332
691.000000 4.000000 0.048293 -0.335343
1160.000000 4.000000 0.551556 -0.376841
754.000000 5.000000 0.108151 -0.335682
1153.000000 7.000000 0.541805 -0.372060
1167.000000 7.000000 0.560310 -0.374551
1165.000000 8.000000 0.557468 -0.373009
755.000000 9.000000 0.108987 -0.331555
1167.000000 9.000000 0.559950 -0.372186
1171.000000 9.000000 0.565290 -0.372907
1153.000000 10.000000 0.541281 -0.368536
4.000000 11.000000 -0.711125 -0.389855
683.000000 11.000000 0.040654 -0.328010
754.000000 12.000000 0.107942 -0.328416
786.000000 12.000000 0.138649 -0.329498
910.000000 12.000000 0.261689 -0.336476
1260.000000 13.000000 0.689153 -0.384942
4.000000 14.000000 -0.710568 -0.386194
1006.000000 14.000000 0.363820 -0.343169
1098.000000 14.000000 0.470958 -0.355032
46.000000 15.000000 -0.649852 -0.377057
695.000000 16.000000 0.051905 -0.323017
1008.000000 16.000000 0.365821 -0.341195
773.000000 17.000000 0.125966 -0.323849
1156.000000 17.000000 0.544006 -0.360861
1233.000000 17.000000 0.649532 -0.374941
757.000000 18.000000 0.110628 -0.322309
930.000000 18.000000 0.281890 -0.331641
540.000000 19.000000 -0.094060 -0.320774
760.000000 19.000000 0.113462 -0.321369
758.000000 20.000000 0.111523 -0.320280
1165.000000 21.000000 0.555182 -0.357735
913.000000 22.000000 0.264022 -0.326083
1187.000000 22.000000 0.584522 -0.360432
1243.000000 22.000000 0.662888 -0.370813
911.000000 23.000000 0.261899 -0.324880
985.000000 23.000000 0.339836 -0.331186
766.000000 24.000000 0.119038 -0.316413
1133.000000 24.000000 0.513126 -0.348966
1078.000000 25.000000 0.445231 -0.339777
1153.000000 25.000000 0.538734 -0.351054
662.000000 26.000000 0.020787 -0.312480
729.000000 26.000000 0.083827 -0.313388
777.000000 26.000000 0.129495 -0.314718
788.000000 26.000000 0.140051 -0.315106
781.000000 28.000000 0.133259 -0.312804
1111.000000 28.000000 0.484897 -0.341046
1217.000000 28.000000 0.624852 -0.358781
1235.000000 28.000000 0.650312 -0.362110
1163.000000 29.000000 0.551179 -0.348085
659.000000 30.000000 0.017956 -0.308402
1010.000000 30.000000 0.366537 -0.326152
1104.000000 31.000000 0.475837 -0.336645
1274.000000 31.000000 0.706216 -0.365722
46.000000 33.000000 -0.646502 -0.355501
915.000000 33.000000 0.265276 -0.314644
941.000000 33.000000 0.292147 -0.316603
1274.000000 33.000000 0.705852 -0.363307
1132.000000 34.000000 0.510302 -0.337380
1218.000000 35.000000 0.624980 -0.350667
1052.000000 36.000000 0.413344 -0.324307
1004.000000 37.000000 0.359199 -0.317983
738.000000 38.000000 0.092067 -0.301389
945.000000 38.000000 0.295927 -0.311647
1115.000000 38.000000 0.488400 -0.330339
1143.000000 38.000000 0.523714 -0.334516
1220.000000 38.000000 0.627247 -0.347482
1003.000000 39.000000 0.357902 -0.315736
1111.000000 39.000000 0.483311 -0.328646
1113.000000 39.000000 0.485781 -0.328929
718.000000 40.000000 0.073176 -0.298960
1245.000000 41.000000 0.662247 -0.348437
736.000000 42.000000 0.090089 -0.297301
1213.000000 42.000000 0.616743 -0.341530
728.000000 43.000000 0.082528 -0.296124
730.000000 43.000000 0.084412 -0.296165
1024.000000 43.000000 0.380757 -0.313573
1124.000000 43.000000 0.498890 -0.326010
719.000000 44.000000 0.074044 -0.294946
742.000000 44.000000 0.095706 -0.295419
1037.000000 45.000000 0.395173 -0.312804
1237.000000 45.000000 0.650066 -0.342254
1256.000000 45.000000 0.677415 -0.345659
1217.000000 46.000000 0.621625 -0.337541
733.000000 48.000000 0.087133 -0.291196
1137.000000 48.000000 0.514546 -0.322275
1163.000000 49.000000 0.547939 -0.325090
1252.000000 49.000000 0.670906 -0.340190
717.000000 50.000000 0.072061 -0.288887
727.000000 50.000000 0.081450 -0.289069
1190.000000 51.000000 0.583601 -0.327137
130.000000 52.000000 -0.529551 -0.319384
1066.000000 53.000000 0.427577 -0.307397
1229.000000 53.000000 0.637287 -0.331426
1094.000000 54.000000 0.460596 -0.309708
1259.000000 54.000000 0.680174 -0.335498
1263.000000 54.000000 0.685999 -0.336200
1116.000000 56.000000 0.487134 -0.310375
1158.000000 57.000000 0.540184 -0.315240
1123.000000 58.000000 0.495536 -0.309103
1140.000000 58.000000 0.516906 -0.311476
722.000000 59.000000 0.076593 -0.279984
724.000000 60.000000 0.078449 -0.279024
1254.000000 61.000000 0.671699 -0.326358
1091.000000 62.000000 0.456005 -0.300573
766.000000 63.000000 0.117909 -0.276970
773.000000 67.000000 0.124425 -0.273176
955.000000 68.000000 0.304085 -0.281130
1064.000000 68.000000 0.423566 -0.290969
29.000000 70.000000 -0.664326 -0.314874
1023.000000 70.000000 0.376965 -0.284694
766.000000 72.000000 0.117673 -0.268023
850.000000 72.000000 0.198159 -0.270953
1209.000000 72.000000 0.606170 -0.306081
849.000000 74.000000 0.197096 -0.268903
1165.000000 74.000000 0.546802 -0.297148
1208.000000 74.000000 0.604475 -0.303634
1229.000000 74.000000 0.633756 -0.306998
818.000000 75.000000 0.167070 -0.266659
1138.000000 75.000000 0.512029 -0.292300
1244.000000 75.000000 0.654927 -0.308296
796.000000 76.000000 0.145997 -0.264915
824.000000 76.000000 0.172803 -0.265886
1058.000000 76.000000 0.415808 -0.281781
1130.000000 76.000000 0.501863 -0.290148
818.000000 77.000000 0.166997 -0.264668
969.000000 77.000000 0.318097 -0.272879
1245.000000 77.000000 0.656032 -0.306138
1140.000000 78.000000 0.514154 -0.289256
1051.000000 80.000000 0.407413 -0.276828
1060.000000 80.000000 0.417691 -0.277734
771.000000 81.000000 0.122160 -0.259254
1169.000000 81.000000 0.551035 -0.289894
1242.000000 81.000000 0.651086 -0.301017
1144.000000 82.000000 0.518687 -0.285376
1224.000000 82.000000 0.625444 -0.296999
1061.000000 83.000000 0.418534 -0.274652
777.000000 85.000000 0.127719 -0.255471
1062.000000 86.000000 0.419380 -0.271574
822.000000 88.000000 0.170442 -0.253904
1038.000000 88.000000 0.391994 -0.267170
1162.000000 89.000000 0.540818 -0.280046
1010.000000 90.000000 0.360941 -0.262662
1038.000000 90.000000 0.391812 -0.265077
202.000000 91.000000 -0.436642 -0.267714
1067.000000 93.000000 0.424433 -0.264673
1216.000000 93.000000 0.612611 -0.283245
801.000000 94.000000 0.150197 -0.247306
1001.000000 94.000000 0.350879 -0.257815
1146.000000 95.000000 0.519551 -0.271376
852.000000 96.000000 0.199087 -0.247133
1222.000000 96.000000 0.620504 -0.280741
781.000000 97.000000 0.131180 -0.243806
1015.000000 97.000000 0.365817 -0.255835
165.000000 98.000000 -0.479862 -0.264220
771.000000 98.000000 0.121739 -0.242581
843.000000 98.000000 0.190292 -0.244805
782.000000 99.000000 0.132071 -0.241879
803.000000 99.000000 0.151946 -0.242464
847.000000 99.000000 0.194122 -0.243973
1276.000000 100.000000 0.697464 -0.284400
802.000000 101.000000 0.150938 -0.240477
1261.000000 101.000000 0.675341 -0.280938
1197.000000 102.000000 0.585323 -0.270398
1123.000000 103.000000 0.489924 -0.259968
869.000000 104.000000 0.215318 -0.239936
1001.000000 104.000000 0.350117 -0.247559
1269.000000 104.000000 0.686563 -0.278702
999.000000 105.000000 0.347896 -0.246390
1260.000000 105.000000 0.673279 -0.276189
1267.000000 106.000000 0.683332 -0.276096
760.000000 107.000000 0.111222 -0.233582
785.000000 107.000000 0.134694 -0.234161
788.000000 107.000000 0.137523 -0.234238
805.000000 108.000000 0.153580 -0.233733
57.000000 109.000000 -0.618707 -0.265898
836.000000 109.000000 0.183145 -0.233748
783.000000 110.000000 0.132735 -0.231197
870.000000 110.000000 0.216043 -0.234065
1230.000000 110.000000 0.629658 -0.266084
1271.000000 110.000000 0.688592 -0.272094
834.000000 113.000000 0.181087 -0.229771
1040.000000 113.000000 0.392054 -0.241379
1256.000000 113.000000 0.666294 -0.266445
184.000000 115.000000 -0.455337 -0.244170
858.000000 115.000000 0.204163 -0.228681
1253.000000 115.000000 0.661672 -0.263732
1201.000000 116.000000 0.588835 -0.255390
806.000000 117.000000 0.154271 -0.225016
813.000000 118.000000 0.160884 -0.224246
1248.000000 118.000000 0.654057 -0.259613
1275.000000 118.000000 0.693296 -0.263495
182.000000 119.000000 -0.457311 -0.240160
1245.000000 119.000000 0.649625 -0.258057
723.000000 120.000000 0.076581 -0.220411
791.000000 120.000000 0.140020 -0.221715
835.000000 120.000000 0.181813 -0.222987
1129.000000 121.000000 0.495321 -0.241379
861.000000 122.000000 0.206808 -0.221955
908.000000 122.000000 0.252992 -0.223935
1140.000000 122.000000 0.508841 -0.241498
1242.000000 122.000000 0.644930 -0.254255
1262.000000 123.000000 0.673556 -0.255926
783.000000 124.000000 0.132400 -0.217665
1240.000000 124.000000 0.641813 -0.251730
822.000000 125.000000 0.169237 -0.217731
142.000000 126.000000 -0.505012 -0.236808
788.000000 126.000000 0.137050 -0.215857
830.000000 126.000000 0.176837 -0.217007
907.000000 126.000000 0.251811 -0.219953
1237.000000 126.000000 0.637292 -0.249077
1261.000000 126.000000 0.671682 -0.252380
199.000000 127.000000 -0.436694 -0.230243
805.000000 127.000000 0.153052 -0.215321
1007.000000 127.000000 0.354922 -0.224620
836.000000 128.000000 0.182511 -0.215259
1244.000000 128.000000 0.646953 -0.247783
728.000000 129.000000 0.081084 -0.211861
872.000000 129.000000 0.217235 -0.215549
1232.000000 129.000000 0.629848 -0.245054
864.000000 130.000000 0.209421 -0.214277
245.000000 131.000000 -0.384490 -0.222429
1027.000000 131.000000 0.376322 -0.221973
890.000000 132.000000 0.234735 -0.213339
1230.000000 132.000000 0.626649 -0.241449
874.000000 133.000000 0.219032 -0.211733
1087.000000 133.000000 0.443870 -0.224705
891.000000 134.000000 0.235637 -0.211429
826.000000 135.000000 0.172752 -0.208196
927.000000 135.000000 0.271399 -0.212045
1224.000000 135.000000 0.617897 -0.237348
1220.000000 136.000000 0.612231 -0.235737
826.000000 137.000000 0.172694 -0.206271
1153.000000 138.000000 0.523445 -0.225814
1236.000000 139.000000 0.634171 -0.234442
1239.000000 139.000000 0.638405 -0.234826
1071.000000 140.000000 0.424815 -0.216139
1215.000000 140.000000 0.604854 -0.230713
185.000000 142.000000 -0.451689 -0.215918
1213.000000 142.000000 0.601873 -0.228276
187.000000 143.000000 -0.449264 -0.214715
1228.000000 143.000000 0.622458 -0.229007
901.000000 146.000000 0.245005 -0.200158
1214.000000 146.000000 0.602763 -0.224016
1217.000000 146.000000 0.606875 -0.224372
1118.000000 147.000000 0.479368 -0.212908
1205.000000 147.000000 0.590408 -0.221872
1228.000000 147.000000 0.621968 -0.224596
901.000000 148.000000 0.244925 -0.198217
1214.000000 148.000000 0.602527 -0.221829
899.000000 149.000000 0.242913 -0.197168
1190.000000 149.000000 0.570116 -0.218012
1204.000000 150.000000 0.588714 -0.218496
196.000000 151.000000 -0.438162 -0.205751
873.000000 151.000000 0.217409 -0.194279
886.000000 151.000000 0.230075 -0.194740
1198.000000 151.000000 0.580542 -0.216738
861.000000 152.000000 0.205763 -0.192919
133.000000 156.000000 -0.513199 -0.205983
158.000000 156.000000 -0.482569 -0.203732
1209.000000 156.000000 0.594802 -0.212546
1213.000000 156.000000 0.600242 -0.212994
1181.000000 157.000000 0.557427 -0.208462
1191.000000 157.000000 0.570574 -0.209509
133.000000 158.000000 -0.513013 -0.203883
856.000000 158.000000 0.200761 -0.187009
889.000000 158.000000 0.232756 -0.188097
1047.000000 159.000000 0.396404 -0.195070
1211.000000 159.000000 0.597185 -0.209514
86.000000 160.000000 -0.573131 -0.206390
1057.000000 160.000000 0.407484 -0.194739
1081.000000 160.000000 0.434731 -0.196460
1190.000000 160.000000 0.568937 -0.206184
861.000000 161.000000 0.205481 -0.184290
1173.000000 161.000000 0.546635 -0.203391
856.000000 162.000000 0.200641 -0.183184
1186.000000 162.000000 0.563461 -0.203631
1209.000000 162.000000 0.594144 -0.206047
1176.000000 164.000000 0.550218 -0.200500
970.000000 166.000000 0.313715 -0.183725
1131.000000 166.000000 0.493469 -0.194279
1187.000000 166.000000 0.564371 -0.199461
1176.000000 167.000000 0.549926 -0.197316
868.000000 168.000000 0.212018 -0.177813
1115.000000 169.000000 0.473899 -0.189863
1155.000000 169.000000 0.522941 -0.193249
155.000000 170.000000 -0.485016 -0.189486
1184.000000 170.000000 0.560044 -0.194905
1186.000000 172.000000 0.562469 -0.192972
870.000000 173.000000 0.213798 -0.173103
988.000000 173.000000 0.332081 -0.177750
181.000000 174.000000 -0.453838 -0.183388
1165.000000 174.000000 0.535149 -0.188900
1182.000000 174.000000 0.557050 -0.190467
93.000000 175.000000 -0.562432 -0.189691
1180.000000 175.000000 0.554354 -0.189221
931.000000 176.000000 0.273639 -0.172319
1187.000000 176.000000 0.563397 -0.188819
152.000000 177.000000 -0.488082 -0.182506
974.000000 177.000000 0.317329 -0.173170
1236.000000 177.000000 0.629737 -0.192658
946.000000 178.000000 0.288657 -0.170985
152.000000 179.000000 -0.487926 -0.180446
1157.000000 179.000000 0.524581 -0.182960
1164.000000 179.000000 0.533434 -0.183564
899.000000 180.000000 0.241794 -0.167332
988.000000 181.000000 0.331693 -0.169919
1145.000000 181.000000 0.509431 -0.179878
1160.000000 181.000000 0.528194 -0.181127
1180.000000 181.000000 0.553803 -0.182880
807.000000 182.000000 0.153659 -0.163024
872.000000 182.000000 0.215466 -0.164596
887.000000 182.000000 0.230007 -0.165041
1168.000000 182.000000 0.538268 -0.180767
956.000000 183.000000 0.298601 -0.166558
1147.000000 183.000000 0.511749 -0.177965
171.000000 184.000000 -0.464862 -0.173919
1266.000000 184.000000 0.671797 -0.188174
1172.000000 185.000000 0.543128 -0.177967
1174.000000 185.000000 0.545697 -0.178140
157.000000 186.000000 -0.481377 -0.172884
908.000000 186.000000 0.250441 -0.161895
970.000000 186.000000 0.312805 -0.164240
1177.000000 186.000000 0.549477 -0.177349
1140.000000 187.000000 0.502786 -0.173273
1168.000000 187.000000 0.537841 -0.175532
1257.000000 187.000000 0.658482 -0.183931
1142.000000 188.000000 0.505170 -0.172395
94.000000 189.000000 -0.559860 -0.174802
183.000000 189.000000 -0.450467 -0.168025
681.000000 189.000000 0.037447 -0.154977
1140.000000 189.000000 0.502632 -0.171210
1147.000000 189.000000 0.511272 -0.171750
1150.000000 189.000000 0.514999 -0.171985
1156.000000 189.000000 0.522497 -0.172462
160.000000 190.000000 -0.477497 -0.168579
960.000000 190.000000 0.302394 -0.159953
1167.000000 190.000000 0.536317 -0.172314
905.000000 191.000000 0.247328 -0.157027
958.000000 191.000000 0.300315 -0.158908
1140.000000 191.000000 0.502480 -0.169149
1153.000000 191.000000 0.518582 -0.170148
1155.000000 191.000000 0.521084 -0.170306
1201.000000 191.000000 0.580525 -0.174187
831.000000 192.000000 0.176052 -0.154120
1226.000000 192.000000 0.614335 -0.175427
1159.000000 193.000000 0.525949 -0.168545
1161.000000 193.000000 0.528470 -0.168704
1201.000000 193.000000 0.580346 -0.172065
811.000000 194.000000 0.157178 -0.151838
1128.000000 194.000000 0.487640 -0.165189
1156.000000 194.000000 0.522102 -0.167273
896.000000 195.000000 0.238390 -0.152946
948.000000 195.000000 0.290017 -0.154674
1152.000000 195.000000 0.517025 -0.165930
898.000000 196.000000 0.240315 -0.152056
677.000000 197.000000 0.033772 -0.147541
950.000000 197.000000 0.291965 -0.152825
1126.000000 198.000000 0.484946 -0.160961
1152.000000 198.000000 0.516798 -0.162830
878.000000 199.000000 0.220793 -0.148653
955.000000 200.000000 0.296921 -0.150127
1124.000000 200.000000 0.482403 -0.158786
1151.000000 200.000000 0.515405 -0.160691
1101.000000 201.000000 0.455096 -0.156279
879.000000 202.000000 0.221681 -0.145845
933.000000 203.000000 0.274670 -0.146486
1128.000000 203.000000 0.487017 -0.155998
1101.000000 204.000000 0.454911 -0.153255
857.000000 206.000000 0.200448 -0.141543
1123.000000 206.000000 0.480806 -0.152616
1236.000000 206.000000 0.626922 -0.161296
216.000000 207.000000 -0.411820 -0.148065
660.000000 207.000000 0.018295 -0.138249
1112.000000 207.000000 0.467648 -0.150905
211.000000 208.000000 -0.417365 -0.147336
874.000000 208.000000 0.216705 -0.140063
676.000000 209.000000 0.032818 -0.136449
943.000000 210.000000 0.284457 -0.140132
1109.000000 210.000000 0.463926 -0.147694
1118.000000 211.000000 0.474518 -0.147231
1123.000000 211.000000 0.480488 -0.147541
856.000000 212.000000 0.199361 -0.135891
1258.000000 212.000000 0.657515 -0.156769
240.000000 213.000000 -0.385068 -0.140971
1108.000000 213.000000 0.462571 -0.144613
1213.000000 213.000000 0.594756 -0.151891
1274.000000 213.000000 0.680602 -0.157110
1115.000000 214.000000 0.470774 -0.144019
204.000000 216.000000 -0.424831 -0.139763
1054.000000 216.000000 0.400891 -0.138761
1106.000000 216.000000 0.460050 -0.141480
1096.000000 217.000000 0.448345 -0.139919
864.000000 218.000000 0.206875 -0.130443
1099.000000 218.000000 0.451770 -0.139083
922.000000 220.000000 0.263221 -0.129990
1119.000000 220.000000 0.475172 -0.138200
997.000000 221.000000 0.339408 -0.131471
1105.000000 221.000000 0.458600 -0.136407
1188.000000 221.000000 0.560984 -0.141607
1230.000000 221.000000 0.617338 -0.144751
886.000000 222.000000 0.227956 -0.127185
923.000000 222.000000 0.264155 -0.128125
1086.000000 222.000000 0.436573 -0.134404
1260.000000 222.000000 0.659528 -0.146106
1106.000000 223.000000 0.459661 -0.134457
1200.000000 223.000000 0.576607 -0.140376
1276.000000 224.000000 0.682574 -0.145266
1079.000000 225.000000 0.428450 -0.131078
1221.000000 225.000000 0.604681 -0.139815
1105.000000 226.000000 0.458331 -0.131399
1107.000000 226.000000 0.460671 -0.131505
1103.000000 227.000000 0.455944 -0.130295
1080.000000 228.000000 0.429440 -0.128155
1097.000000 228.000000 0.448924 -0.128989
863.000000 229.000000 0.205692 -0.120136
1077.000000 229.000000 0.425994 -0.127024
1102.000000 229.000000 0.454677 -0.128246
1217.000000 229.000000 0.598951 -0.135297
1264.000000 229.000000 0.664720 -0.138858
919.000000 230.000000 0.259992 -0.120460
1215.000000 230.000000 0.596173 -0.134101
1087.000000 231.000000 0.437272 -0.125516
1091.000000 231.000000 0.441857 -0.125708
1099.000000 231.000000 0.451091 -0.126100
1263.000000 231.000000 0.663121 -0.136617
931.000000 232.000000 0.271819 -0.118882
1081.000000 232.000000 0.430388 -0.124243
1077.000000 233.000000 0.425809 -0.123072
1222.000000 233.000000 0.605463 -0.131434
888.000000 234.000000 0.229623 -0.115976
1272.000000 234.000000 0.675927 -0.134067
196.000000 235.000000 -0.432979 -0.121335
1093.000000 235.000000 0.443966 -0.121831
1097.000000 235.000000 0.448580 -0.122021
193.000000 236.000000 -0.436349 -0.120482
1076.000000 236.000000 0.424546 -0.120067
1237.000000 237.000000 0.625847 -0.128257
255.000000 238.000000 -0.367864 -0.116013
1072.000000 239.000000 0.419912 -0.116940
1242.000000 239.000000 0.632687 -0.126481
987.000000 240.000000 0.328352 -0.112877
1135.000000 240.000000 0.493275 -0.118905
1137.000000 240.000000 0.495699 -0.119008
964.000000 241.000000 0.304731 -0.111248
898.000000 243.000000 0.239132 -0.107763
1264.000000 243.000000 0.663670 -0.123750
984.000000 246.000000 0.325072 -0.107055
988.000000 246.000000 0.329207 -0.107172
972.000000 247.000000 0.312720 -0.105765
976.000000 247.000000 0.316814 -0.105876
981.000000 247.000000 0.321951 -0.106016
138.000000 248.000000 -0.500533 -0.111095
886.000000 249.000000 0.227391 -0.101923
1121.000000 249.000000 0.476049 -0.109183
969.000000 250.000000 0.309577 -0.102835
1121.000000 251.000000 0.475959 -0.107184
132.000000 252.000000 -0.507666 -0.107348
258.000000 252.000000 -0.364194 -0.102399
965.000000 253.000000 0.305429 -0.099886
1010.000000 253.000000 0.351987 -0.101121
1077.000000 253.000000 0.424977 -0.103385
892.000000 254.000000 0.233098 -0.097372
962.000000 254.000000 0.302360 -0.098864
1016.000000 254.000000 0.358301 -0.100341
1079.000000 254.000000 0.427196 -0.102479
1085.000000 255.000000 0.433961 -0.101724
143.000000 256.000000 -0.494097 -0.102810
960.000000 256.000000 0.300286 -0.096923
1029.000000 256.000000 0.372104 -0.098814
1063.000000 256.000000 0.409203 -0.099938
140.000000 257.000000 -0.497682 -0.101939
246.000000 257.000000 -0.376881 -0.097953
1031.000000 257.000000 0.374221 -0.097911
954.000000 258.000000 0.294183 -0.094893
958.000000 258.000000 0.298217 -0.094985
1025.000000 258.000000 0.367760 -0.096764
1085.000000 258.000000 0.433848 -0.098774
943.000000 259.000000 0.283126 -0.093705
1127.000000 259.000000 0.482759 -0.099448
1141.000000 259.000000 0.499645 -0.100053
954.000000 260.000000 0.294137 -0.093005
1033.000000 260.000000 0.376280 -0.095078
952.000000 262.000000 0.292081 -0.091075
1001.000000 263.000000 0.342259 -0.091298
1034.000000 263.000000 0.377267 -0.092213
951.000000 264.000000 0.291033 -0.089169
1021.000000 264.000000 0.363321 -0.090879
1029.000000 264.000000 0.371865 -0.091105
1063.000000 264.000000 0.408933 -0.092140
1078.000000 264.000000 0.425708 -0.092637
1093.000000 264.000000 0.442764 -0.093162
968.000000 265.000000 0.308193 -0.088596
1257.000000 265.000000 0.652233 -0.099742
1021.000000 267.000000 0.363239 -0.087999
932.000000 268.000000 0.271999 -0.085031
1021.000000 269.000000 0.363186 -0.086080
924.000000 270.000000 0.264057 -0.083013
946.000000 270.000000 0.285899 -0.083422
993.000000 270.000000 0.333755 -0.084429
1026.000000 270.000000 0.368489 -0.085252
1029.000000 270.000000 0.371699 -0.085332
1040.000000 270.000000 0.383547 -0.085633
1042.000000 270.000000 0.385715 -0.085689
1005.000000 272.000000 0.346220 -0.082808
1007.000000 272.000000 0.348318 -0.082856
48.000000 273.000000 -0.615555 -0.089860
1017.000000 273.000000 0.358838 -0.082145
42.000000 274.000000 -0.623772 -0.089104
1004.000000 274.000000 0.345125 -0.080877
895.000000 275.000000 0.235656 -0.077884
1056.000000 275.000000 0.400870 -0.081244
47.000000 276.000000 -0.616784 -0.086765
967.000000 276.000000 0.306944 -0.078185
969.000000 276.000000 0.308977 -0.078224
1013.000000 276.000000 0.354537 -0.079179
920.000000 277.000000 0.260002 -0.076407
923.000000 277.000000 0.262953 -0.076455
1038.000000 277.000000 0.381197 -0.078832
1053.000000 277.000000 0.397521 -0.079225
971.000000 278.000000 0.310973 -0.076376
994.000000 278.000000 0.334613 -0.076847
977.000000 279.000000 0.317078 -0.075549
1194.000000 279.000000 0.565551 -0.082015
943.000000 280.000000 0.282719 -0.073983
971.000000 280.000000 0.310934 -0.074488
1043.000000 280.000000 0.386535 -0.076068
1049.000000 281.000000 0.393040 -0.075254
1057.000000 281.000000 0.401809 -0.075459
1077.000000 281.000000 0.424057 -0.075996
942.000000 282.000000 0.281689 -0.072092
971.000000 282.000000 0.310896 -0.072601
1047.000000 282.000000 0.390834 -0.074239
1064.000000 282.000000 0.409515 -0.074672
1240.000000 282.000000 0.627421 -0.080887
1037.000000 283.000000 0.379971 -0.073035
1048.000000 284.000000 0.391875 -0.072334
1065.000000 284.000000 0.410573 -0.072757
1218.000000 284.000000 0.597187 -0.077847
1275.000000 284.000000 0.677200 -0.080371
1073.000000 285.000000 0.419462 -0.071992
1152.000000 285.000000 0.512094 -0.074345
943.000000 286.000000 0.282621 -0.068362
1237.000000 286.000000 0.623081 -0.076556
1153.000000 287.000000 0.513259 -0.072368
1274.000000 287.000000 0.675606 -0.077111
945.000000 288.000000 0.284585 -0.066521
1000.000000 288.000000 0.340650 -0.067470
1002.000000 288.000000 0.342736 -0.067508
1073.000000 288.000000 0.419386 -0.069073
1221.000000 288.000000 0.601080 -0.073814
934.000000 289.000000 0.273630 -0.065421
1081.000000 289.000000 0.428351 -0.068300
1217.000000 289.000000 0.595639 -0.072619
958.000000 290.000000 0.297592 -0.064848
1063.000000 291.000000 0.408186 -0.065922
1072.000000 291.000000 0.418194 -0.066133
946.000000 292.000000 0.285524 -0.062791
1032.000000 292.000000 0.374396 -0.064286
1088.000000 292.000000 0.436207 -0.065547
958.000000 293.000000 0.297546 -0.062032
1051.000000 293.000000 0.394945 -0.063722
1067.000000 293.000000 0.412576 -0.064075
1073.000000 293.000000 0.419265 -0.064213
984.000000 294.000000 0.323984 -0.061502
1040.000000 294.000000 0.382969 -0.062530
1079.000000 295.000000 0.425952 -0.062406
1206.000000 295.000000 0.580724 -0.066019
976.000000 296.000000 0.315756 -0.059486
1072.000000 296.000000 0.418080 -0.061277
1082.000000 296.000000 0.429311 -0.061501
983.000000 297.000000 0.322908 -0.058652
1056.000000 298.000000 0.400318 -0.059003
1216.000000 299.000000 0.593935 -0.062227
1084.000000 300.000000 0.431484 -0.057648
936.000000 301.000000 0.275452 -0.054248
1054.000000 301.000000 0.398065 -0.056070
1071.000000 301.000000 0.416858 -0.056404
1272.000000 302.000000 0.672097 -0.061003
981.000000 303.000000 0.320767 -0.052962
937.000000 304.000000 0.276409 -0.051462
970.000000 304.000000 0.309530 -0.051871
976.000000 305.000000 0.315626 -0.051010
1086.000000 305.000000 0.433645 -0.052816
1137.000000 305.000000 0.493246 -0.053921
1208.000000 307.000000 0.583003 -0.053730
1058.000000 308.000000 0.402330 -0.049393
1067.000000 308.000000 0.412274 -0.049549
1100.000000 308.000000 0.449586 -0.050162
1070.000000 309.000000 0.415593 -0.048633
1269.000000 309.000000 0.667521 -0.053448
974.000000 310.000000 0.313523 -0.046281
1274.000000 310.000000 0.674737 -0.052538
996.000000 311.000000 0.336124 -0.045610
1027.000000 311.000000 0.368719 -0.046030
1036.000000 312.000000 0.378343 -0.045204
931.000000 313.000000 0.270376 -0.043017
974.000000 313.000000 0.313489 -0.043461
1033.000000 313.000000 0.375107 -0.044205
1049.000000 314.000000 0.392385 -0.043476
1030.000000 315.000000 0.371867 -0.042253
1101.000000 315.000000 0.450609 -0.043327
593.000000 316.000000 -0.042221 -0.039038
934.000000 317.000000 0.273305 -0.039322
946.000000 317.000000 0.285226 -0.039430
1030.000000 317.000000 0.371841 -0.040344
1055.000000 317.000000 0.398897 -0.040676
1016.000000 318.000000 0.356960 -0.039220
1020.000000 318.000000 0.361189 -0.039268
1073.000000 318.000000 0.418795 -0.039966
959.000000 319.000000 0.298236 -0.037681
1014.000000 320.000000 0.354829 -0.037297
1025.000000 320.000000 0.366473 -0.037422
1257.000000 320.000000 0.650020 -0.041469
1014.000000 322.000000 0.354807 -0.035398
952.000000 323.000000 0.291172 -0.033881
975.000000 324.000000 0.314398 -0.033136
1225.000000 324.000000 0.605437 -0.036589
996.000000 325.000000 0.335971 -0.032381
121.000000 326.000000 -0.518845 -0.033357
958.000000 326.000000 0.297171 -0.031124
1025.000000 326.000000 0.366408 -0.031707
1107.000000 326.000000 0.457384 -0.032642
1044.000000 328.000000 0.386782 -0.029984
975.000000 329.000000 0.314358 -0.028442
1078.000000 329.000000 0.424254 -0.029373
1108.000000 329.000000 0.458507 -0.029714
1251.000000 329.000000 0.641338 -0.031869
1269.000000 329.000000 0.667022 -0.032203
122.000000 330.000000 -0.517552 -0.029339
1034.000000 330.000000 0.375984 -0.027977
1037.000000 330.000000 0.379207 -0.028004
1088.000000 330.000000 0.435531 -0.028510
952.000000 331.000000 0.291114 -0.026412
968.000000 331.000000 0.307231 -0.026516
1090.000000 332.000000 0.437782 -0.026585
1190.000000 332.000000 0.558890 -0.027789
1269.000000 332.000000 0.666968 -0.029019
1196.000000 334.000000 0.566656 -0.025834
1031.000000 335.000000 0.372730 -0.023182
972.000000 336.000000 0.311259 -0.021854
1000.000000 336.000000 0.340039 -0.022022
1019.000000 336.000000 0.359962 -0.022146
1069.000000 336.000000 0.414136 -0.022516
1093.000000 336.000000 0.441163 -0.022719
951.000000 337.000000 0.290079 -0.020808
1002.000000 337.000000 0.342115 -0.021089
1072.000000 337.000000 0.417468 -0.021574
1096.000000 337.000000 0.444584 -0.021770
1247.000000 337.000000 0.635589 -0.023415
117.000000 338.000000 -0.523649 -0.021386
1000.000000 338.000000 0.340027 -0.020132
1076.000000 338.000000 0.421929 -0.020637
960.000000 339.000000 0.299104 -0.018984
1070.000000 339.000000 0.415225 -0.019627
1245.000000 339.000000 0.632765 -0.021296
1272.000000 339.000000 0.671204 -0.021633
1034.000000 340.000000 0.375910 -0.018433
1117.000000 340.000000 0.468909 -0.019005
1025.000000 341.000000 0.366294 -0.017429
960.000000 343.000000 0.299087 -0.015245
1021.000000 343.000000 0.362038 -0.015507
1203.000000 344.000000 0.575722 -0.015698
962.000000 345.000000 0.301095 -0.013383
991.000000 345.000000 0.330672 -0.013486
1018.000000 345.000000 0.358856 -0.013594
1028.000000 345.000000 0.369468 -0.013636
1087.000000 345.000000 0.434275 -0.013921
1252.000000 345.000000 0.642532 -0.015081
1273.000000 345.000000 0.672588 -0.015269
964.000000 347.000000 0.303107 -0.011519
1075.000000 347.000000 0.420756 -0.011924
1216.000000 347.000000 0.592977 -0.012719
1253.000000 347.000000 0.643928 -0.012989
969.000000 348.000000 0.308164 -0.010597
1077.000000 348.000000 0.422991 -0.010965
1089.000000 348.000000 0.436530 -0.011015
1053.000000 349.000000 0.396432 -0.009910
1055.000000 349.000000 0.398620 -0.009917
1073.000000 349.000000 0.418514 -0.009982
1161.000000 349.000000 0.521975 -0.010362
1080.000000 350.000000 0.426351 -0.009039
103.000000 351.000000 -0.541111 -0.008418
136.000000 351.000000 -0.500253 -0.008285
970.000000 351.000000 0.309171 -0.007790
1041.000000 351.000000 0.383394 -0.007958
972.000000 352.000000 0.311199 -0.006857
1057.000000 352.000000 0.400802 -0.007041
1060.000000 352.000000 0.404099 -0.007049
1069.000000 352.000000 0.414050 -0.007072
1249.000000 352.000000 0.638261 -0.007719
157.000000 353.000000 -0.475144 -0.006239
1209.000000 353.000000 0.583602 -0.006517
1039.000000 354.000000 0.381230 -0.005086
130.000000 355.000000 -0.507538 -0.004324
1019.000000 355.000000 0.359885 -0.004103
1044.000000 355.000000 0.386629 -0.004139
1107.000000 355.000000 0.457167 -0.004243
971.000000 356.000000 0.310178 -0.003107
975.000000 356.000000 0.314246 -0.003111
989.000000 356.000000 0.328584 -0.003124
1256.000000 356.000000 0.648131 -0.003543
130.000000 357.000000 -0.507534 -0.002333
132.000000 357.000000 -0.505096 -0.002330
973.000000 357.000000 0.312210 -0.002172
1032.000000 357.000000 0.373710 -0.002215
1070.000000 357.000000 0.415153 -0.002248
1157.000000 357.000000 0.516994 -0.002343
1025.000000 359.000000 0.366243 -0.000307
1067.000000 359.000000 0.411821 -0.000317
1165.000000 359.000000 0.526930 -0.000347
1255.000000 359.000000 0.646709 -0.000387
1034.000000 360.000000 0.375851 0.000645
1063.000000 360.000000 0.407396 0.000647
59.000000 361.000000 -0.598521 0.001692
1029.000000 361.000000 0.370503 0.001596
1048.000000 361.000000 0.390965 0.001604
1157.000000 361.000000 0.516993 0.001656
1165.000000 361.000000 0.526931 0.001660
61.000000 362.000000 -0.595834 0.002721
1097.000000 362.000000 0.445634 0.002600
55.000000 363.000000 -0.603922 0.003761
1044.000000 363.000000 0.386627 0.003516
1083.000000 363.000000 0.429715 0.003558
1035.000000 365.000000 0.376928 0.005415
1046.000000 365.000000 0.388797 0.005433
1101.000000 365.000000 0.450234 0.005533
96.000000 366.000000 -0.550004 0.006729
1167.000000 366.000000 0.529441 0.006684
1184.000000 366.000000 0.550981 0.006735
102.000000 367.000000 -0.542371 0.007719
116.000000 367.000000 -0.524794 0.007672
1069.000000 367.000000 0.414049 0.007402
56.000000 368.000000 -0.602585 0.008922
1111.000000 368.000000 0.461826 0.008494
1037.000000 369.000000 0.379085 0.009237
1049.000000 369.000000 0.392066 0.009271
1090.000000 369.000000 0.437657 0.009401
1159.000000 369.000000 0.519486 0.009663
100.000000 370.000000 -0.544922 0.010756
1099.000000 371.000000 0.447952 0.011384
1104.000000 371.000000 0.453714 0.011405
1208.000000 371.000000 0.582296 0.011936
1090.000000 372.000000 0.437669 0.012318
1162.000000 372.000000 0.523225 0.012683
1186.000000 372.000000 0.553576 0.012823
1192.000000 372.000000 0.561322 0.012860
111.000000 373.000000 -0.531062 0.013716
128.000000 373.000000 -0.510016 0.013614
1041.000000 373.000000 0.383409 0.013072
126.000000 374.000000 -0.512474 0.014623
997.000000 374.000000 0.336877 0.013849
1053.000000 374.000000 0.396446 0.014082
1165.000000 374.000000 0.526977 0.014707
1059.000000 375.000000 0.403027 0.015072
132.000000 376.000000 -0.505152 0.016576
1094.000000 376.000000 0.442249 0.016233
1166.000000 376.000000 0.528242 0.016722
119.000000 377.000000 -0.521127 0.017672
1054.000000 377.000000 0.397555 0.016968
1205.000000 377.000000 0.578371 0.018060
1096.000000 378.000000 0.444549 0.018195
1122.000000 378.000000 0.474786 0.018380
1200.000000 378.000000 0.571800 0.019036
1134.000000 379.000000 0.489077 0.019461
1233.000000 379.000000 0.616114 0.020400
1086.000000 380.000000 0.433177 0.020070
1095.000000 380.000000 0.443419 0.020137
1201.000000 380.000000 0.573133 0.021089
1043.000000 381.000000 0.385613 0.020735
1093.000000 381.000000 0.441142 0.021096
1127.000000 381.000000 0.480736 0.021379
1237.000000 381.000000 0.621650 0.022527
1014.000000 382.000000 0.354677 0.021501
1205.000000 382.000000 0.578423 0.023180
121.000000 383.000000 -0.518708 0.023659
1011.000000 383.000000 0.351530 0.022430
1051.000000 383.000000 0.394317 0.022708
1133.000000 383.000000 0.487915 0.023412
1147.000000 383.000000 0.504837 0.023553
1013.000000 384.000000 0.353638 0.023392
1042.000000 384.000000 0.384553 0.023599
1083.000000 384.000000 0.429818 0.023930
1129.000000 385.000000 0.483155 0.025350
1138.000000 385.000000 0.493944 0.025446
1140.000000 385.000000 0.496359 0.025468
1265.000000 385.000000 0.661163 0.027108
1017.000000 386.000000 0.357867 0.025318
1082.000000 386.000000 0.428708 0.025862
1084.000000 386.000000 0.430965 0.025881
1086.000000 386.000000 0.433228 0.025900
1133.000000 386.000000 0.487946 0.026383
1202.000000 386.000000 0.574519 0.027235
1020.000000 387.000000 0.361046 0.026291
1059.000000 387.000000 0.403111 0.026618
1143.000000 387.000000 0.500015 0.027490
1088.000000 388.000000 0.435515 0.027864
1137.000000 388.000000 0.492774 0.028411
389.000000 389.000000 -0.230876 0.027335
1023.000000 389.000000 0.364242 0.028217
1090.000000 389.000000 0.437798 0.028858
1210.000000 389.000000 0.585146 0.030427
1137.000000 390.000000 0.492799 0.030395
1232.000000 390.000000 0.614894 0.031818
1033.000000 391.000000 0.374926 0.030212
1158.000000 391.000000 0.518452 0.031678
1017.000000 392.000000 0.357917 0.031016
90.000000 393.000000 -0.557970 0.034160
1025.000000 393.000000 0.366404 0.032043
1143.000000 393.000000 0.500094 0.033458
1200.000000 393.000000 0.572000 0.034362
1269.000000 393.000000 0.667065 0.035657
92.000000 394.000000 -0.555411 0.035142
95.000000 394.000000 -0.551562 0.035091
1014.000000 394.000000 0.354772 0.032887
1020.000000 394.000000 0.361108 0.032946
1028.000000 394.000000 0.369609 0.033025
1033.000000 394.000000 0.374956 0.033076
1065.000000 394.000000 0.409803 0.033425
103.000000 395.000000 -0.541390 0.035968
1202.000000 395.000000 0.574663 0.036443
1205.000000 396.000000 0.578638 0.037524
1209.000000 396.000000 0.583938 0.037600
129.000000 398.000000 -0.509079 0.038538
1231.000000 398.000000 0.613676 0.040115
1267.000000 398.000000 0.664289 0.040919
1033.000000 399.000000 0.375011 0.037851
1052.000000 399.000000 0.395569 0.038083
1041.000000 400.000000 0.383632 0.038904
82.000000 401.000000 -0.568495 0.042459
102.000000 401.000000 -0.542768 0.042049
1016.000000 401.000000 0.356955 0.039557
1172.000000 401.000000 0.536120 0.041968
1051.000000 402.000000 0.394517 0.040953
1192.000000 402.000000 0.561736 0.043393
101.000000 403.000000 -0.544079 0.044093
1019.000000 403.000000 0.360149 0.041495
1053.000000 403.000000 0.396715 0.041942
99.000000 404.000000 -0.546645 0.045147
1152.000000 404.000000 0.511274 0.044586
1084.000000 405.000000 0.431210 0.044344
1107.000000 405.000000 0.457560 0.044733
1109.000000 406.000000 0.459903 0.045751
1076.000000 407.000000 0.422237 0.046156
84.000000 408.000000 -0.566049 0.049560
1080.000000 409.000000 0.426764 0.048165
1193.000000 409.000000 0.563197 0.050555
1114.000000 410.000000 0.465817 0.049780
1197.000000 410.000000 0.568438 0.051678
84.000000 411.000000 -0.566125 0.052624
1175.000000 411.000000 0.540138 0.052139
1108.000000 412.000000 0.458855 0.051626
1118.000000 412.000000 0.470555 0.051833
1122.000000 412.000000 0.475275 0.051918
33.000000 414.000000 -0.635010 0.057194
37.000000 414.000000 -0.629435 0.057069
1174.000000 414.000000 0.538947 0.055149
1190.000000 415.000000 0.559464 0.056596
1162.000000 416.000000 0.523924 0.056853
1215.000000 416.000000 0.592445 0.058351
1072.000000 417.000000 0.417944 0.055782
1175.000000 417.000000 0.540295 0.058212
30.000000 418.000000 -0.639342 0.061495
1214.000000 418.000000 0.591166 0.060386
34.000000 419.000000 -0.633777 0.062410
118.000000 419.000000 -0.523105 0.059822
1195.000000 419.000000 0.566079 0.060828
1208.000000 419.000000 0.583192 0.061229
1210.000000 419.000000 0.585853 0.061292
1073.000000 420.000000 0.419122 0.058714
1029.000000 421.000000 0.371059 0.058818
1110.000000 421.000000 0.461384 0.060522
1098.000000 422.000000 0.447510 0.061219
1172.000000 423.000000 0.536670 0.064200
1260.000000 423.000000 0.655011 0.067212
930.000000 424.000000 0.269585 0.060112
1173.000000 425.000000 0.537997 0.066256
1186.000000 427.000000 0.554665 0.068711
1096.000000 429.000000 0.445386 0.068031
1102.000000 430.000000 0.452324 0.069172
1039.000000 431.000000 0.382005 0.068606
1199.000000 431.000000 0.571717 0.073263
1100.000000 432.000000 0.450069 0.071083
1120.000000 433.000000 0.473448 0.072643
1122.000000 433.000000 0.475815 0.072703
1124.000000 433.000000 0.478187 0.072763
986.000000 434.000000 0.326193 0.070386
1092.000000 434.000000 0.440938 0.072825
1047.000000 435.000000 0.390774 0.072640
1088.000000 435.000000 0.436403 0.073694
1136.000000 435.000000 0.492611 0.075129
91.000000 437.000000 -0.557895 0.078960
1164.000000 437.000000 0.527076 0.078096
1187.000000 437.000000 0.556317 0.078958
1045.000000 440.000000 0.388721 0.077414
1169.000000 440.000000 0.533467 0.081319
1134.000000 442.000000 0.490437 0.082048
117.000000 443.000000 -0.525141 0.084054
861.000000 443.000000 0.203029 0.076847
1139.000000 443.000000 0.496511 0.083226
1142.000000 443.000000 0.500153 0.083335
995.000000 444.000000 0.335708 0.080056
1041.000000 444.000000 0.384482 0.081168
1127.000000 444.000000 0.482118 0.083796
1145.000000 444.000000 0.503846 0.084449
888.000000 445.000000 0.228902 0.079056
1090.000000 447.000000 0.439042 0.085515
891.000000 448.000000 0.231842 0.081885
893.000000 448.000000 0.233775 0.081915
1149.000000 448.000000 0.508898 0.088623
1047.000000 449.000000 0.391141 0.086160
1060.000000 449.000000 0.405411 0.086538
891.000000 450.000000 0.231872 0.083742
1197.000000 450.000000 0.569887 0.092727
1058.000000 451.000000 0.403263 0.088420
1150.000000 451.000000 0.510248 0.091684
1013.000000 452.000000 0.354749 0.088121
1201.000000 452.000000 0.575243 0.094981
1207.000000 452.000000 0.583191 0.095273
1042.000000 454.000000 0.385846 0.090848
1154.000000 454.000000 0.515308 0.094879
1131.000000 456.000000 0.487363 0.095926
1245.000000 456.000000 0.635329 0.101460
1177.000000 457.000000 0.544342 0.098968
1192.000000 457.000000 0.563688 0.099697
1136.000000 458.000000 0.493470 0.098137
1188.000000 458.000000 0.558539 0.100527
1204.000000 458.000000 0.579510 0.101339
1087.000000 460.000000 0.436069 0.098185
1138.000000 460.000000 0.495977 0.100231
1162.000000 460.000000 0.525529 0.101316
1143.000000 461.000000 0.502101 0.101457
1175.000000 461.000000 0.541986 0.102960
1177.000000 461.000000 0.544536 0.103058
1186.000000 461.000000 0.556101 0.103510
1188.000000 461.000000 0.558690 0.103612
1157.000000 462.000000 0.519388 0.103110
1206.000000 462.000000 0.582378 0.105595
997.000000 463.000000 0.338260 0.098210
1143.000000 463.000000 0.502192 0.103471
1162.000000 463.000000 0.525672 0.104364
1229.000000 463.000000 0.613518 0.107933
982.000000 464.000000 0.322751 0.098761
1069.000000 464.000000 0.415905 0.101453
1141.000000 464.000000 0.499799 0.104387
1175.000000 464.000000 0.542136 0.106027
1192.000000 464.000000 0.564048 0.106912
1204.000000 464.000000 0.579831 0.107562
1115.000000 465.000000 0.468706 0.104242
1133.000000 465.000000 0.490155 0.105030
1045.000000 466.000000 0.389489 0.102564
1165.000000 466.000000 0.529583 0.107564
1209.000000 466.000000 0.586599 0.109922
1064.000000 467.000000 0.410440 0.104204
1076.000000 467.000000 0.423869 0.104651
1175.000000 467.000000 0.542290 0.109098
1237.000000 467.000000 0.624807 0.112629
1173.000000 468.000000 0.539797 0.110017
1195.000000 468.000000 0.568189 0.111208
1239.000000 468.000000 0.627651 0.113811
1012.000000 469.000000 0.354176 0.104395
1074.000000 469.000000 0.421695 0.106537
1178.000000 469.000000 0.546228 0.111307
967.000000 470.000000 0.307555 0.104069
1196.000000 470.000000 0.569613 0.113335
1236.000000 470.000000 0.623605 0.115739
1234.000000 472.000000 0.620961 0.117727
1174.000000 473.000000 0.541339 0.115192
1176.000000 473.000000 0.543889 0.115302
1192.000000 473.000000 0.564549 0.116209
1209.000000 473.000000 0.587010 0.117219
1152.000000 474.000000 0.513784 0.115033
1162.000000 475.000000 0.526287 0.116581
1211.000000 475.000000 0.589811 0.119430
1216.000000 475.000000 0.596540 0.119743
1030.000000 476.000000 0.373593 0.111739
1177.000000 476.000000 0.545336 0.118439
1083.000000 477.000000 0.432192 0.114772
1091.000000 477.000000 0.441327 0.115118
1093.000000 477.000000 0.443623 0.115206
1100.000000 477.000000 0.451704 0.115519
1063.000000 478.000000 0.409749 0.114928
1206.000000 478.000000 0.583316 0.122251
312.000000 479.000000 -0.308352 0.112603
1056.000000 479.000000 0.402032 0.115627
1065.000000 479.000000 0.412017 0.115989
1193.000000 479.000000 0.566215 0.122483
1216.000000 479.000000 0.596796 0.123938
1176.000000 480.000000 0.544290 0.122493
1206.000000 480.000000 0.583443 0.124339
1213.000000 480.000000 0.592816 0.124791
1082.000000 481.000000 0.431230 0.118677
1189.000000 481.000000 0.561118 0.124309
1195.000000 481.000000 0.568959 0.124683
505.000000 482.000000 -0.122761 0.111733
1088.000000 482.000000 0.438113 0.119934
1186.000000 482.000000 0.557283 0.125159
1202.000000 482.000000 0.578256 0.126168
1048.000000 483.000000 0.393392 0.119217
1144.000000 483.000000 0.504419 0.123736
1182.000000 483.000000 0.552173 0.125946
1198.000000 483.000000 0.573033 0.126953
1221.000000 483.000000 0.603844 0.128477
4.000000 484.000000 -0.680142 0.133364
1172.000000 484.000000 0.539428 0.126368
1210.000000 484.000000 0.589051 0.128785
1206.000000 485.000000 0.583770 0.129564
1225.000000 485.000000 0.609442 0.130864
1008.000000 486.000000 0.350514 0.120626
1173.000000 486.000000 0.540822 0.128485
1187.000000 486.000000 0.558832 0.129363
1078.000000 487.000000 0.426963 0.124424
1149.000000 487.000000 0.510791 0.128080
501.000000 488.000000 -0.126518 0.117304
1188.000000 489.000000 0.560326 0.132539
1161.000000 490.000000 0.525898 0.131856
99.000000 491.000000 -0.550393 0.134026
1034.000000 491.000000 0.378473 0.126454
1097.000000 491.000000 0.448898 0.129304
1150.000000 491.000000 0.512261 0.132214
995.000000 494.000000 0.337155 0.127873
1168.000000 495.000000 0.535039 0.137434
974.000000 497.000000 0.315519 0.130024
1087.000000 497.000000 0.437691 0.134770
1188.000000 497.000000 0.560869 0.140853
989.000000 499.000000 0.331085 0.132471
1192.000000 499.000000 0.566236 0.143220
1003.000000 500.000000 0.345764 0.133962
1195.000000 500.000000 0.570248 0.144482
1212.000000 501.000000 0.592960 0.146804
1069.000000 502.000000 0.417533 0.138824
1066.000000 503.000000 0.414218 0.139664
1200.000000 503.000000 0.577074 0.147996
21.000000 504.000000 -0.657221 0.153663
1066.000000 505.000000 0.414318 0.141643
959.000000 507.000000 0.300541 0.139091
993.000000 507.000000 0.335555 0.140340
1201.000000 507.000000 0.578708 0.152275
1233.000000 507.000000 0.622165 0.154867
981.000000 508.000000 0.323124 0.140844
1263.000000 508.000000 0.664725 0.158550
1209.000000 509.000000 0.589553 0.155017
83.000000 510.000000 -0.572563 0.154959
1130.000000 510.000000 0.489000 0.150321
1168.000000 510.000000 0.536070 0.152924
1198.000000 510.000000 0.574965 0.155195
945.000000 511.000000 0.286520 0.142444
1107.000000 511.000000 0.461662 0.149897
1220.000000 511.000000 0.604611 0.158043
985.000000 512.000000 0.327422 0.144858
961.000000 513.000000 0.302787 0.144915
1197.000000 513.000000 0.573881 0.158270
1203.000000 513.000000 0.581847 0.158756
1208.000000 513.000000 0.588537 0.159166
1096.000000 514.000000 0.449000 0.152257
1192.000000 514.000000 0.567372 0.158921
1225.000000 515.000000 0.611800 0.162736
6.000000 516.000000 -0.679956 0.168090
1229.000000 516.000000 0.617401 0.164157
4.000000 517.000000 -0.682968 0.169378
1033.000000 517.000000 0.378549 0.151837
1080.000000 517.000000 0.430780 0.154328
1139.000000 517.000000 0.500414 0.158072
1223.000000 518.000000 0.609318 0.165767
1190.000000 519.000000 0.565153 0.164012
1203.000000 521.000000 0.582518 0.167214
1235.000000 521.000000 0.626183 0.170072
1237.000000 521.000000 0.628975 0.170258
1262.000000 521.000000 0.664494 0.172635
1266.000000 521.000000 0.670280 0.173024
1229.000000 522.000000 0.617943 0.170594
1264.000000 522.000000 0.667481 0.173924
37.000000 523.000000 -0.636266 0.172777
1037.000000 523.000000 0.383199 0.157943
1256.000000 523.000000 0.656060 0.174235
1026.000000 524.000000 0.371322 0.158371
1028.000000 524.000000 0.373481 0.158471
1084.000000 524.000000 0.435766 0.161576
1104.000000 524.000000 0.458956 0.162838
1202.000000 524.000000 0.581443 0.170306
1225.000000 524.000000 0.612608 0.172373
1231.000000 524.000000 0.620899 0.172931
55.000000 525.000000 -0.611475 0.173251
71.000000 525.000000 -0.589768 0.171804
1201.000000 526.000000 0.580286 0.172338
1237.000000 526.000000 0.629447 0.175656
819.000000 527.000000 0.164725 0.154212
1079.000000 527.000000 0.430233 0.164281
1138.000000 527.000000 0.499909 0.168265
963.000000 528.000000 0.305400 0.159438
52.000000 529.000000 -0.615973 0.177827
982.000000 529.000000 0.325014 0.161203
1118.000000 529.000000 0.475868 0.168867
3.000000 530.000000 -0.685723 0.183797
1137.000000 530.000000 0.498910 0.171277
1150.000000 531.000000 0.515030 0.173312
1112.000000 532.000000 0.468937 0.171504
1118.000000 532.000000 0.476081 0.171930
1136.000000 532.000000 0.497838 0.173260
1219.000000 532.000000 0.605131 0.180394
1090.000000 533.000000 0.443243 0.171019
1075.000000 534.000000 0.426114 0.171059
1088.000000 534.000000 0.441000 0.171897
1246.000000 534.000000 0.642911 0.185230
194.000000 535.000000 -0.438052 0.172659
1116.000000 535.000000 0.473910 0.174851
1162.000000 535.000000 0.530417 0.178447
1229.000000 535.000000 0.619188 0.184600
1107.000000 536.000000 0.463303 0.175225
1131.000000 536.000000 0.492048 0.176997
1271.000000 536.000000 0.679092 0.190046
1062.000000 537.000000 0.411624 0.173259
1124.000000 537.000000 0.483650 0.177493
1162.000000 537.000000 0.530586 0.180536
1220.000000 537.000000 0.606985 0.185865
1235.000000 537.000000 0.627739 0.187370
1251.000000 537.000000 0.650329 0.189025
1273.000000 537.000000 0.682123 0.191368
50.000000 538.000000 -0.619614 0.187729
1229.000000 538.000000 0.619489 0.187844
1248.000000 538.000000 0.646163 0.189804
1255.000000 538.000000 0.656154 0.190543
1112.000000 539.000000 0.469440 0.178648
49.000000 540.000000 -0.621201 0.189995
51.000000 540.000000 -0.618434 0.189791
1074.000000 540.000000 0.425362 0.177030
1217.000000 540.000000 0.603181 0.188797
1248.000000 540.000000 0.646374 0.191992
1129.000000 541.000000 0.490006 0.181993
1257.000000 541.000000 0.659346 0.194053
53.000000 542.000000 -0.615877 0.191751
797.000000 542.000000 0.144384 0.167874
971.000000 543.000000 0.314257 0.174333
1119.000000 543.000000 0.478097 0.183273
1215.000000 543.000000 0.600755 0.191825
1256.000000 543.000000 0.658127 0.196145
458.000000 544.000000 -0.167570 0.170248
853.000000 544.000000 0.197385 0.171054
866.000000 544.000000 0.209869 0.171417
54.000000 545.000000 -0.614809 0.194895
458.000000 546.000000 -0.167615 0.172138
1077.000000 546.000000 0.429180 0.183283
1223.000000 546.000000 0.612020 0.195887
1123.000000 547.000000 0.483221 0.187704
1256.000000 547.000000 0.658568 0.200552
55.000000 548.000000 -0.613745 0.198040
60.000000 548.000000 -0.606887 0.197517
947.000000 548.000000 0.289944 0.178136
1259.000000 548.000000 0.662998 0.201992
1104.000000 549.000000 0.460720 0.188279
1224.000000 549.000000 0.613716 0.199245
1023.000000 550.000000 0.369481 0.183894
1258.000000 550.000000 0.661783 0.204090
73.000000 551.000000 -0.589572 0.199406
962.000000 551.000000 0.305368 0.181719
1252.000000 551.000000 0.653284 0.204513
1263.000000 551.000000 0.669121 0.205768
1080.000000 552.000000 0.433032 0.189570
1098.000000 552.000000 0.453897 0.190893
1119.000000 552.000000 0.478808 0.192540
1233.000000 552.000000 0.626536 0.203486
1236.000000 553.000000 0.630846 0.204911
1238.000000 553.000000 0.633654 0.205135
60.000000 555.000000 -0.607630 0.205097
1254.000000 555.000000 0.656608 0.209159
1115.000000 556.000000 0.474338 0.196342
1168.000000 556.000000 0.539947 0.201056
1234.000000 556.000000 0.628380 0.207971
1243.000000 556.000000 0.641048 0.208994
1247.000000 556.000000 0.646724 0.209454
992.000000 557.000000 0.336822 0.189097
1117.000000 557.000000 0.476817 0.197539
76.000000 558.000000 -0.586274 0.206627
1122.000000 558.000000 0.482919 0.198993
1148.000000 559.000000 0.514932 0.202334
55.000000 560.000000 -0.615050 0.211086
1052.000000 560.000000 0.401930 0.195715
1248.000000 560.000000 0.648614 0.213986
65.000000 561.000000 -0.601460 0.211061
1077.000000 562.000000 0.430323 0.199521
1082.000000 562.000000 0.436068 0.199897
1127.000000 562.000000 0.489324 0.203579
321.000000 563.000000 -0.302381 0.193230
1230.000000 563.000000 0.623594 0.215184
1047.000000 564.000000 0.396640 0.199409
526.000000 565.000000 -0.104456 0.188794
893.000000 565.000000 0.236806 0.192432
1154.000000 566.000000 0.523123 0.210274
850.000000 567.000000 0.195169 0.192909
1010.000000 567.000000 0.356500 0.200040
1043.000000 567.000000 0.392413 0.202162
1045.000000 567.000000 0.394627 0.202299
1245.000000 567.000000 0.645183 0.221373
884.000000 568.000000 0.228106 0.194998
1023.000000 569.000000 0.370639 0.202850
1091.000000 569.000000 0.447051 0.207778
1116.000000 569.000000 0.476642 0.209894
1156.000000 569.000000 0.525944 0.213645
440.000000 570.000000 -0.185320 0.195441
658.000000 570.000000 0.016606 0.192664
1043.000000 570.000000 0.392619 0.205190
1163.000000 570.000000 0.534939 0.215412
1242.000000 571.000000 0.641415 0.225438
1133.000000 572.000000 0.497569 0.214579
61.000000 573.000000 -0.608297 0.224600
1018.000000 573.000000 0.365482 0.206539
1041.000000 573.000000 0.390616 0.208082
1061.000000 573.000000 0.412952 0.209530
1135.000000 573.000000 0.500124 0.215819
967.000000 574.000000 0.311659 0.204539
1245.000000 574.000000 0.646047 0.229141
1247.000000 574.000000 0.648895 0.229393
935.000000 575.000000 0.279016 0.203918
981.000000 575.000000 0.326275 0.206298
1072.000000 575.000000 0.425598 0.212417
811.000000 576.000000 0.158297 0.200442
907.000000 576.000000 0.251047 0.203650
1083.000000 577.000000 0.438411 0.215357
1158.000000 577.000000 0.529294 0.222347
1223.000000 577.000000 0.615539 0.229733
3.000000 578.000000 -0.691352 0.237436
899.000000 578.000000 0.243216 0.205265
943.000000 578.000000 0.287265 0.207248
1013.000000 578.000000 0.360412 0.211233
58.000000 579.000000 -0.613142 0.231546
915.000000 579.000000 0.259130 0.206920
977.000000 580.000000 0.322379 0.211035
1144.000000 580.000000 0.511974 0.224094
818.000000 581.000000 0.165055 0.205419
936.000000 581.000000 0.280314 0.209854
54.000000 582.000000 -0.619041 0.235348
1051.000000 583.000000 0.402468 0.218968
1091.000000 584.000000 0.448318 0.223272
960.000000 585.000000 0.305027 0.215045
1085.000000 585.000000 0.441407 0.223786
1197.000000 585.000000 0.581088 0.235348
918.000000 586.000000 0.262443 0.213909
999.000000 586.000000 0.345936 0.218360
1028.000000 586.000000 0.377238 0.220322
1049.000000 586.000000 0.400461 0.221878
1183.000000 586.000000 0.562613 0.234779
338.000000 587.000000 -0.286236 0.215982
1161.000000 587.000000 0.534191 0.233361
1171.000000 587.000000 0.547060 0.234480
1178.000000 587.000000 0.556170 0.235282
955.000000 588.000000 0.300046 0.217746
1027.000000 588.000000 0.376287 0.222279
55.000000 589.000000 -0.618543 0.242968
893.000000 589.000000 0.237754 0.215743
1152.000000 589.000000 0.522969 0.234518
1191.000000 589.000000 0.573556 0.238990
1195.000000 589.000000 0.578893 0.239475
1172.000000 590.000000 0.548700 0.237834
1179.000000 591.000000 0.557947 0.239734
1015.000000 592.000000 0.363515 0.225481
898.000000 593.000000 0.242863 0.219873
1271.000000 593.000000 0.686141 0.253978
1117.000000 594.000000 0.480201 0.236176
1131.000000 594.000000 0.497297 0.237609
53.000000 595.000000 -0.622103 0.249896
550.000000 595.000000 -0.082682 0.216986
1014.000000 595.000000 0.362644 0.228450
1026.000000 595.000000 0.375703 0.229319
1085.000000 595.000000 0.442293 0.234171
77.000000 596.000000 -0.589354 0.247887
1181.000000 596.000000 0.561171 0.245413
1268.000000 596.000000 0.682171 0.256973
1273.000000 596.000000 0.689498 0.257680
771.000000 597.000000 0.121188 0.219657
890.000000 598.000000 0.235182 0.224429
923.000000 598.000000 0.268039 0.225971
1118.000000 598.000000 0.481818 0.240506
51.000000 599.000000 -0.625425 0.254627
544.000000 599.000000 -0.088300 0.220910
1005.000000 599.000000 0.353224 0.231871
1257.000000 599.000000 0.666602 0.258829
776.000000 600.000000 0.125937 0.222656
915.000000 600.000000 0.260107 0.227551
994.000000 600.000000 0.341535 0.232127
1072.000000 600.000000 0.427693 0.238204
951.000000 601.000000 0.296664 0.230454
974.000000 601.000000 0.320504 0.231833
53.000000 602.000000 -0.623045 0.257709
904.000000 602.000000 0.249225 0.228998
1085.000000 602.000000 0.442939 0.241478
1097.000000 602.000000 0.457049 0.242627
1100.000000 602.000000 0.460607 0.242921
1111.000000 602.000000 0.473766 0.244024
43.000000 603.000000 -0.637190 0.260210
997.000000 603.000000 0.344937 0.235367
1010.000000 603.000000 0.358894 0.236288
1123.000000 603.000000 0.488429 0.246336
1134.000000 603.000000 0.501970 0.247527
630.000000 604.000000 -0.009038 0.224981
958.000000 604.000000 0.304052 0.233863
1085.000000 604.000000 0.443128 0.243572
62.000000 605.000000 -0.610990 0.259834
66.000000 605.000000 -0.605493 0.259292
921.000000 605.000000 0.266382 0.232804
947.000000 605.000000 0.292788 0.234219
1029.000000 605.000000 0.379758 0.239765
1019.000000 606.000000 0.368883 0.240016
1134.000000 606.000000 0.502303 0.250740
1170.000000 606.000000 0.548013 0.254971
1266.000000 606.000000 0.680687 0.268104
956.000000 607.000000 0.302166 0.236749
1111.000000 607.000000 0.474282 0.249323
914.000000 608.000000 0.259504 0.235424
975.000000 608.000000 0.321999 0.238944
1079.000000 608.000000 0.436518 0.247193
1084.000000 608.000000 0.442342 0.247670
1165.000000 608.000000 0.541781 0.256536
1032.000000 610.000000 0.383466 0.245142
1139.000000 610.000000 0.508982 0.255606
950.000000 611.000000 0.296221 0.240402
1127.000000 612.000000 0.494322 0.256391
1095.000000 613.000000 0.455778 0.254030
1141.000000 613.000000 0.511835 0.259076
1165.000000 613.000000 0.542402 0.261993
1217.000000 613.000000 0.611989 0.268953
433.000000 614.000000 -0.193494 0.238332
1251.000000 614.000000 0.660127 0.275034
69.000000 615.000000 -0.602759 0.270042
1107.000000 615.000000 0.470311 0.257407
1114.000000 615.000000 0.478765 0.258164
1166.000000 615.000000 0.543949 0.264309
1193.000000 615.000000 0.579561 0.267857
1083.000000 616.000000 0.441955 0.255991
1136.000000 616.000000 0.505935 0.261731
1142.000000 616.000000 0.513446 0.262441
47.000000 617.000000 -0.633561 0.275442
988.000000 617.000000 0.336336 0.248956
1009.000000 617.000000 0.358861 0.250515
1165.000000 617.000000 0.542909 0.266373
1107.000000 618.000000 0.470634 0.260606
1109.000000 618.000000 0.473044 0.260823
1259.000000 618.000000 0.672290 0.280821
840.000000 619.000000 0.187305 0.243046
1076.000000 619.000000 0.434096 0.258461
1193.000000 619.000000 0.580109 0.272305
1205.000000 619.000000 0.596355 0.273982
1276.000000 619.000000 0.697306 0.284574
1103.000000 620.000000 0.466046 0.262307
1137.000000 620.000000 0.507658 0.266177
927.000000 621.000000 0.273311 0.249096
1074.000000 621.000000 0.431973 0.260372
1088.000000 621.000000 0.448330 0.261786
884.000000 622.000000 0.230349 0.247861
1007.000000 622.000000 0.357085 0.255496
1106.000000 622.000000 0.469867 0.264771
1189.000000 622.000000 0.575162 0.275092
1276.000000 622.000000 0.697769 0.288053
805.000000 623.000000 0.153926 0.245789
941.000000 623.000000 0.287703 0.251932
1217.000000 623.000000 0.613432 0.280214
1063.000000 624.000000 0.419588 0.262458
1120.000000 624.000000 0.487092 0.268499
499.000000 625.000000 -0.130901 0.247026
875.000000 625.000000 0.221622 0.250425
931.000000 625.000000 0.277608 0.253349
966.000000 625.000000 0.313707 0.255567
1012.000000 625.000000 0.362751 0.258986
1089.000000 625.000000 0.449927 0.266140
1092.000000 625.000000 0.453475 0.266458
1112.000000 625.000000 0.477453 0.268658
1221.000000 625.000000 0.619285 0.283070
517.000000 626.000000 -0.113992 0.247569
884.000000 626.000000 0.230539 0.251842
1071.000000 626.000000 0.428996 0.265352
1100.000000 626.000000 0.463107 0.268391
1148.000000 626.000000 0.522256 0.274066
1185.000000 626.000000 0.570379 0.278992
42.000000 627.000000 -0.642108 0.287568
888.000000 627.000000 0.234545 0.253034
1010.000000 627.000000 0.360737 0.260889
1036.000000 627.000000 0.389352 0.263098
1093.000000 627.000000 0.454875 0.268698
1112.000000 627.000000 0.477681 0.270810
1116.000000 627.000000 0.482549 0.271271
1209.000000 627.000000 0.602985 0.283554
208.000000 628.000000 -0.429623 0.267384
890.000000 628.000000 0.236577 0.254131
1002.000000 628.000000 0.352154 0.261281
1007.000000 628.000000 0.357562 0.261680
1114.000000 628.000000 0.480228 0.272117
1156.000000 628.000000 0.532727 0.277290
896.000000 629.000000 0.242592 0.255435
935.000000 629.000000 0.281928 0.257624
1062.000000 629.000000 0.418928 0.267628
1086.000000 629.000000 0.446814 0.270082
1108.000000 629.000000 0.473064 0.272505
1152.000000 629.000000 0.527735 0.277868
940.000000 630.000000 0.287110 0.258945
1004.000000 630.000000 0.354474 0.263504
1090.000000 630.000000 0.451644 0.271578
1149.000000 630.000000 0.524039 0.278578
1209.000000 630.000000 0.603429 0.286943
47.000000 631.000000 -0.635662 0.291373
207.000000 631.000000 -0.431084 0.270662
976.000000 631.000000 0.324634 0.262394
993.000000 631.000000 0.342712 0.263668
1012.000000 631.000000 0.363243 0.265193
1016.000000 631.000000 0.367611 0.265528
1080.000000 631.000000 0.439981 0.271577
312.000000 632.000000 -0.315764 0.262725
973.000000 632.000000 0.321543 0.263201
1003.000000 632.000000 0.353554 0.265491
1118.000000 632.000000 0.485582 0.276910
930.000000 633.000000 0.277068 0.261366
981.000000 634.000000 0.330147 0.265841
992.000000 634.000000 0.341874 0.266683
896.000000 635.000000 0.242905 0.261453
1048.000000 635.000000 0.403568 0.272594
1115.000000 635.000000 0.482271 0.279804
1271.000000 635.000000 0.692472 0.302394
991.000000 636.000000 0.340960 0.268669
1102.000000 636.000000 0.466632 0.279359
191.000000 637.000000 -0.450441 0.278756
873.000000 637.000000 0.220215 0.262303
953.000000 637.000000 0.300982 0.266913
957.000000 637.000000 0.305141 0.267188
939.000000 638.000000 0.286592 0.267005
1104.000000 638.000000 0.469273 0.281751
1097.000000 640.000000 0.461094 0.283098
994.000000 641.000000 0.344578 0.274084
1045.000000 641.000000 0.400758 0.278635
1061.000000 641.000000 0.418988 0.280239
1084.000000 641.000000 0.445762 0.282702
1187.000000 641.000000 0.575209 0.296092
904.000000 642.000000 0.251293 0.268948
996.000000 642.000000 0.346813 0.275286
1050.000000 642.000000 0.406521 0.280186
1053.000000 642.000000 0.409934 0.280486
1055.000000 642.000000 0.412216 0.280689
579.000000 643.000000 -0.056411 0.263158
1096.000000 643.000000 0.460245 0.286223
1116.000000 643.000000 0.484468 0.288626
1134.000000 643.000000 0.506781 0.290917
1143.000000 643.000000 0.518128 0.292107
60.000000 644.000000 -0.619498 0.304228
344.000000 644.000000 -0.283416 0.272819
1046.000000 644.000000 0.402184 0.281908
320.000000 645.000000 -0.308319 0.275484
397.000000 645.000000 -0.230072 0.270757
905.000000 645.000000 0.252469 0.272043
784.000000 646.000000 0.134669 0.267847
900.000000 646.000000 0.247506 0.272773
1181.000000 646.000000 0.567937 0.300839
823.000000 647.000000 0.171976 0.270155
1138.000000 647.000000 0.512341 0.295859
1144.000000 647.000000 0.519938 0.296671
1175.000000 647.000000 0.560124 0.301076
1223.000000 647.000000 0.625501 0.308523
846.000000 648.000000 0.194287 0.272095
967.000000 648.000000 0.316405 0.279218
1012.000000 648.000000 0.364709 0.282921
234.000000 649.000000 -0.402001 0.287033
450.000000 649.000000 -0.178425 0.272364
782.000000 649.000000 0.132859 0.270768
1184.000000 649.000000 0.572393 0.304681
1192.000000 649.000000 0.583148 0.305906
864.000000 650.000000 0.211986 0.274932
922.000000 650.000000 0.269972 0.278158
1011.000000 650.000000 0.363793 0.284931
1020.000000 650.000000 0.373691 0.285753
1046.000000 650.000000 0.402786 0.288280
1050.000000 650.000000 0.407332 0.288689
1081.000000 650.000000 0.443240 0.292056
1164.000000 650.000000 0.546117 0.302836
815.000000 651.000000 0.164430 0.273852
1016.000000 651.000000 0.369373 0.286437
1042.000000 651.000000 0.398360 0.288939
1108.000000 651.000000 0.475692 0.296371
1187.000000 651.000000 0.576720 0.307408
1207.000000 651.000000 0.603921 0.310547
1012.000000 652.000000 0.365069 0.287124
1044.000000 652.000000 0.400723 0.290206
1164.000000 652.000000 0.546409 0.305083
236.000000 653.000000 -0.400144 0.291087
1200.000000 653.000000 0.594642 0.311723
1230.000000 653.000000 0.636338 0.316610
1085.000000 654.000000 0.448432 0.296850
1126.000000 654.000000 0.498238 0.301993
1128.000000 654.000000 0.500732 0.302261
1175.000000 654.000000 0.561171 0.308978
1144.000000 655.000000 0.521047 0.305570
496.000000 656.000000 -0.134611 0.277755
858.000000 656.000000 0.206382 0.280701
1052.000000 656.000000 0.410243 0.295312
1054.000000 656.000000 0.412532 0.295525
1173.000000 656.000000 0.558829 0.310939
68.000000 657.000000 -0.610499 0.317889
1128.000000 657.000000 0.501136 0.305584
1230.000000 657.000000 0.637007 0.321259
1238.000000 657.000000 0.648367 0.322612
856.000000 658.000000 0.204515 0.282629
1051.000000 658.000000 0.409313 0.297350
1095.000000 658.000000 0.460845 0.302412
1135.000000 658.000000 0.510060 0.307656
1176.000000 658.000000 0.563109 0.313666
471.000000 659.000000 -0.158587 0.281591
594.000000 659.000000 -0.042621 0.278804
976.000000 659.000000 0.326794 0.291357
1111.000000 659.000000 0.480374 0.305537
335.000000 660.000000 -0.293790 0.289883
839.000000 660.000000 0.187999 0.283869
964.000000 660.000000 0.314168 0.291440
1106.000000 660.000000 0.474399 0.305991
62.000000 661.000000 -0.619477 0.323503
1083.000000 661.000000 0.446894 0.304225
73.000000 662.000000 -0.604430 0.322839
514.000000 662.000000 -0.117708 0.283238
1131.000000 662.000000 0.505583 0.311557
272.000000 663.000000 -0.361087 0.298206
501.000000 663.000000 -0.130069 0.284610
547.000000 663.000000 -0.086622 0.283468
1027.000000 663.000000 0.382720 0.300214
1172.000000 663.000000 0.558582 0.318732
495.000000 664.000000 -0.135810 0.285799
1035.000000 664.000000 0.391793 0.302099
1037.000000 664.000000 0.394048 0.302307
1103.000000 664.000000 0.471266 0.310010
1119.000000 664.000000 0.490891 0.312132
1122.000000 664.000000 0.494613 0.312541
291.000000 665.000000 -0.340649 0.298605
492.000000 665.000000 -0.138701 0.286900
941.000000 665.000000 0.290510 0.294901
961.000000 665.000000 0.311401 0.296420
1107.000000 665.000000 0.476268 0.311636
63.000000 666.000000 -0.618925 0.329143
832.000000 666.000000 0.181456 0.289635
1095.000000 666.000000 0.461848 0.311186
1195.000000 666.000000 0.589929 0.325851
487.000000 667.000000 -0.143542 0.289078
901.000000 667.000000 0.249753 0.294275
975.000000 667.000000 0.326393 0.299658
1114.000000 668.000000 0.485257 0.315897
1131.000000 668.000000 0.506429 0.318264
1249.000000 668.000000 0.666042 0.337441
1029.000000 669.000000 0.385569 0.306838
67.000000 670.000000 -0.614049 0.333120
656.000000 670.000000 0.015073 0.289574
846.000000 670.000000 0.195291 0.294338
941.000000 670.000000 0.290878 0.300103
1115.000000 670.000000 0.486764 0.318260
1124.000000 670.000000 0.497938 0.319511
547.000000 671.000000 -0.086782 0.291478
836.000000 671.000000 0.185570 0.294891
1061.000000 671.000000 0.422279 0.312516
1244.000000 671.000000 0.659379 0.340106
845.000000 672.000000 0.194408 0.296329
897.000000 673.000000 0.246091 0.300212
987.000000 673.000000 0.339783 0.307037
1109.000000 673.000000 0.479788 0.320780
1118.000000 673.000000 0.490893 0.322024
548.000000 674.000000 -0.085902 0.294473
843.000000 674.000000 0.192546 0.298276
895.000000 674.000000 0.244138 0.301121
901.000000 674.000000 0.250192 0.301498
1135.000000 674.000000 0.512350 0.325590
475.000000 675.000000 -0.155337 0.297600
499.000000 675.000000 -0.132345 0.296762
833.000000 675.000000 0.182828 0.298831
995.000000 675.000000 0.348632 0.309898
1150.000000 675.000000 0.531688 0.328981
964.000000 676.000000 0.315464 0.308210
974.000000 677.000000 0.326184 0.310121
1112.000000 677.000000 0.484031 0.325660
1154.000000 677.000000 0.537178 0.331880
903.000000 678.000000 0.252474 0.305772
957.000000 678.000000 0.308236 0.309739
990.000000 678.000000 0.343485 0.312627
1149.000000 678.000000 0.530860 0.332242
837.000000 679.000000 0.186916 0.303105
1103.000000 679.000000 0.473265 0.326650
1125.000000 679.000000 0.500480 0.329763
1153.000000 679.000000 0.536193 0.334007
550.000000 680.000000 -0.084141 0.300481
721.000000 680.000000 0.076009 0.300337
947.000000 680.000000 0.297899 0.311039
951.000000 680.000000 0.302090 0.311359
1082.000000 680.000000 0.448072 0.324969
1155.000000 680.000000 0.538950 0.335466
1103.000000 681.000000 0.473540 0.328884
1201.000000 681.000000 0.600680 0.344292
1260.000000 681.000000 0.684294 0.354873
526.000000 682.000000 -0.106873 0.303066
979.000000 682.000000 0.331985 0.315876
1081.000000 682.000000 0.447140 0.327054
1099.000000 682.000000 0.468802 0.329452
1123.000000 682.000000 0.498414 0.332855
1140.000000 682.000000 0.519917 0.335408
1171.000000 682.000000 0.560304 0.340355
1178.000000 682.000000 0.569638 0.341521
53.000000 683.000000 -0.635888 0.350828
71.000000 683.000000 -0.610761 0.347631
1030.000000 683.000000 0.388187 0.322056
1065.000000 683.000000 0.428379 0.326135
1173.000000 683.000000 0.563129 0.341843
991.000000 684.000000 0.345137 0.319131
1054.000000 684.000000 0.415704 0.325898
50.000000 685.000000 -0.640480 0.353737
54.000000 685.000000 -0.634839 0.353016
380.000000 685.000000 -0.249431 0.312749
898.000000 685.000000 0.247868 0.312728
901.000000 685.000000 0.250908 0.312927
908.000000 685.000000 0.258023 0.313399
913.000000 685.000000 0.263125 0.313746
934.000000 685.000000 0.284748 0.315288
1047.000000 685.000000 0.407756 0.326165
1105.000000 685.000000 0.476546 0.333645
1191.000000 685.000000 0.587697 0.347230
878.000000 686.000000 0.227808 0.312514
927.000000 686.000000 0.277579 0.315810
929.000000 686.000000 0.279646 0.315960
1027.000000 686.000000 0.385137 0.324986
1098.000000 686.000000 0.468137 0.333789
1227.000000 686.000000 0.637849 0.354825
1266.000000 686.000000 0.693942 0.361964
959.000000 687.000000 0.311102 0.319432
983.000000 687.000000 0.336756 0.321586
1000.000000 687.000000 0.355254 0.323235
1239.000000 687.000000 0.655101 0.358210
842.000000 688.000000 0.192251 0.312603
979.000000 688.000000 0.332536 0.322283
1229.000000 688.000000 0.641046 0.357567
48.000000 689.000000 -0.644035 0.358853
411.000000 689.000000 -0.218569 0.315003
1027.000000 689.000000 0.385469 0.328252
1174.000000 689.000000 0.565473 0.348973
1235.000000 689.000000 0.649758 0.359862
859.000000 690.000000 0.209124 0.315571
1012.000000 690.000000 0.368804 0.327713
1172.000000 690.000000 0.562976 0.349796
1258.000000 690.000000 0.683036 0.365309
54.000000 691.000000 -0.635927 0.360137
785.000000 691.000000 0.137081 0.313249
975.000000 691.000000 0.328514 0.325125
1027.000000 691.000000 0.385692 0.330434
472.000000 692.000000 -0.158904 0.315096
861.000000 692.000000 0.211220 0.317760
873.000000 692.000000 0.223170 0.318457
895.000000 692.000000 0.245294 0.319847
1070.000000 692.000000 0.435395 0.336730
1140.000000 692.000000 0.521480 0.346841
1270.000000 692.000000 0.700879 0.369931
83.000000 693.000000 -0.596030 0.357268
386.000000 693.000000 -0.243888 0.320717
1012.000000 693.000000 0.369123 0.330972
1118.000000 693.000000 0.493798 0.344580
1135.000000 693.000000 0.515247 0.347197
1045.000000 694.000000 0.406528 0.335817
1071.000000 694.000000 0.436837 0.339088
1015.000000 695.000000 0.372679 0.333474
1017.000000 695.000000 0.374912 0.333693
1196.000000 695.000000 0.596295 0.359859
1200.000000 695.000000 0.601792 0.360582
928.000000 696.000000 0.279378 0.326447
948.000000 696.000000 0.300262 0.328076
1036.000000 696.000000 0.396466 0.336949
1098.000000 696.000000 0.469547 0.345041
1162.000000 696.000000 0.550743 0.355080
874.000000 697.000000 0.224473 0.323741
968.000000 697.000000 0.321566 0.330916
1133.000000 697.000000 0.513331 0.351472
1193.000000 697.000000 0.592548 0.361681
1231.000000 697.000000 0.645553 0.368687
1045.000000 698.000000 0.407013 0.340236
1130.000000 698.000000 0.509676 0.352146
1028.000000 699.000000 0.387732 0.339316
1268.000000 699.000000 0.699253 0.378039
917.000000 700.000000 0.268322 0.329844
1007.000000 700.000000 0.364325 0.338064
1046.000000 700.000000 0.408411 0.342574
1171.000000 700.000000 0.563367 0.361302
1173.000000 700.000000 0.566038 0.361653
402.000000 701.000000 -0.228287 0.328081
870.000000 701.000000 0.220715 0.327689
1009.000000 701.000000 0.366653 0.339374
1013.000000 701.000000 0.371107 0.339813
1200.000000 701.000000 0.602887 0.367694
737.000000 702.000000 0.091607 0.323100
1037.000000 702.000000 0.398323 0.343691
20.000000 703.000000 -0.686742 0.380877
816.000000 703.000000 0.167543 0.326897
899.000000 703.000000 0.250110 0.331706
957.000000 703.000000 0.310389 0.336365
1030.000000 703.000000 0.390468 0.343960
1204.000000 703.000000 0.608785 0.370814
326.000000 704.000000 -0.306750 0.337015
818.000000 704.000000 0.169539 0.328030
853.000000 704.000000 0.203961 0.329834
1020.000000 704.000000 0.379285 0.343898
1047.000000 704.000000 0.410065 0.347144
1133.000000 704.000000 0.514456 0.359543
872.000000 705.000000 0.222966 0.332019
957.000000 705.000000 0.310571 0.338520
1016.000000 705.000000 0.374910 0.344542
1044.000000 705.000000 0.406727 0.347881
509.000000 706.000000 -0.123796 0.328164
811.000000 706.000000 0.162809 0.329793
1011.000000 706.000000 0.369433 0.345079
1090.000000 706.000000 0.461255 0.355217
1164.000000 706.000000 0.555112 0.367118
1202.000000 706.000000 0.606576 0.374020
1210.000000 706.000000 0.617684 0.375522
247.000000 707.000000 -0.393658 0.348524
858.000000 707.000000 0.209102 0.333274
866.000000 707.000000 0.217083 0.333754
1028.000000 707.000000 0.388673 0.348148
1063.000000 707.000000 0.429122 0.352578
954.000000 708.000000 0.307657 0.341484
959.000000 708.000000 0.312975 0.341944
1161.000000 708.000000 0.551494 0.368942
1177.000000 708.000000 0.572831 0.371795
406.000000 709.000000 -0.224778 0.336260
812.000000 709.000000 0.163919 0.332968
887.000000 709.000000 0.238341 0.337230
1008.000000 709.000000 0.366426 0.348045
1065.000000 709.000000 0.431750 0.355099
1088.000000 709.000000 0.459266 0.358338
819.000000 710.000000 0.170799 0.334341
875.000000 710.000000 0.226297 0.337491
968.000000 710.000000 0.322795 0.344966
1021.000000 710.000000 0.381109 0.350642
1107.000000 710.000000 0.482706 0.362336
1144.000000 710.000000 0.529598 0.368347
1146.000000 710.000000 0.532192 0.368688
1175.000000 710.000000 0.570504 0.373801
585.000000 711.000000 -0.051664 0.331536
898.000000 711.000000 0.249663 0.340132
912.000000 711.000000 0.264014 0.341179
1159.000000 711.000000 0.549382 0.372119
812.000000 712.000000 0.164057 0.336106
862.000000 712.000000 0.213392 0.338787
999.000000 712.000000 0.356775 0.350351
1033.000000 712.000000 0.394973 0.354313
1045.000000 712.000000 0.408770 0.355826
1097.000000 712.000000 0.470683 0.363102
1102.000000 712.000000 0.476832 0.363863
913.000000 713.000000 0.265200 0.343399
1005.000000 713.000000 0.363537 0.352120
1031.000000 713.000000 0.392813 0.355181
601.000000 714.000000 -0.036593 0.334447
824.000000 714.000000 0.175892 0.338782
898.000000 714.000000 0.249882 0.343333
1019.000000 714.000000 0.379326 0.354844
1024.000000 714.000000 0.384977 0.355442
463.000000 715.000000 -0.168680 0.339409
516.000000 715.000000 -0.117380 0.337284
814.000000 715.000000 0.166150 0.339346
969.000000 715.000000 0.324361 0.350512
996.000000 715.000000 0.353791 0.353327
1153.000000 715.000000 0.542195 0.375773
15.000000 716.000000 -0.696426 0.397652
18.000000 716.000000 -0.692088 0.397082
854.000000 716.000000 0.205653 0.342537
878.000000 716.000000 0.229716 0.344060
1007.000000 716.000000 0.366104 0.355665
1098.000000 716.000000 0.472521 0.367848
1123.000000 716.000000 0.503708 0.371828
1209.000000 716.000000 0.618197 0.387352
1268.000000 716.000000 0.702450 0.398771
