708.000000 3.000000 0.064403 -0.336649
722.000000 3.000000 0.077692 -0.336929
174.000000 4.000000 -0.481427 -0.367412
1099.000000 5.000000 0.473547 -0.365488
714.000000 7.000000 0.070016 -0.332613
1194.000000 7.000000 0.596846 -0.379540
1196.000000 7.000000 0.599596 -0.379917
1251.000000 7.000000 0.677277 -0.390528
1068.000000 8.000000 0.435661 -0.357537
1093.000000 8.000000 0.465740 -0.361138
938.000000 9.000000 0.290996 -0.341952
1033.000000 9.000000 0.394798 -0.351839
1066.000000 9.000000 0.433153 -0.356131
652.000000 10.000000 0.011464 -0.328817
713.000000 10.000000 0.069011 -0.329491
725.000000 10.000000 0.080388 -0.329737
603.000000 11.000000 -0.034654 -0.327932
931.000000 12.000000 0.283421 -0.338137
933.000000 12.000000 0.285508 -0.338304
1069.000000 12.000000 0.436295 -0.353157
1103.000000 12.000000 0.477404 -0.358068
247.000000 14.000000 -0.393487 -0.346059
831.000000 14.000000 0.182332 -0.329409
1141.000000 15.000000 0.524837 -0.360658
1227.000000 15.000000 0.641388 -0.376207
1229.000000 15.000000 0.644225 -0.376589
1160.000000 16.000000 0.549439 -0.362719
1200.000000 16.000000 0.603421 -0.369916
1204.000000 17.000000 0.608766 -0.369468
254.000000 18.000000 -0.385087 -0.340819
637.000000 19.000000 -0.002647 -0.319558
967.000000 19.000000 0.320822 -0.333779
1182.000000 20.000000 0.578105 -0.361894
1070.000000 21.000000 0.436264 -0.343183
661.000000 23.000000 0.019866 -0.315531
1141.000000 24.000000 0.523361 -0.350245
644.000000 25.000000 0.003917 -0.313438
1270.000000 25.000000 0.701465 -0.372246
1276.000000 25.000000 0.710246 -0.373352
621.000000 26.000000 -0.017638 -0.312458
649.000000 26.000000 0.008602 -0.312430
668.000000 26.000000 0.026414 -0.312517
1044.000000 26.000000 0.405328 -0.334342
1143.000000 26.000000 0.525611 -0.348264
662.000000 27.000000 0.020782 -0.311463
1222.000000 27.000000 0.632065 -0.360892
1204.000000 28.000000 0.606747 -0.356412
1015.000000 29.000000 0.372198 -0.327767
1144.000000 29.000000 0.526417 -0.344973
623.000000 30.000000 -0.015748 -0.308387
652.000000 30.000000 0.011401 -0.308375
1096.000000 30.000000 0.466211 -0.336641
1207.000000 30.000000 0.610541 -0.354591
655.000000 31.000000 0.014206 -0.307372
665.000000 32.000000 0.023564 -0.306407
753.000000 32.000000 0.106424 -0.307855
649.000000 33.000000 0.008586 -0.305329
1232.000000 34.000000 0.644932 -0.354398
304.000000 35.000000 -0.328424 -0.317299
948.000000 35.000000 0.299307 -0.315052
1230.000000 35.000000 0.641909 -0.352844
752.000000 36.000000 0.105368 -0.303761
1177.000000 36.000000 0.568600 -0.342319
1011.000000 37.000000 0.366918 -0.318691
1043.000000 38.000000 0.402778 -0.321073
1025.000000 39.000000 0.382300 -0.317997
1089.000000 39.000000 0.456529 -0.325638
1092.000000 39.000000 0.460140 -0.326036
1219.000000 39.000000 0.625664 -0.346123
1153.000000 40.000000 0.536308 -0.333795
1187.000000 40.000000 0.581380 -0.339368
1197.000000 40.000000 0.594991 -0.341081
1260.000000 41.000000 0.683947 -0.351153
1229.000000 42.000000 0.639226 -0.344370
656.000000 43.000000 0.015096 -0.295270
771.000000 44.000000 0.123192 -0.296191
1159.000000 44.000000 0.543490 -0.330169
201.000000 45.000000 -0.443029 -0.317481
278.000000 45.000000 -0.355613 -0.309050
650.000000 45.000000 0.009492 -0.293244
1151.000000 45.000000 0.532936 -0.327781
1263.000000 45.000000 0.687596 -0.346914
769.000000 46.000000 0.121230 -0.294111
791.000000 46.000000 0.142216 -0.294814
683.000000 47.000000 0.040280 -0.291439
681.000000 48.000000 0.038402 -0.290418
968.000000 48.000000 0.319327 -0.302991
1224.000000 48.000000 0.631100 -0.336419
1058.000000 49.000000 0.418755 -0.310819
1080.000000 49.000000 0.444509 -0.313446
1082.000000 49.000000 0.446882 -0.313694
1087.000000 49.000000 0.452839 -0.314322
1125.000000 49.000000 0.499281 -0.319418
1195.000000 49.000000 0.590728 -0.330279
1035.000000 50.000000 0.392375 -0.307195
1100.000000 50.000000 0.468358 -0.314894
756.000000 52.000000 0.108740 -0.287714
1189.000000 52.000000 0.582083 -0.325820
1115.000000 53.000000 0.486306 -0.313570
1161.000000 53.000000 0.544701 -0.320228
1031.000000 55.000000 0.387353 -0.301413
1120.000000 55.000000 0.492219 -0.312027
755.000000 57.000000 0.107668 -0.282678
1183.000000 57.000000 0.573194 -0.319111
982.000000 58.000000 0.333405 -0.293661
1123.000000 59.000000 0.495400 -0.307993
55.000000 60.000000 -0.629068 -0.322169
965.000000 60.000000 0.315182 -0.290184
1169.000000 60.000000 0.554121 -0.313511
757.000000 61.000000 0.109457 -0.278733
1203.000000 61.000000 0.599686 -0.317747
1091.000000 62.000000 0.456005 -0.300573
1013.000000 63.000000 0.366583 -0.291150
980.000000 64.000000 0.330769 -0.287216
1075.000000 64.000000 0.436826 -0.296509
1138.000000 64.000000 0.513525 -0.304495
1271.000000 64.000000 0.695971 -0.325738
1006.000000 65.000000 0.358732 -0.288401
1175.000000 65.000000 0.561284 -0.308759
1161.000000 66.000000 0.542750 -0.305541
1180.000000 66.000000 0.567777 -0.308389
1178.000000 67.000000 0.564962 -0.306950
656.000000 68.000000 0.015007 -0.270383
695.000000 68.000000 0.051250 -0.270669
50.000000 69.000000 -0.634600 -0.312560
92.000000 69.000000 -0.576854 -0.305882
43.000000 72.000000 -0.644000 -0.310233
1031.000000 72.000000 0.385670 -0.283340
1158.000000 72.000000 0.537990 -0.298384
760.000000 73.000000 0.111990 -0.266882
1011.000000 73.000000 0.363482 -0.280448
1213.000000 74.000000 0.611382 -0.304425
1014.000000 75.000000 0.366590 -0.278619
1137.000000 75.000000 0.510769 -0.292167
759.000000 76.000000 0.110976 -0.263892
1224.000000 77.000000 0.626237 -0.302736
702.000000 78.000000 0.057646 -0.260899
921.000000 79.000000 0.268365 -0.267607
1074.000000 79.000000 0.433990 -0.280266
1173.000000 79.000000 0.556572 -0.292699
1215.000000 80.000000 0.613209 -0.297876
693.000000 81.000000 0.049251 -0.257855
761.000000 82.000000 0.112716 -0.258023
1162.000000 82.000000 0.541772 -0.287804
1182.000000 84.000000 0.567764 -0.288393
1226.000000 84.000000 0.627936 -0.295022
1119.000000 87.000000 0.486882 -0.276769
770.000000 88.000000 0.121041 -0.252343
1137.000000 88.000000 0.509087 -0.277892
1195.000000 88.000000 0.584614 -0.285788
975.000000 89.000000 0.323541 -0.260995
1135.000000 89.000000 0.506457 -0.276550
734.000000 90.000000 0.087265 -0.249624
793.000000 91.000000 0.142692 -0.250015
666.000000 92.000000 0.024167 -0.246915
733.000000 92.000000 0.086298 -0.247653
782.000000 92.000000 0.132255 -0.248728
789.000000 92.000000 0.138874 -0.248919
1105.000000 92.000000 0.469285 -0.269749
662.000000 93.000000 0.020468 -0.245925
786.000000 93.000000 0.136008 -0.247855
979.000000 93.000000 0.327477 -0.257192
1141.000000 94.000000 0.513363 -0.271843
662.000000 96.000000 0.020455 -0.243013
667.000000 96.000000 0.025071 -0.243035
165.000000 99.000000 -0.479750 -0.263147
1245.000000 101.000000 0.652253 -0.278504
1112.000000 103.000000 0.476516 -0.258743
1149.000000 103.000000 0.522362 -0.263029
741.000000 104.000000 0.093543 -0.236123
743.000000 104.000000 0.095407 -0.236159
1187.000000 104.000000 0.571637 -0.266811
1261.000000 105.000000 0.674733 -0.276340
1045.000000 106.000000 0.398231 -0.249037
1265.000000 108.000000 0.680109 -0.273496
723.000000 109.000000 0.076733 -0.230999
1271.000000 109.000000 0.688741 -0.273245
122.000000 110.000000 -0.531983 -0.256273
1169.000000 110.000000 0.547172 -0.257872
127.000000 111.000000 -0.525500 -0.254592
749.000000 111.000000 0.100871 -0.229493
1266.000000 111.000000 0.681123 -0.270203
1275.000000 112.000000 0.694175 -0.270388
1123.000000 113.000000 0.488816 -0.249261
1230.000000 113.000000 0.629231 -0.262704
738.000000 114.000000 0.090581 -0.226405
1263.000000 116.000000 0.676014 -0.264042
731.000000 117.000000 0.084035 -0.223407
1244.000000 118.000000 0.648339 -0.259046
1089.000000 123.000000 0.447109 -0.235293
727.000000 124.000000 0.080228 -0.216631
742.000000 128.000000 0.094068 -0.213025
1121.000000 128.000000 0.484812 -0.233131
1054.000000 130.000000 0.406342 -0.225038
1252.000000 131.000000 0.657993 -0.245494
1170.000000 132.000000 0.545841 -0.234106
1062.000000 136.000000 0.414894 -0.219523
1064.000000 136.000000 0.417162 -0.219683
1075.000000 136.000000 0.429725 -0.220579
1172.000000 137.000000 0.547868 -0.228944
855.000000 138.000000 0.200437 -0.206209
1248.000000 138.000000 0.651329 -0.237108
975.000000 141.000000 0.320206 -0.208618
977.000000 141.000000 0.322291 -0.208731
1058.000000 142.000000 0.409910 -0.213078
1067.000000 142.000000 0.420096 -0.213772
801.000000 143.000000 0.148875 -0.199861
1076.000000 143.000000 0.430302 -0.213462
1151.000000 143.000000 0.520404 -0.220289
829.000000 144.000000 0.175350 -0.199632
1202.000000 145.000000 0.586592 -0.223701
790.000000 147.000000 0.138451 -0.195794
1169.000000 150.000000 0.542594 -0.214693
839.000000 151.000000 0.184683 -0.193208
1224.000000 151.000000 0.615935 -0.219721
782.000000 152.000000 0.130861 -0.190871
1075.000000 154.000000 0.428298 -0.202127
1198.000000 154.000000 0.580210 -0.213495
1210.000000 154.000000 0.596384 -0.214830
1163.000000 155.000000 0.534400 -0.208767
199.000000 156.000000 -0.434322 -0.200406
758.000000 158.000000 0.108424 -0.184760
1205.000000 163.000000 0.588633 -0.204538
1267.000000 163.000000 0.675621 -0.211569
787.000000 164.000000 0.135296 -0.179601
1099.000000 164.000000 0.455341 -0.193742
1130.000000 164.000000 0.492420 -0.196271
1275.000000 164.000000 0.687205 -0.211406
1271.000000 165.000000 0.681222 -0.209813
775.000000 166.000000 0.124075 -0.177492
848.000000 166.000000 0.192858 -0.179138
861.000000 166.000000 0.205330 -0.179512
1006.000000 166.000000 0.351445 -0.185588
1100.000000 166.000000 0.456361 -0.191770
853.000000 167.000000 0.197617 -0.178326
1062.000000 167.000000 0.412621 -0.188016
1229.000000 167.000000 0.621047 -0.202798
187.000000 168.000000 -0.447287 -0.189064
801.000000 168.000000 0.148317 -0.176101
185.000000 169.000000 -0.449539 -0.188192
807.000000 169.000000 0.153929 -0.175283
1158.000000 169.000000 0.526723 -0.193520
1228.000000 170.000000 0.619332 -0.199422
1030.000000 171.000000 0.376981 -0.181997
1200.000000 171.000000 0.581095 -0.195420
1275.000000 171.000000 0.686384 -0.203588
809.000000 173.000000 0.155723 -0.171546
874.000000 173.000000 0.217665 -0.173224
1250.000000 173.000000 0.649960 -0.198547
1261.000000 173.000000 0.665757 -0.199773
1100.000000 174.000000 0.455759 -0.183592
1146.000000 174.000000 0.511254 -0.187237
88.000000 175.000000 -0.568991 -0.190166
1258.000000 175.000000 0.661205 -0.197230
1253.000000 176.000000 0.653917 -0.195579
792.000000 177.000000 0.139719 -0.167438
185.000000 179.000000 -0.448822 -0.178019
876.000000 179.000000 0.219420 -0.167566
1199.000000 179.000000 0.578974 -0.186770
1201.000000 179.000000 0.581643 -0.186963
1249.000000 180.000000 0.647776 -0.190760
838.000000 183.000000 0.182890 -0.162759
1135.000000 183.000000 0.496968 -0.177012
1247.000000 183.000000 0.644618 -0.187269
1244.000000 184.000000 0.640264 -0.185867
1269.000000 184.000000 0.676161 -0.188494
863.000000 185.000000 0.206715 -0.161500
1158.000000 185.000000 0.525336 -0.176786
859.000000 186.000000 0.202850 -0.160447
877.000000 187.000000 0.220155 -0.159991
1199.000000 187.000000 0.578224 -0.178254
1241.000000 187.000000 0.635727 -0.182297
1268.000000 187.000000 0.674387 -0.185078
1238.000000 188.000000 0.631412 -0.180912
1252.000000 188.000000 0.651219 -0.182323
839.000000 189.000000 0.183699 -0.157123
906.000000 190.000000 0.248343 -0.158012
1237.000000 191.000000 0.629715 -0.177564
1230.000000 194.000000 0.619677 -0.173654
177.000000 196.000000 -0.457005 -0.161340
1094.000000 197.000000 0.447201 -0.159873
175.000000 199.000000 -0.459153 -0.158436
842.000000 200.000000 0.186300 -0.146844
869.000000 200.000000 0.212092 -0.147477
896.000000 200.000000 0.238245 -0.148202
1221.000000 200.000000 0.606731 -0.166392
1238.000000 200.000000 0.630260 -0.167936
1242.000000 200.000000 0.635874 -0.168307
1246.000000 200.000000 0.641517 -0.168681
1249.000000 200.000000 0.645769 -0.168964
176.000000 201.000000 -0.457857 -0.156354
244.000000 201.000000 -0.381292 -0.152563
837.000000 201.000000 0.181538 -0.145798
879.000000 201.000000 0.221707 -0.146790
1009.000000 201.000000 0.352875 -0.151367
1251.000000 201.000000 0.648518 -0.168067
178.000000 202.000000 -0.455459 -0.155222
932.000000 202.000000 0.273705 -0.147408
1219.000000 202.000000 0.603822 -0.164080
1234.000000 203.000000 0.624403 -0.164341
831.000000 207.000000 0.175743 -0.140057
1212.000000 207.000000 0.593896 -0.158165
1220.000000 208.000000 0.604671 -0.157774
1224.000000 209.000000 0.610060 -0.157046
1234.000000 209.000000 0.623873 -0.157901
898.000000 211.000000 0.239892 -0.137847
1219.000000 211.000000 0.603057 -0.154500
1234.000000 211.000000 0.623702 -0.155758
1108.000000 212.000000 0.462630 -0.145619
1205.000000 212.000000 0.584089 -0.152311
189.000000 213.000000 -0.442082 -0.143546
1189.000000 213.000000 0.562873 -0.150027
1229.000000 213.000000 0.616606 -0.153198
1232.000000 214.000000 0.620672 -0.152380
1188.000000 215.000000 0.561418 -0.147863
1190.000000 216.000000 0.563957 -0.146967
905.000000 218.000000 0.246548 -0.131422
1197.000000 218.000000 0.573006 -0.145393
1223.000000 218.000000 0.607952 -0.147388
1218.000000 219.000000 0.601056 -0.145935
1196.000000 220.000000 0.571540 -0.143226
862.000000 221.000000 0.204898 -0.127592
865.000000 221.000000 0.207768 -0.127655
1179.000000 221.000000 0.549329 -0.140978
1198.000000 221.000000 0.574106 -0.142325
1215.000000 222.000000 0.596759 -0.142534
846.000000 223.000000 0.189626 -0.125406
1188.000000 223.000000 0.560844 -0.139525
1065.000000 224.000000 0.412738 -0.131398
1087.000000 224.000000 0.437616 -0.132466
1192.000000 224.000000 0.565999 -0.138763
1203.000000 224.000000 0.580516 -0.139545
119.000000 225.000000 -0.525263 -0.135542
870.000000 226.000000 0.212453 -0.123082
893.000000 226.000000 0.234649 -0.123591
1215.000000 226.000000 0.596462 -0.138314
860.000000 228.000000 0.202847 -0.121011
864.000000 228.000000 0.206667 -0.121090
1054.000000 228.000000 0.400343 -0.126969
1177.000000 228.000000 0.546290 -0.133600
826.000000 229.000000 0.170643 -0.119474
860.000000 230.000000 0.202808 -0.119145
1068.000000 230.000000 0.415819 -0.125624
1193.000000 230.000000 0.566898 -0.132583
1213.000000 231.000000 0.593404 -0.132908
861.000000 232.000000 0.203724 -0.117299
1161.000000 232.000000 0.525752 -0.128486
1195.000000 232.000000 0.569389 -0.130634
956.000000 233.000000 0.296849 -0.118625
970.000000 233.000000 0.311081 -0.119042
156.000000 234.000000 -0.479567 -0.124280
875.000000 234.000000 0.217089 -0.115707
830.000000 235.000000 0.174308 -0.113972
872.000000 235.000000 0.214189 -0.114713
948.000000 235.000000 0.288727 -0.116500
975.000000 235.000000 0.316140 -0.117287
1170.000000 235.000000 0.536924 -0.125952
173.000000 237.000000 -0.459370 -0.120424
1183.000000 237.000000 0.553440 -0.124683
1188.000000 237.000000 0.559919 -0.124993
1191.000000 237.000000 0.563827 -0.125181
1202.000000 238.000000 0.578234 -0.124841
31.000000 239.000000 -0.641216 -0.126823
1170.000000 239.000000 0.536687 -0.121846
1188.000000 239.000000 0.559795 -0.122922
1192.000000 240.000000 0.564947 -0.122132
153.000000 241.000000 -0.482790 -0.117400
1153.000000 241.000000 0.515266 -0.118847
1162.000000 241.000000 0.526485 -0.119343
1258.000000 241.000000 0.655196 -0.125475
1169.000000 242.000000 0.535248 -0.118714
1269.000000 242.000000 0.670970 -0.125185
1139.000000 243.000000 0.497974 -0.116083
974.000000 244.000000 0.314849 -0.108676
1164.000000 244.000000 0.528830 -0.116390
1225.000000 244.000000 0.608816 -0.120038
1150.000000 245.000000 0.511344 -0.114626
1174.000000 245.000000 0.541428 -0.115920
978.000000 246.000000 0.318895 -0.106884
1163.000000 246.000000 0.527465 -0.114295
980.000000 247.000000 0.320922 -0.105988
1152.000000 247.000000 0.513711 -0.112701
171.000000 248.000000 -0.461198 -0.109563
997.000000 248.000000 0.338502 -0.105526
1119.000000 248.000000 0.473722 -0.110091
1164.000000 248.000000 0.528614 -0.112308
168.000000 249.000000 -0.464664 -0.108700
811.000000 249.000000 0.156318 -0.100766
979.000000 249.000000 0.319838 -0.104055
96.000000 250.000000 -0.552973 -0.111232
1177.000000 250.000000 0.544982 -0.110957
1180.000000 250.000000 0.548825 -0.111119
1218.000000 250.000000 0.598917 -0.113298
967.000000 251.000000 0.307514 -0.101833
1147.000000 251.000000 0.507350 -0.108400
1173.000000 251.000000 0.539829 -0.109719
1175.000000 251.000000 0.542375 -0.109825
182.000000 252.000000 -0.448267 -0.105129
978.000000 252.000000 0.318730 -0.101172
1206.000000 252.000000 0.582694 -0.110505
184.000000 253.000000 -0.445925 -0.104059
966.000000 253.000000 0.306446 -0.099911
1148.000000 253.000000 0.508482 -0.106426
912.000000 254.000000 0.252569 -0.097753
1145.000000 254.000000 0.504755 -0.105274
1156.000000 254.000000 0.518317 -0.105800
1172.000000 254.000000 0.538403 -0.106599
1141.000000 256.000000 0.499779 -0.103072
1233.000000 256.000000 0.619069 -0.107890
685.000000 257.000000 0.040821 -0.092503
1161.000000 257.000000 0.524402 -0.102997
1231.000000 257.000000 0.616252 -0.106719
964.000000 258.000000 0.304291 -0.095126
1131.000000 258.000000 0.487596 -0.100620
1165.000000 259.000000 0.529318 -0.101155
899.000000 261.000000 0.239760 -0.090972
815.000000 262.000000 0.159896 -0.088849
907.000000 262.000000 0.247530 -0.090182
1157.000000 262.000000 0.519184 -0.097740
1129.000000 263.000000 0.484986 -0.095532
902.000000 264.000000 0.242623 -0.088228
952.000000 264.000000 0.292038 -0.089190
1127.000000 264.000000 0.482553 -0.094452
1157.000000 264.000000 0.519095 -0.095715
1124.000000 265.000000 0.478936 -0.093335
682.000000 266.000000 0.038082 -0.084306
885.000000 266.000000 0.226137 -0.086089
680.000000 267.000000 0.036271 -0.083392
1206.000000 267.000000 0.581894 -0.094934
881.000000 268.000000 0.222258 -0.084172
887.000000 268.000000 0.228033 -0.084263
1132.000000 268.000000 0.488386 -0.090653
1231.000000 268.000000 0.615646 -0.095157
937.000000 270.000000 0.276924 -0.083250
1115.000000 270.000000 0.468098 -0.088023
1114.000000 272.000000 0.466852 -0.086004
212.000000 274.000000 -0.413549 -0.082508
976.000000 274.000000 0.316157 -0.080257
1222.000000 274.000000 0.603046 -0.088432
1113.000000 275.000000 0.465574 -0.082997
1122.000000 275.000000 0.476189 -0.083306
1140.000000 275.000000 0.497780 -0.083952
1212.000000 275.000000 0.589516 -0.086926
664.000000 276.000000 0.021799 -0.075192
1128.000000 277.000000 0.483261 -0.081525
1138.000000 277.000000 0.495284 -0.081878
1112.000000 278.000000 0.464303 -0.079995
1004.000000 280.000000 0.344990 -0.075160
1193.000000 280.000000 0.564206 -0.080947
1237.000000 280.000000 0.623345 -0.082852
1058.000000 281.000000 0.402910 -0.075485
1100.000000 281.000000 0.450257 -0.076661
1119.000000 281.000000 0.472438 -0.077250
1111.000000 282.000000 0.463006 -0.076010
1264.000000 282.000000 0.661371 -0.081992
1104.000000 283.000000 0.454824 -0.074812
1115.000000 284.000000 0.467633 -0.074155
1204.000000 284.000000 0.578485 -0.077278
1112.000000 285.000000 0.464085 -0.073076
923.000000 286.000000 0.262814 -0.068060
951.000000 286.000000 0.290620 -0.068490
1266.000000 286.000000 0.664065 -0.077821
865.000000 287.000000 0.206711 -0.066400
1123.000000 288.000000 0.476957 -0.070433
1225.000000 288.000000 0.606514 -0.073973
890.000000 290.000000 0.230626 -0.063913
926.000000 290.000000 0.265711 -0.064374
1083.000000 290.000000 0.430585 -0.067375
1099.000000 290.000000 0.448849 -0.067788
1122.000000 290.000000 0.475713 -0.068421
1267.000000 290.000000 0.665332 -0.073601
268.000000 291.000000 -0.352638 -0.064815
1218.000000 291.000000 0.596910 -0.070583
1221.000000 292.000000 0.600927 -0.069658
1080.000000 293.000000 0.427125 -0.064377
1082.000000 293.000000 0.429381 -0.064425
1110.000000 293.000000 0.461524 -0.065127
1116.000000 293.000000 0.468551 -0.065287
1119.000000 293.000000 0.472083 -0.065368
1218.000000 293.000000 0.596836 -0.068510
1276.000000 293.000000 0.678262 -0.070774
1101.000000 294.000000 0.451052 -0.063912
1226.000000 295.000000 0.607610 -0.066723
1079.000000 296.000000 0.425929 -0.061433
1091.000000 296.000000 0.439527 -0.061710
1106.000000 296.000000 0.456791 -0.062072
867.000000 297.000000 0.208514 -0.057208
1085.000000 297.000000 0.432682 -0.060595
1240.000000 297.000000 0.626813 -0.065140
1062.000000 298.000000 0.406927 -0.059126
1080.000000 298.000000 0.427010 -0.059509
1095.000000 298.000000 0.444055 -0.059846
1103.000000 299.000000 0.453242 -0.059052
1079.000000 301.000000 0.425820 -0.056568
1076.000000 303.000000 0.422410 -0.054564
1097.000000 303.000000 0.446238 -0.054996
862.000000 305.000000 0.203689 -0.049805
1261.000000 305.000000 0.656149 -0.057438
990.000000 306.000000 0.329982 -0.050257
1102.000000 306.000000 0.451933 -0.052162
197.000000 307.000000 -0.429548 -0.050778
967.000000 307.000000 0.306447 -0.049015
1234.000000 307.000000 0.618178 -0.054485
1155.000000 308.000000 0.515133 -0.051348
1129.000000 310.000000 0.483540 -0.048779
141.000000 311.000000 -0.494708 -0.047958
991.000000 311.000000 0.330949 -0.045547
993.000000 311.000000 0.333017 -0.045572
1136.000000 312.000000 0.491888 -0.046939
274.000000 314.000000 -0.345990 -0.042876
1028.000000 314.000000 0.369745 -0.043181
990.000000 315.000000 0.329869 -0.041759
1125.000000 315.000000 0.478681 -0.043753
135.000000 316.000000 -0.501866 -0.043103
979.000000 316.000000 0.318559 -0.040695
994.000000 316.000000 0.333992 -0.040861
1005.000000 316.000000 0.345433 -0.040988
1148.000000 316.000000 0.506363 -0.043195
1247.000000 316.000000 0.635999 -0.045430
138.000000 317.000000 -0.498212 -0.042051
985.000000 317.000000 0.324698 -0.039818
978.000000 318.000000 0.317516 -0.038803
981.000000 318.000000 0.320585 -0.038834
975.000000 319.000000 0.314444 -0.037833
986.000000 319.000000 0.325705 -0.037944
1078.000000 319.000000 0.424380 -0.039069
1018.000000 320.000000 0.359049 -0.037342
1080.000000 320.000000 0.426614 -0.038127
1091.000000 320.000000 0.439069 -0.038285
965.000000 321.000000 0.304273 -0.035863
973.000000 321.000000 0.312388 -0.035936
1160.000000 321.000000 0.521053 -0.038416
971.000000 322.000000 0.310346 -0.034979
1013.000000 322.000000 0.353754 -0.035387
1020.000000 322.000000 0.361143 -0.035462
1083.000000 322.000000 0.429968 -0.036226
965.000000 323.000000 0.304255 -0.033989
968.000000 323.000000 0.307293 -0.034014
257.000000 325.000000 -0.363753 -0.032622
1032.000000 325.000000 0.373889 -0.032731
1134.000000 325.000000 0.489255 -0.034004
960.000000 326.000000 0.299184 -0.031140
1013.000000 326.000000 0.353714 -0.031591
1027.000000 326.000000 0.368538 -0.031726
964.000000 327.000000 0.303212 -0.030234
957.000000 328.000000 0.296151 -0.029247
959.000000 328.000000 0.298162 -0.029262
975.000000 328.000000 0.314366 -0.029380
1034.000000 328.000000 0.376003 -0.029887
1045.000000 328.000000 0.387866 -0.029994
1052.000000 328.000000 0.395483 -0.030064
1086.000000 329.000000 0.433274 -0.029460
1246.000000 329.000000 0.634314 -0.031779
1015.000000 330.000000 0.355785 -0.027813
1026.000000 330.000000 0.367435 -0.027906
1255.000000 330.000000 0.646974 -0.030890
991.000000 331.000000 0.330750 -0.026678
1080.000000 331.000000 0.426481 -0.027455
1082.000000 331.000000 0.428733 -0.027475
969.000000 332.000000 0.308238 -0.025586
1005.000000 332.000000 0.345278 -0.025838
1023.000000 332.000000 0.364230 -0.025978
52.000000 334.000000 -0.608174 -0.026248
954.000000 334.000000 0.293100 -0.023623
1024.000000 334.000000 0.365276 -0.024083
1125.000000 334.000000 0.478405 -0.024989
935.000000 335.000000 0.274170 -0.022589
976.000000 336.000000 0.315331 -0.021877
1049.000000 337.000000 0.392134 -0.021401
1133.000000 337.000000 0.487910 -0.022105
222.000000 338.000000 -0.401363 -0.020493
926.000000 338.000000 0.265277 -0.019762
1026.000000 338.000000 0.367375 -0.020290
1043.000000 338.000000 0.385616 -0.020401
1244.000000 338.000000 0.631380 -0.022329
969.000000 339.000000 0.308198 -0.019027
1024.000000 339.000000 0.365242 -0.019326
1049.000000 339.000000 0.392120 -0.019483
1054.000000 339.000000 0.397576 -0.019516
1022.000000 340.000000 0.363114 -0.018363
1029.000000 340.000000 0.370560 -0.018403
1136.000000 340.000000 0.491483 -0.019160
1246.000000 340.000000 0.634151 -0.020261
949.000000 341.000000 0.288062 -0.017069
1053.000000 341.000000 0.396470 -0.017589
997.000000 342.000000 0.336891 -0.016340
1008.000000 342.000000 0.348353 -0.016392
991.000000 343.000000 0.330680 -0.015370
995.000000 343.000000 0.334814 -0.015388
1010.000000 343.000000 0.350444 -0.015455
1018.000000 343.000000 0.358865 -0.015492
1222.000000 343.000000 0.601092 -0.016893
1016.000000 344.000000 0.356749 -0.014534
948.000000 345.000000 0.287048 -0.013337
1058.000000 345.000000 0.401926 -0.013773
1229.000000 345.000000 0.610592 -0.014885
1041.000000 346.000000 0.383411 -0.012738
1054.000000 346.000000 0.397537 -0.012794
980.000000 348.000000 0.319364 -0.010628
1053.000000 348.000000 0.396436 -0.010870
1059.000000 348.000000 0.403012 -0.010893
975.000000 350.000000 0.314256 -0.008738
1079.000000 350.000000 0.425227 -0.009036
1082.000000 350.000000 0.428602 -0.009046
945.000000 351.000000 0.284042 -0.007741
1051.000000 351.000000 0.394243 -0.007985
966.000000 352.000000 0.305117 -0.006846
945.000000 353.000000 0.284038 -0.005879
1040.000000 353.000000 0.382310 -0.006044
938.000000 355.000000 0.277080 -0.004010
1005.000000 356.000000 0.345176 -0.003139
1087.000000 357.000000 0.434237 -0.002265
988.000000 358.000000 0.327553 -0.001241
1089.000000 358.000000 0.436505 -0.001295
1006.000000 359.000000 0.346218 -0.000303
1069.000000 360.000000 0.414040 0.000648
1085.000000 360.000000 0.431972 0.000649
1274.000000 361.000000 0.673972 0.001729
950.000000 362.000000 0.289023 0.002503
1054.000000 362.000000 0.397507 0.002566
1075.000000 362.000000 0.420729 0.002582
960.000000 364.000000 0.299057 0.004376
987.000000 364.000000 0.326527 0.004404
1043.000000 364.000000 0.385546 0.004471
1076.000000 364.000000 0.421850 0.004518
978.000000 365.000000 0.317307 0.005333
998.000000 365.000000 0.337891 0.005360
987.000000 366.000000 0.326529 0.006286
1056.000000 366.000000 0.399703 0.006410
1081.000000 366.000000 0.427466 0.006463
1087.000000 366.000000 0.434243 0.006477
1089.000000 366.000000 0.436512 0.006481
1263.000000 366.000000 0.658115 0.007003
941.000000 367.000000 0.280060 0.007149
979.000000 367.000000 0.318331 0.007212
1059.000000 367.000000 0.402998 0.007378
1045.000000 368.000000 0.387719 0.008303
1271.000000 368.000000 0.669642 0.009154
253.000000 370.000000 -0.367841 0.010156
939.000000 370.000000 0.278081 0.009935
1074.000000 370.000000 0.419628 0.010315
1274.000000 370.000000 0.674003 0.011295
1276.000000 370.000000 0.676912 0.011308
1009.000000 371.000000 0.349375 0.011055
1039.000000 371.000000 0.381244 0.011153
1072.000000 371.000000 0.417400 0.011274
1085.000000 371.000000 0.431995 0.011326
939.000000 372.000000 0.278085 0.011795
970.000000 374.000000 0.309186 0.013753
1080.000000 374.000000 0.426370 0.014212
979.000000 375.000000 0.318353 0.014723
1041.000000 375.000000 0.383418 0.014984
1099.000000 375.000000 0.447972 0.015287
1167.000000 375.000000 0.529486 0.015725
1180.000000 375.000000 0.545914 0.015820
987.000000 376.000000 0.326558 0.015694
1103.000000 376.000000 0.452585 0.016288
978.000000 377.000000 0.317340 0.016597
1031.000000 377.000000 0.372684 0.016844
1040.000000 377.000000 0.382349 0.016891
1069.000000 377.000000 0.414091 0.017054
1166.000000 377.000000 0.528249 0.017727
1071.000000 378.000000 0.416322 0.018031
1073.000000 378.000000 0.418551 0.018044
1081.000000 378.000000 0.427518 0.018095
978.000000 380.000000 0.317353 0.019414
1018.000000 381.000000 0.358889 0.020577
934.000000 382.000000 0.273169 0.021072
955.000000 382.000000 0.294085 0.021172
1034.000000 383.000000 0.375933 0.022585
1039.000000 383.000000 0.381308 0.022620
1104.000000 383.000000 0.453793 0.023141
1050.000000 384.000000 0.393235 0.023660
1056.000000 384.000000 0.399792 0.023707
976.000000 385.000000 0.315341 0.024097
961.000000 387.000000 0.300147 0.025878
1033.000000 387.000000 0.374891 0.026395
1254.000000 387.000000 0.645511 0.029046
1102.000000 388.000000 0.451533 0.028011
959.000000 389.000000 0.298146 0.027735
1028.000000 389.000000 0.369563 0.028260
1105.000000 390.000000 0.455022 0.030002
964.000000 391.000000 0.303202 0.029641
1026.000000 391.000000 0.367449 0.030147
1270.000000 391.000000 0.668471 0.033553
1108.000000 392.000000 0.458525 0.031998
943.000000 393.000000 0.282161 0.031359
1017.000000 393.000000 0.357926 0.031966
1027.000000 394.000000 0.368543 0.033015
133.000000 395.000000 -0.504149 0.035482
1250.000000 395.000000 0.640012 0.037380
1110.000000 396.000000 0.460906 0.035948
1197.000000 396.000000 0.568126 0.037373
1044.000000 397.000000 0.386842 0.036066
1024.000000 398.000000 0.365393 0.036794
1108.000000 398.000000 0.458608 0.037882
1079.000000 399.000000 0.425482 0.038440
1246.000000 399.000000 0.634483 0.041491
976.000000 400.000000 0.315460 0.038185
1036.000000 400.000000 0.378243 0.038843
1039.000000 400.000000 0.381474 0.038880
970.000000 401.000000 0.309364 0.039065
1059.000000 402.000000 0.403283 0.041063
134.000000 403.000000 -0.503071 0.043435
1005.000000 403.000000 0.345427 0.041327
1040.000000 403.000000 0.382591 0.041765
1095.000000 403.000000 0.443691 0.042573
957.000000 404.000000 0.296258 0.041748
1097.000000 404.000000 0.446000 0.043583
122.000000 405.000000 -0.517815 0.045671
1108.000000 405.000000 0.458722 0.044751
1118.000000 405.000000 0.470417 0.044930
1253.000000 405.000000 0.644481 0.047968
952.000000 406.000000 0.291260 0.043568
958.000000 406.000000 0.297285 0.043630
963.000000 406.000000 0.302326 0.043683
1058.000000 407.000000 0.402257 0.045867
1075.000000 407.000000 0.421117 0.046139
1078.000000 407.000000 0.424481 0.046189
1118.000000 407.000000 0.470455 0.046902
1072.000000 408.000000 0.417780 0.047059
1074.000000 409.000000 0.420031 0.048062
1210.000000 409.000000 0.585564 0.050991
1072.000000 410.000000 0.417814 0.048996
1107.000000 410.000000 0.457653 0.049641
1117.000000 410.000000 0.469337 0.049840
1013.000000 411.000000 0.353923 0.049023
1036.000000 411.000000 0.378396 0.049367
1115.000000 411.000000 0.467009 0.050785
1161.000000 411.000000 0.522554 0.051800
993.000000 412.000000 0.333063 0.049692
1249.000000 412.000000 0.639040 0.055221
1252.000000 412.000000 0.643269 0.055313
108.000000 413.000000 -0.535456 0.054038
1161.000000 413.000000 0.522602 0.053810
1163.000000 413.000000 0.525094 0.053860
45.000000 414.000000 -0.618377 0.056823
963.000000 414.000000 0.302419 0.051184
1023.000000 414.000000 0.364545 0.052030
1255.000000 414.000000 0.647578 0.057516
1020.000000 415.000000 0.361377 0.052936
1030.000000 415.000000 0.372024 0.053098
142.000000 416.000000 -0.493671 0.056206
965.000000 416.000000 0.304467 0.053086
108.000000 417.000000 -0.535561 0.058078
1009.000000 417.000000 0.349809 0.054665
1079.000000 417.000000 0.425790 0.055923
967.000000 418.000000 0.306520 0.054992
992.000000 418.000000 0.332115 0.055351
995.000000 418.000000 0.335221 0.055396
1031.000000 418.000000 0.373146 0.055984
1049.000000 418.000000 0.392592 0.056307
1075.000000 418.000000 0.421319 0.056813
1104.000000 418.000000 0.454342 0.057433
1054.000000 419.000000 0.398075 0.057365
1056.000000 419.000000 0.400269 0.057404
1082.000000 419.000000 0.429212 0.057931
1157.000000 419.000000 0.517793 0.059737
136.000000 420.000000 -0.501025 0.060342
138.000000 420.000000 -0.498601 0.060289
969.000000 420.000000 0.308577 0.056899
1166.000000 420.000000 0.529031 0.060993
65.000000 421.000000 -0.591483 0.063453
1000.000000 421.000000 0.340464 0.058317
1061.000000 421.000000 0.405813 0.059434
1112.000000 421.000000 0.463720 0.060571
1043.000000 422.000000 0.386147 0.060040
1158.000000 422.000000 0.519116 0.062779
1108.000000 423.000000 0.459103 0.062442
973.000000 424.000000 0.312705 0.060723
990.000000 424.000000 0.330143 0.060995
1034.000000 424.000000 0.376474 0.061784
1050.000000 425.000000 0.393821 0.063068
1167.000000 425.000000 0.530434 0.066070
981.000000 426.000000 0.320913 0.062736
983.000000 426.000000 0.322966 0.062769
974.000000 427.000000 0.313772 0.063565
978.000000 427.000000 0.317857 0.063630
991.000000 427.000000 0.331227 0.063851
1031.000000 427.000000 0.373315 0.064600
1034.000000 427.000000 0.376534 0.064660
1067.000000 427.000000 0.412588 0.065373
63.000000 428.000000 -0.594405 0.070760
103.000000 428.000000 -0.542213 0.069365
1049.000000 428.000000 0.392794 0.065938
979.000000 429.000000 0.318914 0.065535
1055.000000 429.000000 0.399381 0.067036
1065.000000 429.000000 0.410414 0.067266
1101.000000 429.000000 0.451142 0.068163
62.000000 430.000000 -0.595822 0.072869
1030.000000 430.000000 0.372305 0.067453
1035.000000 430.000000 0.377672 0.067559
1107.000000 430.000000 0.458122 0.069308
121.000000 431.000000 -0.519742 0.071807
128.000000 431.000000 -0.511110 0.071581
1160.000000 431.000000 0.521877 0.071901
1045.000000 432.000000 0.388528 0.069703
106.000000 433.000000 -0.538583 0.074335
137.000000 433.000000 -0.500190 0.073297
899.000000 434.000000 0.239386 0.069005
1163.000000 434.000000 0.525719 0.075029
1167.000000 434.000000 0.530730 0.075168
1036.000000 435.000000 0.378859 0.072383
133.000000 436.000000 -0.505155 0.076431
1104.000000 436.000000 0.454809 0.075132
1166.000000 436.000000 0.529546 0.077156
1048.000000 437.000000 0.391913 0.074594
1066.000000 437.000000 0.411722 0.075052
128.000000 438.000000 -0.511344 0.078610
1039.000000 438.000000 0.382167 0.075338
1094.000000 438.000000 0.443340 0.076804
116.000000 439.000000 -0.526237 0.080049
1051.000000 439.000000 0.395239 0.076601
1114.000000 439.000000 0.466566 0.078399
1268.000000 439.000000 0.667193 0.084582
1065.000000 440.000000 0.410692 0.077938
1232.000000 440.000000 0.616452 0.083954
126.000000 441.000000 -0.513912 0.081698
1093.000000 441.000000 0.442284 0.079719
1202.000000 441.000000 0.576063 0.083674
1236.000000 441.000000 0.622019 0.085186
1043.000000 442.000000 0.386599 0.079291
1135.000000 442.000000 0.491642 0.082083
1205.000000 442.000000 0.580073 0.084835
1055.000000 443.000000 0.399730 0.080576
1126.000000 443.000000 0.480891 0.082766
132.000000 444.000000 -0.506660 0.084492
1097.000000 445.000000 0.447001 0.083775
1205.000000 445.000000 0.580206 0.087934
915.000000 446.000000 0.255155 0.080401
1009.000000 446.000000 0.350384 0.082284
1011.000000 446.000000 0.352489 0.082332
1267.000000 446.000000 0.666100 0.092014
1271.000000 446.000000 0.671889 0.092224
1084.000000 447.000000 0.432214 0.085323
1096.000000 447.000000 0.445916 0.085710
1130.000000 447.000000 0.485814 0.086895
1138.000000 447.000000 0.495448 0.087193
1144.000000 447.000000 0.502739 0.087422
1202.000000 447.000000 0.576328 0.089864
1086.000000 448.000000 0.434517 0.086367
1134.000000 448.000000 0.490656 0.088043
1142.000000 448.000000 0.500341 0.088349
102.000000 449.000000 -0.544285 0.090760
1010.000000 449.000000 0.351510 0.085175
1093.000000 449.000000 0.442539 0.087578
1137.000000 449.000000 0.494315 0.089158
1044.000000 450.000000 0.387902 0.087041
1054.000000 450.000000 0.398830 0.087330
1134.000000 450.000000 0.490732 0.090043
1144.000000 450.000000 0.502856 0.090435
914.000000 451.000000 0.254260 0.085050
1017.000000 451.000000 0.358954 0.087267
86.000000 452.000000 -0.565019 0.094554
105.000000 452.000000 -0.540605 0.093686
1011.000000 452.000000 0.352639 0.088069
95.000000 453.000000 -0.553421 0.095161
1015.000000 453.000000 0.356889 0.089131
1084.000000 453.000000 0.432410 0.091204
1147.000000 453.000000 0.506647 0.093574
1157.000000 453.000000 0.518983 0.093997
1263.000000 453.000000 0.660720 0.099280
1086.000000 454.000000 0.434717 0.092254
1200.000000 454.000000 0.574022 0.096998
1142.000000 455.000000 0.500623 0.095378
1146.000000 455.000000 0.505506 0.095546
1002.000000 456.000000 0.343293 0.091659
1090.000000 456.000000 0.439347 0.094359
1209.000000 456.000000 0.586057 0.099523
108.000000 457.000000 -0.537034 0.098643
1136.000000 457.000000 0.493428 0.097134
1156.000000 457.000000 0.517917 0.098000
1230.000000 457.000000 0.614553 0.101683
101.000000 458.000000 -0.545971 0.099994
1018.000000 459.000000 0.360233 0.094968
1020.000000 459.000000 0.362358 0.095025
1031.000000 459.000000 0.374115 0.095348
108.000000 460.000000 -0.537176 0.101700
110.000000 460.000000 -0.534651 0.101605
1016.000000 460.000000 0.358141 0.095871
1028.000000 460.000000 0.370926 0.096222
1026.000000 461.000000 0.368815 0.097126
1031.000000 461.000000 0.374176 0.097277
1083.000000 461.000000 0.431558 0.099021
1167.000000 461.000000 0.531853 0.102570
1273.000000 461.000000 0.675655 0.108454
1028.000000 462.000000 0.370987 0.098150
1034.000000 462.000000 0.377435 0.098335
1172.000000 462.000000 0.538222 0.103833
90.000000 463.000000 -0.560368 0.105673
1118.000000 465.000000 0.472248 0.104370
91.000000 466.000000 -0.559230 0.108709
1016.000000 466.000000 0.358318 0.101635
1034.000000 466.000000 0.377563 0.102200
132.000000 467.000000 -0.507639 0.107654
91.000000 469.000000 -0.559393 0.111799
1017.000000 469.000000 0.359471 0.104551
1106.000000 469.000000 0.458327 0.107837
1109.000000 469.000000 0.461832 0.107966
1173.000000 469.000000 0.539850 0.111040
1020.000000 470.000000 0.362692 0.105609
1196.000000 471.000000 0.569670 0.114370
40.000000 472.000000 -0.628031 0.117977
48.000000 472.000000 -0.616970 0.117467
92.000000 472.000000 -0.558265 0.114836
1054.000000 472.000000 0.399560 0.108717
1081.000000 472.000000 0.429714 0.109761
46.000000 473.000000 -0.619787 0.118650
1113.000000 473.000000 0.466703 0.112127
1198.000000 473.000000 0.572416 0.116560
49.000000 474.000000 -0.615723 0.119514
173.000000 474.000000 -0.458974 0.112772
1110.000000 474.000000 0.463225 0.112988
1211.000000 474.000000 0.589749 0.118385
1189.000000 475.000000 0.560757 0.118102
38.000000 476.000000 -0.631078 0.122351
114.000000 476.000000 -0.530436 0.117717
1172.000000 476.000000 0.538961 0.118156
40.000000 477.000000 -0.628360 0.123278
42.000000 477.000000 -0.625582 0.123144
1123.000000 477.000000 0.478734 0.116599
1160.000000 477.000000 0.523892 0.118512
1200.000000 477.000000 0.575294 0.120836
1107.000000 479.000000 0.459944 0.117832
1160.000000 479.000000 0.524003 0.120552
1110.000000 480.000000 0.463505 0.118972
126.000000 481.000000 -0.515748 0.122153
1194.000000 481.000000 0.567648 0.124620
1276.000000 481.000000 0.681399 0.130281
1260.000000 482.000000 0.658293 0.130178
126.000000 483.000000 -0.515860 0.124188
892.000000 483.000000 0.233446 0.114532
1098.000000 484.000000 0.449712 0.122384
1170.000000 484.000000 0.536887 0.126248
1203.000000 484.000000 0.579712 0.128320
1102.000000 486.000000 0.454450 0.124569
1110.000000 486.000000 0.463801 0.124967
1035.000000 487.000000 0.379396 0.122601
1173.000000 487.000000 0.540884 0.129515
1123.000000 488.000000 0.479296 0.127648
1184.000000 489.000000 0.555136 0.132277
1096.000000 490.000000 0.447691 0.128257
1105.000000 491.000000 0.458199 0.129711
1011.000000 492.000000 0.353903 0.126529
1051.000000 492.000000 0.397060 0.128142
1085.000000 492.000000 0.435155 0.129704
1101.000000 492.000000 0.453589 0.130504
1177.000000 492.000000 0.546315 0.134925
1194.000000 492.000000 0.568368 0.136061
1038.000000 495.000000 0.382975 0.130520
1096.000000 495.000000 0.447945 0.133240
1120.000000 495.000000 0.476103 0.134532
867.000000 496.000000 0.209633 0.126169
1164.000000 496.000000 0.530048 0.138203
1092.000000 497.000000 0.443432 0.135027
1167.000000 497.000000 0.533903 0.139428
1049.000000 498.000000 0.395126 0.133936
1134.000000 498.000000 0.493094 0.138376
1138.000000 498.000000 0.497955 0.138618
1163.000000 498.000000 0.528919 0.140195
1185.000000 498.000000 0.557038 0.141683
988.000000 499.000000 0.330046 0.132435
1047.000000 499.000000 0.392975 0.134827
115.000000 500.000000 -0.530633 0.142259
1094.000000 500.000000 0.445896 0.138125
877.000000 501.000000 0.219349 0.131075
1050.000000 501.000000 0.396362 0.136927
125.000000 503.000000 -0.518320 0.144680
1134.000000 503.000000 0.493399 0.143455
1128.000000 504.000000 0.486209 0.144099
1138.000000 504.000000 0.498328 0.144724
1141.000000 504.000000 0.501993 0.144915
1144.000000 505.000000 0.505738 0.146130
1197.000000 505.000000 0.573256 0.149867
1041.000000 506.000000 0.386730 0.141419
169.000000 507.000000 -0.465367 0.145999
864.000000 509.000000 0.207044 0.138288
876.000000 509.000000 0.218574 0.138570
1049.000000 509.000000 0.395642 0.144749
1130.000000 509.000000 0.488936 0.149303
1151.000000 509.000000 0.514653 0.150695
887.000000 510.000000 0.229234 0.139786
1041.000000 510.000000 0.386918 0.145346
1234.000000 510.000000 0.623809 0.158164
1062.000000 511.000000 0.410152 0.147377
1064.000000 511.000000 0.412387 0.147481
1199.000000 512.000000 0.576449 0.157378
1023.000000 514.000000 0.367614 0.148423
1014.000000 515.000000 0.358035 0.148991
1153.000000 515.000000 0.517561 0.157007
880.000000 516.000000 0.222611 0.145267
1175.000000 517.000000 0.545534 0.160722
1185.000000 517.000000 0.558460 0.161509
1062.000000 518.000000 0.410524 0.154319
1190.000000 518.000000 0.565071 0.162961
1202.000000 518.000000 0.580929 0.163955
1204.000000 519.000000 0.583682 0.165182
1235.000000 519.000000 0.625999 0.167919
1243.000000 519.000000 0.637209 0.168656
1135.000000 520.000000 0.495740 0.160865
1151.000000 520.000000 0.515435 0.162016
1180.000000 520.000000 0.552214 0.164249
889.000000 521.000000 0.231471 0.150238
1153.000000 521.000000 0.518000 0.163197
1215.000000 521.000000 0.598670 0.168261
1128.000000 522.000000 0.487389 0.162421
1204.000000 522.000000 0.583940 0.168360
1074.000000 523.000000 0.424310 0.159977
1141.000000 523.000000 0.503295 0.164372
1160.000000 523.000000 0.526926 0.165799
1227.000000 523.000000 0.615272 0.171484
892.000000 524.000000 0.234476 0.153167
1135.000000 524.000000 0.496025 0.164964
1202.000000 524.000000 0.581443 0.170306
1206.000000 524.000000 0.586793 0.170657
1066.000000 525.000000 0.415399 0.161508
1163.000000 525.000000 0.530869 0.168110
1139.000000 526.000000 0.501061 0.167310
1208.000000 526.000000 0.589658 0.172961
1069.000000 527.000000 0.418893 0.163680
1162.000000 527.000000 0.529763 0.170111
1206.000000 527.000000 0.587060 0.173845
1236.000000 527.000000 0.628145 0.176640
1193.000000 528.000000 0.569859 0.173752
1043.000000 529.000000 0.390081 0.164192
1055.000000 529.000000 0.403336 0.164861
1175.000000 529.000000 0.546503 0.173262
1233.000000 529.000000 0.624154 0.178511
1074.000000 530.000000 0.424729 0.166983
1206.000000 530.000000 0.587333 0.177038
1054.000000 531.000000 0.402339 0.166794
1065.000000 531.000000 0.414628 0.167439
1193.000000 531.000000 0.570124 0.176925
1228.000000 531.000000 0.617410 0.180185
1231.000000 531.000000 0.621568 0.180477
1080.000000 532.000000 0.431686 0.169365
1174.000000 532.000000 0.545470 0.176322
1177.000000 532.000000 0.549335 0.176579
1208.000000 532.000000 0.590207 0.179355
1213.000000 533.000000 0.597057 0.180894
1065.000000 534.000000 0.414809 0.170440
1084.000000 535.000000 0.436461 0.172644
1086.000000 535.000000 0.438761 0.172775
1150.000000 535.000000 0.515350 0.177460
1194.000000 535.000000 0.571806 0.181253
1209.000000 535.000000 0.591837 0.182654
1068.000000 536.000000 0.418311 0.172628
1174.000000 536.000000 0.545815 0.180521
14.000000 537.000000 -0.670455 0.190368
1083.000000 537.000000 0.435444 0.174596
1076.000000 538.000000 0.427507 0.175146
1209.000000 538.000000 0.592125 0.185863
1214.000000 538.000000 0.598897 0.186350
1030.000000 539.000000 0.376440 0.173381
1058.000000 539.000000 0.407270 0.175015
1061.000000 539.000000 0.410626 0.175199
1082.000000 539.000000 0.434430 0.176548
1163.000000 539.000000 0.532024 0.182713
1174.000000 539.000000 0.546079 0.183675
13.000000 540.000000 -0.672223 0.193784
1055.000000 540.000000 0.403985 0.175831
1193.000000 540.000000 0.570949 0.186470
1188.000000 541.000000 0.564459 0.187063
1191.000000 541.000000 0.568404 0.187344
1210.000000 541.000000 0.593769 0.189177
1080.000000 542.000000 0.432339 0.179444
1179.000000 542.000000 0.552810 0.187289
1184.000000 542.000000 0.559316 0.187750
1196.000000 542.000000 0.575111 0.188883
1199.000000 542.000000 0.579101 0.189172
1217.000000 542.000000 0.603381 0.190950
1169.000000 543.000000 0.540019 0.187437
1208.000000 543.000000 0.591266 0.191124
1003.000000 544.000000 0.347752 0.176868
1142.000000 544.000000 0.506166 0.186148
1191.000000 544.000000 0.568689 0.190534
1204.000000 544.000000 0.585983 0.191799
1206.000000 544.000000 0.588671 0.191998
1186.000000 545.000000 0.562213 0.191119
1217.000000 546.000000 0.603790 0.195264
511.000000 547.000000 -0.118074 0.172059
988.000000 547.000000 0.332108 0.179053
1037.000000 548.000000 0.384592 0.182728
1076.000000 548.000000 0.428175 0.185237
938.000000 550.000000 0.280934 0.179697
1040.000000 551.000000 0.388066 0.185905
1044.000000 551.000000 0.392471 0.186154
1082.000000 551.000000 0.435258 0.188698
1141.000000 551.000000 0.505524 0.193345
926.000000 552.000000 0.268975 0.181144
1187.000000 552.000000 0.564204 0.198663
507.000000 553.000000 -0.121885 0.177772
1210.000000 554.000000 0.595101 0.203169
991.000000 555.000000 0.335665 0.187072
1192.000000 555.000000 0.571098 0.202371
1185.000000 557.000000 0.562081 0.203797
1188.000000 557.000000 0.566022 0.204102
33.000000 558.000000 -0.645583 0.211399
1103.000000 558.000000 0.460241 0.197433
30.000000 560.000000 -0.650075 0.213955
987.000000 561.000000 0.331786 0.192776
1049.000000 561.000000 0.398658 0.196520
974.000000 562.000000 0.318281 0.193078
1197.000000 563.000000 0.578581 0.211488
984.000000 564.000000 0.328805 0.195576
1216.000000 564.000000 0.604370 0.214672
1230.000000 564.000000 0.623711 0.216281
1150.000000 565.000000 0.517998 0.208833
29.000000 566.000000 -0.652214 0.220716
1207.000000 566.000000 0.592347 0.215832
1166.000000 568.000000 0.538572 0.213590
1217.000000 568.000000 0.606199 0.219149
993.000000 569.000000 0.338542 0.201027
1195.000000 569.000000 0.576569 0.217744
979.000000 570.000000 0.323907 0.201234
1105.000000 570.000000 0.463597 0.209977
1200.000000 570.000000 0.583366 0.219384
1206.000000 570.000000 0.591447 0.220063
987.000000 572.000000 0.332395 0.203662
1118.000000 572.000000 0.479316 0.213196
1192.000000 572.000000 0.572912 0.220652
989.000000 573.000000 0.334556 0.204770
1060.000000 573.000000 0.411824 0.209455
1089.000000 573.000000 0.445047 0.211732
1188.000000 573.000000 0.567726 0.221287
1222.000000 573.000000 0.613672 0.225213
985.000000 574.000000 0.330409 0.205533
1037.000000 574.000000 0.386273 0.208814
1094.000000 574.000000 0.450971 0.213180
1158.000000 574.000000 0.528984 0.219154
1194.000000 574.000000 0.575797 0.223040
1226.000000 575.000000 0.619456 0.227897
13.000000 576.000000 -0.676492 0.233882
1065.000000 577.000000 0.417783 0.213917
1187.000000 577.000000 0.566853 0.225495
1220.000000 577.000000 0.611394 0.229367
12.000000 578.000000 -0.678204 0.236261
1023.000000 578.000000 0.371230 0.211893
1225.000000 578.000000 0.618435 0.231081
1261.000000 578.000000 0.669536 0.235660
15.000000 579.000000 -0.673978 0.236996
1012.000000 579.000000 0.359400 0.212172
1174.000000 579.000000 0.550056 0.226202
10.000000 580.000000 -0.681378 0.238777
301.000000 580.000000 -0.323954 0.211054
719.000000 580.000000 0.072643 0.202557
1139.000000 580.000000 0.505752 0.223590
1252.000000 580.000000 0.656815 0.236731
1257.000000 580.000000 0.664012 0.237384
998.000000 581.000000 0.344556 0.213286
1045.000000 582.000000 0.395699 0.217498
1139.000000 582.000000 0.505954 0.225706
1070.000000 583.000000 0.423953 0.220465
1129.000000 583.000000 0.493722 0.225764
1081.000000 584.000000 0.436682 0.222410
14.000000 585.000000 -0.676222 0.243891
1026.000000 585.000000 0.374980 0.219168
1075.000000 585.000000 0.429847 0.222936
1135.000000 585.000000 0.501305 0.228477
12.000000 587.000000 -0.679398 0.246420
14.000000 588.000000 -0.676626 0.247281
965.000000 588.000000 0.310361 0.218303
991.000000 588.000000 0.337571 0.219858
1082.000000 588.000000 0.438184 0.226633
1116.000000 588.000000 0.478400 0.229757
963.000000 590.000000 0.308405 0.220179
1254.000000 590.000000 0.661022 0.248232
739.000000 591.000000 0.091279 0.213313
976.000000 591.000000 0.321981 0.221937
1017.000000 591.000000 0.365611 0.224609
1225.000000 591.000000 0.620089 0.245473
1231.000000 591.000000 0.628469 0.246263
1243.000000 591.000000 0.645415 0.247866
1085.000000 592.000000 0.442022 0.231049
1202.000000 592.000000 0.588676 0.243628
61.000000 593.000000 -0.610774 0.246626
1017.000000 593.000000 0.365752 0.226635
1072.000000 593.000000 0.427080 0.230945
1216.000000 593.000000 0.607896 0.246519
1224.000000 593.000000 0.618961 0.247566
1230.000000 593.000000 0.627334 0.248361
1246.000000 593.000000 0.649961 0.250520
977.000000 594.000000 0.323209 0.224999
1082.000000 594.000000 0.438713 0.232860
1084.000000 594.000000 0.441038 0.233039
1113.000000 594.000000 0.475370 0.235778
1161.000000 594.000000 0.534976 0.240889
1243.000000 594.000000 0.645822 0.251235
1120.000000 595.000000 0.483940 0.237536
1128.000000 595.000000 0.493712 0.238358
62.000000 596.000000 -0.609788 0.249822
1009.000000 596.000000 0.357317 0.229111
940.000000 597.000000 0.285193 0.225863
1087.000000 598.000000 0.444903 0.237483
1103.000000 598.000000 0.463784 0.239006
1147.000000 598.000000 0.517654 0.243610
1202.000000 598.000000 0.589439 0.250235
1213.000000 598.000000 0.604428 0.251669
65.000000 599.000000 -0.606063 0.252756
1125.000000 599.000000 0.490453 0.242293
1211.000000 599.000000 0.601818 0.252514
1072.000000 600.000000 0.427693 0.238204
1089.000000 600.000000 0.447431 0.239761
1079.000000 601.000000 0.435866 0.239877
65.000000 602.000000 -0.606462 0.256089
856.000000 602.000000 0.202133 0.226975
1219.000000 603.000000 0.613367 0.258037
6.000000 604.000000 -0.690537 0.266617
67.000000 604.000000 -0.603989 0.258045
87.000000 604.000000 -0.576959 0.255417
962.000000 604.000000 0.308193 0.234103
799.000000 605.000000 0.147716 0.228061
971.000000 605.000000 0.317620 0.235665
1121.000000 605.000000 0.486200 0.248252
3.000000 606.000000 -0.695228 0.269346
6.000000 606.000000 -0.690828 0.268909
70.000000 606.000000 -0.600158 0.259866
1117.000000 606.000000 0.481437 0.248891
1250.000000 606.000000 0.657516 0.265776
85.000000 607.000000 -0.580021 0.258984
1258.000000 607.000000 0.669200 0.268076
5.000000 608.000000 -0.692586 0.271352
465.000000 608.000000 -0.162624 0.231389
947.000000 608.000000 0.292962 0.237219
1116.000000 609.000000 0.480543 0.251978
1139.000000 609.000000 0.508867 0.254529
1236.000000 609.000000 0.637995 0.267157
1272.000000 609.000000 0.689914 0.272429
71.000000 610.000000 -0.599336 0.264183
946.000000 610.000000 0.292053 0.239163
1232.000000 610.000000 0.632494 0.267713
1238.000000 610.000000 0.640971 0.268577
1250.000000 610.000000 0.658098 0.270325
1229.000000 611.000000 0.628421 0.268411
1273.000000 611.000000 0.691680 0.274879
71.000000 612.000000 -0.599610 0.266412
962.000000 612.000000 0.308688 0.242145
220.000000 613.000000 -0.414441 0.250495
1163.000000 613.000000 0.539818 0.261743
1112.000000 614.000000 0.476234 0.256878
731.000000 615.000000 0.084230 0.236285
1119.000000 615.000000 0.484849 0.258714
1224.000000 615.000000 0.622000 0.272203
67.000000 616.000000 -0.605640 0.271442
206.000000 616.000000 -0.430757 0.254934
1109.000000 616.000000 0.472827 0.258688
1113.000000 616.000000 0.477662 0.259123
1145.000000 616.000000 0.517223 0.262800
1046.000000 617.000000 0.399656 0.253570
1107.000000 617.000000 0.470526 0.259539
711.000000 619.000000 0.065723 0.239875
1112.000000 619.000000 0.476781 0.262222
1230.000000 619.000000 0.630991 0.277604
364.000000 620.000000 -0.261692 0.247395
1049.000000 620.000000 0.403300 0.256962
1074.000000 620.000000 0.431875 0.259318
3.000000 621.000000 -0.697471 0.286651
6.000000 621.000000 -0.693071 0.286191
74.000000 621.000000 -0.596779 0.276057
456.000000 621.000000 -0.171629 0.244388
458.000000 621.000000 -0.169715 0.244320
939.000000 621.000000 0.285534 0.249796
1134.000000 621.000000 0.504033 0.266902
9.000000 622.000000 -0.688834 0.286887
1084.000000 622.000000 0.443732 0.262435
1124.000000 622.000000 0.491771 0.266806
1150.000000 622.000000 0.524293 0.269946
1240.000000 622.000000 0.645589 0.282516
1048.000000 623.000000 0.402445 0.260004
1045.000000 624.000000 0.399158 0.260776
1119.000000 624.000000 0.485868 0.268383
5.000000 625.000000 -0.695153 0.290980
1237.000000 625.000000 0.641782 0.285486
1043.000000 626.000000 0.397093 0.262684
1127.000000 626.000000 0.495943 0.271483
1159.000000 626.000000 0.536323 0.275482
1167.000000 626.000000 0.546680 0.276537
1009.000000 627.000000 0.359651 0.260808
1087.000000 627.000000 0.447780 0.268057
1111.000000 627.000000 0.476468 0.270696
1025.000000 628.000000 0.377243 0.263177
1040.000000 628.000000 0.393911 0.264502
1239.000000 628.000000 0.645085 0.289226
74.000000 629.000000 -0.597932 0.285047
87.000000 629.000000 -0.580345 0.283171
1021.000000 629.000000 0.372925 0.263874
1127.000000 629.000000 0.496303 0.274736
447.000000 630.000000 -0.180589 0.253577
1042.000000 630.000000 0.396336 0.266777
1157.000000 630.000000 0.534275 0.279623
14.000000 631.000000 -0.682945 0.296533
895.000000 631.000000 0.241700 0.257387
1037.000000 631.000000 0.390828 0.267366
1218.000000 631.000000 0.616015 0.289429
980.000000 632.000000 0.328938 0.263712
1154.000000 632.000000 0.530687 0.281431
805.000000 633.000000 0.154240 0.255628
861.000000 633.000000 0.208259 0.257757
886.000000 633.000000 0.232861 0.258933
1039.000000 633.000000 0.393249 0.269644
1110.000000 633.000000 0.475947 0.277049
1156.000000 633.000000 0.533387 0.282799
8.000000 635.000000 -0.692336 0.302140
979.000000 635.000000 0.328101 0.266719
1047.000000 635.000000 0.402438 0.272498
907.000000 637.000000 0.254026 0.264065
1140.000000 637.000000 0.513544 0.285101
66.000000 638.000000 -0.610253 0.296439
812.000000 638.000000 0.161091 0.260804
886.000000 638.000000 0.233113 0.263949
1005.000000 638.000000 0.356213 0.271875
1054.000000 638.000000 0.410674 0.276348
6.000000 639.000000 -0.695907 0.307133
269.000000 639.000000 -0.362226 0.273274
297.000000 639.000000 -0.332102 0.271012
776.000000 639.000000 0.126897 0.260695
914.000000 639.000000 0.261191 0.266486
1192.000000 640.000000 0.581781 0.295708
1007.000000 641.000000 0.358639 0.275165
1172.000000 641.000000 0.555296 0.293904
1177.000000 641.000000 0.561891 0.294625
1257.000000 641.000000 0.673022 0.307116
337.000000 642.000000 -0.290479 0.271236
935.000000 642.000000 0.282744 0.270823
1106.000000 642.000000 0.472164 0.286320
1145.000000 642.000000 0.520533 0.291270
1189.000000 643.000000 0.578192 0.298648
845.000000 644.000000 0.193141 0.268044
1179.000000 644.000000 0.564981 0.298289
996.000000 646.000000 0.347144 0.279447
1265.000000 646.000000 0.685491 0.314280
933.000000 647.000000 0.281018 0.275799
1148.000000 647.000000 0.525035 0.297219
783.000000 648.000000 0.133779 0.269803
969.000000 648.000000 0.318512 0.279370
1083.000000 648.000000 0.445371 0.290125
1254.000000 648.000000 0.669834 0.314788
933.000000 649.000000 0.281150 0.277845
1005.000000 649.000000 0.357153 0.283351
1258.000000 649.000000 0.675799 0.316627
1262.000000 649.000000 0.681616 0.317298
1012.000000 650.000000 0.364888 0.285021
910.000000 651.000000 0.257862 0.278438
1014.000000 651.000000 0.367173 0.286254
883.000000 652.000000 0.230866 0.277920
1005.000000 652.000000 0.357417 0.286496
899.000000 653.000000 0.246902 0.279826
1011.000000 653.000000 0.364064 0.288086
1016.000000 653.000000 0.369557 0.288545
1024.000000 653.000000 0.378402 0.289296
1113.000000 653.000000 0.482050 0.299194
1252.000000 653.000000 0.667783 0.320304
915.000000 655.000000 0.263171 0.282831
1011.000000 655.000000 0.364246 0.290193
1025.000000 655.000000 0.379704 0.291510
55.000000 657.000000 -0.628585 0.320029
1017.000000 657.000000 0.371034 0.292864
1069.000000 657.000000 0.429974 0.298252
1271.000000 657.000000 0.696128 0.328249
1276.000000 657.000000 0.703473 0.329103
774.000000 658.000000 0.125531 0.279505
888.000000 658.000000 0.236175 0.284292
915.000000 658.000000 0.263360 0.285905
992.000000 658.000000 0.343850 0.291656
1015.000000 658.000000 0.368923 0.293734
1095.000000 658.000000 0.460845 0.302412
1107.000000 658.000000 0.475360 0.303920
78.000000 659.000000 -0.597090 0.318569
1130.000000 659.000000 0.503913 0.308078
1259.000000 659.000000 0.678950 0.328553
1274.000000 659.000000 0.700874 0.331132
75.000000 660.000000 -0.601357 0.320206
778.000000 660.000000 0.129386 0.281622
879.000000 660.000000 0.227322 0.285833
914.000000 660.000000 0.262471 0.287895
925.000000 660.000000 0.273684 0.288612
1150.000000 660.000000 0.529442 0.312027
904.000000 661.000000 0.252411 0.288297
916.000000 661.000000 0.264568 0.289051
949.000000 661.000000 0.298529 0.291336
994.000000 661.000000 0.346273 0.294985
1025.000000 661.000000 0.380290 0.297883
1081.000000 661.000000 0.444526 0.303986
432.000000 662.000000 -0.196468 0.286226
616.000000 662.000000 -0.022162 0.281627
1116.000000 662.000000 0.486914 0.309510
906.000000 663.000000 0.254554 0.290473
1160.000000 663.000000 0.542829 0.316893
446.000000 664.000000 -0.182920 0.287625
889.000000 664.000000 0.237517 0.290478
1016.000000 664.000000 0.370599 0.300195
1133.000000 664.000000 0.508380 0.314071
1168.000000 664.000000 0.553459 0.319250
928.000000 665.000000 0.277098 0.293978
1001.000000 665.000000 0.354233 0.299839
1135.000000 665.000000 0.511045 0.315474
432.000000 666.000000 -0.196655 0.290285
917.000000 666.000000 0.265913 0.294268
955.000000 666.000000 0.305177 0.296994
1075.000000 666.000000 0.438045 0.308719
1081.000000 666.000000 0.445129 0.309442
1189.000000 667.000000 0.581953 0.326019
926.000000 668.000000 0.275253 0.296947
993.000000 668.000000 0.345816 0.302284
1137.000000 668.000000 0.514008 0.319127
1181.000000 668.000000 0.571351 0.325871
63.000000 669.000000 -0.619434 0.332636
960.000000 669.000000 0.310667 0.300525
1108.000000 669.000000 0.478022 0.316199
1274.000000 669.000000 0.702608 0.343028
59.000000 670.000000 -0.625184 0.334488
1110.000000 670.000000 0.480608 0.317578
426.000000 671.000000 -0.202777 0.295667
1117.000000 671.000000 0.489375 0.319651
1188.000000 671.000000 0.581258 0.330465
1271.000000 671.000000 0.698560 0.344887
441.000000 672.000000 -0.188143 0.295971
956.000000 672.000000 0.306698 0.303350
960.000000 672.000000 0.310908 0.303671
1199.000000 672.000000 0.596391 0.333460
1268.000000 672.000000 0.694346 0.345550
399.000000 673.000000 -0.229605 0.299157
623.000000 673.000000 -0.015687 0.292574
946.000000 673.000000 0.296308 0.303615
1067.000000 673.000000 0.429502 0.315406
1102.000000 673.000000 0.471235 0.319835
1128.000000 673.000000 0.503374 0.323444
1209.000000 673.000000 0.610337 0.336329
914.000000 674.000000 0.263389 0.302350
953.000000 674.000000 0.303708 0.305210
981.000000 674.000000 0.333416 0.307560
1104.000000 674.000000 0.473806 0.321215
1116.000000 674.000000 0.488554 0.322863
1211.000000 674.000000 0.613284 0.337843
1269.000000 674.000000 0.696163 0.348116
807.000000 675.000000 0.157641 0.297739
947.000000 675.000000 0.297506 0.305787
961.000000 675.000000 0.312208 0.306908
1006.000000 675.000000 0.360653 0.310951
953.000000 676.000000 0.303867 0.307310
1070.000000 676.000000 0.433378 0.319054
1072.000000 676.000000 0.435729 0.319299
1084.000000 676.000000 0.449943 0.320804
841.000000 677.000000 0.190732 0.301248
856.000000 677.000000 0.205463 0.301994
915.000000 677.000000 0.264613 0.305535
832.000000 678.000000 0.181990 0.301850
1070.000000 678.000000 0.433624 0.321250
1116.000000 678.000000 0.489117 0.327343
1275.000000 678.000000 0.705667 0.353974
1103.000000 679.000000 0.473265 0.326650
1216.000000 679.000000 0.621125 0.344579
958.000000 680.000000 0.309455 0.311932
54.000000 681.000000 -0.634122 0.348286
978.000000 681.000000 0.330821 0.314722
980.000000 681.000000 0.332969 0.314902
1084.000000 681.000000 0.450588 0.326336
1106.000000 681.000000 0.477212 0.329300
964.000000 682.000000 0.315972 0.314554
1110.000000 682.000000 0.482268 0.330982
1198.000000 682.000000 0.596736 0.344939
883.000000 683.000000 0.232634 0.309702
930.000000 683.000000 0.280454 0.312882
1089.000000 683.000000 0.456845 0.329216
1096.000000 683.000000 0.465296 0.330159
1104.000000 683.000000 0.475041 0.331261
1107.000000 683.000000 0.478719 0.331681
1145.000000 683.000000 0.526484 0.337323
1148.000000 683.000000 0.530350 0.337793
507.000000 684.000000 -0.124998 0.305644
939.000000 684.000000 0.289867 0.314622
1115.000000 684.000000 0.488736 0.333947
1276.000000 684.000000 0.708209 0.361368
759.000000 685.000000 0.112058 0.306294
855.000000 685.000000 0.204896 0.310178
1087.000000 685.000000 0.454708 0.331176
1272.000000 685.000000 0.702528 0.361851
851.000000 686.000000 0.201003 0.311000
853.000000 686.000000 0.202975 0.311105
881.000000 686.000000 0.230812 0.312695
888.000000 686.000000 0.237841 0.313128
1076.000000 686.000000 0.441716 0.330842
629.000000 687.000000 -0.010125 0.306653
840.000000 687.000000 0.190239 0.311472
896.000000 687.000000 0.245976 0.314684
935.000000 687.000000 0.285941 0.317473
1057.000000 687.000000 0.419544 0.329558
1114.000000 687.000000 0.487931 0.337187
877.000000 688.000000 0.226928 0.314533
887.000000 688.000000 0.236960 0.315149
940.000000 688.000000 0.291224 0.318922
974.000000 688.000000 0.327165 0.321822
1274.000000 688.000000 0.706000 0.365830
989.000000 689.000000 0.343445 0.324304
1100.000000 689.000000 0.470993 0.337435
10.000000 690.000000 -0.698852 0.367006
1276.000000 690.000000 0.709293 0.368609
930.000000 691.000000 0.281063 0.321309
979.000000 691.000000 0.332817 0.325498
990.000000 691.000000 0.344727 0.326553
624.000000 692.000000 -0.014821 0.311738
1138.000000 692.000000 0.518919 0.346524
1202.000000 692.000000 0.604007 0.357398
12.000000 693.000000 -0.696489 0.370261
957.000000 693.000000 0.309503 0.325648
1045.000000 693.000000 0.406408 0.334715
1181.000000 693.000000 0.575550 0.354848
951.000000 694.000000 0.303251 0.326198
964.000000 694.000000 0.317024 0.327335
873.000000 695.000000 0.223350 0.321588
929.000000 695.000000 0.280337 0.325465
1094.000000 695.000000 0.464535 0.343342
841.000000 696.000000 0.191675 0.320837
1050.000000 696.000000 0.412537 0.338637
1052.000000 696.000000 0.414852 0.338884
1100.000000 696.000000 0.471992 0.345329
1133.000000 696.000000 0.513173 0.350324
601.000000 697.000000 -0.036430 0.316978
987.000000 697.000000 0.342056 0.332734
513.000000 698.000000 -0.119708 0.319779
1010.000000 698.000000 0.367439 0.336204
1046.000000 698.000000 0.408165 0.340358
1093.000000 698.000000 0.463746 0.346586
1168.000000 698.000000 0.559026 0.358439
1185.000000 698.000000 0.581838 0.361426
903.000000 699.000000 0.253903 0.327760
948.000000 699.000000 0.300518 0.331281
1043.000000 699.000000 0.404835 0.341098
964.000000 700.000000 0.317569 0.333774
1049.000000 700.000000 0.411876 0.342947
595.000000 701.000000 -0.042112 0.321128
1137.000000 701.000000 0.519083 0.356725
528.000000 702.000000 -0.105515 0.323451
79.000000 703.000000 -0.603324 0.369823
1083.000000 703.000000 0.452370 0.350818
1122.000000 703.000000 0.500353 0.356631
1046.000000 704.000000 0.408910 0.347018
1097.000000 704.000000 0.469489 0.353967
1104.000000 704.000000 0.478083 0.355008
446.000000 705.000000 -0.184844 0.329771
936.000000 705.000000 0.288434 0.336687
938.000000 706.000000 0.290612 0.337927
888.000000 707.000000 0.239217 0.335178
922.000000 707.000000 0.274029 0.337686
980.000000 707.000000 0.335452 0.342885
1040.000000 707.000000 0.402373 0.349609
1127.000000 707.000000 0.507309 0.362040
864.000000 708.000000 0.215145 0.334686
1008.000000 708.000000 0.366314 0.346944
1139.000000 708.000000 0.522804 0.365172
1170.000000 708.000000 0.563448 0.370536
835.000000 709.000000 0.186447 0.334095
1081.000000 709.000000 0.450816 0.357328
1118.000000 709.000000 0.496272 0.362908
1123.000000 709.000000 0.502569 0.363708
1004.000000 710.000000 0.362091 0.348700
1171.000000 710.000000 0.565143 0.373078
583.000000 711.000000 -0.053553 0.331565
777.000000 711.000000 0.130109 0.333621
1048.000000 711.000000 0.412117 0.355092
1129.000000 711.000000 0.510502 0.367002
1064.000000 712.000000 0.430978 0.358348
1189.000000 712.000000 0.589835 0.378755
83.000000 713.000000 -0.599684 0.381007
87.000000 713.000000 -0.594207 0.380260
494.000000 713.000000 -0.138480 0.335980
776.000000 714.000000 0.129255 0.336711
557.000000 715.000000 -0.078254 0.336174
854.000000 715.000000 0.205593 0.341479
1103.000000 715.000000 0.478530 0.367469
1116.000000 715.000000 0.494722 0.369527
1125.000000 715.000000 0.506078 0.370994
18.000000 716.000000 -0.692088 0.397082
274.000000 716.000000 -0.364338 0.355343
345.000000 716.000000 -0.287798 0.348290
454.000000 716.000000 -0.177546 0.340903
503.000000 716.000000 -0.129912 0.338776
