273.000000 3.000000 -0.365515 -0.355205
570.000000 3.000000 -0.065946 -0.336656
845.000000 3.000000 0.196735 -0.341726
1154.000000 3.000000 0.543824 -0.376952
36.000000 4.000000 -0.666225 -0.392307
346.000000 4.000000 -0.286709 -0.346853
552.000000 4.000000 -0.083016 -0.335987
606.000000 4.000000 -0.031888 -0.335136
1110.000000 4.000000 0.487328 -0.368362
1210.000000 4.000000 0.619582 -0.386204
291.000000 5.000000 -0.345429 -0.351021
341.000000 5.000000 -0.291863 -0.346204
1040.000000 5.000000 0.403330 -0.357187
275.000000 6.000000 -0.362953 -0.351661
503.000000 6.000000 -0.129820 -0.335349
842.000000 6.000000 0.193595 -0.338389
852.000000 6.000000 0.203513 -0.338959
1099.000000 6.000000 0.473394 -0.364339
1220.000000 6.000000 0.633225 -0.385723
288.000000 7.000000 -0.348503 -0.349143
307.000000 7.000000 -0.327845 -0.347194
561.000000 7.000000 -0.074403 -0.332680
1253.000000 8.000000 0.679972 -0.389694
999.000000 9.000000 0.356616 -0.347894
1156.000000 9.000000 0.545393 -0.370234
1190.000000 9.000000 0.590990 -0.376399
296.000000 10.000000 -0.339455 -0.345026
324.000000 10.000000 -0.309368 -0.342317
473.000000 11.000000 -0.158634 -0.331332
549.000000 11.000000 -0.085706 -0.328802
997.000000 11.000000 0.354193 -0.345481
1067.000000 11.000000 0.434063 -0.354011
298.000000 12.000000 -0.337080 -0.342642
574.000000 12.000000 -0.062003 -0.327275
1009.000000 12.000000 0.367378 -0.345699
1269.000000 12.000000 0.702435 -0.387868
467.000000 13.000000 -0.164381 -0.329513
495.000000 13.000000 -0.137268 -0.328360
564.000000 13.000000 -0.071443 -0.326423
1002.000000 14.000000 0.359388 -0.342732
1088.000000 14.000000 0.458780 -0.353567
319.000000 15.000000 -0.314226 -0.337375
1195.000000 15.000000 0.596724 -0.370180
543.000000 16.000000 -0.091285 -0.323787
1009.000000 16.000000 0.366933 -0.341305
1156.000000 16.000000 0.544177 -0.362029
230.000000 17.000000 -0.412620 -0.344814
304.000000 17.000000 -0.330102 -0.336624
1012.000000 17.000000 0.370164 -0.340540
550.000000 18.000000 -0.084598 -0.321567
1074.000000 18.000000 0.441414 -0.347086
1159.000000 18.000000 0.547776 -0.360208
1226.000000 18.000000 0.639400 -0.372408
1040.000000 19.000000 0.401585 -0.341590
309.000000 20.000000 -0.324444 -0.332911
1042.000000 20.000000 0.403758 -0.340727
1082.000000 20.000000 0.450698 -0.345936
363.000000 21.000000 -0.267717 -0.327312
1168.000000 21.000000 0.559162 -0.358254
1229.000000 21.000000 0.643086 -0.369373
1255.000000 21.000000 0.680386 -0.374285
566.000000 22.000000 -0.069386 -0.317146
1005.000000 22.000000 0.361847 -0.334315
1259.000000 22.000000 0.685998 -0.373827
571.000000 23.000000 -0.064653 -0.316037
912.000000 23.000000 0.262923 -0.324953
1157.000000 23.000000 0.544298 -0.354042
310.000000 24.000000 -0.323003 -0.328517
714.000000 24.000000 0.069697 -0.315131
1230.000000 24.000000 0.643942 -0.365965
1001.000000 25.000000 0.357120 -0.330635
1122.000000 25.000000 0.499062 -0.346108
339.000000 26.000000 -0.292192 -0.323878
937.000000 26.000000 0.288535 -0.323694
939.000000 26.000000 0.290622 -0.323856
1255.000000 26.000000 0.679447 -0.368246
238.000000 27.000000 -0.402205 -0.332784
296.000000 27.000000 -0.337774 -0.326605
564.000000 27.000000 -0.071183 -0.312077
1018.000000 27.000000 0.375762 -0.330268
213.000000 28.000000 -0.431033 -0.334744
242.000000 28.000000 -0.397526 -0.331219
282.000000 28.000000 -0.352904 -0.326900
363.000000 28.000000 -0.267201 -0.319920
569.000000 28.000000 -0.066454 -0.310972
1218.000000 28.000000 0.626255 -0.358965
561.000000 29.000000 -0.073975 -0.310096
1208.000000 29.000000 0.612110 -0.355954
1082.000000 30.000000 0.449336 -0.334727
1026.000000 31.000000 0.384294 -0.326790
1038.000000 31.000000 0.397878 -0.328145
1085.000000 31.000000 0.452794 -0.334013
1038.000000 33.000000 0.397649 -0.325958
202.000000 34.000000 -0.443239 -0.329500
312.000000 34.000000 -0.319974 -0.317653
222.000000 35.000000 -0.419668 -0.325900
569.000000 35.000000 -0.066338 -0.303866
573.000000 35.000000 -0.062578 -0.303803
282.000000 36.000000 -0.352113 -0.318290
332.000000 36.000000 -0.298703 -0.313857
551.000000 36.000000 -0.083268 -0.303185
726.000000 36.000000 0.080785 -0.303156
1034.000000 36.000000 0.392768 -0.322235
1102.000000 36.000000 0.472685 -0.330747
213.000000 37.000000 -0.429905 -0.324797
571.000000 37.000000 -0.064426 -0.301811
694.000000 37.000000 0.050686 -0.301621
978.000000 37.000000 0.330958 -0.315507
1042.000000 37.000000 0.401750 -0.322049
1213.000000 37.000000 0.617629 -0.347409
589.000000 38.000000 -0.047526 -0.300556
961.000000 38.000000 0.312750 -0.312956
988.000000 38.000000 0.341648 -0.315362
1175.000000 39.000000 0.565425 -0.338510
324.000000 40.000000 -0.306772 -0.310285
1102.000000 40.000000 0.472133 -0.326274
1143.000000 40.000000 0.523405 -0.332238
1217.000000 40.000000 0.622683 -0.344589
690.000000 41.000000 0.046890 -0.297539
1051.000000 41.000000 0.411604 -0.318722
309.000000 42.000000 -0.322472 -0.309428
584.000000 42.000000 -0.052162 -0.296586
590.000000 42.000000 -0.046545 -0.296515
1243.000000 42.000000 0.659193 -0.346887
279.000000 43.000000 -0.354712 -0.311088
587.000000 43.000000 -0.049341 -0.295544
693.000000 44.000000 0.049663 -0.294557
1130.000000 44.000000 0.506279 -0.325757
1148.000000 44.000000 0.529218 -0.328457
1212.000000 44.000000 0.615000 -0.339010
972.000000 45.000000 0.323834 -0.306492
1267.000000 46.000000 0.693258 -0.346435
294.000000 47.000000 -0.338083 -0.305449
330.000000 47.000000 -0.299927 -0.302454
1002.000000 47.000000 0.356030 -0.307086
1024.000000 47.000000 0.380341 -0.309270
1235.000000 47.000000 0.646859 -0.339536
311.000000 48.000000 -0.319841 -0.302930
325.000000 48.000000 -0.305081 -0.301797
1220.000000 48.000000 0.625478 -0.335720
1026.000000 49.000000 0.382370 -0.307329
1063.000000 49.000000 0.424553 -0.311400
1055.000000 50.000000 0.415177 -0.309390
1072.000000 51.000000 0.434830 -0.310284
215.000000 52.000000 -0.425783 -0.308153
685.000000 52.000000 0.042099 -0.286456
284.000000 53.000000 -0.348343 -0.299998
1228.000000 53.000000 0.635873 -0.331253
1249.000000 53.000000 0.665866 -0.334924
275.000000 54.000000 -0.358042 -0.299764
1068.000000 55.000000 0.429677 -0.305456
1151.000000 55.000000 0.531421 -0.316452
1259.000000 55.000000 0.679998 -0.334313
594.000000 56.000000 -0.042663 -0.282462
702.000000 56.000000 0.057927 -0.282664
1050.000000 56.000000 0.408769 -0.302348
1107.000000 56.000000 0.476089 -0.309180
1249.000000 56.000000 0.665341 -0.331382
288.000000 57.000000 -0.343663 -0.295422
592.000000 57.000000 -0.044518 -0.281486
689.000000 57.000000 0.045780 -0.281512
594.000000 58.000000 -0.042644 -0.280471
1260.000000 58.000000 0.680929 -0.330937
691.000000 59.000000 0.047623 -0.279544
694.000000 60.000000 0.050410 -0.278584
1193.000000 60.000000 0.586202 -0.317275
1245.000000 61.000000 0.658718 -0.324809
1261.000000 61.000000 0.681865 -0.327565
158.000000 62.000000 -0.492841 -0.304272
218.000000 62.000000 -0.421182 -0.296999
220.000000 62.000000 -0.418877 -0.296780
598.000000 63.000000 -0.038874 -0.275472
1148.000000 63.000000 0.526397 -0.307022
1046.000000 64.000000 0.403357 -0.293337
1050.000000 64.000000 0.407911 -0.293756
1150.000000 64.000000 0.528819 -0.306189
594.000000 65.000000 -0.042578 -0.273527
1249.000000 65.000000 0.663789 -0.320802
1192.000000 67.000000 0.583736 -0.309112
1194.000000 67.000000 0.586445 -0.309425
1238.000000 68.000000 0.647512 -0.315440
700.000000 69.000000 0.055895 -0.269740
224.000000 70.000000 -0.413433 -0.287781
711.000000 70.000000 0.066135 -0.268899
715.000000 70.000000 0.069867 -0.268958
1089.000000 70.000000 0.452664 -0.291636
1127.000000 70.000000 0.498907 -0.296360
1253.000000 71.000000 0.668551 -0.314453
228.000000 72.000000 -0.408663 -0.285237
1170.000000 73.000000 0.553495 -0.298992
1254.000000 73.000000 0.669663 -0.312283
142.000000 74.000000 -0.511205 -0.293140
704.000000 74.000000 0.059557 -0.264858
1045.000000 74.000000 0.401205 -0.282589
1226.000000 75.000000 0.629368 -0.305359
66.000000 77.000000 -0.611000 -0.300796
642.000000 77.000000 0.002011 -0.261499
1136.000000 77.000000 0.509247 -0.289831
1201.000000 77.000000 0.594411 -0.299124
1209.000000 77.000000 0.605382 -0.300364
1226.000000 77.000000 0.629046 -0.303056
233.000000 78.000000 -0.402393 -0.278373
1013.000000 79.000000 0.365143 -0.274348
1026.000000 79.000000 0.379457 -0.275506
1074.000000 79.000000 0.433990 -0.280266
236.000000 80.000000 -0.398816 -0.275971
234.000000 81.000000 -0.400973 -0.275109
1166.000000 81.000000 0.547114 -0.289473
1205.000000 82.000000 0.599115 -0.294057
635.000000 83.000000 -0.004466 -0.255624
1061.000000 83.000000 0.418534 -0.274652
1274.000000 83.000000 0.697211 -0.303884
1269.000000 84.000000 0.689705 -0.301905
1162.000000 85.000000 0.541360 -0.284474
1139.000000 88.000000 0.511599 -0.278145
1141.000000 90.000000 0.513864 -0.276210
1258.000000 91.000000 0.672538 -0.292010
633.000000 92.000000 -0.006306 -0.246854
647.000000 92.000000 0.006620 -0.246855
658.000000 92.000000 0.016777 -0.246882
1009.000000 93.000000 0.359611 -0.259479
641.000000 94.000000 0.001080 -0.244907
653.000000 94.000000 0.012155 -0.244924
1110.000000 94.000000 0.475097 -0.268165
1229.000000 94.000000 0.630610 -0.284066
612.000000 95.000000 -0.025685 -0.244003
1172.000000 95.000000 0.553033 -0.274755
649.000000 96.000000 0.008459 -0.242975
1052.000000 96.000000 0.407013 -0.260084
1195.000000 96.000000 0.583464 -0.276817
1174.000000 97.000000 0.555387 -0.272812
1177.000000 97.000000 0.559331 -0.273216
1185.000000 97.000000 0.569926 -0.274306
165.000000 98.000000 -0.479862 -0.264220
589.000000 98.000000 -0.046916 -0.241251
646.000000 98.000000 0.005689 -0.241032
1150.000000 98.000000 0.524251 -0.268601
1198.000000 98.000000 0.587235 -0.275004
1255.000000 98.000000 0.667099 -0.283468
1148.000000 99.000000 0.521586 -0.267261
1219.000000 99.000000 0.615885 -0.276903
638.000000 100.000000 -0.001688 -0.239092
1257.000000 100.000000 0.669687 -0.281476
743.000000 101.000000 0.095461 -0.239070
1094.000000 101.000000 0.455168 -0.258949
1085.000000 102.000000 0.444454 -0.256966
1148.000000 102.000000 0.521216 -0.263994
1225.000000 102.000000 0.623807 -0.274392
608.000000 104.000000 -0.029330 -0.235310
644.000000 104.000000 0.003840 -0.235228
744.000000 104.000000 0.096339 -0.236177
913.000000 105.000000 0.258832 -0.241020
1260.000000 105.000000 0.673279 -0.276189
1147.000000 107.000000 0.519346 -0.258445
1220.000000 107.000000 0.616118 -0.268034
1086.000000 109.000000 0.444930 -0.249683
955.000000 110.000000 0.301282 -0.238383
1123.000000 110.000000 0.489144 -0.252466
1121.000000 111.000000 0.486588 -0.251179
1192.000000 112.000000 0.577250 -0.258627
781.000000 114.000000 0.130756 -0.227272
1031.000000 114.000000 0.382001 -0.239623
1265.000000 114.000000 0.679221 -0.266619
671.000000 115.000000 0.028661 -0.224722
1019.000000 115.000000 0.368769 -0.237670
1095.000000 115.000000 0.454934 -0.244252
970.000000 116.000000 0.316480 -0.233280
1131.000000 116.000000 0.498326 -0.246928
1261.000000 117.000000 0.672960 -0.262612
992.000000 118.000000 0.339508 -0.232694
1156.000000 118.000000 0.529471 -0.247605
1159.000000 118.000000 0.533303 -0.247956
1114.000000 121.000000 0.477036 -0.239821
1268.000000 123.000000 0.682305 -0.256775
977.000000 124.000000 0.323299 -0.225688
1219.000000 124.000000 0.612398 -0.248898
678.000000 127.000000 0.035031 -0.213278
1153.000000 127.000000 0.524634 -0.237574
1169.000000 127.000000 0.545121 -0.239390
1266.000000 128.000000 0.678681 -0.250807
1070.000000 129.000000 0.424578 -0.227380
1171.000000 129.000000 0.547480 -0.237459
1175.000000 129.000000 0.552681 -0.237924
35.000000 130.000000 -0.646713 -0.245366
43.000000 132.000000 -0.635141 -0.242073
771.000000 134.000000 0.120948 -0.207808
1033.000000 135.000000 0.382614 -0.218347
1093.000000 136.000000 0.450622 -0.222120
647.000000 137.000000 0.006562 -0.203656
1159.000000 137.000000 0.531164 -0.227520
1195.000000 138.000000 0.578021 -0.230499
1131.000000 139.000000 0.495940 -0.222519
1219.000000 140.000000 0.610354 -0.231203
1008.000000 141.000000 0.355071 -0.210599
1211.000000 141.000000 0.599262 -0.229131
1021.000000 142.000000 0.369024 -0.210443
1150.000000 142.000000 0.519248 -0.221249
27.000000 143.000000 -0.656419 -0.231868
1166.000000 143.000000 0.539474 -0.221853
1135.000000 146.000000 0.500181 -0.215538
1157.000000 146.000000 0.527677 -0.217716
1160.000000 146.000000 0.531489 -0.218024
1213.000000 147.000000 0.601278 -0.222804
1221.000000 147.000000 0.612262 -0.223753
751.000000 149.000000 0.102079 -0.193167
1198.000000 149.000000 0.580766 -0.218903
1252.000000 149.000000 0.655649 -0.225339
683.000000 151.000000 0.039473 -0.190544
1088.000000 151.000000 0.443521 -0.206211
1116.000000 151.000000 0.476604 -0.208565
1254.000000 152.000000 0.658147 -0.222246
1130.000000 153.000000 0.493392 -0.207733
769.000000 154.000000 0.118705 -0.188729
1221.000000 155.000000 0.611324 -0.214994
760.000000 157.000000 0.110295 -0.185737
1134.000000 157.000000 0.497929 -0.203915
1121.000000 158.000000 0.482017 -0.201729
1262.000000 161.000000 0.668596 -0.213200
723.000000 162.000000 0.076070 -0.180523
780.000000 162.000000 0.128803 -0.181359
783.000000 162.000000 0.131600 -0.181415
993.000000 162.000000 0.337900 -0.188830
772.000000 163.000000 0.121337 -0.180271
1242.000000 164.000000 0.639611 -0.207540
1256.000000 167.000000 0.659231 -0.205839
1107.000000 168.000000 0.464461 -0.190261
1139.000000 168.000000 0.503108 -0.192885
114.000000 171.000000 -0.535722 -0.191969
1116.000000 171.000000 0.474937 -0.187884
1266.000000 171.000000 0.673232 -0.202555
109.000000 172.000000 -0.542011 -0.191374
1167.000000 172.000000 0.537882 -0.191185
1193.000000 172.000000 0.571688 -0.193654
1261.000000 172.000000 0.665869 -0.200879
1038.000000 173.000000 0.385597 -0.180479
1138.000000 173.000000 0.501453 -0.187602
1227.000000 173.000000 0.617624 -0.196055
1189.000000 174.000000 0.566215 -0.191135
1240.000000 174.000000 0.635676 -0.196357
733.000000 175.000000 0.085119 -0.168435
1161.000000 175.000000 0.529980 -0.187493
935.000000 176.000000 0.277651 -0.172476
1161.000000 177.000000 0.529804 -0.185397
1197.000000 177.000000 0.576505 -0.188711
1258.000000 178.000000 0.660876 -0.193924
713.000000 179.000000 0.066730 -0.164497
719.000000 179.000000 0.072227 -0.164551
727.000000 179.000000 0.079564 -0.164630
731.000000 179.000000 0.083237 -0.164672
1120.000000 179.000000 0.479110 -0.179972
1160.000000 180.000000 0.528279 -0.182172
113.000000 181.000000 -0.536107 -0.181562
1117.000000 181.000000 0.475366 -0.177695
738.000000 182.000000 0.089636 -0.161947
1142.000000 182.000000 0.505642 -0.178599
1175.000000 182.000000 0.547247 -0.181380
1161.000000 183.000000 0.529288 -0.179123
1253.000000 185.000000 0.652957 -0.185707
728.000000 186.000000 0.080410 -0.158108
721.000000 187.000000 0.073985 -0.157110
23.000000 190.000000 -0.656770 -0.180418
1118.000000 190.000000 0.475907 -0.168567
20.000000 191.000000 -0.660967 -0.179626
1242.000000 191.000000 0.636736 -0.178054
1244.000000 191.000000 0.639558 -0.178251
1214.000000 192.000000 0.597919 -0.174305
718.000000 194.000000 0.071178 -0.150575
1246.000000 194.000000 0.642091 -0.175189
1076.000000 197.000000 0.426550 -0.158782
1241.000000 197.000000 0.634749 -0.171457
1107.000000 198.000000 0.462321 -0.159691
1116.000000 198.000000 0.472972 -0.160283
1201.000000 199.000000 0.579824 -0.165710
974.000000 200.000000 0.316344 -0.150854
1197.000000 200.000000 0.574429 -0.164315
1243.000000 200.000000 0.637282 -0.168401
1042.000000 201.000000 0.388430 -0.152948
1101.000000 201.000000 0.455096 -0.156279
1165.000000 202.000000 0.532829 -0.159668
1067.000000 203.000000 0.416044 -0.152288
1139.000000 203.000000 0.500385 -0.156749
1057.000000 206.000000 0.404714 -0.148780
1143.000000 208.000000 0.504947 -0.151903
1196.000000 209.000000 0.572374 -0.154758
973.000000 210.000000 0.314932 -0.141177
1237.000000 210.000000 0.627967 -0.157088
1121.000000 211.000000 0.478096 -0.147417
1161.000000 212.000000 0.527052 -0.149033
1061.000000 215.000000 0.408708 -0.140086
1162.000000 215.000000 0.528103 -0.146010
1217.000000 215.000000 0.600013 -0.150093
1224.000000 216.000000 0.609482 -0.149593
813.000000 217.000000 0.158646 -0.130410
820.000000 217.000000 0.165207 -0.130527
1095.000000 217.000000 0.447188 -0.139864
766.000000 218.000000 0.114991 -0.128827
1203.000000 218.000000 0.580959 -0.145842
1276.000000 218.000000 0.683086 -0.151819
190.000000 219.000000 -0.440611 -0.137506
29.000000 220.000000 -0.645490 -0.147340
773.000000 223.000000 0.121390 -0.124288
1270.000000 223.000000 0.673900 -0.145854
1261.000000 224.000000 0.660801 -0.144025
1268.000000 226.000000 0.670748 -0.142430
1186.000000 227.000000 0.557968 -0.135231
1263.000000 228.000000 0.663357 -0.139860
175.000000 230.000000 -0.457384 -0.127310
1086.000000 231.000000 0.436129 -0.125468
1228.000000 231.000000 0.613825 -0.133978
176.000000 233.000000 -0.456070 -0.124266
858.000000 233.000000 0.200845 -0.116311
1272.000000 233.000000 0.676005 -0.135152
776.000000 234.000000 0.124033 -0.114173
1256.000000 234.000000 0.652851 -0.132849
1269.000000 235.000000 0.671489 -0.132754
1253.000000 236.000000 0.648427 -0.130478
1267.000000 236.000000 0.668514 -0.131521
777.000000 237.000000 0.124923 -0.111421
1140.000000 237.000000 0.499507 -0.122200
1260.000000 237.000000 0.658352 -0.129920
1191.000000 238.000000 0.563764 -0.124144
1246.000000 238.000000 0.638376 -0.127831
1250.000000 238.000000 0.644025 -0.128117
767.000000 239.000000 0.115686 -0.109477
839.000000 239.000000 0.182725 -0.110406
851.000000 239.000000 0.194082 -0.110604
843.000000 240.000000 0.186487 -0.109542
798.000000 241.000000 0.144319 -0.107979
1090.000000 241.000000 0.440247 -0.115746
1180.000000 243.000000 0.549218 -0.118317
1241.000000 244.000000 0.630944 -0.121094
188.000000 245.000000 -0.441666 -0.111800
1271.000000 245.000000 0.673661 -0.122087
865.000000 246.000000 0.207288 -0.104339
1237.000000 247.000000 0.625169 -0.117647
1240.000000 247.000000 0.629348 -0.117842
1261.000000 249.000000 0.658943 -0.117096
183.000000 250.000000 -0.447198 -0.107066
799.000000 252.000000 0.145119 -0.097864
1230.000000 252.000000 0.615173 -0.111925
165.000000 253.000000 -0.468012 -0.104848
1260.000000 253.000000 0.657247 -0.112743
1192.000000 254.000000 0.564137 -0.107652
1229.000000 255.000000 0.613618 -0.108706
1243.000000 255.000000 0.633037 -0.109547
829.000000 256.000000 0.173068 -0.094541
166.000000 257.000000 -0.466670 -0.100826
230.000000 257.000000 -0.394234 -0.098465
1221.000000 258.000000 0.602518 -0.105097
166.000000 259.000000 -0.466589 -0.098838
830.000000 259.000000 0.173968 -0.091788
808.000000 260.000000 0.153396 -0.090610
237.000000 262.000000 -0.386451 -0.093399
830.000000 263.000000 0.173919 -0.088103
1083.000000 264.000000 0.431361 -0.092809
1085.000000 264.000000 0.433632 -0.092879
1212.000000 264.000000 0.590052 -0.098351
1234.000000 265.000000 0.619941 -0.098468
164.000000 266.000000 -0.468665 -0.091964
1211.000000 266.000000 0.588610 -0.096221
1238.000000 266.000000 0.625430 -0.097631
1241.000000 266.000000 0.629608 -0.097793
1196.000000 267.000000 0.568702 -0.094448
1208.000000 267.000000 0.584555 -0.095033
712.000000 268.000000 0.065253 -0.082588
167.000000 269.000000 -0.465035 -0.088878
239.000000 269.000000 -0.384079 -0.086579
1225.000000 269.000000 0.607374 -0.093801
800.000000 270.000000 0.145863 -0.081354
832.000000 272.000000 0.175692 -0.079844
1203.000000 272.000000 0.577679 -0.089618
869.000000 273.000000 0.210694 -0.079373
172.000000 274.000000 -0.459027 -0.083759
175.000000 274.000000 -0.455543 -0.083659
859.000000 274.000000 0.201158 -0.078320
1212.000000 274.000000 0.589562 -0.087964
1215.000000 275.000000 0.593541 -0.087064
1195.000000 276.000000 0.566983 -0.085139
1118.000000 277.000000 0.471389 -0.081184
1203.000000 277.000000 0.577455 -0.084456
1207.000000 277.000000 0.582756 -0.084631
1225.000000 277.000000 0.606987 -0.085442
178.000000 278.000000 -0.451944 -0.079621
1198.000000 278.000000 0.570827 -0.083210
1201.000000 278.000000 0.574772 -0.083338
1210.000000 278.000000 0.586708 -0.083728
1225.000000 279.000000 0.606896 -0.083355
1180.000000 280.000000 0.547420 -0.080427
75.000000 281.000000 -0.578851 -0.080331
822.000000 281.000000 0.166236 -0.071479
1188.000000 282.000000 0.557634 -0.078698
1223.000000 282.000000 0.604042 -0.080139
942.000000 285.000000 0.281640 -0.069283
1189.000000 286.000000 0.558776 -0.074645
1205.000000 286.000000 0.579729 -0.075255
1209.000000 287.000000 0.585003 -0.074379
1212.000000 287.000000 0.589006 -0.074496
1179.000000 288.000000 0.545844 -0.072243
1173.000000 289.000000 0.538180 -0.071020
1207.000000 289.000000 0.582267 -0.072238
1196.000000 290.000000 0.567737 -0.070805
1077.000000 292.000000 0.423773 -0.065280
1194.000000 292.000000 0.565056 -0.068685
82.000000 293.000000 -0.569204 -0.067732
855.000000 293.000000 0.197156 -0.060774
1206.000000 294.000000 0.580759 -0.067049
162.000000 295.000000 -0.470094 -0.063317
82.000000 296.000000 -0.569104 -0.064658
836.000000 297.000000 0.179207 -0.056936
1151.000000 297.000000 0.510492 -0.062271
1206.000000 297.000000 0.580657 -0.063960
885.000000 298.000000 0.225725 -0.056463
1183.000000 298.000000 0.550635 -0.062202
147.000000 300.000000 -0.487756 -0.058749
850.000000 300.000000 0.192365 -0.054299
854.000000 300.000000 0.196146 -0.054332
1186.000000 300.000000 0.554431 -0.060257
1160.000000 301.000000 0.521503 -0.058504
1232.000000 301.000000 0.615615 -0.060680
1148.000000 302.000000 0.506679 -0.057184
1245.000000 302.000000 0.633612 -0.060069
154.000000 303.000000 -0.479342 -0.055605
1162.000000 303.000000 0.523939 -0.056545
1172.000000 303.000000 0.536486 -0.056813
1178.000000 303.000000 0.544097 -0.056978
1160.000000 304.000000 0.521424 -0.055487
938.000000 305.000000 0.277389 -0.050541
1181.000000 305.000000 0.547871 -0.055031
1260.000000 305.000000 0.654720 -0.057405
1160.000000 306.000000 0.521373 -0.053477
1148.000000 307.000000 0.506556 -0.052185
1151.000000 307.000000 0.510232 -0.052256
1153.000000 307.000000 0.512691 -0.052303
868.000000 308.000000 0.209371 -0.047095
965.000000 308.000000 0.304409 -0.048052
1140.000000 309.000000 0.496779 -0.050008
1148.000000 309.000000 0.506510 -0.050186
1152.000000 309.000000 0.511414 -0.050277
1160.000000 309.000000 0.521301 -0.050462
1182.000000 309.000000 0.549047 -0.050996
1154.000000 310.000000 0.513853 -0.049321
86.000000 311.000000 -0.563466 -0.049212
148.000000 311.000000 -0.486309 -0.047813
162.000000 312.000000 -0.469710 -0.046548
1141.000000 312.000000 0.497925 -0.047042
1160.000000 312.000000 0.521233 -0.047449
1154.000000 313.000000 0.513788 -0.046317
1158.000000 313.000000 0.518730 -0.046402
989.000000 314.000000 0.328849 -0.042691
1143.000000 314.000000 0.500311 -0.045091
1136.000000 315.000000 0.491828 -0.043959
1140.000000 315.000000 0.496655 -0.044037
836.000000 316.000000 0.179078 -0.039545
867.000000 316.000000 0.208361 -0.039734
1175.000000 316.000000 0.539968 -0.043743
864.000000 317.000000 0.205502 -0.038796
1137.000000 317.000000 0.492995 -0.041992
1152.000000 317.000000 0.511246 -0.042274
1154.000000 317.000000 0.513707 -0.042312
1158.000000 317.000000 0.518648 -0.042390
152.000000 318.000000 -0.481412 -0.040809
1166.000000 319.000000 0.528570 -0.040536
1169.000000 319.000000 0.532334 -0.040594
1135.000000 320.000000 0.490535 -0.038978
1163.000000 320.000000 0.524804 -0.039474
801.000000 321.000000 0.146450 -0.034818
968.000000 321.000000 0.307310 -0.035890
987.000000 321.000000 0.326714 -0.036069
1073.000000 322.000000 0.418740 -0.036093
1145.000000 322.000000 0.502596 -0.037158
1122.000000 323.000000 0.474994 -0.035803
966.000000 324.000000 0.305258 -0.033060
1162.000000 324.000000 0.523488 -0.035440
1220.000000 325.000000 0.598644 -0.035457
674.000000 327.000000 0.030765 -0.029104
888.000000 327.000000 0.228382 -0.029742
1121.000000 327.000000 0.473756 -0.031845
1154.000000 328.000000 0.513521 -0.031309
939.000000 329.000000 0.278168 -0.028193
1118.000000 330.000000 0.470184 -0.028852
899.000000 331.000000 0.238972 -0.026111
888.000000 332.000000 0.228357 -0.025136
1114.000000 332.000000 0.465468 -0.026839
1229.000000 332.000000 0.610747 -0.028366
805.000000 333.000000 0.150113 -0.023915
956.000000 333.000000 0.295113 -0.024569
1147.000000 333.000000 0.504876 -0.026227
1196.000000 333.000000 0.566669 -0.026854
894.000000 334.000000 0.234127 -0.023321
1132.000000 334.000000 0.486744 -0.025064
1252.000000 334.000000 0.642665 -0.026634
673.000000 335.000000 0.029859 -0.021892
891.000000 335.000000 0.231231 -0.022386
1255.000000 335.000000 0.646892 -0.025627
1268.000000 335.000000 0.665477 -0.025822
873.000000 336.000000 0.213974 -0.021396
875.000000 336.000000 0.215883 -0.021403
671.000000 337.000000 0.028056 -0.020089
1122.000000 337.000000 0.474824 -0.022001
828.000000 338.000000 0.171498 -0.019425
871.000000 339.000000 0.212057 -0.018635
1104.000000 339.000000 0.453772 -0.019882
1116.000000 340.000000 0.467736 -0.018997
204.000000 342.000000 -0.421258 -0.016756
1103.000000 342.000000 0.452595 -0.016941
1110.000000 342.000000 0.460710 -0.016990
1113.000000 342.000000 0.464209 -0.017010
964.000000 343.000000 0.303121 -0.015260
1107.000000 343.000000 0.457217 -0.015990
910.000000 344.000000 0.249598 -0.014149
1111.000000 344.000000 0.461862 -0.015035
965.000000 345.000000 0.304124 -0.013393
1206.000000 345.000000 0.579673 -0.014699
1253.000000 345.000000 0.643944 -0.015090
653.000000 346.000000 0.011842 -0.011977
868.000000 346.000000 0.209182 -0.012205
1101.000000 346.000000 0.450264 -0.013021
1116.000000 346.000000 0.467695 -0.013101
1129.000000 346.000000 0.483062 -0.013174
1268.000000 346.000000 0.665347 -0.014164
670.000000 347.000000 0.027151 -0.011079
1110.000000 347.000000 0.460680 -0.012088
659.000000 348.000000 0.017243 -0.010177
1101.000000 348.000000 0.450255 -0.011068
1221.000000 348.000000 0.599701 -0.011722
1089.000000 349.000000 0.436526 -0.010043
1193.000000 349.000000 0.562612 -0.010530
1046.000000 350.000000 0.388808 -0.008929
1206.000000 350.000000 0.579640 -0.009579
661.000000 351.000000 0.019044 -0.007475
1092.000000 351.000000 0.439932 -0.008108
1108.000000 351.000000 0.458338 -0.008161
1112.000000 351.000000 0.462994 -0.008175
1101.000000 352.000000 0.450240 -0.007161
1183.000000 353.000000 0.549702 -0.006427
1255.000000 353.000000 0.646722 -0.006695
997.000000 354.000000 0.336854 -0.005018
1267.000000 354.000000 0.663858 -0.005686
1102.000000 355.000000 0.451385 -0.004234
1256.000000 355.000000 0.648133 -0.004595
1258.000000 355.000000 0.650974 -0.004601
1264.000000 355.000000 0.659544 -0.004618
210.000000 356.000000 -0.414524 -0.003211
957.000000 356.000000 0.296039 -0.003096
989.000000 356.000000 0.328584 -0.003124
1100.000000 356.000000 0.449080 -0.003254
912.000000 357.000000 0.251524 -0.002137
1112.000000 357.000000 0.462981 -0.002291
1210.000000 357.000000 0.584921 -0.002417
1208.000000 358.000000 0.582264 -0.001389
1109.000000 359.000000 0.459485 -0.000328
1112.000000 359.000000 0.462979 -0.000329
1215.000000 359.000000 0.591592 -0.000367
879.000000 360.000000 0.219662 0.000634
915.000000 360.000000 0.254450 0.000636
1088.000000 360.000000 0.435370 0.000649
1229.000000 360.000000 0.610530 0.000663
1070.000000 361.000000 0.415152 0.001613
1068.000000 363.000000 0.412932 0.003541
1100.000000 363.000000 0.449079 0.003579
1073.000000 364.000000 0.418497 0.004513
1095.000000 364.000000 0.443346 0.004547
1105.000000 364.000000 0.454849 0.004563
1144.000000 364.000000 0.501071 0.004631
1234.000000 364.000000 0.617390 0.004820
1256.000000 364.000000 0.648131 0.004873
967.000000 366.000000 0.306126 0.006255
1067.000000 366.000000 0.411827 0.006433
1092.000000 366.000000 0.439925 0.006488
854.000000 367.000000 0.195899 0.007038
857.000000 367.000000 0.198736 0.007041
1060.000000 367.000000 0.404098 0.007380
1250.000000 368.000000 0.639668 0.009052
1068.000000 369.000000 0.412944 0.009329
1083.000000 369.000000 0.429728 0.009378
1091.000000 370.000000 0.438798 0.010377
880.000000 371.000000 0.220629 0.010742
1094.000000 371.000000 0.442223 0.011363
140.000000 373.000000 -0.495441 0.013544
1085.000000 373.000000 0.432003 0.013267
875.000000 374.000000 0.215855 0.013488
979.000000 374.000000 0.318350 0.013784
1126.000000 374.000000 0.479497 0.014463
247.000000 375.000000 -0.374258 0.014940
882.000000 375.000000 0.222553 0.014423
955.000000 375.000000 0.294056 0.014637
1254.000000 375.000000 0.645360 0.016428
199.000000 376.000000 -0.426851 0.016146
851.000000 376.000000 0.193081 0.015267
1144.000000 376.000000 0.501124 0.016561
126.000000 379.000000 -0.512511 0.019613
979.000000 379.000000 0.318370 0.018479
127.000000 381.000000 -0.511303 0.021600
136.000000 382.000000 -0.500344 0.022510
135.000000 384.000000 -0.501576 0.024508
1217.000000 384.000000 0.594433 0.025383
1026.000000 385.000000 0.367400 0.024434
1037.000000 385.000000 0.379169 0.024517
992.000000 387.000000 0.331772 0.026083
995.000000 387.000000 0.334875 0.026104
980.000000 388.000000 0.319445 0.026941
1038.000000 388.000000 0.380270 0.027392
1065.000000 389.000000 0.409750 0.028601
1068.000000 389.000000 0.413075 0.028631
964.000000 390.000000 0.303195 0.028705
1007.000000 390.000000 0.347389 0.029032
953.000000 391.000000 0.292133 0.029563
968.000000 391.000000 0.307249 0.029670
970.000000 391.000000 0.309278 0.029685
974.000000 391.000000 0.313344 0.029715
884.000000 392.000000 0.224537 0.030070
1005.000000 392.000000 0.345315 0.030909
43.000000 393.000000 -0.620611 0.034991
994.000000 393.000000 0.333887 0.031759
1002.000000 393.000000 0.342194 0.031829
1020.000000 393.000000 0.361098 0.031995
1076.000000 393.000000 0.422040 0.032585
1127.000000 393.000000 0.480871 0.033232
959.000000 394.000000 0.298182 0.032411
964.000000 394.000000 0.303224 0.032450
957.000000 396.000000 0.296186 0.034265
1031.000000 396.000000 0.372835 0.034964
953.000000 397.000000 0.292179 0.035167
1021.000000 398.000000 0.362209 0.036761
1071.000000 398.000000 0.416516 0.037363
1079.000000 398.000000 0.425469 0.037470
952.000000 399.000000 0.291194 0.037027
946.000000 401.000000 0.285213 0.038841
1020.000000 401.000000 0.361183 0.039604
1025.000000 401.000000 0.366491 0.039664
1068.000000 401.000000 0.413219 0.040224
1138.000000 401.000000 0.494173 0.041332
48.000000 402.000000 -0.613938 0.044249
1017.000000 402.000000 0.358022 0.040520
923.000000 403.000000 0.262466 0.040503
1014.000000 403.000000 0.354870 0.041434
41.000000 404.000000 -0.623611 0.046502
979.000000 404.000000 0.318565 0.041977
991.000000 404.000000 0.330896 0.042110
923.000000 405.000000 0.262483 0.042360
943.000000 405.000000 0.282261 0.042545
954.000000 405.000000 0.293255 0.042653
1012.000000 405.000000 0.352790 0.043309
1117.000000 405.000000 0.469241 0.044912
966.000000 406.000000 0.305360 0.043715
994.000000 409.000000 0.334059 0.046869
1031.000000 410.000000 0.373016 0.048334
1035.000000 410.000000 0.377306 0.048394
1012.000000 411.000000 0.352870 0.049009
1038.000000 411.000000 0.380550 0.049398
1041.000000 412.000000 0.383804 0.050405
938.000000 413.000000 0.277374 0.049953
961.000000 413.000000 0.300387 0.050221
1019.000000 413.000000 0.360287 0.051015
1127.000000 413.000000 0.481230 0.053016
996.000000 415.000000 0.336214 0.052572
1008.000000 415.000000 0.348729 0.052750
1004.000000 416.000000 0.344558 0.053638
1047.000000 416.000000 0.390378 0.054347
936.000000 417.000000 0.275436 0.053660
960.000000 417.000000 0.299429 0.053959
980.000000 417.000000 0.319751 0.054231
995.000000 417.000000 0.335206 0.054450
954.000000 418.000000 0.293405 0.054818
1228.000000 418.000000 0.610110 0.060834
1029.000000 419.000000 0.371023 0.056905
968.000000 420.000000 0.307562 0.056885
1138.000000 420.000000 0.494588 0.060233
1011.000000 421.000000 0.351975 0.058501
1055.000000 421.000000 0.399211 0.059313
933.000000 422.000000 0.272526 0.058286
962.000000 422.000000 0.301516 0.058678
985.000000 422.000000 0.324957 0.059023
950.000000 423.000000 0.289461 0.059446
1034.000000 423.000000 0.376455 0.060826
1064.000000 423.000000 0.409172 0.061432
1261.000000 423.000000 0.656441 0.067250
925.000000 424.000000 0.264655 0.060048
969.000000 424.000000 0.308636 0.060661
1027.000000 424.000000 0.368978 0.061650
1037.000000 424.000000 0.379702 0.061843
933.000000 425.000000 0.272565 0.061084
953.000000 425.000000 0.292497 0.061363
1013.000000 425.000000 0.354151 0.062344
1071.000000 425.000000 0.416997 0.063524
969.000000 427.000000 0.308683 0.063484
1062.000000 427.000000 0.407046 0.065260
1078.000000 428.000000 0.424909 0.066603
952.000000 429.000000 0.291553 0.065097
1073.000000 429.000000 0.419325 0.067456
1052.000000 430.000000 0.396116 0.067933
1257.000000 430.000000 0.651012 0.074512
1261.000000 431.000000 0.656763 0.075742
1197.000000 432.000000 0.569132 0.074216
1070.000000 433.000000 0.416072 0.071269
1079.000000 433.000000 0.426160 0.071500
1257.000000 433.000000 0.651140 0.077692
990.000000 434.000000 0.330321 0.070462
1001.000000 434.000000 0.341743 0.070677
1027.000000 434.000000 0.369183 0.071221
1126.000000 434.000000 0.480596 0.073817
1024.000000 435.000000 0.366005 0.072113
1063.000000 435.000000 0.408344 0.073034
1254.000000 435.000000 0.646966 0.079679
1051.000000 436.000000 0.395164 0.073702
1068.000000 436.000000 0.413920 0.074133
1074.000000 436.000000 0.420622 0.074291
975.000000 437.000000 0.314967 0.073016
986.000000 437.000000 0.326251 0.073227
1064.000000 437.000000 0.409503 0.074999
929.000000 438.000000 0.268799 0.073161
1031.000000 438.000000 0.373554 0.075148
1046.000000 438.000000 0.389759 0.075509
1058.000000 438.000000 0.402898 0.075813
1142.000000 438.000000 0.499976 0.078327
1056.000000 439.000000 0.400723 0.076730
1073.000000 439.000000 0.419583 0.077185
1118.000000 439.000000 0.471273 0.078527
1144.000000 439.000000 0.502445 0.079398
1043.000000 440.000000 0.386548 0.077363
1061.000000 440.000000 0.406261 0.077831
927.000000 441.000000 0.266872 0.075931
1073.000000 442.000000 0.419667 0.080107
963.000000 443.000000 0.302881 0.078447
973.000000 443.000000 0.313043 0.078644
1010.000000 444.000000 0.351389 0.080398
1051.000000 444.000000 0.395371 0.081435
927.000000 445.000000 0.266939 0.079669
1089.000000 445.000000 0.437837 0.083520
1196.000000 445.000000 0.568351 0.087534
1052.000000 446.000000 0.396521 0.083398
958.000000 447.000000 0.297906 0.082118
960.000000 447.000000 0.299925 0.082157
1055.000000 448.000000 0.399870 0.085421
1058.000000 448.000000 0.403173 0.085508
965.000000 449.000000 0.305028 0.084146
1068.000000 449.000000 0.414289 0.086779
119.000000 450.000000 -0.522931 0.091053
1017.000000 450.000000 0.358928 0.086309
1029.000000 450.000000 0.371713 0.086625
1273.000000 450.000000 0.675010 0.096623
1081.000000 452.000000 0.428978 0.090124
1256.000000 452.000000 0.650653 0.097824
964.000000 453.000000 0.304099 0.087902
1016.000000 454.000000 0.357974 0.090116
922.000000 455.000000 0.262188 0.088932
1025.000000 455.000000 0.367572 0.091323
1041.000000 455.000000 0.384790 0.091785
1152.000000 455.000000 0.512880 0.095803
1185.000000 455.000000 0.554513 0.097301
924.000000 456.000000 0.264178 0.089906
1188.000000 456.000000 0.558441 0.098472
934.000000 457.000000 0.274091 0.091039
1044.000000 457.000000 0.388110 0.093810
949.000000 458.000000 0.289081 0.092293
1019.000000 459.000000 0.361295 0.094997
1084.000000 459.000000 0.432620 0.097093
952.000000 460.000000 0.292138 0.094244
1062.000000 460.000000 0.407974 0.097304
1184.000000 460.000000 0.553468 0.102382
1094.000000 461.000000 0.444115 0.099432
1233.000000 461.000000 0.618910 0.106059
944.000000 462.000000 0.284160 0.095951
950.000000 462.000000 0.290173 0.096085
931.000000 463.000000 0.271239 0.096611
1013.000000 463.000000 0.355052 0.098664
1231.000000 463.000000 0.616268 0.108049
115.000000 465.000000 -0.528609 0.106452
128.000000 465.000000 -0.512458 0.105823
1000.000000 465.000000 0.341447 0.100206
1259.000000 465.000000 0.655701 0.111872
1002.000000 466.000000 0.343568 0.101220
1013.000000 466.000000 0.355141 0.101544
1015.000000 466.000000 0.357258 0.101604
1098.000000 466.000000 0.448918 0.104529
1238.000000 466.000000 0.626136 0.111633
115.000000 467.000000 -0.528708 0.108488
1017.000000 467.000000 0.359409 0.102627
1100.000000 468.000000 0.451313 0.106591
111.000000 469.000000 -0.533838 0.110731
947.000000 469.000000 0.287326 0.102621
986.000000 469.000000 0.327011 0.103632
1031.000000 469.000000 0.374430 0.105002
1010.000000 470.000000 0.352095 0.105294
1020.000000 470.000000 0.362692 0.105609
1066.000000 470.000000 0.412778 0.107212
39.000000 471.000000 -0.629358 0.116981
1026.000000 471.000000 0.369131 0.106769
1020.000000 472.000000 0.362757 0.107536
1022.000000 472.000000 0.364888 0.107602
1057.000000 472.000000 0.402868 0.108829
963.000000 473.000000 0.303568 0.106810
1104.000000 473.000000 0.456171 0.111724
937.000000 474.000000 0.277450 0.107099
957.000000 474.000000 0.297517 0.107601
1013.000000 474.000000 0.355391 0.109235
1022.000000 474.000000 0.364955 0.109532
1026.000000 475.000000 0.369265 0.110633
1104.000000 475.000000 0.456260 0.113712
1234.000000 475.000000 0.621155 0.120901
1236.000000 475.000000 0.623928 0.121032
101.000000 476.000000 -0.546915 0.118443
945.000000 476.000000 0.285493 0.109185
1049.000000 476.000000 0.394217 0.112430
136.000000 477.000000 -0.503244 0.117561
943.000000 477.000000 0.283516 0.110080
103.000000 478.000000 -0.544475 0.120384
1006.000000 478.000000 0.348135 0.112855
1019.000000 478.000000 0.361893 0.113291
1027.000000 478.000000 0.370442 0.113570
1064.000000 478.000000 0.410862 0.114968
1194.000000 478.000000 0.567463 0.121507
940.000000 479.000000 0.280567 0.111894
961.000000 479.000000 0.301702 0.112452
1061.000000 479.000000 0.407568 0.115827
1099.000000 479.000000 0.450636 0.117460
59.000000 480.000000 -0.602467 0.125182
1056.000000 480.000000 0.402072 0.116605
62.000000 481.000000 -0.598474 0.126034
1022.000000 481.000000 0.365197 0.116294
56.000000 482.000000 -0.606676 0.127487
129.000000 482.000000 -0.512098 0.123004
131.000000 482.000000 -0.509636 0.122894
948.000000 482.000000 0.288661 0.114942
1071.000000 482.000000 0.418853 0.119186
1092.000000 482.000000 0.442699 0.120117
40.000000 483.000000 -0.628773 0.129651
1141.000000 483.000000 0.500750 0.123572
60.000000 484.000000 -0.601380 0.129322
1152.000000 484.000000 0.514328 0.125198
949.000000 485.000000 0.289748 0.117814
979.000000 485.000000 0.320268 0.118701
994.000000 485.000000 0.335801 0.119185
1093.000000 485.000000 0.443989 0.123140
56.000000 486.000000 -0.606951 0.131705
1015.000000 486.000000 0.357923 0.120877
1064.000000 486.000000 0.411196 0.122817
1006.000000 487.000000 0.348441 0.121520
1143.000000 487.000000 0.503417 0.127738
985.000000 488.000000 0.326555 0.121765
1057.000000 488.000000 0.403508 0.124480
1060.000000 488.000000 0.406833 0.124609
1066.000000 488.000000 0.413515 0.124871
53.000000 489.000000 -0.611260 0.135087
953.000000 489.000000 0.293893 0.121727
978.000000 489.000000 0.319366 0.122495
1006.000000 489.000000 0.348513 0.123449
1040.000000 489.000000 0.384900 0.124748
1042.000000 489.000000 0.387078 0.124830
1068.000000 489.000000 0.415797 0.125944
1137.000000 489.000000 0.496212 0.129427
1152.000000 489.000000 0.514618 0.130293
81.000000 490.000000 -0.573740 0.134181
155.000000 490.000000 -0.480997 0.129672
1014.000000 490.000000 0.357008 0.124707
1016.000000 490.000000 0.359133 0.124782
1057.000000 490.000000 0.403595 0.126441
98.000000 491.000000 -0.551678 0.134091
1018.000000 491.000000 0.361299 0.125826
1047.000000 491.000000 0.392625 0.126992
1068.000000 491.000000 0.415887 0.127914
1037.000000 492.000000 0.381764 0.127551
1169.000000 492.000000 0.536113 0.134410
908.000000 493.000000 0.249271 0.124294
1005.000000 493.000000 0.347605 0.127273
1049.000000 493.000000 0.394905 0.129035
100.000000 494.000000 -0.549305 0.137063
102.000000 494.000000 -0.546741 0.136931
958.000000 494.000000 0.299101 0.126638
970.000000 494.000000 0.311320 0.127019
1044.000000 494.000000 0.389470 0.129798
1031.000000 495.000000 0.375396 0.130228
1054.000000 495.000000 0.400499 0.131216
1167.000000 495.000000 0.533772 0.137369
129.000000 496.000000 -0.512917 0.137262
973.000000 496.000000 0.314459 0.129032
977.000000 496.000000 0.318569 0.129167
1093.000000 496.000000 0.444533 0.134082
120.000000 497.000000 -0.524164 0.138851
960.000000 497.000000 0.301225 0.129563
1019.000000 497.000000 0.362600 0.131684
1085.000000 497.000000 0.435404 0.134669
1098.000000 497.000000 0.450366 0.135341
127.000000 498.000000 -0.515516 0.139430
1034.000000 498.000000 0.378764 0.133279
1151.000000 498.000000 0.513929 0.139423
1153.000000 498.000000 0.516411 0.139549
966.000000 499.000000 0.307398 0.131670
983.000000 499.000000 0.324863 0.132255
1007.000000 499.000000 0.349941 0.133149
1013.000000 499.000000 0.356294 0.133385
1083.000000 499.000000 0.433223 0.136555
1093.000000 499.000000 0.444689 0.137074
1048.000000 500.000000 0.394118 0.135853
1050.000000 500.000000 0.396316 0.135945
1151.000000 500.000000 0.514056 0.141469
1037.000000 501.000000 0.382148 0.136340
1101.000000 501.000000 0.454068 0.139504
1185.000000 501.000000 0.557250 0.144804
1187.000000 501.000000 0.559850 0.144947
1221.000000 501.000000 0.605163 0.147502
1030.000000 502.000000 0.374613 0.137011
120.000000 503.000000 -0.524556 0.145011
983.000000 503.000000 0.325007 0.136103
1064.000000 503.000000 0.411982 0.139565
1089.000000 503.000000 0.440298 0.140851
1187.000000 503.000000 0.559994 0.147032
1221.000000 503.000000 0.605321 0.149623
1106.000000 504.000000 0.460077 0.142794
1217.000000 504.000000 0.599957 0.150366
1249.000000 504.000000 0.644353 0.152998
1046.000000 505.000000 0.392154 0.140670
1187.000000 505.000000 0.560141 0.149118
984.000000 506.000000 0.326154 0.139030
986.000000 506.000000 0.328229 0.139105
1027.000000 506.000000 0.371554 0.140785
1190.000000 506.000000 0.564132 0.150385
123.000000 507.000000 -0.521078 0.148921
1056.000000 507.000000 0.403276 0.143120
1076.000000 507.000000 0.425684 0.144142
1120.000000 507.000000 0.476806 0.146648
1022.000000 508.000000 0.366271 0.142517
1024.000000 508.000000 0.368417 0.142605
1082.000000 508.000000 0.432557 0.145459
1189.000000 508.000000 0.562975 0.152401
994.000000 509.000000 0.336678 0.142314
98.000000 510.000000 -0.553008 0.153813
125.000000 510.000000 -0.518793 0.151868
1050.000000 510.000000 0.396792 0.145783
1052.000000 510.000000 0.398999 0.145882
1080.000000 510.000000 0.430387 0.147343
1122.000000 510.000000 0.479381 0.149811
127.000000 511.000000 -0.516376 0.152757
1045.000000 511.000000 0.391344 0.146523
1125.000000 511.000000 0.483041 0.151016
1115.000000 512.000000 0.471167 0.151398
90.000000 513.000000 -0.563620 0.157558
100.000000 513.000000 -0.550656 0.156788
1027.000000 513.000000 0.371871 0.147629
1117.000000 513.000000 0.473606 0.152536
1122.000000 513.000000 0.479572 0.152855
815.000000 514.000000 0.160720 0.141969
1000.000000 514.000000 0.343175 0.147407
1045.000000 514.000000 0.391492 0.149477
1077.000000 514.000000 0.427198 0.151164
1081.000000 514.000000 0.431749 0.151389
1128.000000 514.000000 0.486847 0.154262
997.000000 515.000000 0.340066 0.148252
1122.000000 515.000000 0.479702 0.154886
1248.000000 515.000000 0.643905 0.164790
1252.000000 516.000000 0.649681 0.166241
97.000000 517.000000 -0.554838 0.161195
1078.000000 517.000000 0.428503 0.154214
1142.000000 517.000000 0.504093 0.158282
1184.000000 517.000000 0.557159 0.161429
1250.000000 517.000000 0.646928 0.167140
94.000000 518.000000 -0.558806 0.162479
204.000000 518.000000 -0.425613 0.154999
1131.000000 518.000000 0.490742 0.158542
97.000000 519.000000 -0.554996 0.163286
103.000000 519.000000 -0.547263 0.162811
995.000000 519.000000 0.338139 0.152051
1193.000000 519.000000 0.569093 0.164259
1039.000000 520.000000 0.385227 0.155088
1127.000000 520.000000 0.486044 0.160310
1214.000000 520.000000 0.597225 0.167107
104.000000 521.000000 -0.546138 0.164819
1121.000000 521.000000 0.478903 0.160921
1257.000000 521.000000 0.657300 0.172151
86.000000 522.000000 -0.569587 0.167335
997.000000 522.000000 0.340368 0.155055
1004.000000 522.000000 0.347742 0.155368
1067.000000 522.000000 0.416351 0.158575
1001.000000 523.000000 0.344621 0.156207
1005.000000 524.000000 0.348891 0.157365
1069.000000 524.000000 0.418717 0.160684
1045.000000 525.000000 0.392061 0.160339
1156.000000 525.000000 0.522055 0.167563
86.000000 526.000000 -0.569927 0.171553
999.000000 526.000000 0.342651 0.159042
1015.000000 526.000000 0.359614 0.159794
1017.000000 526.000000 0.361752 0.159891
1176.000000 526.000000 0.547540 0.170203
874.000000 527.000000 0.217107 0.155506
1002.000000 527.000000 0.345859 0.160156
1008.000000 527.000000 0.352210 0.160437
1068.000000 527.000000 0.417766 0.163621
1149.000000 527.000000 0.513476 0.169094
88.000000 528.000000 -0.567472 0.173491
36.000000 529.000000 -0.638249 0.179372
41.000000 529.000000 -0.631238 0.178884
43.000000 529.000000 -0.628446 0.178690
989.000000 529.000000 0.332302 0.161513
1006.000000 529.000000 0.350184 0.162299
1011.000000 529.000000 0.355495 0.162540
1018.000000 529.000000 0.362971 0.162885
1177.000000 529.000000 0.549079 0.173430
1013.000000 530.000000 0.357675 0.163619
42.000000 531.000000 -0.630036 0.180951
1002.000000 531.000000 0.346047 0.164065
1018.000000 531.000000 0.363071 0.164851
34.000000 532.000000 -0.641364 0.182829
1064.000000 532.000000 0.413564 0.168379
37.000000 533.000000 -0.637239 0.183616
1091.000000 533.000000 0.444400 0.171085
1093.000000 533.000000 0.446717 0.171218
1156.000000 533.000000 0.522690 0.175868
1176.000000 533.000000 0.548131 0.177543
41.000000 534.000000 -0.631731 0.184300
1180.000000 534.000000 0.553389 0.178942
43.000000 535.000000 -0.629037 0.185184
1019.000000 535.000000 0.364349 0.168838
1047.000000 535.000000 0.394820 0.170372
1093.000000 535.000000 0.446851 0.173241
1158.000000 535.000000 0.525368 0.178114
1037.000000 536.000000 0.383897 0.170798
1068.000000 536.000000 0.418311 0.172628
1095.000000 536.000000 0.449243 0.174390
1183.000000 536.000000 0.557465 0.181316
1002.000000 537.000000 0.346339 0.169942
1004.000000 537.000000 0.348456 0.170041
1065.000000 537.000000 0.414993 0.173444
1098.000000 537.000000 0.452808 0.175610
1006.000000 538.000000 0.350626 0.171123
1095.000000 538.000000 0.449380 0.176418
1157.000000 538.000000 0.524360 0.181158
1173.000000 538.000000 0.544705 0.182535
132.000000 539.000000 -0.512286 0.181296
1035.000000 539.000000 0.381882 0.173661
1037.000000 540.000000 0.384123 0.174767
1039.000000 540.000000 0.386312 0.174882
1107.000000 540.000000 0.463591 0.179303
1148.000000 540.000000 0.513270 0.182490
1169.000000 540.000000 0.539753 0.184284
1074.000000 541.000000 0.425427 0.178037
1145.000000 541.000000 0.509628 0.183281
1260.000000 541.000000 0.663666 0.194378
121.000000 542.000000 -0.526278 0.185341
1092.000000 542.000000 0.446172 0.180268
1190.000000 542.000000 0.567181 0.188312
1177.000000 543.000000 0.550312 0.188162
100.000000 544.000000 -0.553263 0.189312
1094.000000 545.000000 0.448710 0.183459
1156.000000 545.000000 0.523702 0.188384
1245.000000 545.000000 0.642653 0.197143
1083.000000 546.000000 0.436055 0.183696
1057.000000 547.000000 0.406654 0.182968
1154.000000 547.000000 0.521363 0.190301
1185.000000 547.000000 0.561095 0.193148
881.000000 548.000000 0.224504 0.175687
1071.000000 548.000000 0.422485 0.184896
1094.000000 549.000000 0.449000 0.187532
1156.000000 549.000000 0.524055 0.192572
847.000000 550.000000 0.191809 0.176592
1169.000000 550.000000 0.540660 0.194811
976.000000 551.000000 0.319805 0.182382
1083.000000 551.000000 0.436408 0.188769
988.000000 552.000000 0.332361 0.183963
1215.000000 553.000000 0.601794 0.202620
1084.000000 554.000000 0.437777 0.191892
1090.000000 554.000000 0.444718 0.192335
1181.000000 554.000000 0.556552 0.200200
990.000000 555.000000 0.334614 0.187019
1069.000000 555.000000 0.420698 0.191834
1081.000000 555.000000 0.434397 0.192690
1159.000000 555.000000 0.528390 0.199149
95.000000 557.000000 -0.561019 0.203595
1078.000000 557.000000 0.431100 0.194505
1107.000000 557.000000 0.464891 0.196724
1118.000000 557.000000 0.478017 0.197622
1104.000000 558.000000 0.461422 0.197513
1146.000000 558.000000 0.512347 0.201102
1023.000000 559.000000 0.370014 0.192851
1084.000000 559.000000 0.438148 0.196987
1139.000000 559.000000 0.503759 0.201516
1076.000000 560.000000 0.429029 0.197410
1118.000000 560.000000 0.478269 0.200727
1141.000000 560.000000 0.506321 0.202742
1145.000000 560.000000 0.511285 0.203107
1168.000000 560.000000 0.540335 0.205293
1080.000000 561.000000 0.433691 0.198726
1042.000000 562.000000 0.390972 0.197060
1078.000000 562.000000 0.431469 0.199596
1181.000000 562.000000 0.557358 0.208729
854.000000 563.000000 0.198888 0.189198
1031.000000 563.000000 0.378961 0.197348
1118.000000 563.000000 0.478524 0.203837
1033.000000 564.000000 0.381212 0.198480
1115.000000 564.000000 0.475007 0.204616
1122.000000 565.000000 0.483523 0.206262
972.000000 566.000000 0.316414 0.196912
865.000000 567.000000 0.209613 0.193381
1111.000000 567.000000 0.470479 0.207383
1125.000000 567.000000 0.487337 0.208611
1127.000000 567.000000 0.489769 0.208791
380.000000 570.000000 -0.243468 0.197474
1024.000000 570.000000 0.371789 0.203917
1032.000000 570.000000 0.380512 0.204442
1202.000000 570.000000 0.586052 0.219609
1217.000000 571.000000 0.606549 0.222428
864.000000 572.000000 0.208812 0.198160
979.000000 572.000000 0.324017 0.203213
1030.000000 572.000000 0.378457 0.206321
1114.000000 573.000000 0.474595 0.213878
1026.000000 574.000000 0.374227 0.208067
1133.000000 574.000000 0.497759 0.216679
1182.000000 574.000000 0.559942 0.221703
1188.000000 574.000000 0.567837 0.222366
873.000000 575.000000 0.217640 0.201364
1046.000000 575.000000 0.396299 0.210461
1113.000000 575.000000 0.473575 0.215872
1225.000000 575.000000 0.618067 0.227775
1184.000000 576.000000 0.562788 0.224079
1008.000000 579.000000 0.355104 0.211914
1142.000000 579.000000 0.509379 0.222833
1168.000000 579.000000 0.542298 0.225547
1184.000000 579.000000 0.563125 0.227317
998.000000 580.000000 0.344494 0.212286
1208.000000 580.000000 0.595330 0.231205
159.000000 581.000000 -0.482938 0.222708
1187.000000 581.000000 0.567308 0.229823
1198.000000 581.000000 0.581952 0.231105
1213.000000 581.000000 0.602267 0.232908
865.000000 582.000000 0.210124 0.207852
1026.000000 582.000000 0.374771 0.216134
1047.000000 582.000000 0.397926 0.217647
1117.000000 582.000000 0.479033 0.223555
1175.000000 582.000000 0.551688 0.229541
899.000000 583.000000 0.243423 0.210137
1136.000000 583.000000 0.502339 0.226461
1139.000000 583.000000 0.506055 0.226765
1151.000000 583.000000 0.521064 0.228006
1156.000000 583.000000 0.527388 0.228536
1167.000000 583.000000 0.541447 0.229729
1111.000000 584.000000 0.472004 0.225085
1186.000000 584.000000 0.566334 0.232959
169.000000 585.000000 -0.471288 0.225958
1124.000000 585.000000 0.487810 0.227381
1174.000000 585.000000 0.550726 0.232663
1208.000000 585.000000 0.595939 0.236686
937.000000 586.000000 0.281574 0.214826
990.000000 586.000000 0.336389 0.217792
1146.000000 586.000000 0.515096 0.230675
1184.000000 586.000000 0.563929 0.234896
935.000000 587.000000 0.279598 0.215711
987.000000 587.000000 0.333284 0.218608
1123.000000 587.000000 0.486788 0.229389
1189.000000 587.000000 0.570658 0.236572
1070.000000 588.000000 0.424365 0.225612
1115.000000 588.000000 0.477194 0.229660
1187.000000 588.000000 0.568127 0.237422
1217.000000 588.000000 0.608629 0.241116
1028.000000 589.000000 0.377453 0.223366
1144.000000 589.000000 0.512908 0.233659
1175.000000 589.000000 0.552486 0.237099
1215.000000 589.000000 0.606007 0.241966
162.000000 590.000000 -0.480178 0.231874
1052.000000 590.000000 0.404133 0.226204
1158.000000 590.000000 0.530694 0.236249
656.000000 591.000000 0.014828 0.212568
904.000000 591.000000 0.248720 0.218177
998.000000 591.000000 0.345195 0.223320
1188.000000 591.000000 0.569811 0.240810
1210.000000 591.000000 0.599415 0.243538
1213.000000 591.000000 0.603518 0.243920
1038.000000 592.000000 0.388685 0.227162
1192.000000 592.000000 0.575253 0.242388
996.000000 593.000000 0.343197 0.225201
1027.000000 593.000000 0.376650 0.227358
1047.000000 593.000000 0.398771 0.228883
1057.000000 593.000000 0.410004 0.229687
1064.000000 593.000000 0.417938 0.230266
1145.000000 593.000000 0.514590 0.238035
1156.000000 593.000000 0.528482 0.239248
1159.000000 593.000000 0.532305 0.239585
1190.000000 593.000000 0.572711 0.243236
1195.000000 593.000000 0.579385 0.243853
1178.000000 594.000000 0.556993 0.242874
1132.000000 595.000000 0.498635 0.238777
1143.000000 595.000000 0.512303 0.239956
990.000000 596.000000 0.337024 0.227829
994.000000 596.000000 0.341268 0.228091
1152.000000 596.000000 0.523742 0.242023
1176.000000 596.000000 0.554616 0.244809
1191.000000 596.000000 0.574414 0.246643
659.000000 597.000000 0.017599 0.218302
878.000000 597.000000 0.223354 0.222945
951.000000 597.000000 0.296437 0.226467
992.000000 597.000000 0.339210 0.228967
1048.000000 597.000000 0.400210 0.233067
1058.000000 597.000000 0.411465 0.233890
1068.000000 597.000000 0.422842 0.234741
1145.000000 598.000000 0.515139 0.243388
1157.000000 598.000000 0.530323 0.244744
1159.000000 598.000000 0.532877 0.244974
1184.000000 598.000000 0.565372 0.247963
1186.000000 598.000000 0.568018 0.248211
1081.000000 599.000000 0.438003 0.237975
1150.000000 599.000000 0.521550 0.245022
1192.000000 599.000000 0.576124 0.250059
1210.000000 599.000000 0.600450 0.252382
1173.000000 600.000000 0.551183 0.248799
1175.000000 600.000000 0.553793 0.249042
1178.000000 600.000000 0.557719 0.249409
1182.000000 600.000000 0.562979 0.249902
1014.000000 601.000000 0.363076 0.234544
1157.000000 601.000000 0.530670 0.247982
1168.000000 601.000000 0.544810 0.249284
1190.000000 601.000000 0.573710 0.252002
1192.000000 601.000000 0.576379 0.252257
984.000000 602.000000 0.331074 0.233481
1064.000000 602.000000 0.418709 0.239575
1153.000000 602.000000 0.525694 0.248597
1165.000000 602.000000 0.541053 0.250010
944.000000 603.000000 0.289603 0.232052
1048.000000 603.000000 0.400702 0.239244
1170.000000 603.000000 0.547645 0.251701
1173.000000 603.000000 0.551549 0.252068
1184.000000 603.000000 0.565996 0.253437
1012.000000 604.000000 0.361130 0.237452
1066.000000 604.000000 0.421169 0.241827
1187.000000 604.000000 0.570100 0.254916
951.000000 605.000000 0.296895 0.234450
1167.000000 605.000000 0.544000 0.253513
1083.000000 606.000000 0.440983 0.245477
1198.000000 606.000000 0.585081 0.258551
1263.000000 606.000000 0.676314 0.267665
1043.000000 607.000000 0.395439 0.242955
1045.000000 607.000000 0.397675 0.243122
934.000000 608.000000 0.279689 0.236482
1091.000000 608.000000 0.450552 0.248352
1049.000000 609.000000 0.402331 0.245529
1059.000000 609.000000 0.413634 0.246403
1147.000000 609.000000 0.518914 0.255458
502.000000 610.000000 -0.127707 0.232338
1056.000000 610.000000 0.410319 0.247176
99.000000 611.000000 -0.561960 0.261575
1123.000000 611.000000 0.489297 0.254875
916.000000 612.000000 0.261717 0.239502
1002.000000 612.000000 0.350933 0.244872
1028.000000 612.000000 0.379215 0.246878
1031.000000 613.000000 0.382606 0.248152
1170.000000 613.000000 0.548891 0.262626
1275.000000 613.000000 0.694922 0.277485
30.000000 614.000000 -0.657237 0.274533
958.000000 614.000000 0.304664 0.243909
1002.000000 614.000000 0.351081 0.246914
1078.000000 614.000000 0.435930 0.253394
1137.000000 614.000000 0.506948 0.259688
1174.000000 614.000000 0.554241 0.264236
84.000000 615.000000 -0.582426 0.267977
31.000000 616.000000 -0.656103 0.276665
959.000000 616.000000 0.305827 0.245989
1167.000000 616.000000 0.545374 0.265532
499.000000 617.000000 -0.130698 0.239215
1004.000000 617.000000 0.353459 0.250133
1171.000000 617.000000 0.550709 0.267146
1014.000000 618.000000 0.364367 0.251933
1029.000000 618.000000 0.380810 0.253150
1081.000000 618.000000 0.439818 0.257902
1173.000000 618.000000 0.553453 0.268507
1175.000000 618.000000 0.556074 0.268770
28.000000 619.000000 -0.660850 0.280542
1021.000000 619.000000 0.372092 0.253524
1069.000000 619.000000 0.426000 0.257780
979.000000 620.000000 0.327017 0.251375
1085.000000 620.000000 0.444701 0.260419
588.000000 621.000000 -0.047837 0.241590
881.000000 622.000000 0.227389 0.247721
1009.000000 622.000000 0.359252 0.255653
919.000000 623.000000 0.265329 0.250652
970.000000 623.000000 0.317758 0.253805
1064.000000 623.000000 0.420638 0.261503
1081.000000 623.000000 0.440322 0.263187
1178.000000 623.000000 0.560688 0.274697
879.000000 624.000000 0.225512 0.249616
958.000000 624.000000 0.305305 0.254017
1027.000000 624.000000 0.379108 0.259195
1187.000000 624.000000 0.572767 0.277042
1211.000000 624.000000 0.605294 0.280463
960.000000 625.000000 0.307450 0.255164
972.000000 625.000000 0.319995 0.255979
591.000000 626.000000 -0.045106 0.246418
1039.000000 626.000000 0.392612 0.262323
967.000000 627.000000 0.314890 0.257671
1019.000000 627.000000 0.370561 0.261631
936.000000 628.000000 0.282889 0.256675
1107.000000 628.000000 0.471742 0.271316
1182.000000 628.000000 0.566668 0.280802
923.000000 629.000000 0.269715 0.256911
1040.000000 629.000000 0.394002 0.265547
1175.000000 629.000000 0.557556 0.280945
1187.000000 629.000000 0.573468 0.282621
1191.000000 629.000000 0.578827 0.283190
12.000000 631.000000 -0.685858 0.296849
976.000000 631.000000 0.324634 0.262394
1087.000000 631.000000 0.448206 0.272322
1169.000000 631.000000 0.549963 0.282342
1172.000000 631.000000 0.553890 0.282754
1180.000000 631.000000 0.564436 0.283867
1203.000000 631.000000 0.595362 0.287182
470.000000 632.000000 -0.158614 0.254751
922.000000 632.000000 0.268876 0.259878
1015.000000 632.000000 0.366602 0.266481
1175.000000 632.000000 0.557971 0.284282
1184.000000 632.000000 0.569892 0.285549
963.000000 633.000000 0.311122 0.263516
1068.000000 633.000000 0.426234 0.272460
1071.000000 633.000000 0.429706 0.272767
1207.000000 633.000000 0.601131 0.290038
227.000000 634.000000 -0.408454 0.271848
986.000000 634.000000 0.335464 0.266219
1112.000000 634.000000 0.478495 0.278364
10.000000 635.000000 -0.689413 0.301820
626.000000 635.000000 -0.012787 0.254989
971.000000 635.000000 0.319654 0.266131
1086.000000 635.000000 0.447460 0.276489
1241.000000 635.000000 0.649032 0.297582
910.000000 636.000000 0.256986 0.263225
933.000000 636.000000 0.280315 0.264592
1183.000000 636.000000 0.569133 0.289885
1203.000000 636.000000 0.596108 0.292834
14.000000 637.000000 -0.683901 0.303508
79.000000 637.000000 -0.592310 0.293337
484.000000 637.000000 -0.145439 0.259246
944.000000 637.000000 0.291672 0.266312
986.000000 637.000000 0.335694 0.269311
1085.000000 637.000000 0.446499 0.278522
1173.000000 637.000000 0.556041 0.289576
1235.000000 637.000000 0.640815 0.298933
1237.000000 637.000000 0.643654 0.299250
1239.000000 637.000000 0.646499 0.299569
990.000000 638.000000 0.340047 0.270657
1089.000000 638.000000 0.451339 0.280037
297.000000 639.000000 -0.332102 0.271012
1001.000000 640.000000 0.352045 0.273620
1182.000000 640.000000 0.568383 0.294230
1214.000000 640.000000 0.611850 0.299066
1242.000000 640.000000 0.651261 0.303515
83.000000 641.000000 -0.587489 0.297263
906.000000 641.000000 0.253246 0.268050
941.000000 641.000000 0.288844 0.270194
1049.000000 641.000000 0.405286 0.279027
10.000000 642.000000 -0.690544 0.309993
61.000000 642.000000 -0.617793 0.301779
582.000000 642.000000 -0.053611 0.262141
978.000000 642.000000 0.327572 0.273856
1007.000000 642.000000 0.358724 0.276208
1083.000000 642.000000 0.444694 0.283665
1177.000000 642.000000 0.562037 0.295747
1216.000000 642.000000 0.614937 0.301665
14.000000 643.000000 -0.684875 0.310509
707.000000 643.000000 0.062319 0.263253
983.000000 643.000000 0.332965 0.275278
1063.000000 643.000000 0.421498 0.282576
1101.000000 643.000000 0.466246 0.286810
1110.000000 643.000000 0.477140 0.287890
1242.000000 643.000000 0.651748 0.306988
1056.000000 644.000000 0.413563 0.282916
1116.000000 644.000000 0.484592 0.289718
1214.000000 644.000000 0.612478 0.303639
969.000000 645.000000 0.318285 0.276271
1018.000000 645.000000 0.371028 0.280312
1064.000000 645.000000 0.422862 0.284816
1095.000000 645.000000 0.459282 0.288270
1193.000000 645.000000 0.583886 0.301517
1216.000000 645.000000 0.615412 0.305101
13.000000 646.000000 -0.686825 0.314185
1115.000000 646.000000 0.483616 0.291778
907.000000 647.000000 0.254598 0.274189
1009.000000 647.000000 0.361339 0.281607
1060.000000 647.000000 0.418464 0.286530
1097.000000 647.000000 0.461914 0.290673
1222.000000 647.000000 0.624101 0.308361
60.000000 648.000000 -0.620135 0.308820
1064.000000 648.000000 0.423181 0.288024
1144.000000 648.000000 0.520075 0.297780
1228.000000 648.000000 0.632691 0.310489
872.000000 649.000000 0.219816 0.274317
973.000000 649.000000 0.322814 0.280712
1212.000000 649.000000 0.610503 0.309053
1223.000000 649.000000 0.625826 0.310829
949.000000 650.000000 0.297732 0.279966
1209.000000 650.000000 0.606517 0.309720
1229.000000 650.000000 0.634429 0.312967
946.000000 651.000000 0.294690 0.280784
1003.000000 651.000000 0.355152 0.285271
1170.000000 651.000000 0.554123 0.304841
1196.000000 651.000000 0.588878 0.308806
1225.000000 651.000000 0.628960 0.313466
481.000000 652.000000 -0.148773 0.274236
1054.000000 652.000000 0.412107 0.291241
1211.000000 652.000000 0.609601 0.312338
993.000000 653.000000 0.344499 0.286502
995.000000 653.000000 0.346657 0.286673
1004.000000 653.000000 0.356417 0.287458
1056.000000 653.000000 0.414505 0.292523
1064.000000 653.000000 0.423723 0.293387
1066.000000 653.000000 0.426040 0.293606
1102.000000 653.000000 0.468663 0.297812
1142.000000 653.000000 0.518223 0.303061
7.000000 654.000000 -0.696919 0.324592
884.000000 655.000000 0.232022 0.281018
1086.000000 655.000000 0.449736 0.298054
65.000000 656.000000 -0.614486 0.317225
962.000000 656.000000 0.311753 0.287125
1049.000000 656.000000 0.406818 0.294994
809.000000 657.000000 0.158887 0.279642
994.000000 657.000000 0.345922 0.290780
1214.000000 657.000000 0.614577 0.318592
66.000000 658.000000 -0.613429 0.319370
476.000000 658.000000 -0.153758 0.280409
1047.000000 658.000000 0.404751 0.296925
3.000000 659.000000 -0.703624 0.331183
924.000000 659.000000 0.272595 0.287516
1049.000000 659.000000 0.407136 0.298210
1096.000000 659.000000 0.462171 0.303629
1199.000000 659.000000 0.594240 0.318444
70.000000 660.000000 -0.608231 0.321023
86.000000 660.000000 -0.586376 0.318432
1077.000000 660.000000 0.439688 0.302424
1126.000000 660.000000 0.499047 0.308642
1233.000000 660.000000 0.641765 0.325266
72.000000 662.000000 -0.605805 0.323004
85.000000 662.000000 -0.588051 0.320886
1230.000000 662.000000 0.637855 0.327090
1238.000000 662.000000 0.649222 0.328462
83.000000 663.000000 -0.590927 0.322358
967.000000 663.000000 0.317572 0.294808
1143.000000 663.000000 0.520914 0.314380
1271.000000 663.000000 0.697161 0.335362
788.000000 664.000000 0.139032 0.285946
1102.000000 664.000000 0.470052 0.309881
1210.000000 664.000000 0.610193 0.326030
1212.000000 664.000000 0.612966 0.326366
1216.000000 664.000000 0.618530 0.327040
72.000000 665.000000 -0.606301 0.326473
841.000000 665.000000 0.190172 0.289021
953.000000 665.000000 0.303006 0.295797
1005.000000 665.000000 0.358601 0.300210
1219.000000 665.000000 0.622890 0.328713
1229.000000 665.000000 0.636956 0.330426
943.000000 666.000000 0.292658 0.296087
1034.000000 666.000000 0.390875 0.304139
1213.000000 666.000000 0.614692 0.328858
1253.000000 666.000000 0.671467 0.335778
1097.000000 668.000000 0.464516 0.313646
1203.000000 668.000000 0.601206 0.329493
307.000000 669.000000 -0.323878 0.301447
1038.000000 669.000000 0.395706 0.307785
1095.000000 669.000000 0.462233 0.314491
1135.000000 669.000000 0.511620 0.319961
1144.000000 669.000000 0.523070 0.321279
468.000000 670.000000 -0.161886 0.292798
1007.000000 670.000000 0.361266 0.305712
3.000000 671.000000 -0.705690 0.345458
7.000000 671.000000 -0.699838 0.344760
66.000000 671.000000 -0.615606 0.334456
929.000000 671.000000 0.278547 0.300272
931.000000 671.000000 0.280607 0.300414
1009.000000 671.000000 0.363561 0.306972
1123.000000 671.000000 0.496831 0.320489
787.000000 672.000000 0.138341 0.293977
924.000000 672.000000 0.273479 0.300959
1036.000000 672.000000 0.393765 0.310803
1100.000000 672.000000 0.468671 0.318460
1095.000000 673.000000 0.462752 0.318910
1128.000000 673.000000 0.503374 0.323444
7.000000 674.000000 -0.700365 0.348341
9.000000 674.000000 -0.697445 0.347989
1091.000000 674.000000 0.458065 0.319496
1100.000000 674.000000 0.468937 0.320679
1126.000000 674.000000 0.501009 0.324280
1211.000000 674.000000 0.613284 0.337843
873.000000 675.000000 0.222185 0.300855
1110.000000 675.000000 0.481291 0.323147
6.000000 677.000000 -0.702355 0.352105
600.000000 677.000000 -0.037187 0.296730
1218.000000 677.000000 0.623570 0.342581
359.000000 678.000000 -0.270340 0.306876
1220.000000 678.000000 0.626550 0.344110
926.000000 679.000000 0.276033 0.308397
1031.000000 679.000000 0.388877 0.317828
1235.000000 679.000000 0.647938 0.347969
212.000000 680.000000 -0.430756 0.322972
451.000000 680.000000 -0.178763 0.303686
994.000000 680.000000 0.348017 0.315138
1048.000000 680.000000 0.408322 0.320817
1056.000000 680.000000 0.417542 0.321752
1105.000000 680.000000 0.475848 0.328042
1124.000000 680.000000 0.499373 0.330744
14.000000 681.000000 -0.691407 0.355470
833.000000 681.000000 0.183104 0.304968
921.000000 681.000000 0.271037 0.310128
1010.000000 681.000000 0.365656 0.317783
1217.000000 681.000000 0.622878 0.347111
1029.000000 682.000000 0.386951 0.320861
1031.000000 682.000000 0.389205 0.321080
1132.000000 682.000000 0.509742 0.334192
1140.000000 682.000000 0.519917 0.335408
229.000000 683.000000 -0.411398 0.324227
1218.000000 683.000000 0.624636 0.349648
9.000000 684.000000 -0.699225 0.359966
463.000000 684.000000 -0.167285 0.307259
1024.000000 684.000000 0.381550 0.322488
1015.000000 685.000000 0.371610 0.322613
1069.000000 685.000000 0.433321 0.328841
1130.000000 685.000000 0.507665 0.337296
1198.000000 686.000000 0.597436 0.349624
558.000000 687.000000 -0.076739 0.307412
1022.000000 687.000000 0.379633 0.325527
1121.000000 687.000000 0.496650 0.338216
1261.000000 687.000000 0.686842 0.362253
1004.000000 688.000000 0.359751 0.324718
1135.000000 688.000000 0.514466 0.341477
1149.000000 688.000000 0.532437 0.343683
511.000000 689.000000 -0.121338 0.310618
1023.000000 689.000000 0.380972 0.327811
1042.000000 689.000000 0.402494 0.329963
1262.000000 689.000000 0.688664 0.364842
361.000000 690.000000 -0.269146 0.319301
870.000000 690.000000 0.220057 0.316197
1020.000000 690.000000 0.377720 0.328571
1264.000000 690.000000 0.691759 0.366415
880.000000 691.000000 0.230116 0.317840
893.000000 691.000000 0.243205 0.318668
926.000000 691.000000 0.276923 0.321002
994.000000 691.000000 0.349088 0.326948
1093.000000 691.000000 0.462761 0.338703
1112.000000 691.000000 0.486037 0.341418
1159.000000 691.000000 0.545959 0.348774
1179.000000 691.000000 0.572512 0.352162
66.000000 692.000000 -0.619306 0.359140
1121.000000 692.000000 0.497399 0.343894
801.000000 693.000000 0.152562 0.315908
828.000000 693.000000 0.178785 0.317086
954.000000 693.000000 0.306331 0.325389
1001.000000 693.000000 0.356961 0.329818
792.000000 694.000000 0.143921 0.316586
911.000000 694.000000 0.261719 0.323057
962.000000 694.000000 0.314896 0.327156
982.000000 694.000000 0.336341 0.329008
1236.000000 694.000000 0.652111 0.366026
292.000000 695.000000 -0.342347 0.330496
572.000000 695.000000 -0.063687 0.315307
944.000000 695.000000 0.295977 0.326674
954.000000 695.000000 0.306503 0.327523
1124.000000 695.000000 0.501625 0.347773
1158.000000 695.000000 0.545314 0.353243
1275.000000 695.000000 0.708741 0.374480
360.000000 696.000000 -0.270617 0.325704
692.000000 696.000000 0.048981 0.316118
879.000000 696.000000 0.229424 0.323004
892.000000 696.000000 0.242524 0.323844
1034.000000 696.000000 0.394189 0.336714
870.000000 697.000000 0.220473 0.323498
1274.000000 697.000000 0.707645 0.376722
448.000000 698.000000 -0.182534 0.322380
1152.000000 698.000000 0.537971 0.355722
1159.000000 698.000000 0.547133 0.356899
1261.000000 698.000000 0.688878 0.375522
1269.000000 698.000000 0.700526 0.377012
627.000000 699.000000 -0.012031 0.318860
763.000000 699.000000 0.116283 0.320734
898.000000 699.000000 0.248812 0.327410
1154.000000 699.000000 0.540749 0.357218
1245.000000 699.000000 0.665940 0.373725
66.000000 700.000000 -0.620771 0.368648
606.000000 700.000000 -0.031758 0.319999
915.000000 700.000000 0.266264 0.329693
947.000000 700.000000 0.299551 0.332265
1129.000000 700.000000 0.508724 0.354287
1241.000000 700.000000 0.660388 0.374175
956.000000 701.000000 0.309148 0.334125
65.000000 702.000000 -0.622536 0.371220
493.000000 702.000000 -0.139028 0.324589
804.000000 702.000000 0.155835 0.325330
806.000000 702.000000 0.157775 0.325415
916.000000 702.000000 0.267444 0.331892
1007.000000 702.000000 0.364542 0.340250
1233.000000 702.000000 0.649340 0.375070
760.000000 703.000000 0.113540 0.324763
1135.000000 703.000000 0.516848 0.358712
448.000000 704.000000 -0.182831 0.328626
979.000000 704.000000 0.334070 0.339525
1075.000000 704.000000 0.442931 0.350833
63.000000 705.000000 -0.625890 0.375182
289.000000 705.000000 -0.346619 0.341642
501.000000 705.000000 -0.131442 0.327404
918.000000 705.000000 0.269736 0.335237
952.000000 705.000000 0.305267 0.338069
1237.000000 705.000000 0.655615 0.379449
512.000000 706.000000 -0.120921 0.328065
895.000000 706.000000 0.246251 0.334603
898.000000 706.000000 0.249304 0.334815
966.000000 706.000000 0.320266 0.340436
972.000000 706.000000 0.326709 0.341010
1224.000000 706.000000 0.637335 0.378175
1261.000000 706.000000 0.690383 0.385231
594.000000 707.000000 -0.043121 0.327298
596.000000 707.000000 -0.041236 0.327276
917.000000 707.000000 0.268859 0.337293
999.000000 707.000000 0.356232 0.344860
1255.000000 707.000000 0.681879 0.385308
896.000000 708.000000 0.247409 0.336796
993.000000 708.000000 0.349736 0.345315
1094.000000 708.000000 0.466416 0.358080
1260.000000 708.000000 0.689312 0.387476
3.000000 709.000000 -0.712530 0.391343
797.000000 709.000000 0.149344 0.332314
877.000000 709.000000 0.228244 0.336562
1062.000000 709.000000 0.428213 0.354694
891.000000 710.000000 0.242467 0.338569
909.000000 710.000000 0.260852 0.339881
912.000000 710.000000 0.263937 0.340110
997.000000 710.000000 0.354350 0.347935
1051.000000 710.000000 0.415473 0.354361
1233.000000 710.000000 0.650869 0.384729
1257.000000 710.000000 0.685345 0.389341
881.000000 711.000000 0.232409 0.338946
893.000000 711.000000 0.244570 0.339773
956.000000 711.000000 0.310059 0.344914
1007.000000 711.000000 0.365537 0.350137
1239.000000 711.000000 0.659626 0.387098
1254.000000 711.000000 0.681198 0.389986
562.000000 712.000000 -0.073446 0.332960
672.000000 712.000000 0.030318 0.332330
972.000000 712.000000 0.327297 0.347535
993.000000 712.000000 0.350162 0.349701
1072.000000 712.000000 0.440468 0.359456
547.000000 713.000000 -0.087714 0.334326
999.000000 713.000000 0.356885 0.351452
1051.000000 713.000000 0.415866 0.357729
1058.000000 713.000000 0.424050 0.358662
1096.000000 713.000000 0.469609 0.364097
1103.000000 713.000000 0.478220 0.365167
357.000000 714.000000 -0.275122 0.345131
797.000000 714.000000 0.149554 0.337536
890.000000 714.000000 0.241732 0.342757
1074.000000 714.000000 0.443137 0.362009
1264.000000 714.000000 0.696258 0.395561
83.000000 715.000000 -0.600060 0.383403
756.000000 715.000000 0.110083 0.337082
766.000000 715.000000 0.119673 0.337404
880.000000 715.000000 0.231669 0.343130
1076.000000 715.000000 0.445673 0.363432
1130.000000 715.000000 0.512440 0.371824
246.000000 716.000000 -0.395902 0.358672
896.000000 716.000000 0.247987 0.345324
906.000000 716.000000 0.258227 0.346074
975.000000 716.000000 0.330942 0.352208
983.000000 716.000000 0.339638 0.353034
997.000000 716.000000 0.355005 0.354541
1062.000000 716.000000 0.429167 0.362598
1096.000000 716.000000 0.470066 0.367541
1144.000000 716.000000 0.530628 0.375377
