357.000000 3.000000 -0.275326 -0.347009
1052.000000 3.000000 0.417511 -0.361007
343.000000 4.000000 -0.289851 -0.347111
1040.000000 4.000000 0.403458 -0.358308
352.000000 7.000000 -0.280195 -0.343115
971.000000 7.000000 0.326271 -0.347172
1122.000000 7.000000 0.501906 -0.366818
1150.000000 7.000000 0.537879 -0.371536
1254.000000 7.000000 0.681610 -0.391107
814.000000 8.000000 0.165983 -0.334858
1217.000000 8.000000 0.628617 -0.382727
1128.000000 9.000000 0.509184 -0.365478
1256.000000 9.000000 0.684119 -0.389052
1150.000000 10.000000 0.537359 -0.368017
545.000000 11.000000 -0.089506 -0.328897
261.000000 12.000000 -0.377901 -0.346626
898.000000 12.000000 0.249410 -0.335593
1153.000000 12.000000 0.540934 -0.366192
895.000000 13.000000 0.246284 -0.334318
1176.000000 13.000000 0.571274 -0.369078
1129.000000 14.000000 0.509640 -0.359847
886.000000 15.000000 0.237023 -0.331583
1123.000000 15.000000 0.501882 -0.357731
1224.000000 15.000000 0.637141 -0.375635
1264.000000 15.000000 0.694587 -0.383266
1058.000000 16.000000 0.422805 -0.347195
1226.000000 17.000000 0.639590 -0.373610
1232.000000 17.000000 0.648108 -0.374751
338.000000 18.000000 -0.293898 -0.332485
341.000000 18.000000 -0.290758 -0.332235
952.000000 18.000000 0.304957 -0.333495
1001.000000 18.000000 0.357855 -0.338251
1264.000000 18.000000 0.694021 -0.379618
551.000000 19.000000 -0.083629 -0.320518
557.000000 19.000000 -0.077949 -0.320391
168.000000 20.000000 -0.486406 -0.349987
934.000000 20.000000 0.285893 -0.329832
363.000000 21.000000 -0.267717 -0.327312
514.000000 23.000000 -0.118704 -0.317389
1002.000000 23.000000 0.358430 -0.332911
1122.000000 23.000000 0.499370 -0.348392
496.000000 24.000000 -0.135906 -0.316959
850.000000 24.000000 0.200518 -0.319976
329.000000 25.000000 -0.302759 -0.325771
493.000000 25.000000 -0.138751 -0.316038
921.000000 25.000000 0.272027 -0.323507
1003.000000 25.000000 0.359323 -0.330843
1269.000000 25.000000 0.700004 -0.372061
498.000000 26.000000 -0.133916 -0.314834
1021.000000 26.000000 0.379231 -0.331689
1102.000000 26.000000 0.474102 -0.341998
1169.000000 26.000000 0.559630 -0.352588
505.000000 27.000000 -0.127178 -0.313572
508.000000 27.000000 -0.124310 -0.313475
699.000000 28.000000 0.055503 -0.310811
1088.000000 28.000000 0.456808 -0.337777
194.000000 29.000000 -0.453435 -0.336122
1028.000000 29.000000 0.386770 -0.329194
1165.000000 29.000000 0.553819 -0.348420
470.000000 30.000000 -0.160734 -0.311791
524.000000 30.000000 -0.108972 -0.309932
527.000000 30.000000 -0.106122 -0.309850
529.000000 30.000000 -0.104222 -0.309797
964.000000 30.000000 0.316624 -0.321715
1134.000000 30.000000 0.513457 -0.342249
520.000000 31.000000 -0.112748 -0.309024
958.000000 31.000000 0.310172 -0.320128
252.000000 32.000000 -0.385762 -0.325721
970.000000 32.000000 0.322841 -0.320115
1173.000000 32.000000 0.563933 -0.346287
332.000000 33.000000 -0.298945 -0.317027
1054.000000 33.000000 0.416015 -0.327840
1069.000000 33.000000 0.433523 -0.329698
328.000000 34.000000 -0.303059 -0.316296
1043.000000 34.000000 0.403238 -0.325441
1138.000000 34.000000 0.517934 -0.338303
357.000000 35.000000 -0.272854 -0.313000
1054.000000 35.000000 0.415774 -0.325643
946.000000 36.000000 0.297132 -0.313835
1089.000000 37.000000 0.456794 -0.327861
1276.000000 37.000000 0.708062 -0.358847
922.000000 38.000000 0.272098 -0.309908
966.000000 38.000000 0.318052 -0.313383
1177.000000 38.000000 0.568264 -0.340001
188.000000 39.000000 -0.459303 -0.325780
912.000000 39.000000 0.261790 -0.308161
1053.000000 40.000000 0.414026 -0.320047
188.000000 41.000000 -0.459039 -0.323559
1179.000000 41.000000 0.570440 -0.336863
325.000000 42.000000 -0.305559 -0.308097
495.000000 42.000000 -0.136245 -0.298609
575.000000 42.000000 -0.060597 -0.296707
1111.000000 42.000000 0.482889 -0.325284
244.000000 43.000000 -0.393577 -0.314660
1045.000000 43.000000 0.404495 -0.315858
490.000000 44.000000 -0.140959 -0.296750
1060.000000 44.000000 0.421655 -0.316501
1216.000000 44.000000 0.620577 -0.339711
210.000000 47.000000 -0.432200 -0.314190
528.000000 47.000000 -0.104734 -0.292599
125.000000 49.000000 -0.536449 -0.323532
234.000000 49.000000 -0.404266 -0.309264
497.000000 49.000000 -0.134107 -0.291462
576.000000 49.000000 -0.059560 -0.289663
149.000000 51.000000 -0.505568 -0.317746
580.000000 52.000000 -0.055779 -0.286609
1032.000000 52.000000 0.388786 -0.304731
520.000000 53.000000 -0.112147 -0.286772
1217.000000 53.000000 0.620414 -0.329358
473.000000 54.000000 -0.156902 -0.287244
932.000000 54.000000 0.281245 -0.293960
150.000000 55.000000 -0.503752 -0.313134
247.000000 55.000000 -0.388934 -0.301434
1005.000000 55.000000 0.358556 -0.298869
1068.000000 55.000000 0.429677 -0.305456
294.000000 56.000000 -0.337296 -0.295954
423.000000 56.000000 -0.205352 -0.287360
1021.000000 56.000000 0.376092 -0.299341
1042.000000 56.000000 0.399657 -0.301488
292.000000 57.000000 -0.339357 -0.295075
490.000000 57.000000 -0.140526 -0.283636
820.000000 57.000000 0.169685 -0.284779
1036.000000 57.000000 0.392769 -0.299787
584.000000 58.000000 -0.051969 -0.280577
1184.000000 58.000000 0.574377 -0.318126
481.000000 59.000000 -0.149056 -0.281928
1025.000000 59.000000 0.380244 -0.296541
1052.000000 59.000000 0.410732 -0.299336
1194.000000 59.000000 0.587721 -0.318584
236.000000 61.000000 -0.400713 -0.296149
333.000000 61.000000 -0.295756 -0.287661
602.000000 61.000000 -0.035168 -0.277423
929.000000 61.000000 0.277679 -0.286521
1037.000000 61.000000 0.393485 -0.295614
1258.000000 61.000000 0.677501 -0.327047
325.000000 62.000000 -0.304010 -0.287211
331.000000 62.000000 -0.297760 -0.286771
982.000000 62.000000 0.333070 -0.289471
1195.000000 62.000000 0.588597 -0.315303
321.000000 63.000000 -0.308118 -0.286473
333.000000 63.000000 -0.295612 -0.285593
1136.000000 63.000000 0.511137 -0.305331
1260.000000 63.000000 0.680065 -0.325034
585.000000 64.000000 -0.050969 -0.274609
620.000000 64.000000 -0.018414 -0.274345
330.000000 65.000000 -0.298583 -0.283742
1196.000000 65.000000 0.589477 -0.312027
643.000000 66.000000 0.002946 -0.272331
1036.000000 66.000000 0.391855 -0.290186
317.000000 67.000000 -0.312010 -0.282630
988.000000 67.000000 0.339080 -0.284746
626.000000 68.000000 -0.012830 -0.270372
630.000000 69.000000 -0.009116 -0.269376
983.000000 69.000000 0.333563 -0.282250
1207.000000 69.000000 0.603892 -0.309200
359.000000 70.000000 -0.268451 -0.276665
643.000000 70.000000 0.002943 -0.268383
996.000000 70.000000 0.347439 -0.282286
328.000000 71.000000 -0.300233 -0.277701
614.000000 71.000000 -0.023953 -0.267460
854.000000 72.000000 0.202064 -0.271132
653.000000 73.000000 0.012209 -0.265447
1155.000000 73.000000 0.533974 -0.296844
1166.000000 73.000000 0.548253 -0.298412
1234.000000 73.000000 0.640994 -0.308972
985.000000 74.000000 0.335296 -0.277215
1019.000000 74.000000 0.372176 -0.280116
308.000000 75.000000 -0.320875 -0.275038
306.000000 76.000000 -0.322910 -0.274157
986.000000 76.000000 0.336204 -0.275220
1016.000000 76.000000 0.368696 -0.277749
492.000000 77.000000 -0.138004 -0.263632
630.000000 77.000000 -0.009101 -0.261507
1131.000000 77.000000 0.502982 -0.289179
1208.000000 79.000000 0.603694 -0.297928
313.000000 80.000000 -0.315248 -0.269522
316.000000 81.000000 -0.312034 -0.268282
1152.000000 81.000000 0.529016 -0.287546
1213.000000 81.000000 0.610283 -0.296424
545.000000 82.000000 -0.088011 -0.257448
550.000000 83.000000 -0.083325 -0.256379
1201.000000 83.000000 0.593498 -0.292318
1225.000000 84.000000 0.626533 -0.294866
335.000000 85.000000 -0.292046 -0.262909
865.000000 85.000000 0.212238 -0.258616
1223.000000 85.000000 0.623575 -0.293410
1271.000000 85.000000 0.692477 -0.301061
517.000000 86.000000 -0.114162 -0.254100
1108.000000 86.000000 0.473594 -0.276552
341.000000 87.000000 -0.285756 -0.260497
510.000000 87.000000 -0.120723 -0.253286
633.000000 87.000000 -0.006311 -0.251721
1038.000000 87.000000 0.392086 -0.268217
1077.000000 87.000000 0.436639 -0.272051
1211.000000 87.000000 0.606602 -0.289294
602.000000 88.000000 -0.034970 -0.250871
1015.000000 88.000000 0.366560 -0.265150
1181.000000 88.000000 0.565865 -0.283776
1220.000000 89.000000 0.618771 -0.288388
633.000000 91.000000 -0.006307 -0.247826
549.000000 92.000000 -0.084106 -0.247593
1096.000000 93.000000 0.458397 -0.267683
510.000000 94.000000 -0.120553 -0.246427
1107.000000 94.000000 0.471471 -0.267827
315.000000 95.000000 -0.312112 -0.254063
340.000000 95.000000 -0.286287 -0.252469
508.000000 95.000000 -0.122410 -0.245497
560.000000 95.000000 -0.073826 -0.244501
1229.000000 95.000000 0.630459 -0.282927
1232.000000 95.000000 0.634686 -0.283382
1089.000000 96.000000 0.449777 -0.263738
1175.000000 96.000000 0.556834 -0.274053
602.000000 97.000000 -0.034909 -0.242120
165.000000 98.000000 -0.479862 -0.264220
599.000000 98.000000 -0.037674 -0.241171
1117.000000 98.000000 0.483151 -0.264660
1210.000000 98.000000 0.603598 -0.276720
549.000000 99.000000 -0.083992 -0.240780
640.000000 99.000000 0.000156 -0.240059
1090.000000 100.000000 0.450541 -0.259595
353.000000 101.000000 -0.272706 -0.245681
654.000000 101.000000 0.013059 -0.238143
1211.000000 101.000000 0.604540 -0.273491
510.000000 102.000000 -0.120366 -0.238623
357.000000 103.000000 -0.268552 -0.243460
295.000000 104.000000 -0.332504 -0.246285
1176.000000 104.000000 0.557085 -0.265352
1232.000000 104.000000 0.633342 -0.273155
255.000000 105.000000 -0.375504 -0.248257
312.000000 106.000000 -0.314517 -0.243119
276.000000 107.000000 -0.352549 -0.244590
279.000000 107.000000 -0.349328 -0.244371
314.000000 107.000000 -0.312369 -0.241982
357.000000 107.000000 -0.268336 -0.239468
1028.000000 107.000000 0.379256 -0.246580
1215.000000 107.000000 0.609197 -0.267326
1007.000000 108.000000 0.356281 -0.243919
352.000000 110.000000 -0.273224 -0.236746
1099.000000 110.000000 0.460177 -0.249927
1173.000000 110.000000 0.552383 -0.258375
1178.000000 110.000000 0.558936 -0.259012
298.000000 111.000000 -0.328860 -0.238985
354.000000 111.000000 -0.271150 -0.235643
1176.000000 111.000000 0.556182 -0.257660
292.000000 112.000000 -0.335129 -0.238377
295.000000 112.000000 -0.331957 -0.238175
314.000000 112.000000 -0.312054 -0.236947
350.000000 112.000000 -0.275140 -0.234861
515.000000 112.000000 -0.115461 -0.228812
1248.000000 112.000000 0.654920 -0.266417
284.000000 113.000000 -0.343557 -0.237913
1088.000000 114.000000 0.446788 -0.244622
1276.000000 114.000000 0.695353 -0.268235
1029.000000 115.000000 0.379719 -0.238440
1085.000000 115.000000 0.443181 -0.243286
1250.000000 115.000000 0.657356 -0.263299
305.000000 116.000000 -0.321188 -0.233489
1276.000000 116.000000 0.695060 -0.265936
562.000000 117.000000 -0.071677 -0.223206
1178.000000 117.000000 0.558052 -0.251343
351.000000 118.000000 -0.273812 -0.228846
1020.000000 118.000000 0.369633 -0.234683
1101.000000 118.000000 0.461754 -0.241685
348.000000 119.000000 -0.276792 -0.228010
516.000000 119.000000 -0.114383 -0.222035
1138.000000 119.000000 0.506678 -0.244488
341.000000 120.000000 -0.283839 -0.227389
478.000000 120.000000 -0.150053 -0.221959
506.000000 120.000000 -0.123714 -0.221281
1022.000000 120.000000 0.371665 -0.232793
1140.000000 121.000000 0.508951 -0.242567
1238.000000 121.000000 0.639392 -0.254825
352.000000 122.000000 -0.272597 -0.224832
302.000000 123.000000 -0.323889 -0.226648
327.000000 123.000000 -0.297976 -0.225174
360.000000 123.000000 -0.264502 -0.223445
581.000000 123.000000 -0.054073 -0.217247
1108.000000 123.000000 0.469618 -0.237110
219.000000 125.000000 -0.413977 -0.230603
305.000000 128.000000 -0.320450 -0.221463
1047.000000 128.000000 0.398654 -0.226534
1217.000000 128.000000 0.609114 -0.244199
1100.000000 129.000000 0.459510 -0.230047
1233.000000 129.000000 0.631252 -0.245186
242.000000 130.000000 -0.387871 -0.223669
244.000000 130.000000 -0.385665 -0.223521
579.000000 130.000000 -0.055850 -0.210580
1056.000000 130.000000 0.408594 -0.225198
585.000000 131.000000 -0.050321 -0.209575
1030.000000 131.000000 0.379609 -0.222190
1044.000000 131.000000 0.395077 -0.223235
1110.000000 131.000000 0.471239 -0.228897
1234.000000 131.000000 0.632394 -0.243088
1259.000000 131.000000 0.668092 -0.246446
242.000000 132.000000 -0.387722 -0.221633
733.000000 133.000000 0.085654 -0.208112
1117.000000 133.000000 0.479471 -0.227470
1237.000000 133.000000 0.636358 -0.241252
1263.000000 133.000000 0.673624 -0.244730
304.000000 134.000000 -0.321139 -0.215538
1023.000000 134.000000 0.371744 -0.218650
1239.000000 134.000000 0.639054 -0.240399
1261.000000 134.000000 0.670584 -0.243330
211.000000 135.000000 -0.422242 -0.220969
949.000000 136.000000 0.293655 -0.212158
583.000000 137.000000 -0.052110 -0.203884
1061.000000 137.000000 0.413683 -0.218420
1167.000000 137.000000 0.541409 -0.228390
1232.000000 137.000000 0.628805 -0.236152
1256.000000 138.000000 0.662816 -0.238158
210.000000 139.000000 -0.423059 -0.216943
1254.000000 140.000000 0.659672 -0.235652
1189.000000 142.000000 0.569576 -0.225463
605.000000 143.000000 -0.031887 -0.198051
1191.000000 143.000000 0.572114 -0.224608
291.000000 144.000000 -0.334170 -0.206344
303.000000 144.000000 -0.321612 -0.205663
1063.000000 144.000000 0.415403 -0.211419
583.000000 145.000000 -0.052045 -0.196299
1247.000000 145.000000 0.649001 -0.229166
1168.000000 146.000000 0.541726 -0.218859
602.000000 147.000000 -0.034614 -0.194283
298.000000 148.000000 -0.326606 -0.201978
1073.000000 148.000000 0.426470 -0.208102
1204.000000 148.000000 0.588943 -0.220669
1267.000000 148.000000 0.677472 -0.228354
287.000000 149.000000 -0.338093 -0.201607
1166.000000 149.000000 0.538844 -0.215449
1073.000000 150.000000 0.426315 -0.206058
280.000000 151.000000 -0.345378 -0.200025
1043.000000 151.000000 0.392515 -0.202862
603.000000 152.000000 -0.033674 -0.189560
336.000000 154.000000 -0.287217 -0.194153
1273.000000 154.000000 0.685491 -0.222372
700.000000 155.000000 0.055022 -0.186893
1211.000000 155.000000 0.597631 -0.213856
292.000000 156.000000 -0.332446 -0.194395
1166.000000 156.000000 0.538133 -0.208004
1208.000000 157.000000 0.593336 -0.211351
1239.000000 157.000000 0.636188 -0.214896
1267.000000 157.000000 0.676346 -0.218267
1215.000000 159.000000 0.602637 -0.209957
166.000000 160.000000 -0.472634 -0.198913
700.000000 160.000000 0.054982 -0.182187
1213.000000 161.000000 0.599687 -0.207565
1209.000000 162.000000 0.594144 -0.206047
1246.000000 162.000000 0.645513 -0.210204
160.000000 163.000000 -0.479569 -0.196309
1156.000000 163.000000 0.524751 -0.199642
1271.000000 163.000000 0.681460 -0.212046
1197.000000 164.000000 0.577808 -0.202621
172.000000 165.000000 -0.465102 -0.193278
329.000000 166.000000 -0.293777 -0.182770
607.000000 167.000000 -0.029951 -0.175450
609.000000 167.000000 -0.028126 -0.175442
1197.000000 167.000000 0.577499 -0.199402
1246.000000 167.000000 0.644939 -0.204697
705.000000 168.000000 0.059497 -0.174718
1139.000000 168.000000 0.503108 -0.192885
1145.000000 168.000000 0.510531 -0.193406
1215.000000 168.000000 0.601659 -0.200200
1244.000000 168.000000 0.641988 -0.203372
608.000000 169.000000 -0.029031 -0.173574
1250.000000 169.000000 0.650408 -0.202948
1107.000000 170.000000 0.464306 -0.188210
12.000000 171.000000 -0.674657 -0.202517
227.000000 172.000000 -0.401588 -0.182293
936.000000 172.000000 0.278816 -0.176381
1078.000000 174.000000 0.430290 -0.182033
608.000000 175.000000 -0.029008 -0.167967
715.000000 176.000000 0.068589 -0.167317
1197.000000 176.000000 0.576602 -0.189777
713.000000 177.000000 0.066748 -0.166365
1081.000000 177.000000 0.433520 -0.179205
1091.000000 177.000000 0.445049 -0.179894
879.000000 180.000000 0.222297 -0.166704
1260.000000 180.000000 0.663541 -0.191939
719.000000 182.000000 0.072199 -0.161751
1078.000000 182.000000 0.429756 -0.173960
1179.000000 182.000000 0.552416 -0.181736
1019.000000 183.000000 0.364426 -0.169503
1183.000000 183.000000 0.557523 -0.181039
1276.000000 183.000000 0.686511 -0.190355
242.000000 184.000000 -0.384361 -0.169450
1067.000000 184.000000 0.417153 -0.171252
1138.000000 184.000000 0.500563 -0.176214
1274.000000 184.000000 0.683469 -0.189030
1219.000000 185.000000 0.605394 -0.182280
244.000000 186.000000 -0.382071 -0.167359
1156.000000 186.000000 0.522740 -0.175581
657.000000 189.000000 0.015604 -0.154899
1222.000000 191.000000 0.608928 -0.176123
1073.000000 192.000000 0.423444 -0.163606
1081.000000 192.000000 0.432548 -0.164093
1189.000000 192.000000 0.564571 -0.172072
1194.000000 192.000000 0.571149 -0.172507
649.000000 193.000000 0.008325 -0.151177
731.000000 193.000000 0.083092 -0.151623
1236.000000 193.000000 0.628123 -0.175304
1273.000000 193.000000 0.681061 -0.178980
1270.000000 194.000000 0.676579 -0.177574
1107.000000 196.000000 0.462452 -0.161716
1243.000000 196.000000 0.637660 -0.172730
1165.000000 197.000000 0.533214 -0.164860
1234.000000 197.000000 0.624953 -0.170798
641.000000 198.000000 0.001054 -0.146542
1038.000000 199.000000 0.384160 -0.154717
1157.000000 199.000000 0.522973 -0.162171
1165.000000 200.000000 0.532982 -0.161743
1234.000000 201.000000 0.624584 -0.166492
648.000000 202.000000 0.007408 -0.142848
1091.000000 202.000000 0.443425 -0.154662
1237.000000 203.000000 0.628587 -0.164612
1087.000000 204.000000 0.438702 -0.152420
1102.000000 204.000000 0.456079 -0.153316
1137.000000 204.000000 0.497872 -0.155587
667.000000 206.000000 0.024653 -0.139188
1196.000000 208.000000 0.572453 -0.155808
660.000000 209.000000 0.018290 -0.136404
759.000000 209.000000 0.108646 -0.137077
1208.000000 209.000000 0.588347 -0.155719
1088.000000 210.000000 0.439507 -0.146474
1123.000000 210.000000 0.480550 -0.148555
1202.000000 210.000000 0.580248 -0.154181
1016.000000 211.000000 0.359878 -0.141929
1018.000000 211.000000 0.362012 -0.142016
1069.000000 211.000000 0.417864 -0.144451
653.000000 212.000000 0.011935 -0.133629
1136.000000 212.000000 0.496120 -0.147352
1198.000000 212.000000 0.574783 -0.151762
1173.000000 214.000000 0.542125 -0.147813
1112.000000 215.000000 0.467166 -0.142833
1151.000000 217.000000 0.514224 -0.143218
1196.000000 217.000000 0.571761 -0.146366
1250.000000 217.000000 0.645668 -0.150669
1194.000000 218.000000 0.569054 -0.145171
977.000000 220.000000 0.318687 -0.131711
1035.000000 220.000000 0.379911 -0.133973
1181.000000 220.000000 0.551976 -0.142155
1130.000000 221.000000 0.488291 -0.137834
1191.000000 221.000000 0.564902 -0.141821
1251.000000 222.000000 0.646672 -0.145366
1043.000000 223.000000 0.388485 -0.131388
686.000000 225.000000 0.041838 -0.121764
1184.000000 226.000000 0.555443 -0.136134
686.000000 227.000000 0.041830 -0.119928
799.000000 227.000000 0.145431 -0.120923
1187.000000 227.000000 0.559268 -0.135298
1190.000000 227.000000 0.563176 -0.135502
1227.000000 229.000000 0.612596 -0.136025
1101.000000 230.000000 0.453463 -0.127197
1224.000000 232.000000 0.608266 -0.132632
1252.000000 232.000000 0.647305 -0.134695
1121.000000 234.000000 0.476782 -0.124217
1172.000000 234.000000 0.539525 -0.127101
1253.000000 234.000000 0.648576 -0.132624
764.000000 235.000000 0.112966 -0.113126
1153.000000 235.000000 0.515601 -0.124954
764.000000 239.000000 0.112926 -0.109448
1147.000000 239.000000 0.507969 -0.120553
1205.000000 240.000000 0.582090 -0.122947
46.000000 242.000000 -0.620097 -0.122605
1180.000000 242.000000 0.549276 -0.119347
1236.000000 242.000000 0.624111 -0.122880
701.000000 243.000000 0.055378 -0.105338
1179.000000 244.000000 0.547877 -0.117230
1222.000000 244.000000 0.604722 -0.119845
1172.000000 245.000000 0.538884 -0.115809
51.000000 246.000000 -0.612961 -0.118056
1184.000000 249.000000 0.554029 -0.112367
41.000000 250.000000 -0.626498 -0.114465
699.000000 250.000000 0.053532 -0.098935
1146.000000 254.000000 0.505980 -0.105321
1235.000000 254.000000 0.621955 -0.110119
1272.000000 254.000000 0.674507 -0.112443
1275.000000 255.000000 0.678814 -0.111559
793.000000 256.000000 0.139513 -0.094124
1232.000000 257.000000 0.617630 -0.106777
1115.000000 259.000000 0.468521 -0.098951
1152.000000 259.000000 0.513128 -0.100548
1257.000000 259.000000 0.652584 -0.106141
767.000000 261.000000 0.115489 -0.089305
1121.000000 261.000000 0.475531 -0.097203
1160.000000 262.000000 0.522919 -0.097876
125.000000 263.000000 -0.515774 -0.096557
770.000000 264.000000 0.118221 -0.086586
1131.000000 264.000000 0.487344 -0.094613
1132.000000 267.000000 0.488425 -0.091653
1155.000000 268.000000 0.516442 -0.091585
775.000000 269.000000 0.122780 -0.082055
779.000000 269.000000 0.126463 -0.082087
122.000000 270.000000 -0.519188 -0.089612
1177.000000 270.000000 0.544004 -0.090499
1206.000000 270.000000 0.581749 -0.091827
126.000000 271.000000 -0.514203 -0.088441
670.000000 271.000000 0.027225 -0.079738
1060.000000 271.000000 0.405395 -0.085239
1153.000000 272.000000 0.513806 -0.087466
1172.000000 272.000000 0.537563 -0.088247
1241.000000 272.000000 0.629292 -0.091463
666.000000 273.000000 0.023609 -0.077917
738.000000 273.000000 0.088875 -0.078162
794.000000 273.000000 0.140278 -0.078554
1175.000000 274.000000 0.541286 -0.086337
1212.000000 274.000000 0.589562 -0.087964
1271.000000 274.000000 0.671879 -0.090890
789.000000 275.000000 0.135639 -0.076683
794.000000 275.000000 0.140261 -0.076724
1171.000000 276.000000 0.536132 -0.084139
1225.000000 276.000000 0.607033 -0.086486
789.000000 277.000000 0.135623 -0.074855
1237.000000 280.000000 0.623345 -0.082852
15.000000 281.000000 -0.661464 -0.083001
1112.000000 281.000000 0.464207 -0.077029
12.000000 282.000000 -0.665725 -0.082077
931.000000 282.000000 0.270767 -0.071914
1131.000000 283.000000 0.486650 -0.075650
1100.000000 284.000000 0.450168 -0.073710
985.000000 285.000000 0.325172 -0.070029
826.000000 286.000000 0.169930 -0.066932
746.000000 287.000000 0.096099 -0.065469
737.000000 290.000000 0.087882 -0.062703
1135.000000 293.000000 0.491149 -0.065813
1260.000000 293.000000 0.655158 -0.070122
1253.000000 294.000000 0.645163 -0.068786
753.000000 296.000000 0.102447 -0.057326
1176.000000 297.000000 0.541727 -0.063004
1221.000000 297.000000 0.600747 -0.064468
733.000000 298.000000 0.084210 -0.055430
736.000000 299.000000 0.086936 -0.054534
743.000000 300.000000 0.093306 -0.053654
1186.000000 300.000000 0.554431 -0.060257
1059.000000 301.000000 0.403558 -0.056166
7.000000 303.000000 -0.672080 -0.059895
1182.000000 304.000000 0.549178 -0.056073
733.000000 305.000000 0.084187 -0.049087
1152.000000 305.000000 0.511509 -0.054282
1154.000000 307.000000 0.513923 -0.052327
1071.000000 309.000000 0.416707 -0.048651
1157.000000 309.000000 0.517581 -0.050392
6.000000 311.000000 -0.673270 -0.051405
1175.000000 311.000000 0.540080 -0.048799
1243.000000 312.000000 0.630511 -0.049518
1020.000000 313.000000 0.361252 -0.044027
192.000000 314.000000 -0.435076 -0.044055
1229.000000 314.000000 0.611119 -0.047057
1175.000000 315.000000 0.539989 -0.044754
1243.000000 315.000000 0.630430 -0.046375
1274.000000 316.000000 0.674564 -0.046141
1214.000000 317.000000 0.590748 -0.043586
21.000000 319.000000 -0.651544 -0.042520
860.000000 319.000000 0.201693 -0.036936
1273.000000 319.000000 0.673033 -0.042920
1168.000000 321.000000 0.531040 -0.038561
1213.000000 321.000000 0.589322 -0.039443
1220.000000 321.000000 0.598725 -0.039590
1079.000000 322.000000 0.425462 -0.036172
1275.000000 323.000000 0.675845 -0.038707
203.000000 325.000000 -0.422531 -0.033217
1073.000000 327.000000 0.418679 -0.031254
1236.000000 328.000000 0.620430 -0.032643
1233.000000 329.000000 0.616280 -0.031549
1241.000000 329.000000 0.627339 -0.031689
1267.000000 329.000000 0.664137 -0.032165
780.000000 330.000000 0.127055 -0.026572
836.000000 330.000000 0.179012 -0.026752
1139.000000 331.000000 0.495192 -0.028119
1254.000000 332.000000 0.645523 -0.028768
1265.000000 332.000000 0.661207 -0.028952
1273.000000 333.000000 0.672742 -0.028024
1258.000000 334.000000 0.651167 -0.026726
1260.000000 334.000000 0.654017 -0.026757
1276.000000 334.000000 0.677088 -0.027009
1183.000000 336.000000 0.549830 -0.023639
1160.000000 337.000000 0.520826 -0.022376
1153.000000 339.000000 0.512160 -0.020306
1149.000000 340.000000 0.507247 -0.019272
1252.000000 340.000000 0.642584 -0.020331
1203.000000 342.000000 0.575739 -0.017744
1011.000000 343.000000 0.351493 -0.015459
1146.000000 344.000000 0.503554 -0.015265
1248.000000 344.000000 0.636913 -0.016094
1251.000000 344.000000 0.641131 -0.016122
1260.000000 344.000000 0.653892 -0.016207
1166.000000 346.000000 0.528225 -0.013400
789.000000 347.000000 0.135304 -0.011165
1142.000000 347.000000 0.498676 -0.012257
1270.000000 347.000000 0.668226 -0.013121
791.000000 348.000000 0.137146 -0.010259
1241.000000 349.000000 0.627098 -0.010812
1271.000000 349.000000 0.669658 -0.011006
854.000000 352.000000 0.195899 -0.006686
1254.000000 353.000000 0.645307 -0.006691
812.000000 354.000000 0.156569 -0.004826
1242.000000 354.000000 0.628465 -0.005599
1271.000000 354.000000 0.669632 -0.005700
857.000000 355.000000 0.198733 -0.003943
1232.000000 355.000000 0.614644 -0.004527
263.000000 357.000000 -0.357242 -0.002202
878.000000 359.000000 0.218705 -0.000284
1250.000000 359.000000 0.639649 -0.000384
180.000000 361.000000 -0.448376 0.001626
1139.000000 361.000000 0.495014 0.001646
794.000000 362.000000 0.139906 0.002446
1224.000000 362.000000 0.603724 0.002730
879.000000 363.000000 0.219663 0.003390
1173.000000 363.000000 0.536979 0.003679
1219.000000 365.000000 0.596972 0.005816
1222.000000 365.000000 0.601021 0.005825
1229.000000 365.000000 0.610537 0.005845
1234.000000 365.000000 0.617393 0.005859
1244.000000 365.000000 0.631249 0.005889
246.000000 366.000000 -0.375299 0.006364
880.000000 366.000000 0.220622 0.006148
1234.000000 367.000000 0.617400 0.007938
1246.000000 367.000000 0.634051 0.007987
1252.000000 367.000000 0.642482 0.008012
1038.000000 368.000000 0.380159 0.008285
1248.000000 368.000000 0.636858 0.009043
1213.000000 369.000000 0.588940 0.009910
1232.000000 369.000000 0.614661 0.010006
180.000000 371.000000 -0.448399 0.011380
843.000000 371.000000 0.185536 0.010681
867.000000 371.000000 0.208227 0.010719
1197.000000 372.000000 0.567828 0.012891
255.000000 373.000000 -0.365726 0.013002
1213.000000 373.000000 0.588964 0.014021
1234.000000 373.000000 0.617434 0.014174
843.000000 374.000000 0.185541 0.013422
1205.000000 374.000000 0.578346 0.014989
1222.000000 374.000000 0.601069 0.015119
1097.000000 375.000000 0.445676 0.015276
1120.000000 376.000000 0.472412 0.016397
1215.000000 376.000000 0.591662 0.017122
183.000000 377.000000 -0.444994 0.017215
186.000000 377.000000 -0.441568 0.017196
251.000000 377.000000 -0.369998 0.016826
1202.000000 377.000000 0.574418 0.018033
1206.000000 377.000000 0.579693 0.018069
1225.000000 377.000000 0.605162 0.018245
1236.000000 377.000000 0.620225 0.018351
1208.000000 378.000000 0.582351 0.019113
194.000000 379.000000 -0.432503 0.019087
1211.000000 379.000000 0.586348 0.020169
1236.000000 379.000000 0.620245 0.020433
90.000000 380.000000 -0.557796 0.020956
250.000000 380.000000 -0.371080 0.019688
794.000000 380.000000 0.139927 0.018789
1020.000000 380.000000 0.360998 0.019639
1218.000000 380.000000 0.595729 0.021272
254.000000 381.000000 -0.366828 0.020616
837.000000 381.000000 0.179922 0.019801
1198.000000 381.000000 0.569212 0.022078
1235.000000 381.000000 0.618889 0.022503
189.000000 382.000000 -0.438190 0.022040
1229.000000 382.000000 0.610667 0.023468
194.000000 383.000000 -0.432533 0.022970
253.000000 383.000000 -0.367904 0.022525
1032.000000 383.000000 0.373790 0.022571
1198.000000 383.000000 0.569235 0.024119
814.000000 384.000000 0.158458 0.022473
882.000000 384.000000 0.222582 0.022699
1179.000000 385.000000 0.544738 0.025920
1198.000000 385.000000 0.569260 0.026160
883.000000 386.000000 0.223549 0.024543
230.000000 387.000000 -0.392670 0.026523
873.000000 387.000000 0.213989 0.025420
1189.000000 387.000000 0.557589 0.028077
1214.000000 388.000000 0.590467 0.029460
850.000000 391.000000 0.192187 0.028989
1095.000000 391.000000 0.443525 0.030862
1193.000000 391.000000 0.562829 0.032205
1206.000000 391.000000 0.579871 0.032415
844.000000 392.000000 0.186537 0.029878
1215.000000 392.000000 0.591871 0.033595
953.000000 394.000000 0.292155 0.032365
1204.000000 394.000000 0.577280 0.035455
98.000000 395.000000 -0.547745 0.036053
187.000000 395.000000 -0.440602 0.034716
835.000000 395.000000 0.178098 0.032580
1168.000000 397.000000 0.531011 0.037862
1170.000000 397.000000 0.533525 0.037897
1204.000000 397.000000 0.577336 0.038529
1215.000000 397.000000 0.591965 0.038747
1160.000000 398.000000 0.521043 0.038726
1274.000000 400.000000 0.674466 0.043212
183.000000 401.000000 -0.445255 0.040624
1170.000000 401.000000 0.533599 0.041929
1267.000000 401.000000 0.664361 0.044102
1122.000000 402.000000 0.475082 0.042042
1257.000000 402.000000 0.650075 0.044909
162.000000 403.000000 -0.469628 0.042928
1172.000000 403.000000 0.536161 0.043987
1179.000000 403.000000 0.545039 0.044133
1193.000000 403.000000 0.563056 0.044434
1059.000000 404.000000 0.403312 0.042991
1169.000000 404.000000 0.532402 0.044933
1189.000000 404.000000 0.557895 0.045365
895.000000 405.000000 0.235212 0.042127
91.000000 406.000000 -0.556939 0.047356
865.000000 407.000000 0.206483 0.043745
896.000000 407.000000 0.236194 0.043982
1161.000000 407.000000 0.522463 0.047780
1169.000000 407.000000 0.532467 0.047957
1182.000000 407.000000 0.548960 0.048254
1188.000000 407.000000 0.556672 0.048395
898.000000 408.000000 0.238137 0.044922
1152.000000 408.000000 0.511357 0.048587
827.000000 409.000000 0.170683 0.045329
864.000000 409.000000 0.205547 0.045576
1190.000000 409.000000 0.559306 0.050480
1149.000000 410.000000 0.507721 0.050521
1158.000000 410.000000 0.518806 0.050725
1163.000000 410.000000 0.525022 0.050841
160.000000 411.000000 -0.472131 0.050851
849.000000 411.000000 0.191357 0.047303
863.000000 411.000000 0.204612 0.047406
866.000000 411.000000 0.207464 0.047429
1154.000000 411.000000 0.513886 0.051636
1163.000000 412.000000 0.525070 0.052854
1170.000000 412.000000 0.533844 0.053026
956.000000 413.000000 0.295352 0.050161
1152.000000 413.000000 0.511471 0.053592
819.000000 414.000000 0.163246 0.049848
949.000000 414.000000 0.288345 0.051013
1191.000000 414.000000 0.560732 0.055604
868.000000 415.000000 0.209400 0.051123
1149.000000 415.000000 0.507839 0.055520
1164.000000 415.000000 0.526393 0.055899
1215.000000 415.000000 0.592415 0.057318
179.000000 416.000000 -0.450122 0.055368
832.000000 416.000000 0.175408 0.051763
1119.000000 416.000000 0.471821 0.055803
1169.000000 416.000000 0.532688 0.057038
1173.000000 416.000000 0.537734 0.057146
879.000000 418.000000 0.219934 0.053984
1146.000000 418.000000 0.504247 0.058444
976.000000 419.000000 0.315690 0.056059
1080.000000 419.000000 0.426957 0.057889
1204.000000 419.000000 0.577893 0.061104
167.000000 420.000000 -0.464124 0.059567
1271.000000 420.000000 0.670726 0.064433
1162.000000 421.000000 0.524060 0.061887
1184.000000 421.000000 0.551900 0.062534
41.000000 422.000000 -0.624155 0.065311
1144.000000 422.000000 0.501916 0.062388
1149.000000 422.000000 0.508022 0.062526
1166.000000 422.000000 0.529089 0.063011
192.000000 423.000000 -0.435422 0.061924
1184.000000 423.000000 0.551962 0.064570
1132.000000 424.000000 0.487474 0.064054
1141.000000 424.000000 0.498326 0.064302
1152.000000 424.000000 0.511762 0.064615
1172.000000 424.000000 0.536701 0.065212
1178.000000 424.000000 0.544316 0.065399
1227.000000 424.000000 0.608949 0.067045
996.000000 425.000000 0.336372 0.062042
1001.000000 425.000000 0.341574 0.062129
39.000000 426.000000 -0.627072 0.069573
934.000000 426.000000 0.273569 0.062031
876.000000 427.000000 0.217151 0.062256
878.000000 427.000000 0.219066 0.062277
976.000000 428.000000 0.315829 0.064541
1130.000000 428.000000 0.485191 0.067974
1171.000000 428.000000 0.535565 0.069231
1275.000000 428.000000 0.676853 0.073136
42.000000 429.000000 -0.623035 0.072601
938.000000 429.000000 0.277578 0.064888
1153.000000 429.000000 0.513145 0.069663
1259.000000 429.000000 0.653821 0.073535
814.000000 430.000000 0.158703 0.064435
900.000000 430.000000 0.240304 0.065308
1052.000000 430.000000 0.396116 0.067933
1237.000000 430.000000 0.622928 0.073692
1263.000000 430.000000 0.659587 0.074764
1129.000000 431.000000 0.484084 0.070927
1126.000000 432.000000 0.480535 0.071831
1160.000000 432.000000 0.521910 0.072909
1122.000000 433.000000 0.475815 0.072703
1163.000000 433.000000 0.525684 0.074019
965.000000 435.000000 0.304759 0.070948
1143.000000 436.000000 0.501125 0.076358
951.000000 437.000000 0.290680 0.072586
1136.000000 437.000000 0.492677 0.077125
1155.000000 437.000000 0.515880 0.077774
689.000000 438.000000 0.044374 0.071059
963.000000 438.000000 0.302787 0.073737
211.000000 439.000000 -0.414479 0.077029
1155.000000 439.000000 0.515951 0.079788
911.000000 440.000000 0.251148 0.074748
1113.000000 440.000000 0.465425 0.079356
1135.000000 440.000000 0.491572 0.080086
1260.000000 440.000000 0.655742 0.085263
1275.000000 440.000000 0.677400 0.085994
901.000000 441.000000 0.241423 0.075531
1002.000000 441.000000 0.342933 0.077357
1131.000000 441.000000 0.486799 0.080946
1262.000000 441.000000 0.658654 0.086424
817.000000 442.000000 0.161603 0.075450
904.000000 443.000000 0.244369 0.077434
971.000000 443.000000 0.311004 0.078604
968.000000 444.000000 0.307972 0.079488
996.000000 444.000000 0.336747 0.080079
1118.000000 444.000000 0.471439 0.083484
1112.000000 445.000000 0.464418 0.084271
1125.000000 445.000000 0.479770 0.084721
1129.000000 445.000000 0.484544 0.084864
1190.000000 445.000000 0.560530 0.087272
685.000000 446.000000 0.040777 0.078308
886.000000 446.000000 0.226989 0.079955
929.000000 446.000000 0.268932 0.080638
1260.000000 446.000000 0.656041 0.091649
840.000000 447.000000 0.183209 0.080284
976.000000 447.000000 0.316190 0.082488
1115.000000 447.000000 0.468008 0.086356
1262.000000 447.000000 0.658958 0.092820
1200.000000 448.000000 0.573737 0.090804
883.000000 449.000000 0.224145 0.082694
1110.000000 449.000000 0.462216 0.088162
1190.000000 449.000000 0.560707 0.091377
889.000000 450.000000 0.229941 0.083712
1098.000000 450.000000 0.448319 0.088732
1271.000000 450.000000 0.672104 0.096513
1127.000000 451.000000 0.482375 0.090773
1132.000000 451.000000 0.488365 0.090965
1187.000000 451.000000 0.556910 0.093292
1221.000000 451.000000 0.601948 0.094928
1056.000000 452.000000 0.401089 0.089331
935.000000 453.000000 0.275005 0.087306
880.000000 454.000000 0.221336 0.087287
1092.000000 455.000000 0.441600 0.093446
1100.000000 455.000000 0.450805 0.093734
1214.000000 455.000000 0.592701 0.098741
1003.000000 456.000000 0.344339 0.091685
1085.000000 456.000000 0.433649 0.094182
1087.000000 456.000000 0.435924 0.094253
1090.000000 456.000000 0.439347 0.094359
1102.000000 456.000000 0.453157 0.094796
1110.000000 456.000000 0.462473 0.095097
1216.000000 456.000000 0.595444 0.099886
1117.000000 457.000000 0.470737 0.096361
1214.000000 457.000000 0.592805 0.100823
1221.000000 457.000000 0.602260 0.101195
1110.000000 458.000000 0.462550 0.097081
1264.000000 458.000000 0.662446 0.104686
1114.000000 459.000000 0.467282 0.098231
1151.000000 459.000000 0.511823 0.099798
1078.000000 460.000000 0.425865 0.097859
1007.000000 461.000000 0.348671 0.096575
1110.000000 461.000000 0.462668 0.100058
229.000000 462.000000 -0.395312 0.098825
1080.000000 462.000000 0.428197 0.099893
1203.000000 462.000000 0.578397 0.105433
1255.000000 462.000000 0.649809 0.108420
1260.000000 463.000000 0.657007 0.109795
866.000000 465.000000 0.208103 0.097273
924.000000 465.000000 0.264358 0.098341
1076.000000 465.000000 0.423794 0.102689
1086.000000 465.000000 0.435118 0.103068
1120.000000 465.000000 0.474616 0.104456
238.000000 466.000000 -0.385638 0.102407
1081.000000 466.000000 0.429478 0.103859
1097.000000 466.000000 0.447764 0.104489
1118.000000 466.000000 0.472291 0.105367
891.000000 467.000000 0.232160 0.099563
1086.000000 467.000000 0.435196 0.105037
1105.000000 467.000000 0.457077 0.105808
1151.000000 467.000000 0.512197 0.107888
1070.000000 468.000000 0.417170 0.105404
1076.000000 468.000000 0.423907 0.105632
1118.000000 468.000000 0.472378 0.107363
1142.000000 468.000000 0.501205 0.108465
927.000000 469.000000 0.267408 0.102162
999.000000 469.000000 0.340517 0.104004
1101.000000 469.000000 0.452513 0.107624
1111.000000 469.000000 0.464175 0.108053
924.000000 470.000000 0.264466 0.103035
975.000000 470.000000 0.315723 0.104282
987.000000 470.000000 0.328073 0.104614
1108.000000 470.000000 0.460705 0.108917
1114.000000 470.000000 0.467746 0.109181
1076.000000 471.000000 0.424024 0.108578
1111.000000 471.000000 0.464263 0.110044
1101.000000 472.000000 0.452642 0.110600
1210.000000 472.000000 0.588288 0.116236
1089.000000 473.000000 0.438864 0.111078
1108.000000 473.000000 0.460838 0.111902
205.000000 474.000000 -0.422359 0.111416
984.000000 474.000000 0.325089 0.108345
1085.000000 475.000000 0.434383 0.112884
1088.000000 475.000000 0.437805 0.113011
1092.000000 475.000000 0.442387 0.113183
1090.000000 476.000000 0.440137 0.114085
1099.000000 476.000000 0.450500 0.114481
892.000000 478.000000 0.233342 0.109853
988.000000 478.000000 0.329344 0.112286
1133.000000 478.000000 0.490778 0.118101
966.000000 479.000000 0.306782 0.112592
1093.000000 479.000000 0.443712 0.117188
146.000000 480.000000 -0.491266 0.120074
985.000000 480.000000 0.326301 0.114107
148.000000 481.000000 -0.488909 0.120979
945.000000 481.000000 0.285623 0.113915
1125.000000 481.000000 0.481320 0.120714
1253.000000 481.000000 0.648225 0.128596
989.000000 484.000000 0.330569 0.118062
14.000000 485.000000 -0.665733 0.133691
287.000000 485.000000 -0.334255 0.119098
1153.000000 485.000000 0.515624 0.126274
1142.000000 486.000000 0.502137 0.126667
1248.000000 486.000000 0.641505 0.133586
64.000000 488.000000 -0.596251 0.133254
56.000000 491.000000 -0.607307 0.136985
63.000000 491.000000 -0.597811 0.136481
1025.000000 491.000000 0.368781 0.126096
1138.000000 492.000000 0.497599 0.132525
64.000000 493.000000 -0.596606 0.138515
1046.000000 493.000000 0.391615 0.128906
1076.000000 493.000000 0.424981 0.130261
979.000000 494.000000 0.320560 0.127317
1003.000000 494.000000 0.345537 0.128164
63.000000 495.000000 -0.598101 0.140696
1039.000000 495.000000 0.384062 0.130562
1139.000000 495.000000 0.498994 0.135629
1016.000000 496.000000 0.359363 0.130595
1022.000000 496.000000 0.365766 0.130834
274.000000 497.000000 -0.348280 0.131112
962.000000 497.000000 0.303257 0.129627
991.000000 497.000000 0.333093 0.130618
895.000000 498.000000 0.236703 0.128681
1029.000000 499.000000 0.373406 0.134042
1064.000000 499.000000 0.411787 0.135616
1002.000000 500.000000 0.344712 0.133923
1014.000000 500.000000 0.357396 0.134396
1084.000000 500.000000 0.434415 0.137600
968.000000 501.000000 0.309508 0.133652
979.000000 501.000000 0.320803 0.134035
1011.000000 501.000000 0.354252 0.135245
25.000000 502.000000 -0.651347 0.151162
28.000000 502.000000 -0.647089 0.150910
1026.000000 502.000000 0.370305 0.136839
1084.000000 502.000000 0.434519 0.139590
1086.000000 502.000000 0.436806 0.139695
1018.000000 503.000000 0.361779 0.137474
1020.000000 503.000000 0.363915 0.137558
1024.000000 503.000000 0.368199 0.137728
1028.000000 503.000000 0.372500 0.137900
1040.000000 503.000000 0.385502 0.138432
967.000000 504.000000 0.308589 0.136493
1079.000000 504.000000 0.428929 0.141318
964.000000 505.000000 0.305561 0.137348
1076.000000 505.000000 0.425579 0.142155
959.000000 506.000000 0.300506 0.138134
1065.000000 506.000000 0.413249 0.142582
1214.000000 506.000000 0.596052 0.152245
1016.000000 507.000000 0.359815 0.141282
1071.000000 507.000000 0.420037 0.143880
955.000000 508.000000 0.296516 0.139912
933.000000 509.000000 0.274432 0.140148
1012.000000 509.000000 0.355645 0.143058
954.000000 510.000000 0.295572 0.141792
1025.000000 510.000000 0.369581 0.144603
898.000000 511.000000 0.239962 0.141022
902.000000 511.000000 0.243871 0.141132
1001.000000 511.000000 0.344101 0.144537
1021.000000 511.000000 0.365333 0.145400
1029.000000 511.000000 0.373936 0.145764
1027.000000 512.000000 0.371825 0.146650
1202.000000 512.000000 0.580434 0.157620
1265.000000 513.000000 0.668071 0.164181
988.000000 514.000000 0.330621 0.146911
969.000000 515.000000 0.311035 0.147134
997.000000 515.000000 0.340066 0.148252
1264.000000 515.000000 0.666810 0.166271
951.000000 516.000000 0.292745 0.147436
1004.000000 517.000000 0.347519 0.150496
1235.000000 517.000000 0.625817 0.165767
1143.000000 518.000000 0.505393 0.159379
995.000000 519.000000 0.338139 0.152051
1020.000000 519.000000 0.364629 0.153176
1005.000000 520.000000 0.348709 0.153463
1051.000000 520.000000 0.398408 0.155711
929.000000 521.000000 0.270832 0.151464
945.000000 521.000000 0.286865 0.152017
1016.000000 521.000000 0.360443 0.154945
1024.000000 521.000000 0.369020 0.155327
1045.000000 521.000000 0.391849 0.156384
1007.000000 522.000000 0.350916 0.155504
1261.000000 522.000000 0.663149 0.173631
1014.000000 523.000000 0.358403 0.156808
1028.000000 523.000000 0.373431 0.157488
1046.000000 524.000000 0.393107 0.159403
1059.000000 524.000000 0.407506 0.160115
1061.000000 524.000000 0.409739 0.160227
1074.000000 524.000000 0.424369 0.160976
967.000000 525.000000 0.309374 0.156701
993.000000 525.000000 0.336306 0.157797
1030.000000 525.000000 0.375695 0.159556
1063.000000 525.000000 0.412033 0.161336
1264.000000 525.000000 0.667778 0.177210
964.000000 526.000000 0.306342 0.157546
969.000000 526.000000 0.311466 0.157748
1032.000000 526.000000 0.377915 0.160644
1003.000000 527.000000 0.346915 0.160202
1046.000000 527.000000 0.393269 0.162374
1077.000000 527.000000 0.427955 0.164159
934.000000 528.000000 0.276068 0.158337
1048.000000 529.000000 0.395584 0.164467
1070.000000 529.000000 0.420141 0.165739
1135.000000 529.000000 0.496391 0.170098
1203.000000 529.000000 0.583223 0.175701
944.000000 530.000000 0.286188 0.160626
958.000000 530.000000 0.300377 0.161170
1025.000000 530.000000 0.370547 0.164224
942.000000 531.000000 0.284210 0.161513
971.000000 531.000000 0.313730 0.162672
1031.000000 531.000000 0.377091 0.165524
1034.000000 531.000000 0.380352 0.165684
1037.000000 531.000000 0.383622 0.165845
1040.000000 531.000000 0.386901 0.166009
1047.000000 531.000000 0.394592 0.166397
1084.000000 531.000000 0.436203 0.168613
994.000000 532.000000 0.337673 0.164666
1043.000000 532.000000 0.390246 0.167165
1069.000000 532.000000 0.419193 0.168681
1076.000000 532.000000 0.427125 0.169113
941.000000 533.000000 0.283279 0.163400
943.000000 533.000000 0.285294 0.163476
1020.000000 533.000000 0.365320 0.166921
1047.000000 533.000000 0.394705 0.168383
1058.000000 533.000000 0.406908 0.169021
1026.000000 534.000000 0.371836 0.168220
1005.000000 535.000000 0.349416 0.168128
1071.000000 535.000000 0.421639 0.171812
962.000000 536.000000 0.304707 0.167137
986.000000 536.000000 0.329490 0.168198
1063.000000 536.000000 0.412684 0.172319
1203.000000 536.000000 0.583869 0.183153
1028.000000 537.000000 0.374161 0.171291
946.000000 538.000000 0.288518 0.168415
1074.000000 539.000000 0.425297 0.176023
945.000000 540.000000 0.287588 0.170307
981.000000 540.000000 0.324471 0.171868
1032.000000 540.000000 0.378669 0.174483
1080.000000 540.000000 0.432205 0.177424
1243.000000 540.000000 0.639289 0.191463
1034.000000 541.000000 0.380904 0.175589
1215.000000 541.000000 0.600554 0.189673
973.000000 542.000000 0.316276 0.173450
1067.000000 542.000000 0.417563 0.178588
1070.000000 542.000000 0.420954 0.178782
993.000000 543.000000 0.337151 0.175379
1008.000000 543.000000 0.353010 0.176144
1036.000000 543.000000 0.383203 0.177691
1048.000000 543.000000 0.396397 0.178403
1149.000000 543.000000 0.514765 0.185695
1241.000000 543.000000 0.636785 0.194526
939.000000 544.000000 0.281696 0.173932
943.000000 544.000000 0.285730 0.174094
1010.000000 544.000000 0.355193 0.177236
1052.000000 544.000000 0.400893 0.179647
1067.000000 544.000000 0.417692 0.180599
1258.000000 544.000000 0.661112 0.197466
975.000000 545.000000 0.318482 0.176469
994.000000 545.000000 0.338302 0.177391
1062.000000 545.000000 0.412127 0.181281
809.000000 546.000000 0.155714 0.171886
1081.000000 546.000000 0.433758 0.183558
971.000000 547.000000 0.314442 0.178234
983.000000 547.000000 0.326886 0.178807
1052.000000 547.000000 0.401080 0.182651
1065.000000 547.000000 0.415633 0.183487
1091.000000 547.000000 0.445366 0.185278
936.000000 548.000000 0.278839 0.177678
1080.000000 548.000000 0.432750 0.185514
1094.000000 548.000000 0.448927 0.186513
1096.000000 548.000000 0.451259 0.186660
141.000000 549.000000 -0.502010 0.190933
1185.000000 549.000000 0.561288 0.195273
1238.000000 549.000000 0.633211 0.200757
148.000000 550.000000 -0.493535 0.191385
1040.000000 550.000000 0.388004 0.184906
860.000000 551.000000 0.204297 0.177910
946.000000 551.000000 0.289059 0.181006
1013.000000 551.000000 0.358781 0.184317
1018.000000 552.000000 0.364204 0.185591
1236.000000 552.000000 0.630735 0.203817
1260.000000 552.000000 0.664897 0.206532
1265.000000 552.000000 0.672138 0.207109
964.000000 553.000000 0.307514 0.183765
1003.000000 553.000000 0.348230 0.185742
1054.000000 553.000000 0.403693 0.188801
1058.000000 553.000000 0.408164 0.189065
1061.000000 553.000000 0.411530 0.189266
782.000000 554.000000 0.130604 0.178902
1065.000000 554.000000 0.416103 0.190546
1187.000000 554.000000 0.564404 0.200796
1234.000000 554.000000 0.628156 0.205782
934.000000 555.000000 0.277118 0.184377
966.000000 555.000000 0.309666 0.185814
1056.000000 555.000000 0.406059 0.190946
1095.000000 555.000000 0.450616 0.193733
150.000000 556.000000 -0.491606 0.197440
1261.000000 556.000000 0.666808 0.211085
932.000000 557.000000 0.275192 0.186233
973.000000 557.000000 0.316991 0.188115
1025.000000 557.000000 0.372060 0.190977
1240.000000 557.000000 0.636924 0.209750
809.000000 558.000000 0.155978 0.183243
1094.000000 558.000000 0.449679 0.196727
974.000000 559.000000 0.318128 0.190129
989.000000 559.000000 0.333777 0.190909
1035.000000 560.000000 0.383145 0.194597
930.000000 561.000000 0.273354 0.190033
1043.000000 561.000000 0.392010 0.196120
972.000000 562.000000 0.316208 0.192975
1011.000000 562.000000 0.357272 0.195120
1024.000000 562.000000 0.371282 0.195907
1085.000000 562.000000 0.439531 0.200126
1095.000000 562.000000 0.451161 0.200906
62.000000 563.000000 -0.605775 0.213569
136.000000 563.000000 -0.509415 0.205986
152.000000 563.000000 -0.489781 0.204544
933.000000 563.000000 0.276455 0.192108
1078.000000 563.000000 0.431544 0.200615
1099.000000 563.000000 0.455931 0.202254
1204.000000 563.000000 0.587965 0.212249
960.000000 564.000000 0.303935 0.194339
1084.000000 564.000000 0.438529 0.202095
936.000000 565.000000 0.279566 0.194190
1236.000000 565.000000 0.632225 0.218085
1103.000000 566.000000 0.460892 0.205673
1197.000000 566.000000 0.578907 0.214724
1026.000000 567.000000 0.373769 0.201037
1113.000000 567.000000 0.472870 0.207555
156.000000 568.000000 -0.485374 0.209397
978.000000 568.000000 0.322756 0.199203
992.000000 569.000000 0.337487 0.200970
1007.000000 570.000000 0.353472 0.202850
1018.000000 570.000000 0.365290 0.203533
1057.000000 570.000000 0.408227 0.206184
1197.000000 570.000000 0.579349 0.219047
73.000000 571.000000 -0.591739 0.221025
944.000000 571.000000 0.287940 0.200425
962.000000 571.000000 0.306343 0.201319
125.000000 572.000000 -0.524029 0.216530
155.000000 573.000000 -0.487038 0.214706
945.000000 573.000000 0.289053 0.202435
947.000000 573.000000 0.291088 0.202532
1011.000000 573.000000 0.357942 0.206094
1020.000000 573.000000 0.367645 0.206668
1152.000000 573.000000 0.521296 0.217483
82.000000 574.000000 -0.580003 0.223259
159.000000 574.000000 -0.482289 0.215385
1050.000000 574.000000 0.400682 0.209736
1108.000000 575.000000 0.467599 0.215425
966.000000 576.000000 0.310732 0.206462
1014.000000 576.000000 0.361359 0.209290
1016.000000 576.000000 0.363516 0.209420
1025.000000 576.000000 0.373271 0.210013
1027.000000 576.000000 0.375451 0.210148
1146.000000 576.000000 0.514068 0.220059
971.000000 577.000000 0.315966 0.207723
1038.000000 577.000000 0.387584 0.211917
1098.000000 577.000000 0.455927 0.216625
82.000000 578.000000 -0.580461 0.227599
1156.000000 578.000000 0.526861 0.223204
946.000000 579.000000 0.290367 0.208382
958.000000 579.000000 0.302646 0.209000
1028.000000 579.000000 0.376747 0.213242
1031.000000 579.000000 0.380029 0.213449
1085.000000 579.000000 0.440896 0.217585
1096.000000 579.000000 0.453746 0.218524
1099.000000 579.000000 0.457280 0.218787
78.000000 580.000000 -0.586051 0.230241
971.000000 580.000000 0.316132 0.210696
946.000000 581.000000 0.290468 0.210352
1144.000000 581.000000 0.512075 0.225154
952.000000 582.000000 0.296648 0.211648
963.000000 582.000000 0.307958 0.212236
1069.000000 582.000000 0.422730 0.219356
1096.000000 582.000000 0.454009 0.221637
1146.000000 582.000000 0.514679 0.226421
961.000000 583.000000 0.305949 0.213118
1033.000000 583.000000 0.382506 0.217639
1065.000000 583.000000 0.418256 0.220061
1061.000000 584.000000 0.413800 0.220768
153.000000 585.000000 -0.490610 0.227490
947.000000 585.000000 0.291694 0.214350
949.000000 585.000000 0.293737 0.214455
1016.000000 585.000000 0.364114 0.218476
109.000000 586.000000 -0.545919 0.233177
149.000000 586.000000 -0.495600 0.228941
180.000000 586.000000 -0.458311 0.225991
962.000000 586.000000 0.307146 0.216147
1099.000000 586.000000 0.457906 0.226067
121.000000 587.000000 -0.530658 0.232926
978.000000 587.000000 0.323833 0.218063
1170.000000 587.000000 0.545765 0.234367
124.000000 588.000000 -0.526960 0.233670
956.000000 588.000000 0.301074 0.217801
983.000000 588.000000 0.329136 0.219363
1017.000000 588.000000 0.365402 0.221574
1175.000000 588.000000 0.552370 0.236018
140.000000 589.000000 -0.507008 0.233036
1020.000000 589.000000 0.368727 0.222795
1120.000000 589.000000 0.483339 0.231201
1148.000000 589.000000 0.517925 0.234086
1172.000000 589.000000 0.548585 0.236753
1000.000000 590.000000 0.347262 0.222444
1069.000000 590.000000 0.423389 0.227591
1098.000000 590.000000 0.457091 0.230148
1167.000000 590.000000 0.542231 0.237261
957.000000 591.000000 0.302269 0.220835
1022.000000 591.000000 0.371044 0.224963
1152.000000 591.000000 0.523187 0.236659
152.000000 592.000000 -0.492532 0.234982
1065.000000 592.000000 0.418993 0.229318
1071.000000 592.000000 0.425848 0.229825
1073.000000 592.000000 0.428143 0.229997
1154.000000 592.000000 0.525830 0.237951
1218.000000 592.000000 0.610521 0.245671
1222.000000 592.000000 0.616053 0.246192
136.000000 593.000000 -0.512410 0.237718
959.000000 593.000000 0.304443 0.222937
1001.000000 593.000000 0.348528 0.225533
1100.000000 593.000000 0.459739 0.233471
1190.000000 593.000000 0.572711 0.243236
1193.000000 593.000000 0.576710 0.243605
1249.000000 593.000000 0.654251 0.250930
150.000000 594.000000 -0.495187 0.237307
917.000000 594.000000 0.261819 0.221728
967.000000 594.000000 0.312782 0.224397
1045.000000 594.000000 0.396618 0.229750
1062.000000 594.000000 0.415748 0.231130
1120.000000 594.000000 0.483839 0.236478
961.000000 595.000000 0.306624 0.225044
1073.000000 595.000000 0.428402 0.233103
1087.000000 595.000000 0.444626 0.234353
1096.000000 595.000000 0.455195 0.235188
1189.000000 595.000000 0.571628 0.245300
984.000000 596.000000 0.330686 0.227442
1090.000000 596.000000 0.448230 0.235673
135.000000 597.000000 -0.514094 0.242102
692.000000 597.000000 0.047941 0.218492
695.000000 597.000000 0.050704 0.218517
1191.000000 597.000000 0.574538 0.247738
1193.000000 597.000000 0.577208 0.247989
1085.000000 598.000000 0.442567 0.237299
1105.000000 598.000000 0.466170 0.239202
966.000000 599.000000 0.312042 0.229336
1096.000000 599.000000 0.455575 0.239379
1103.000000 599.000000 0.463882 0.240058
944.000000 600.000000 0.289436 0.229063
976.000000 600.000000 0.322535 0.230954
988.000000 600.000000 0.335169 0.231727
1110.000000 600.000000 0.472359 0.241808
1122.000000 600.000000 0.486891 0.243041
149.000000 601.000000 -0.497153 0.244857
967.000000 601.000000 0.313202 0.231400
969.000000 601.000000 0.315284 0.231523
983.000000 601.000000 0.329954 0.232408
1087.000000 601.000000 0.445183 0.240620
1094.000000 601.000000 0.453406 0.241285
898.000000 602.000000 0.243267 0.228719
1022.000000 602.000000 0.371853 0.236157
1025.000000 602.000000 0.375134 0.236384
1187.000000 602.000000 0.569846 0.252720
968.000000 603.000000 0.314366 0.233468
970.000000 603.000000 0.316451 0.233592
972.000000 603.000000 0.318539 0.233717
989.000000 603.000000 0.336428 0.234822
569.000000 604.000000 -0.065224 0.225377
1252.000000 604.000000 0.660103 0.263792
989.000000 605.000000 0.336562 0.236844
1043.000000 605.000000 0.395274 0.240892
995.000000 606.000000 0.343011 0.238268
1089.000000 606.000000 0.448004 0.246053
1118.000000 606.000000 0.482652 0.248998
1128.000000 606.000000 0.494888 0.250077
721.000000 607.000000 0.074832 0.228410
997.000000 607.000000 0.345216 0.239423
1036.000000 607.000000 0.387650 0.242379
1085.000000 607.000000 0.443414 0.246717
1126.000000 607.000000 0.492537 0.250927
125.000000 608.000000 -0.527962 0.255087
970.000000 608.000000 0.316766 0.238622
1081.000000 608.000000 0.438843 0.247383
1121.000000 608.000000 0.486523 0.251450
1215.000000 608.000000 0.608528 0.263073
1125.000000 609.000000 0.491529 0.252955
1144.000000 609.000000 0.515134 0.255107
1185.000000 609.000000 0.568089 0.260159
1257.000000 609.000000 0.668045 0.270213
1082.000000 610.000000 0.440200 0.249578
1084.000000 610.000000 0.442535 0.249771
1276.000000 610.000000 0.695945 0.274175
1057.000000 611.000000 0.411541 0.248305
1188.000000 611.000000 0.572340 0.262758
1192.000000 611.000000 0.577683 0.263288
128.000000 612.000000 -0.524631 0.259065
130.000000 612.000000 -0.522099 0.258826
1003.000000 612.000000 0.352008 0.244946
1034.000000 612.000000 0.385843 0.247368
1038.000000 612.000000 0.390284 0.247700
1074.000000 612.000000 0.431102 0.250911
1083.000000 612.000000 0.441561 0.251777
1133.000000 613.000000 0.501854 0.258147
1135.000000 613.000000 0.504340 0.258377
128.000000 614.000000 -0.524871 0.261235
155.000000 614.000000 -0.491207 0.258098
945.000000 614.000000 0.291263 0.243116
1003.000000 614.000000 0.352157 0.246989
1054.000000 614.000000 0.408410 0.251159
1085.000000 614.000000 0.444098 0.254080
1130.000000 614.000000 0.498251 0.258880
112.000000 615.000000 -0.545501 0.264305
1044.000000 615.000000 0.397238 0.251318
1276.000000 616.000000 0.696848 0.281102
1004.000000 617.000000 0.353459 0.250133
1153.000000 617.000000 0.527491 0.264864
68.000000 618.000000 -0.604551 0.273544
113.000000 618.000000 -0.544588 0.267466
909.000000 618.000000 0.255007 0.245116
995.000000 618.000000 0.343871 0.250484
1082.000000 618.000000 0.440986 0.258002
1001.000000 619.000000 0.350380 0.251954
1044.000000 619.000000 0.397588 0.255474
61.000000 620.000000 -0.614476 0.276795
1153.000000 620.000000 0.527864 0.268137
1265.000000 620.000000 0.681328 0.284041
69.000000 621.000000 -0.603608 0.276769
902.000000 621.000000 0.248164 0.247748
63.000000 622.000000 -0.612003 0.278760
1028.000000 622.000000 0.380042 0.257206
1157.000000 622.000000 0.533235 0.270831
1159.000000 622.000000 0.535805 0.271088
883.000000 623.000000 0.229409 0.248808
65.000000 624.000000 -0.609536 0.280724
138.000000 624.000000 -0.513468 0.270890
1071.000000 624.000000 0.428797 0.263240
1157.000000 624.000000 0.533492 0.273025
67.000000 625.000000 -0.606930 0.281560
736.000000 625.000000 0.089053 0.246083
1002.000000 625.000000 0.351918 0.258191
1008.000000 625.000000 0.358406 0.258664
1176.000000 625.000000 0.558324 0.276642
1181.000000 625.000000 0.564927 0.277325
143.000000 626.000000 -0.507452 0.272454
381.000000 626.000000 -0.244994 0.252504
1074.000000 626.000000 0.432472 0.265653
1099.000000 627.000000 0.462021 0.269351
1006.000000 628.000000 0.356478 0.261599
1022.000000 628.000000 0.373939 0.262921
1095.000000 629.000000 0.457470 0.271053
1173.000000 629.000000 0.554927 0.280670
1012.000000 630.000000 0.363160 0.264156
1017.000000 630.000000 0.368622 0.264574
1023.000000 630.000000 0.375211 0.265085
1065.000000 630.000000 0.422473 0.268981
1158.000000 630.000000 0.535562 0.279755
1181.000000 630.000000 0.565621 0.282892
1196.000000 630.000000 0.585709 0.285032
1008.000000 631.000000 0.358890 0.264863
1097.000000 631.000000 0.460074 0.273416
1102.000000 631.000000 0.466061 0.273975
1154.000000 631.000000 0.530555 0.280329
1192.000000 631.000000 0.580459 0.285576
985.000000 632.000000 0.334247 0.264086
1021.000000 632.000000 0.373182 0.266993
1023.000000 632.000000 0.375384 0.267166
1069.000000 632.000000 0.427288 0.271501
1137.000000 632.000000 0.509132 0.279238
1146.000000 632.000000 0.520485 0.280386
881.000000 633.000000 0.227913 0.258686
1006.000000 633.000000 0.356884 0.266770
1104.000000 633.000000 0.468694 0.276355
1192.000000 633.000000 0.580749 0.287822
999.000000 634.000000 0.349396 0.267237
1016.000000 634.000000 0.367866 0.268645
1040.000000 634.000000 0.394462 0.270786
1042.000000 634.000000 0.396708 0.270972
1049.000000 634.000000 0.404604 0.271636
1110.000000 634.000000 0.476064 0.278129
1178.000000 634.000000 0.562211 0.286933
127.000000 635.000000 -0.528800 0.284340
145.000000 635.000000 -0.506070 0.282018
983.000000 635.000000 0.332347 0.267020
1025.000000 635.000000 0.377854 0.270470
1006.000000 636.000000 0.357131 0.269881
1158.000000 636.000000 0.536366 0.286385
876.000000 637.000000 0.223172 0.262448
1009.000000 637.000000 0.360477 0.271171
1041.000000 637.000000 0.395866 0.274032
1048.000000 637.000000 0.403761 0.274702
984.000000 638.000000 0.333640 0.270189
1094.000000 638.000000 0.457282 0.280599
1155.000000 638.000000 0.532774 0.288193
133.000000 639.000000 -0.521691 0.287957
482.000000 639.000000 -0.147403 0.261285
981.000000 639.000000 0.330526 0.270990
1045.000000 640.000000 0.400660 0.277578
1041.000000 641.000000 0.396248 0.278247
1043.000000 641.000000 0.398501 0.278440
878.000000 642.000000 0.225393 0.267565
1109.000000 642.000000 0.475802 0.286681
1139.000000 642.000000 0.512937 0.290472
969.000000 643.000000 0.318136 0.274208
1039.000000 643.000000 0.394192 0.280166
1097.000000 643.000000 0.461442 0.286340
1071.000000 644.000000 0.430866 0.284495
1110.000000 644.000000 0.477261 0.288978
1139.000000 645.000000 0.513335 0.293782
467.000000 646.000000 -0.161958 0.268732
887.000000 647.000000 0.234577 0.273072
918.000000 647.000000 0.265719 0.274848
1083.000000 647.000000 0.445257 0.289047
1109.000000 647.000000 0.476413 0.292125
1142.000000 647.000000 0.517400 0.296398
1147.000000 647.000000 0.523759 0.297082
854.000000 648.000000 0.202090 0.272451
1071.000000 648.000000 0.431301 0.288783
122.000000 649.000000 -0.537135 0.300560
137.000000 649.000000 -0.517961 0.298479
949.000000 649.000000 0.297661 0.278937
972.000000 649.000000 0.321756 0.280635
1107.000000 649.000000 0.474228 0.294061
1111.000000 649.000000 0.479099 0.294558
1122.000000 649.000000 0.492617 0.295956
125.000000 650.000000 -0.533412 0.301253
874.000000 650.000000 0.221842 0.275427
1024.000000 650.000000 0.378118 0.286127
1082.000000 650.000000 0.444419 0.292171
1119.000000 651.000000 0.489169 0.297768
129.000000 652.000000 -0.528562 0.302922
553.000000 652.000000 -0.080792 0.272419
1041.000000 652.000000 0.397331 0.289902
1079.000000 652.000000 0.441114 0.293988
1110.000000 652.000000 0.478255 0.297717
869.000000 653.000000 0.217057 0.278207
985.000000 653.000000 0.335906 0.285832
553.000000 654.000000 -0.080827 0.274401
715.000000 654.000000 0.069938 0.274227
148.000000 655.000000 -0.504928 0.303639
959.000000 655.000000 0.308529 0.285860
1046.000000 655.000000 0.403300 0.293611
1080.000000 655.000000 0.442638 0.297350
869.000000 656.000000 0.217208 0.281245
1112.000000 656.000000 0.481210 0.302363
1123.000000 656.000000 0.494775 0.303805
300.000000 657.000000 -0.330335 0.289454
707.000000 657.000000 0.062510 0.277084
1035.000000 657.000000 0.391078 0.294621
1126.000000 657.000000 0.498640 0.305314
190.000000 658.000000 -0.454050 0.301570
1113.000000 658.000000 0.482696 0.304695
1009.000000 659.000000 0.362422 0.294231
1038.000000 659.000000 0.394658 0.297059
965.000000 660.000000 0.315222 0.291518
977.000000 660.000000 0.327941 0.292484
1017.000000 660.000000 0.371319 0.296042
1075.000000 660.000000 0.437337 0.302190
1131.000000 660.000000 0.505305 0.309329
1026.000000 661.000000 0.381405 0.297982
985.000000 664.000000 0.336835 0.297356
1116.000000 664.000000 0.487182 0.311726
1133.000000 664.000000 0.508380 0.314071
874.000000 665.000000 0.222628 0.290662
918.000000 665.000000 0.266866 0.293302
1029.000000 665.000000 0.385159 0.302553
1036.000000 665.000000 0.393024 0.303275
1167.000000 665.000000 0.552298 0.320232
926.000000 667.000000 0.275184 0.295910
985.000000 667.000000 0.337096 0.300516
1135.000000 667.000000 0.511331 0.317715
1184.000000 667.000000 0.575214 0.325207
872.000000 668.000000 0.220806 0.293620
879.000000 668.000000 0.227763 0.294006
1120.000000 668.000000 0.492679 0.316720
1155.000000 668.000000 0.537088 0.321798
1168.000000 668.000000 0.554082 0.323804
1172.000000 668.000000 0.559366 0.324434
1217.000000 668.000000 0.620607 0.331869
704.000000 669.000000 0.059875 0.289001
1046.000000 669.000000 0.404795 0.308651
1196.000000 669.000000 0.591788 0.329481
858.000000 670.000000 0.207074 0.294929
1005.000000 670.000000 0.359073 0.305521
1049.000000 670.000000 0.408334 0.310064
1166.000000 670.000000 0.551762 0.325772
185.000000 671.000000 -0.461654 0.316450
332.000000 671.000000 -0.297725 0.301546
685.000000 671.000000 0.042135 0.290773
865.000000 671.000000 0.214034 0.296315
918.000000 671.000000 0.267268 0.299508
949.000000 671.000000 0.299285 0.301754
1040.000000 671.000000 0.398187 0.310156
1042.000000 671.000000 0.400458 0.310373
1074.000000 671.000000 0.437471 0.314061
1118.000000 671.000000 0.490614 0.319789
1239.000000 671.000000 0.652218 0.339222
587.000000 672.000000 -0.049290 0.291844
1016.000000 672.000000 0.371387 0.308730
1160.000000 672.000000 0.544211 0.327114
1166.000000 672.000000 0.552077 0.328056
1185.000000 672.000000 0.577376 0.331124
1039.000000 673.000000 0.397270 0.312207
1065.000000 673.000000 0.427167 0.315167
1143.000000 673.000000 0.522387 0.325649
1183.000000 673.000000 0.574849 0.331948
329.000000 674.000000 -0.301089 0.304917
963.000000 674.000000 0.314239 0.306020
1004.000000 674.000000 0.358361 0.309688
1155.000000 674.000000 0.538009 0.328615
1157.000000 674.000000 0.540610 0.328926
1167.000000 674.000000 0.553712 0.330504
1173.000000 674.000000 0.561652 0.331467
1206.000000 674.000000 0.606359 0.336980
691.000000 675.000000 0.047787 0.294849
1031.000000 675.000000 0.388447 0.313505
1063.000000 675.000000 0.425074 0.317115
1118.000000 675.000000 0.491174 0.324263
1120.000000 675.000000 0.493659 0.324546
1125.000000 675.000000 0.499900 0.325260
1214.000000 675.000000 0.617632 0.339534
39.000000 676.000000 -0.654485 0.345044
699.000000 676.000000 0.055289 0.295953
939.000000 676.000000 0.289252 0.306221
991.000000 676.000000 0.344383 0.310590
1116.000000 676.000000 0.488835 0.325101
875.000000 677.000000 0.224288 0.303028
988.000000 677.000000 0.341228 0.311377
1059.000000 677.000000 0.420663 0.318826
1146.000000 677.000000 0.526841 0.330641
1174.000000 677.000000 0.563469 0.335081
1211.000000 677.000000 0.613806 0.341353
993.000000 678.000000 0.346740 0.312908
1015.000000 678.000000 0.370885 0.315066
1157.000000 678.000000 0.541238 0.333494
1187.000000 678.000000 0.581074 0.338397
40.000000 679.000000 -0.653594 0.348420
31.000000 680.000000 -0.666653 0.351221
1156.000000 680.000000 0.540252 0.335624
1190.000000 680.000000 0.585478 0.341229
637.000000 681.000000 -0.002637 0.300583
987.000000 681.000000 0.340517 0.315546
992.000000 681.000000 0.345937 0.316016
1011.000000 681.000000 0.366761 0.317885
1055.000000 681.000000 0.416504 0.322729
1146.000000 681.000000 0.527459 0.335196
524.000000 682.000000 -0.108770 0.303119
989.000000 682.000000 0.342776 0.316801
967.000000 683.000000 0.319245 0.315874
1011.000000 683.000000 0.366966 0.320039
1041.000000 683.000000 0.400659 0.323286
1049.000000 683.000000 0.409820 0.324211
1132.000000 683.000000 0.509893 0.335327
1190.000000 683.000000 0.585992 0.344723
1031.000000 684.000000 0.389425 0.323252
1052.000000 684.000000 0.413394 0.325660
1160.000000 684.000000 0.546121 0.340859
907.000000 685.000000 0.257004 0.313331
1000.000000 685.000000 0.355055 0.321082
1059.000000 685.000000 0.421624 0.327601
1067.000000 685.000000 0.430971 0.328590
1135.000000 685.000000 0.514004 0.338057
1157.000000 685.000000 0.542358 0.341523
1195.000000 685.000000 0.593152 0.347927
850.000000 686.000000 0.200017 0.310947
1039.000000 686.000000 0.398722 0.326332
1183.000000 686.000000 0.577034 0.347017
332.000000 687.000000 -0.298986 0.318369
998.000000 687.000000 0.353063 0.323035
1037.000000 687.000000 0.396560 0.327196
1045.000000 687.000000 0.405695 0.328122
1144.000000 687.000000 0.525825 0.341741
1171.000000 687.000000 0.561138 0.346143
1180.000000 687.000000 0.573168 0.347668
850.000000 688.000000 0.200122 0.313014
994.000000 688.000000 0.348791 0.323716
1000.000000 688.000000 0.355355 0.324313
1069.000000 688.000000 0.433701 0.332161
1152.000000 688.000000 0.536329 0.344166
1161.000000 688.000000 0.548088 0.345635
1167.000000 688.000000 0.556000 0.346631
1169.000000 688.000000 0.558650 0.346966
1175.000000 688.000000 0.566638 0.347980
1182.000000 688.000000 0.576030 0.349177
1259.000000 688.000000 0.684119 0.363088
579.000000 689.000000 -0.057007 0.309093
986.000000 689.000000 0.340190 0.324015
996.000000 689.000000 0.351074 0.324991
1058.000000 689.000000 0.420952 0.331887
1083.000000 689.000000 0.450449 0.335101
1164.000000 689.000000 0.552203 0.347289
1186.000000 689.000000 0.581606 0.351038
957.000000 690.000000 0.309243 0.322450
998.000000 690.000000 0.353363 0.326269
1012.000000 690.000000 0.368804 0.327713
1127.000000 690.000000 0.504638 0.342528
1136.000000 690.000000 0.516051 0.343918
1159.000000 690.000000 0.545793 0.347617
1175.000000 690.000000 0.566979 0.350308
1182.000000 690.000000 0.576376 0.351513
1196.000000 690.000000 0.595401 0.353969
1268.000000 690.000000 0.697592 0.367149
699.000000 691.000000 0.055497 0.311120
708.000000 691.000000 0.063965 0.311258
734.000000 691.000000 0.088503 0.311766
1185.000000 691.000000 0.580602 0.353204
620.000000 692.000000 -0.018569 0.311755
1019.000000 692.000000 0.376820 0.330640
1048.000000 692.000000 0.409739 0.333974
1067.000000 692.000000 0.431860 0.336343
1124.000000 692.000000 0.501165 0.344350
1167.000000 692.000000 0.556673 0.351274
983.000000 693.000000 0.337326 0.328027
1041.000000 693.000000 0.401821 0.334238
1050.000000 693.000000 0.412168 0.335320
1271.000000 693.000000 0.702524 0.371324
426.000000 694.000000 -0.203972 0.319359
941.000000 694.000000 0.292753 0.325363
963.000000 694.000000 0.315959 0.327246
1047.000000 694.000000 0.408829 0.336059
1265.000000 694.000000 0.693954 0.371428
1015.000000 695.000000 0.372679 0.333474
1019.000000 695.000000 0.377149 0.333913
1066.000000 695.000000 0.431071 0.339550
58.000000 696.000000 -0.631221 0.365357
167.000000 697.000000 -0.487244 0.348079
882.000000 698.000000 0.232565 0.325291
957.000000 698.000000 0.309942 0.330995
1169.000000 698.000000 0.560355 0.358612
59.000000 699.000000 -0.630373 0.368752
1022.000000 699.000000 0.380964 0.338628
1087.000000 699.000000 0.456625 0.346866
1172.000000 699.000000 0.564527 0.360305
1230.000000 699.000000 0.644508 0.370898
990.000000 700.000000 0.345625 0.336285
57.000000 701.000000 -0.633554 0.371516
899.000000 701.000000 0.249969 0.329591
924.000000 701.000000 0.275626 0.331445
1022.000000 701.000000 0.381192 0.340825
111.000000 702.000000 -0.559894 0.362913
926.000000 702.000000 0.277777 0.332668
1084.000000 702.000000 0.453432 0.349829
1165.000000 702.000000 0.555739 0.362600
284.000000 703.000000 -0.351885 0.339980
882.000000 703.000000 0.232889 0.330551
885.000000 703.000000 0.235915 0.330748
900.000000 703.000000 0.251129 0.331777
1031.000000 703.000000 0.391603 0.344078
1169.000000 703.000000 0.561228 0.364472
988.000000 704.000000 0.343849 0.340430
1004.000000 704.000000 0.361434 0.342113
522.000000 705.000000 -0.111325 0.326719
923.000000 705.000000 0.274906 0.335629
1058.000000 705.000000 0.422987 0.349672
1082.000000 705.000000 0.451450 0.352938
1019.000000 706.000000 0.378391 0.345987
1027.000000 706.000000 0.387420 0.346922
1080.000000 706.000000 0.449189 0.353787
928.000000 707.000000 0.280256 0.338168
1057.000000 707.000000 0.422080 0.351782
1071.000000 707.000000 0.438584 0.353664
1209.000000 707.000000 0.616479 0.376531
424.000000 708.000000 -0.206740 0.334111
992.000000 708.000000 0.348639 0.345210
1086.000000 708.000000 0.456700 0.356910
1176.000000 708.000000 0.571486 0.371614
1205.000000 709.000000 0.611296 0.378172
323.000000 710.000000 -0.310475 0.343760
334.000000 710.000000 -0.298831 0.342770
519.000000 710.000000 -0.114346 0.331987
1081.000000 710.000000 0.450959 0.358463
962.000000 711.000000 0.316460 0.345477
1019.000000 711.000000 0.378972 0.351515
1182.000000 711.000000 0.580130 0.376266
596.000000 712.000000 -0.041291 0.332432
847.000000 712.000000 0.198465 0.337904
1022.000000 712.000000 0.382475 0.352979
1180.000000 712.000000 0.577608 0.377088
1184.000000 712.000000 0.583027 0.377826
920.000000 713.000000 0.272437 0.343954
1036.000000 713.000000 0.398531 0.355802
1162.000000 713.000000 0.553702 0.375009
806.000000 714.000000 0.158301 0.337928
1082.000000 714.000000 0.452741 0.363161
1107.000000 714.000000 0.483329 0.366941
113.000000 715.000000 -0.559537 0.377872
846.000000 715.000000 0.197644 0.341013
916.000000 715.000000 0.268456 0.345782
963.000000 715.000000 0.317914 0.349924
975.000000 715.000000 0.330841 0.351113
1204.000000 715.000000 0.611049 0.385186
38.000000 716.000000 -0.663347 0.393243
41.000000 716.000000 -0.659066 0.392664
506.000000 716.000000 -0.127023 0.338668
518.000000 716.000000 -0.115494 0.338262
639.000000 716.000000 -0.000770 0.336329
888.000000 716.000000 0.239842 0.344749
965.000000 716.000000 0.320157 0.351210
1164.000000 716.000000 0.556894 0.378918
1173.000000 716.000000 0.568914 0.380558
1195.000000 716.000000 0.598809 0.384672
1199.000000 716.000000 0.604320 0.385434
