1060.000000 3.000000 0.426894 -0.362093
128.000000 4.000000 -0.539918 -0.375036
772.000000 4.000000 0.125456 -0.337316
967.000000 4.000000 0.322260 -0.350051
1141.000000 4.000000 0.526699 -0.373499
367.000000 5.000000 -0.264821 -0.344059
881.000000 5.000000 0.232644 -0.341851
1163.000000 5.000000 0.555351 -0.376197
1108.000000 6.000000 0.484522 -0.365736
1062.000000 7.000000 0.428703 -0.357842
1095.000000 7.000000 0.468334 -0.362583
979.000000 8.000000 0.334825 -0.346883
1036.000000 9.000000 0.398230 -0.352210
1169.000000 9.000000 0.562617 -0.372546
39.000000 10.000000 -0.660779 -0.384437
54.000000 10.000000 -0.639478 -0.381563
1085.000000 10.000000 0.455730 -0.357678
1111.000000 10.000000 0.487627 -0.361597
58.000000 11.000000 -0.633652 -0.379594
1020.000000 11.000000 0.379814 -0.348060
1108.000000 11.000000 0.483742 -0.359981
883.000000 12.000000 0.234193 -0.334555
1239.000000 12.000000 0.659059 -0.382132
1270.000000 12.000000 0.703893 -0.388056
58.000000 13.000000 -0.633272 -0.377188
250.000000 13.000000 -0.390198 -0.346808
806.000000 14.000000 0.157924 -0.328235
1168.000000 14.000000 0.560390 -0.366468
131.000000 16.000000 -0.533957 -0.360478
1141.000000 16.000000 0.524670 -0.359497
1146.000000 17.000000 0.530966 -0.359169
895.000000 18.000000 0.245936 -0.329026
1018.000000 18.000000 0.376762 -0.340115
1209.000000 19.000000 0.615339 -0.368015
208.000000 20.000000 -0.437969 -0.344314
1080.000000 20.000000 0.448301 -0.345659
61.000000 21.000000 -0.627560 -0.367041
922.000000 21.000000 0.273363 -0.327820
1026.000000 21.000000 0.385422 -0.337730
1180.000000 21.000000 0.575227 -0.360361
931.000000 22.000000 0.282610 -0.327463
987.000000 22.000000 0.342108 -0.332465
1069.000000 22.000000 0.434949 -0.341932
1146.000000 23.000000 0.529972 -0.352213
1160.000000 23.000000 0.548239 -0.354549
1156.000000 24.000000 0.542820 -0.352713
404.000000 25.000000 -0.225878 -0.320331
874.000000 25.000000 0.224318 -0.320311
61.000000 26.000000 -0.626637 -0.361084
944.000000 26.000000 0.295852 -0.324265
40.000000 27.000000 -0.656144 -0.363766
1059.000000 27.000000 0.422565 -0.335079
1020.000000 28.000000 0.377890 -0.329397
53.000000 29.000000 -0.637329 -0.358982
1181.000000 29.000000 0.575169 -0.351156
50.000000 30.000000 -0.641383 -0.358341
59.000000 30.000000 -0.628708 -0.356698
56.000000 31.000000 -0.632739 -0.356057
834.000000 32.000000 0.184385 -0.310879
203.000000 33.000000 -0.442183 -0.330480
825.000000 33.000000 0.175555 -0.309430
1095.000000 33.000000 0.464581 -0.333138
1033.000000 34.000000 0.391860 -0.324301
1134.000000 34.000000 0.512840 -0.337686
1249.000000 34.000000 0.669287 -0.357521
99.000000 35.000000 -0.572948 -0.343785
135.000000 35.000000 -0.525721 -0.337928
1082.000000 35.000000 0.448673 -0.329159
939.000000 36.000000 0.289827 -0.313281
995.000000 36.000000 0.349445 -0.318170
56.000000 37.000000 -0.631656 -0.348951
239.000000 38.000000 -0.399797 -0.320638
1077.000000 38.000000 0.442336 -0.325186
108.000000 39.000000 -0.560288 -0.337657
908.000000 39.000000 0.257715 -0.307889
999.000000 39.000000 0.353520 -0.315344
1082.000000 39.000000 0.448151 -0.324722
103.000000 40.000000 -0.566767 -0.337326
1039.000000 40.000000 0.397994 -0.318444
97.000000 41.000000 -0.574623 -0.337164
99.000000 41.000000 -0.571943 -0.336832
107.000000 41.000000 -0.561287 -0.335516
113.000000 41.000000 -0.553362 -0.334543
727.000000 41.000000 0.081627 -0.298121
1096.000000 42.000000 0.464572 -0.323234
1114.000000 42.000000 0.486592 -0.325705
1189.000000 42.000000 0.583750 -0.337384
967.000000 43.000000 0.318687 -0.308178
1011.000000 43.000000 0.366311 -0.312241
1047.000000 43.000000 0.406783 -0.316085
1066.000000 43.000000 0.428765 -0.318313
1105.000000 43.000000 0.475386 -0.323338
1259.000000 43.000000 0.682131 -0.348583
113.000000 44.000000 -0.552881 -0.331102
912.000000 44.000000 0.261450 -0.302957
1039.000000 44.000000 0.397550 -0.314105
347.000000 45.000000 -0.282426 -0.303268
1017.000000 45.000000 0.372752 -0.310701
1053.000000 45.000000 0.413445 -0.314595
1115.000000 45.000000 0.487408 -0.322487
949.000000 46.000000 0.299478 -0.303557
1022.000000 48.000000 0.378007 -0.307991
1042.000000 48.000000 0.400519 -0.310106
1024.000000 49.000000 0.380135 -0.307123
1022.000000 50.000000 0.377803 -0.305848
1102.000000 50.000000 0.470787 -0.315157
1107.000000 50.000000 0.476884 -0.315822
206.000000 51.000000 -0.436408 -0.310299
47.000000 52.000000 -0.641705 -0.332876
1150.000000 52.000000 0.530581 -0.319691
53.000000 53.000000 -0.633066 -0.330670
1195.000000 53.000000 0.590062 -0.325655
1197.000000 53.000000 0.592789 -0.325986
198.000000 54.000000 -0.445473 -0.307985
1151.000000 54.000000 0.531570 -0.317581
927.000000 55.000000 0.276036 -0.292577
1080.000000 55.000000 0.443775 -0.306879
1173.000000 55.000000 0.560179 -0.319815
1094.000000 56.000000 0.460343 -0.307511
1148.000000 56.000000 0.527414 -0.314881
1199.000000 56.000000 0.595026 -0.322853
249.000000 57.000000 -0.386490 -0.299093
1169.000000 57.000000 0.554582 -0.316916
255.000000 58.000000 -0.379698 -0.297429
371.000000 58.000000 -0.257033 -0.288200
467.000000 58.000000 -0.162521 -0.283437
1139.000000 59.000000 0.515494 -0.310214
996.000000 60.000000 0.348306 -0.292770
1199.000000 60.000000 0.594371 -0.318246
1123.000000 61.000000 0.495129 -0.305775
464.000000 62.000000 -0.165256 -0.279528
1089.000000 62.000000 0.453617 -0.300330
1153.000000 62.000000 0.532970 -0.308866
190.000000 63.000000 -0.453882 -0.299134
1048.000000 63.000000 0.405737 -0.294616
1161.000000 63.000000 0.543192 -0.308917
292.000000 64.000000 -0.338762 -0.287736
1126.000000 64.000000 0.498459 -0.302856
41.000000 65.000000 -0.648001 -0.318699
191.000000 65.000000 -0.452454 -0.296839
1118.000000 65.000000 0.488408 -0.300691
1124.000000 65.000000 0.495836 -0.301482
1194.000000 65.000000 0.586760 -0.311710
1203.000000 65.000000 0.599037 -0.313148
39.000000 66.000000 -0.650680 -0.317869
1005.000000 66.000000 0.357552 -0.287260
1078.000000 66.000000 0.440119 -0.294690
1162.000000 66.000000 0.544052 -0.305687
463.000000 67.000000 -0.166030 -0.274552
1074.000000 67.000000 0.435313 -0.293154
1202.000000 67.000000 0.597346 -0.310693
1269.000000 67.000000 0.692526 -0.321853
887.000000 68.000000 0.234816 -0.276813
918.000000 68.000000 0.265995 -0.278624
1182.000000 68.000000 0.570139 -0.306427
385.000000 70.000000 -0.242253 -0.275134
1013.000000 70.000000 0.365941 -0.283775
1087.000000 71.000000 0.450172 -0.290321
1265.000000 71.000000 0.685997 -0.316468
37.000000 72.000000 -0.652534 -0.311219
60.000000 72.000000 -0.620111 -0.307476
385.000000 72.000000 -0.242142 -0.273107
186.000000 73.000000 -0.457465 -0.288752
397.000000 73.000000 -0.230146 -0.271455
1015.000000 73.000000 0.367866 -0.280805
1017.000000 73.000000 0.370064 -0.280985
952.000000 74.000000 0.300529 -0.274736
1132.000000 74.000000 0.504624 -0.292610
1210.000000 74.000000 0.607233 -0.303950
812.000000 75.000000 0.161314 -0.266444
922.000000 75.000000 0.269625 -0.271733
1276.000000 75.000000 0.701469 -0.313602
84.000000 76.000000 -0.586557 -0.299162
1053.000000 76.000000 0.410091 -0.281270
425.000000 77.000000 -0.202417 -0.266091
1212.000000 77.000000 0.609524 -0.300834
303.000000 78.000000 -0.325930 -0.272320
1138.000000 78.000000 0.511632 -0.288992
379.000000 79.000000 -0.247756 -0.266358
419.000000 79.000000 -0.208190 -0.264358
117.000000 80.000000 -0.542298 -0.289882
286.000000 80.000000 -0.343887 -0.271577
1170.000000 80.000000 0.552487 -0.291152
122.000000 81.000000 -0.535705 -0.288086
64.000000 82.000000 -0.612989 -0.295401
416.000000 83.000000 -0.210945 -0.260495
52.000000 84.000000 -0.629390 -0.294976
84.000000 84.000000 -0.585361 -0.290122
121.000000 84.000000 -0.536586 -0.284899
1168.000000 85.000000 0.549167 -0.285299
1197.000000 86.000000 0.587614 -0.288333
1171.000000 87.000000 0.552815 -0.283491
281.000000 88.000000 -0.348622 -0.263705
298.000000 88.000000 -0.330475 -0.262407
1025.000000 89.000000 0.377460 -0.264966
1184.000000 90.000000 0.569571 -0.281967
372.000000 91.000000 -0.254115 -0.254663
377.000000 91.000000 -0.249111 -0.254398
1251.000000 91.000000 0.662413 -0.290906
1027.000000 92.000000 0.379409 -0.262018
1106.000000 92.000000 0.470490 -0.269861
1109.000000 92.000000 0.474114 -0.270201
983.000000 94.000000 0.331639 -0.256459
1147.000000 94.000000 0.520944 -0.272595
1188.000000 97.000000 0.573927 -0.274721
988.000000 98.000000 0.336659 -0.252734
165.000000 99.000000 -0.479750 -0.263147
276.000000 99.000000 -0.353149 -0.252776
329.000000 99.000000 -0.297338 -0.249108
1190.000000 99.000000 0.576325 -0.272771
1053.000000 100.000000 0.407778 -0.255993
1032.000000 101.000000 0.384172 -0.253107
1191.000000 101.000000 0.577389 -0.270684
1258.000000 101.000000 0.670983 -0.280479
288.000000 103.000000 -0.340003 -0.247797
1131.000000 104.000000 0.499676 -0.259807
1241.000000 104.000000 0.646093 -0.274484
870.000000 105.000000 0.216253 -0.238991
1165.000000 105.000000 0.542614 -0.262838
1167.000000 105.000000 0.545206 -0.263091
991.000000 106.000000 0.339276 -0.244792
1116.000000 106.000000 0.481041 -0.255974
1229.000000 106.000000 0.628829 -0.270454
402.000000 107.000000 -0.223599 -0.237293
1155.000000 108.000000 0.529387 -0.258324
1183.000000 108.000000 0.565793 -0.261860
1185.000000 108.000000 0.568445 -0.262123
984.000000 109.000000 0.331641 -0.241258
1192.000000 109.000000 0.577647 -0.261944
267.000000 110.000000 -0.362036 -0.242196
1274.000000 110.000000 0.693001 -0.272542
443.000000 111.000000 -0.183663 -0.231772
1196.000000 111.000000 0.582751 -0.260263
373.000000 113.000000 -0.251992 -0.232695
1051.000000 113.000000 0.404370 -0.242301
1187.000000 113.000000 0.570449 -0.256872
1187.000000 115.000000 0.570192 -0.254672
443.000000 116.000000 -0.183493 -0.226894
1232.000000 117.000000 0.631480 -0.258487
991.000000 118.000000 0.338447 -0.232627
1169.000000 119.000000 0.546066 -0.248062
1154.000000 121.000000 0.526579 -0.244137
1147.000000 122.000000 0.517613 -0.242271
1169.000000 122.000000 0.545708 -0.244805
1267.000000 122.000000 0.680985 -0.257773
392.000000 123.000000 -0.232733 -0.221989
394.000000 124.000000 -0.230726 -0.220926
1086.000000 124.000000 0.443509 -0.233973
396.000000 125.000000 -0.228722 -0.219865
1148.000000 125.000000 0.518539 -0.239165
362.000000 126.000000 -0.262353 -0.220391
1230.000000 127.000000 0.627309 -0.247019
373.000000 128.000000 -0.251292 -0.217915
1267.000000 128.000000 0.680141 -0.250946
93.000000 130.000000 -0.567230 -0.238014
1028.000000 130.000000 0.377489 -0.223060
1268.000000 130.000000 0.681325 -0.248813
948.000000 131.000000 0.292897 -0.217050
1196.000000 132.000000 0.580076 -0.237162
1180.000000 134.000000 0.558636 -0.233091
214.000000 135.000000 -0.418830 -0.220727
1183.000000 135.000000 0.562460 -0.232355
1203.000000 135.000000 0.589129 -0.234732
1054.000000 137.000000 0.405794 -0.217875
1160.000000 137.000000 0.532438 -0.227628
1222.000000 137.000000 0.614871 -0.234884
1273.000000 137.000000 0.687697 -0.241554
1174.000000 138.000000 0.550352 -0.228091
1234.000000 138.000000 0.631485 -0.235297
912.000000 139.000000 0.256204 -0.207439
470.000000 140.000000 -0.157091 -0.202915
1174.000000 140.000000 0.550129 -0.225938
1243.000000 140.000000 0.643945 -0.234226
1237.000000 141.000000 0.635326 -0.232348
1246.000000 141.000000 0.648085 -0.233497
1048.000000 142.000000 0.398707 -0.212331
1134.000000 143.000000 0.499239 -0.218598
1142.000000 146.000000 0.508845 -0.216215
338.000000 150.000000 -0.285377 -0.197971
1001.000000 150.000000 0.347044 -0.201178
1116.000000 151.000000 0.476604 -0.208565
1196.000000 151.000000 0.577870 -0.216516
1194.000000 152.000000 0.575095 -0.215216
1049.000000 153.000000 0.399035 -0.201257
1115.000000 153.000000 0.475229 -0.206400
1175.000000 154.000000 0.549930 -0.211046
560.000000 156.000000 -0.073068 -0.186124
1112.000000 157.000000 0.471297 -0.201999
1204.000000 160.000000 0.587607 -0.207668
548.000000 161.000000 -0.084052 -0.181548
1073.000000 161.000000 0.425496 -0.194855
518.000000 164.000000 -0.111717 -0.179137
1148.000000 164.000000 0.514622 -0.197857
330.000000 165.000000 -0.292805 -0.183699
501.000000 166.000000 -0.127472 -0.177535
497.000000 167.000000 -0.131179 -0.176664
503.000000 168.000000 -0.125576 -0.175615
1190.000000 168.000000 0.568121 -0.197626
1151.000000 169.000000 0.517922 -0.192891
1226.000000 170.000000 0.616560 -0.199207
530.000000 172.000000 -0.100504 -0.171438
1073.000000 172.000000 0.424725 -0.183714
1199.000000 172.000000 0.579660 -0.194249
244.000000 174.000000 -0.382748 -0.179265
524.000000 174.000000 -0.106017 -0.169644
533.000000 174.000000 -0.097710 -0.169523
1255.000000 174.000000 0.657004 -0.198000
247.000000 175.000000 -0.379421 -0.178096
279.000000 175.000000 -0.345122 -0.176358
277.000000 176.000000 -0.347185 -0.175477
1068.000000 176.000000 0.418790 -0.179349
53.000000 178.000000 -0.615852 -0.190415
1264.000000 178.000000 0.669544 -0.194581
325.000000 179.000000 -0.297283 -0.170322
233.000000 183.000000 -0.394288 -0.170952
241.000000 184.000000 -0.385453 -0.169505
484.000000 184.000000 -0.142995 -0.160907
498.000000 184.000000 -0.129955 -0.160666
1026.000000 184.000000 0.371915 -0.168888
1227.000000 184.000000 0.616494 -0.184145
243.000000 185.000000 -0.383215 -0.168404
1073.000000 187.000000 0.423750 -0.168616
1239.000000 187.000000 0.632915 -0.182096
249.000000 188.000000 -0.376532 -0.165115
1156.000000 188.000000 0.522577 -0.173501
1076.000000 189.000000 0.427033 -0.166795
1230.000000 189.000000 0.620156 -0.179043
1238.000000 190.000000 0.631214 -0.178744
119.000000 192.000000 -0.527608 -0.169592
346.000000 192.000000 -0.275610 -0.156988
137.000000 193.000000 -0.505145 -0.167174
139.000000 194.000000 -0.502617 -0.165997
531.000000 194.000000 -0.099306 -0.150870
1034.000000 194.000000 0.380061 -0.159441
293.000000 195.000000 -0.329509 -0.156165
1199.000000 195.000000 0.577509 -0.169770
477.000000 196.000000 -0.149319 -0.149793
1218.000000 196.000000 0.602994 -0.170397
138.000000 198.000000 -0.503552 -0.161959
1243.000000 198.000000 0.637470 -0.170564
366.000000 199.000000 -0.255524 -0.149640
589.000000 199.000000 -0.046210 -0.145746
1146.000000 200.000000 0.509206 -0.160326
453.000000 201.000000 -0.171744 -0.145562
981.000000 201.000000 0.323533 -0.150169
1247.000000 201.000000 0.642839 -0.167692
334.000000 202.000000 -0.287298 -0.147829
1040.000000 202.000000 0.386192 -0.151862
356.000000 203.000000 -0.265286 -0.146145
1078.000000 203.000000 0.428475 -0.152902
332.000000 204.000000 -0.289243 -0.145983
1213.000000 205.000000 0.595415 -0.160372
1218.000000 206.000000 0.602114 -0.159733
315.000000 207.000000 -0.306374 -0.143708
330.000000 207.000000 -0.291156 -0.143180
320.000000 208.000000 -0.301247 -0.142570
623.000000 208.000000 -0.015280 -0.137319
1220.000000 209.000000 0.604587 -0.156709
332.000000 210.000000 -0.289039 -0.140244
1161.000000 211.000000 0.527122 -0.150065
1232.000000 211.000000 0.620925 -0.155588
289.000000 212.000000 -0.332977 -0.139869
870.000000 213.000000 0.212739 -0.135266
1084.000000 213.000000 0.434759 -0.143259
317.000000 214.000000 -0.304089 -0.136924
1120.000000 214.000000 0.476718 -0.144319
319.000000 215.000000 -0.302022 -0.135899
635.000000 215.000000 -0.004389 -0.130859
1218.000000 215.000000 0.601371 -0.150173
309.000000 216.000000 -0.312186 -0.135283
311.000000 217.000000 -0.310105 -0.134256
480.000000 217.000000 -0.146180 -0.130183
657.000000 218.000000 0.015553 -0.128113
286.000000 220.000000 -0.335800 -0.132263
342.000000 220.000000 -0.278697 -0.130404
1168.000000 220.000000 0.535344 -0.141263
345.000000 222.000000 -0.275646 -0.128418
548.000000 222.000000 -0.083446 -0.124788
1166.000000 222.000000 0.532678 -0.139068
1237.000000 222.000000 0.626972 -0.144238
336.000000 225.000000 -0.284553 -0.125831
1215.000000 225.000000 0.596535 -0.139369
1225.000000 225.000000 0.610150 -0.140115
604.000000 226.000000 -0.032473 -0.120806
1109.000000 226.000000 0.463017 -0.131612
1183.000000 226.000000 0.554148 -0.136067
1234.000000 226.000000 0.622487 -0.139738
341.000000 227.000000 -0.279494 -0.123790
592.000000 227.000000 -0.043355 -0.119930
1048.000000 227.000000 0.393784 -0.127689
1163.000000 227.000000 0.528572 -0.133735
331.000000 229.000000 -0.289456 -0.122177
1107.000000 229.000000 0.460514 -0.128502
1251.000000 229.000000 0.646115 -0.137839
1218.000000 230.000000 0.600235 -0.134314
604.000000 231.000000 -0.032458 -0.116222
647.000000 232.000000 0.006479 -0.115258
1095.000000 232.000000 0.446414 -0.124908
1226.000000 233.000000 0.610934 -0.131717
277.000000 234.000000 -0.344711 -0.119101
1049.000000 234.000000 0.394588 -0.120885
1183.000000 234.000000 0.553627 -0.127783
1188.000000 234.000000 0.560108 -0.128101
210.000000 235.000000 -0.417189 -0.120715
1222.000000 235.000000 0.605323 -0.129324
512.000000 237.000000 -0.116317 -0.111311
351.000000 238.000000 -0.269258 -0.113126
1238.000000 238.000000 0.627169 -0.127264
1256.000000 238.000000 0.652555 -0.128552
1113.000000 239.000000 0.467058 -0.118804
599.000000 241.000000 -0.036959 -0.107085
1017.000000 241.000000 0.359781 -0.112892
233.000000 243.000000 -0.391448 -0.111966
369.000000 243.000000 -0.251418 -0.108006
1185.000000 243.000000 0.555664 -0.118609
1236.000000 243.000000 0.624043 -0.121820
606.000000 244.000000 -0.030612 -0.104325
223.000000 245.000000 -0.402343 -0.110392
317.000000 245.000000 -0.303145 -0.107379
1012.000000 246.000000 0.354316 -0.107909
1102.000000 246.000000 0.453869 -0.111320
1196.000000 246.000000 0.569825 -0.116154
1209.000000 246.000000 0.587051 -0.116934
1111.000000 247.000000 0.464332 -0.110726
1246.000000 247.000000 0.637757 -0.118236
316.000000 248.000000 -0.304080 -0.104559
326.000000 248.000000 -0.293974 -0.104304
358.000000 249.000000 -0.262089 -0.102615
1151.000000 249.000000 0.512374 -0.110622
1194.000000 249.000000 0.567028 -0.112930
300.000000 250.000000 -0.320356 -0.103086
1012.000000 250.000000 0.354189 -0.104063
1106.000000 250.000000 0.458349 -0.107521
315.000000 252.000000 -0.304992 -0.100793
1145.000000 252.000000 0.504850 -0.107292
1197.000000 252.000000 0.570793 -0.109995
1250.000000 252.000000 0.643076 -0.113171
354.000000 253.000000 -0.265947 -0.098946
625.000000 253.000000 -0.013413 -0.096085
1041.000000 253.000000 0.385153 -0.102102
1106.000000 253.000000 0.458222 -0.104542
1228.000000 253.000000 0.612364 -0.110751
568.000000 254.000000 -0.065024 -0.095336
628.000000 254.000000 -0.010701 -0.095172
650.000000 255.000000 0.009177 -0.094261
1112.000000 255.000000 0.465158 -0.102805
1153.000000 255.000000 0.514551 -0.104642
316.000000 256.000000 -0.303880 -0.096981
1026.000000 256.000000 0.368890 -0.098721
1240.000000 257.000000 0.628725 -0.107248
1028.000000 258.000000 0.370970 -0.096855
220.000000 259.000000 -0.405154 -0.096853
1144.000000 259.000000 0.503303 -0.100186
1241.000000 259.000000 0.630002 -0.105191
17.000000 260.000000 -0.659725 -0.105302
303.000000 260.000000 -0.317023 -0.093506
309.000000 260.000000 -0.310896 -0.093361
566.000000 260.000000 -0.066813 -0.089874
1267.000000 260.000000 0.666881 -0.105676
931.000000 261.000000 0.271144 -0.091575
1118.000000 261.000000 0.471979 -0.097081
1061.000000 262.000000 0.406782 -0.094022
1183.000000 262.000000 0.552062 -0.098959
1201.000000 262.000000 0.575524 -0.099859
1234.000000 262.000000 0.620106 -0.101626
238.000000 263.000000 -0.385336 -0.092402
303.000000 263.000000 -0.316951 -0.090661
331.000000 264.000000 -0.288585 -0.089093
1106.000000 264.000000 0.457786 -0.093638
1128.000000 264.000000 0.483749 -0.094492
254.000000 265.000000 -0.368072 -0.090011
319.000000 265.000000 -0.300637 -0.088406
324.000000 265.000000 -0.295594 -0.088299
287.000000 266.000000 -0.333353 -0.088195
1237.000000 266.000000 0.624042 -0.097577
1260.000000 266.000000 0.656462 -0.098846
285.000000 267.000000 -0.335403 -0.087292
944.000000 268.000000 0.283939 -0.085262
901.000000 269.000000 0.241568 -0.083555
1036.000000 269.000000 0.379252 -0.086486
1229.000000 272.000000 0.612696 -0.090862
1253.000000 272.000000 0.646165 -0.092080
210.000000 273.000000 -0.415805 -0.083540
582.000000 274.000000 -0.052252 -0.077078
1273.000000 274.000000 0.674785 -0.090995
1189.000000 275.000000 0.559217 -0.085907
308.000000 276.000000 -0.311564 -0.078252
583.000000 276.000000 -0.051341 -0.075259
1173.000000 277.000000 0.538624 -0.083203
1270.000000 277.000000 0.670275 -0.087625
1167.000000 280.000000 0.530934 -0.079926
1228.000000 280.000000 0.610949 -0.082445
1242.000000 280.000000 0.630299 -0.083082
1168.000000 282.000000 0.532117 -0.077937
701.000000 283.000000 0.055228 -0.068923
1272.000000 283.000000 0.672882 -0.081301
227.000000 284.000000 -0.396740 -0.072415
1175.000000 284.000000 0.540894 -0.076166
303.000000 285.000000 -0.316491 -0.069851
1244.000000 285.000000 0.632869 -0.077907
305.000000 286.000000 -0.314432 -0.068871
1078.000000 286.000000 0.425047 -0.071148
166.000000 288.000000 -0.465593 -0.070121
169.000000 288.000000 -0.462089 -0.070036
300.000000 288.000000 -0.319504 -0.067073
1212.000000 288.000000 0.588968 -0.073462
285.000000 289.000000 -0.334933 -0.066397
290.000000 289.000000 -0.329763 -0.066306
1171.000000 289.000000 0.535651 -0.070952
1219.000000 289.000000 0.598336 -0.072697
1263.000000 289.000000 0.659620 -0.074495
1275.000000 289.000000 0.676974 -0.075014
713.000000 290.000000 0.066078 -0.062614
1236.000000 290.000000 0.621532 -0.072323
1213.000000 291.000000 0.590192 -0.070397
1276.000000 291.000000 0.678345 -0.072915
1217.000000 292.000000 0.595526 -0.069510
1252.000000 292.000000 0.643828 -0.070860
1274.000000 292.000000 0.675389 -0.071761
292.000000 293.000000 -0.327632 -0.062487
1090.000000 293.000000 0.438459 -0.064619
1215.000000 293.000000 0.592800 -0.068401
1254.000000 295.000000 0.646541 -0.067768
305.000000 296.000000 -0.314266 -0.059446
1160.000000 296.000000 0.521645 -0.063535
223.000000 298.000000 -0.400810 -0.058989
1217.000000 298.000000 0.595314 -0.063295
1193.000000 300.000000 0.563493 -0.060468
224.000000 301.000000 -0.399654 -0.056076
1082.000000 302.000000 0.429181 -0.055658
287.000000 303.000000 -0.332633 -0.053111
1240.000000 303.000000 0.626606 -0.058854
1261.000000 303.000000 0.656216 -0.059557
1246.000000 304.000000 0.634946 -0.058001
226.000000 305.000000 -0.397392 -0.052186
704.000000 306.000000 0.057884 -0.048104
1070.000000 307.000000 0.415628 -0.050570
1264.000000 307.000000 0.660382 -0.055415
1083.000000 309.000000 0.430174 -0.048864
1085.000000 309.000000 0.432436 -0.048901
1092.000000 310.000000 0.440375 -0.048055
1086.000000 311.000000 0.433533 -0.046972
610.000000 312.000000 -0.026890 -0.042631
232.000000 313.000000 -0.390724 -0.044397
613.000000 313.000000 -0.024185 -0.041726
1095.000000 313.000000 0.443750 -0.045179
236.000000 314.000000 -0.386373 -0.043380
709.000000 314.000000 0.062393 -0.040883
1085.000000 314.000000 0.432349 -0.044034
238.000000 315.000000 -0.384197 -0.042394
613.000000 315.000000 -0.024184 -0.039921
1187.000000 315.000000 0.555327 -0.045018
1236.000000 317.000000 0.620664 -0.044109
240.000000 318.000000 -0.382000 -0.039495
1240.000000 319.000000 0.626156 -0.042116
721.000000 320.000000 0.073252 -0.035484
1071.000000 321.000000 0.416522 -0.037034
1163.000000 321.000000 0.524785 -0.038470
1235.000000 322.000000 0.619169 -0.038874
613.000000 323.000000 -0.024178 -0.032705
1198.000000 323.000000 0.569446 -0.037093
1233.000000 323.000000 0.616394 -0.037790
1239.000000 323.000000 0.624679 -0.037916
246.000000 324.000000 -0.375484 -0.033689
1196.000000 324.000000 0.566814 -0.036034
723.000000 325.000000 0.075056 -0.030970
1205.000000 325.000000 0.578612 -0.035177
1166.000000 326.000000 0.528448 -0.033495
1239.000000 326.000000 0.624618 -0.034785
1244.000000 326.000000 0.631574 -0.034882
1168.000000 328.000000 0.530923 -0.031515
1204.000000 329.000000 0.577223 -0.031061
1220.000000 329.000000 0.598572 -0.031325
1170.000000 330.000000 0.533407 -0.029530
1168.000000 331.000000 0.530880 -0.028496
1189.000000 332.000000 0.557598 -0.027775
1241.000000 333.000000 0.627272 -0.027512
663.000000 334.000000 0.020849 -0.022788
1168.000000 334.000000 0.530842 -0.025478
1213.000000 334.000000 0.589096 -0.026065
661.000000 335.000000 0.019048 -0.021887
1211.000000 336.000000 0.586402 -0.023982
653.000000 338.000000 0.011843 -0.019182
1210.000000 339.000000 0.585035 -0.020889
1215.000000 339.000000 0.591709 -0.020945
1071.000000 340.000000 0.416331 -0.018668
645.000000 343.000000 0.004640 -0.014678
1140.000000 347.000000 0.496256 -0.012246
1174.000000 350.000000 0.538263 -0.009421
671.000000 351.000000 0.028051 -0.007477
1095.000000 351.000000 0.443357 -0.008118
1114.000000 351.000000 0.465331 -0.008182
1150.000000 351.000000 0.508400 -0.008315
1183.000000 353.000000 0.549702 -0.006427
1141.000000 354.000000 0.497437 -0.005302
1173.000000 355.000000 0.536982 -0.004379
664.000000 356.000000 0.021745 -0.002973
763.000000 356.000000 0.111435 -0.002990
657.000000 357.000000 0.015442 -0.002073
1133.000000 357.000000 0.487802 -0.002314
1187.000000 358.000000 0.554826 -0.001369
1037.000000 359.000000 0.379072 -0.000310
1068.000000 361.000000 0.412930 0.001612
1186.000000 361.000000 0.553539 0.001672
1151.000000 362.000000 0.509609 0.002650
988.000000 363.000000 0.327554 0.003464
1113.000000 363.000000 0.464149 0.003595
1163.000000 366.000000 0.524445 0.006672
1107.000000 368.000000 0.457176 0.008481
1157.000000 368.000000 0.517008 0.008655
1227.000000 368.000000 0.607820 0.008945
1192.000000 369.000000 0.561306 0.009810
992.000000 370.000000 0.331690 0.010062
690.000000 372.000000 0.045184 0.011442
782.000000 373.000000 0.128862 0.012418
1048.000000 374.000000 0.390997 0.014059
604.000000 375.000000 -0.032278 0.014140
1212.000000 375.000000 0.587644 0.016069
1177.000000 378.000000 0.542121 0.018827
58.000000 379.000000 -0.599968 0.020262
765.000000 380.000000 0.113280 0.018737
1107.000000 380.000000 0.457242 0.020230
76.000000 382.000000 -0.576040 0.023145
1234.000000 382.000000 0.617524 0.023531
49.000000 383.000000 -0.612225 0.024505
55.000000 384.000000 -0.604080 0.025462
766.000000 384.000000 0.114203 0.022361
1112.000000 387.000000 0.463125 0.027139
1256.000000 387.000000 0.648345 0.029078
1145.000000 388.000000 0.502457 0.028509
1129.000000 389.000000 0.483201 0.029304
1106.000000 390.000000 0.456180 0.030013
1152.000000 393.000000 0.511082 0.033591
1122.000000 395.000000 0.474972 0.035136
1170.000000 396.000000 0.533507 0.036889
945.000000 397.000000 0.284183 0.035102
41.000000 398.000000 -0.623470 0.040242
997.000000 399.000000 0.337053 0.037453
1268.000000 400.000000 0.665778 0.043065
1271.000000 400.000000 0.670113 0.043138
40.000000 401.000000 -0.624920 0.043395
767.000000 401.000000 0.115163 0.037772
1206.000000 401.000000 0.580062 0.042673
1239.000000 401.000000 0.624775 0.043421
770.000000 405.000000 0.117926 0.041412
1149.000000 405.000000 0.507615 0.045525
774.000000 407.000000 0.121604 0.043243
1121.000000 407.000000 0.473992 0.046959
1175.000000 407.000000 0.540043 0.048093
702.000000 408.000000 0.056064 0.043936
775.000000 410.000000 0.122534 0.045972
1059.000000 412.000000 0.403439 0.050705
49.000000 413.000000 -0.612864 0.055661
674.000000 413.000000 0.030784 0.048410
775.000000 413.000000 0.122548 0.048698
782.000000 414.000000 0.128988 0.049640
784.000000 415.000000 0.130834 0.050560
787.000000 417.000000 0.133608 0.052395
1112.000000 417.000000 0.463626 0.056630
1257.000000 417.000000 0.650519 0.060752
1061.000000 418.000000 0.405753 0.056535
21.000000 419.000000 -0.652085 0.062861
742.000000 419.000000 0.092394 0.054005
793.000000 420.000000 0.139162 0.055161
1117.000000 421.000000 0.469584 0.060693
1257.000000 421.000000 0.650660 0.064982
1141.000000 422.000000 0.498271 0.062306
132.000000 423.000000 -0.505975 0.063447
793.000000 423.000000 0.139180 0.057895
1183.000000 426.000000 0.550774 0.067592
957.000000 427.000000 0.296548 0.063298
1235.000000 431.000000 0.620202 0.074659
15.000000 433.000000 -0.661199 0.077946
749.000000 433.000000 0.098840 0.066747
741.000000 434.000000 0.091547 0.067617
1119.000000 434.000000 0.472297 0.073604
1125.000000 434.000000 0.479406 0.073786
1128.000000 434.000000 0.482981 0.073879
1176.000000 434.000000 0.542106 0.075489
749.000000 435.000000 0.098851 0.068565
1247.000000 435.000000 0.637086 0.079369
730.000000 436.000000 0.081540 0.069383
1220.000000 436.000000 0.599902 0.079257
751.000000 438.000000 0.100694 0.071305
1205.000000 438.000000 0.579904 0.080705
1219.000000 438.000000 0.598635 0.081294
1221.000000 439.000000 0.601385 0.082421
15.000000 440.000000 -0.661521 0.085398
13.000000 441.000000 -0.664440 0.086561
756.000000 441.000000 0.105283 0.074065
1145.000000 442.000000 0.503772 0.082441
1192.000000 442.000000 0.563001 0.084280
1227.000000 442.000000 0.609685 0.085818
738.000000 443.000000 0.088857 0.075785
1080.000000 443.000000 0.427566 0.081287
1092.000000 444.000000 0.441232 0.082633
1160.000000 444.000000 0.522345 0.085021
1184.000000 444.000000 0.552732 0.085993
745.000000 445.000000 0.095253 0.077644
1269.000000 445.000000 0.668939 0.091048
1276.000000 446.000000 0.679166 0.092488
198.000000 447.000000 -0.429281 0.085206
1173.000000 447.000000 0.538805 0.088591
967.000000 448.000000 0.307037 0.083244
199.000000 449.000000 -0.428215 0.087131
736.000000 449.000000 0.087067 0.081236
1159.000000 449.000000 0.521301 0.090036
1271.000000 449.000000 0.672050 0.095440
202.000000 451.000000 -0.424900 0.088991
1259.000000 453.000000 0.654988 0.099056
1073.000000 454.000000 0.420037 0.091816
1165.000000 454.000000 0.529014 0.095360
1073.000000 456.000000 0.420103 0.093770
1263.000000 456.000000 0.660891 0.102487
1231.000000 457.000000 0.615928 0.101738
210.000000 458.000000 -0.416170 0.095565
1079.000000 458.000000 0.426923 0.095934
1276.000000 458.000000 0.679847 0.105405
1212.000000 459.000000 0.590227 0.102799
1261.000000 459.000000 0.658197 0.105578
860.000000 460.000000 0.202308 0.092547
1269.000000 460.000000 0.669786 0.107132
1252.000000 461.000000 0.645489 0.107174
1256.000000 461.000000 0.651172 0.107414
1261.000000 461.000000 0.658317 0.107717
861.000000 462.000000 0.203290 0.094414
1272.000000 462.000000 0.674263 0.109469
1265.000000 463.000000 0.664191 0.110106
1267.000000 463.000000 0.667078 0.110231
1274.000000 464.000000 0.677301 0.111750
1100.000000 465.000000 0.451190 0.103620
988.000000 467.000000 0.329024 0.101780
1198.000000 467.000000 0.572072 0.110340
1248.000000 467.000000 0.640203 0.113313
196.000000 470.000000 -0.432361 0.107843
1244.000000 470.000000 0.634768 0.116248
1247.000000 471.000000 0.639050 0.117506
1255.000000 471.000000 0.650380 0.118031
1200.000000 472.000000 0.574994 0.115640
1252.000000 472.000000 0.646183 0.118901
195.000000 473.000000 -0.433618 0.110839
1256.000000 473.000000 0.651938 0.120238
781.000000 474.000000 0.128526 0.104454
829.000000 474.000000 0.173212 0.105046
889.000000 474.000000 0.230358 0.106056
836.000000 476.000000 0.179827 0.107000
1143.000000 476.000000 0.502823 0.116594
1237.000000 476.000000 0.625384 0.122159
788.000000 478.000000 0.135042 0.108210
1263.000000 478.000000 0.662314 0.126091
1266.000000 481.000000 0.666858 0.129541
1010.000000 482.000000 0.352486 0.116840
1237.000000 482.000000 0.625794 0.128527
1239.000000 482.000000 0.628581 0.128667
1241.000000 482.000000 0.631375 0.128809
1226.000000 483.000000 0.610673 0.128820
1228.000000 483.000000 0.613418 0.128959
1266.000000 483.000000 0.667006 0.131701
1265.000000 485.000000 0.665712 0.133785
816.000000 486.000000 0.161200 0.115959
1251.000000 486.000000 0.645752 0.133809
1248.000000 487.000000 0.641580 0.134656
791.000000 488.000000 0.137942 0.117467
824.000000 488.000000 0.168727 0.117933
1246.000000 489.000000 0.638908 0.136647
206.000000 490.000000 -0.421922 0.127123
833.000000 490.000000 0.177223 0.119935
872.000000 490.000000 0.214302 0.120662
1216.000000 490.000000 0.597547 0.135502
1219.000000 490.000000 0.601614 0.135717
192.000000 491.000000 -0.437842 0.128772
792.000000 492.000000 0.138921 0.121176
1224.000000 492.000000 0.608577 0.138195
1135.000000 493.000000 0.494012 0.133365
1214.000000 493.000000 0.595060 0.138518
1232.000000 493.000000 0.619660 0.139854
1241.000000 493.000000 0.632189 0.140543
1203.000000 494.000000 0.580397 0.138778
1217.000000 494.000000 0.599191 0.139792
1223.000000 494.000000 0.607358 0.140238
1229.000000 494.000000 0.615593 0.140690
188.000000 495.000000 -0.442622 0.132945
1239.000000 495.000000 0.629547 0.142524
190.000000 497.000000 -0.440429 0.134834
192.000000 497.000000 -0.438139 0.134732
853.000000 497.000000 0.196288 0.126818
866.000000 497.000000 0.208696 0.127084
814.000000 498.000000 0.159512 0.127055
1208.000000 498.000000 0.587360 0.143341
1226.000000 498.000000 0.611773 0.144708
1241.000000 498.000000 0.632583 0.145891
858.000000 499.000000 0.201092 0.128788
1193.000000 499.000000 0.567547 0.143292
1243.000000 499.000000 0.635470 0.147124
1245.000000 499.000000 0.638284 0.147287
1248.000000 499.000000 0.642520 0.147531
100.000000 501.000000 -0.549781 0.144313
190.000000 501.000000 -0.440637 0.138817
254.000000 501.000000 -0.369697 0.135793
811.000000 501.000000 0.156753 0.129794
1092.000000 501.000000 0.443643 0.139016
98.000000 502.000000 -0.552425 0.145491
806.000000 502.000000 0.152096 0.130644
879.000000 502.000000 0.221300 0.132060
1230.000000 502.000000 0.617599 0.149281
872.000000 503.000000 0.214583 0.132838
1200.000000 503.000000 0.577074 0.147996
189.000000 504.000000 -0.441945 0.141862
1217.000000 504.000000 0.599957 0.150366
281.000000 505.000000 -0.341237 0.138577
934.000000 505.000000 0.275306 0.136372
1210.000000 506.000000 0.590658 0.151927
1220.000000 506.000000 0.604198 0.152728
788.000000 507.000000 0.135414 0.135018
1203.000000 507.000000 0.581368 0.152431
188.000000 508.000000 -0.443314 0.145912
193.000000 508.000000 -0.437576 0.145636
1206.000000 508.000000 0.585451 0.153721
815.000000 509.000000 0.160631 0.137306
869.000000 509.000000 0.211840 0.138403
1185.000000 509.000000 0.557838 0.153143
1192.000000 509.000000 0.566980 0.153677
112.000000 510.000000 -0.535112 0.152785
879.000000 510.000000 0.221493 0.139585
1213.000000 511.000000 0.595106 0.157461
875.000000 512.000000 0.217684 0.141370
1229.000000 513.000000 0.617138 0.160945
724.000000 514.000000 0.076570 0.140776
1223.000000 514.000000 0.608968 0.161495
1184.000000 515.000000 0.557001 0.159336
212.000000 516.000000 -0.416484 0.152564
259.000000 516.000000 -0.365000 0.150209
1174.000000 516.000000 0.544174 0.159603
263.000000 517.000000 -0.360772 0.151003
776.000000 517.000000 0.124430 0.144140
783.000000 517.000000 0.130919 0.144241
843.000000 517.000000 0.187197 0.145330
172.000000 518.000000 -0.462511 0.156912
842.000000 520.000000 0.186313 0.148125
1177.000000 520.000000 0.548342 0.164009
1186.000000 520.000000 0.560005 0.164735
1208.000000 520.000000 0.589128 0.166585
1216.000000 520.000000 0.599939 0.167283
170.000000 521.000000 -0.465056 0.160074
1214.000000 521.000000 0.597313 0.168172
843.000000 522.000000 0.187307 0.150026
1175.000000 522.000000 0.545929 0.165939
1201.000000 522.000000 0.579937 0.168101
195.000000 523.000000 -0.436151 0.160526
1209.000000 523.000000 0.590736 0.169859
846.000000 524.000000 0.190205 0.151975
1091.000000 524.000000 0.443821 0.162008
1094.000000 524.000000 0.447293 0.162196
1276.000000 524.000000 0.685164 0.177312
1163.000000 526.000000 0.530948 0.169150
1197.000000 527.000000 0.575059 0.173045
843.000000 528.000000 0.187444 0.155672
883.000000 528.000000 0.225842 0.156704
1083.000000 528.000000 0.434867 0.165532
1155.000000 528.000000 0.521037 0.170595
1250.000000 528.000000 0.647985 0.179095
1164.000000 529.000000 0.532456 0.172354
872.000000 530.000000 0.215259 0.158293
1175.000000 530.000000 0.546587 0.174310
1208.000000 530.000000 0.590021 0.177222
718.000000 531.000000 0.071226 0.156498
1196.000000 531.000000 0.574089 0.177193
1155.000000 533.000000 0.521436 0.175787
1172.000000 533.000000 0.542988 0.177200
1271.000000 533.000000 0.678773 0.186731
917.000000 534.000000 0.259351 0.163490
1164.000000 534.000000 0.532868 0.177571
1191.000000 534.000000 0.567758 0.179921
51.000000 535.000000 -0.617933 0.184389
909.000000 535.000000 0.251479 0.164175
1066.000000 535.000000 0.415995 0.171502
1108.000000 535.000000 0.464413 0.174277
1082.000000 536.000000 0.434232 0.173521
1146.000000 536.000000 0.510460 0.178175
1150.000000 536.000000 0.515431 0.178498
1155.000000 536.000000 0.521681 0.178908
1185.000000 536.000000 0.560073 0.181495
1163.000000 537.000000 0.531853 0.180621
170.000000 538.000000 -0.466218 0.177349
1043.000000 538.000000 0.390587 0.173124
1157.000000 538.000000 0.524360 0.181158
1143.000000 539.000000 0.506990 0.181042
1181.000000 539.000000 0.555133 0.184303
906.000000 540.000000 0.248692 0.168858
1153.000000 540.000000 0.519508 0.182907
176.000000 541.000000 -0.459366 0.179975
1143.000000 541.000000 0.507153 0.183117
1149.000000 541.000000 0.514597 0.183613
196.000000 542.000000 -0.436222 0.179594
834.000000 542.000000 0.179228 0.168673
903.000000 542.000000 0.245808 0.170671
1157.000000 542.000000 0.524700 0.185334
1146.000000 543.000000 0.511035 0.185443
1164.000000 543.000000 0.533643 0.186992
177.000000 544.000000 -0.458409 0.182961
184.000000 544.000000 -0.450228 0.182456
852.000000 544.000000 0.196428 0.171027
893.000000 544.000000 0.236071 0.172251
188.000000 545.000000 -0.445654 0.183188
1143.000000 545.000000 0.507485 0.187271
1223.000000 546.000000 0.612020 0.195887
896.000000 547.000000 0.239108 0.175224
935.000000 547.000000 0.277793 0.176670
1113.000000 547.000000 0.471233 0.186918
1157.000000 547.000000 0.525137 0.190566
1185.000000 547.000000 0.561095 0.193148
850.000000 548.000000 0.194623 0.174772
868.000000 548.000000 0.211915 0.175286
894.000000 548.000000 0.237183 0.176114
898.000000 548.000000 0.241103 0.176251
1139.000000 548.000000 0.502802 0.190052
1163.000000 548.000000 0.532819 0.192153
201.000000 549.000000 -0.430976 0.186334
866.000000 549.000000 0.210016 0.176180
1161.000000 549.000000 0.530372 0.193022
1051.000000 550.000000 0.400159 0.185594
1168.000000 550.000000 0.539379 0.194718
1267.000000 550.000000 0.674815 0.205118
891.000000 551.000000 0.234349 0.178889
1141.000000 551.000000 0.505524 0.193345
1155.000000 551.000000 0.522976 0.194579
1197.000000 551.000000 0.577327 0.198596
863.000000 552.000000 0.207214 0.178953
867.000000 552.000000 0.211071 0.179073
833.000000 553.000000 0.178551 0.179075
955.000000 553.000000 0.298299 0.183349
1155.000000 553.000000 0.523157 0.196678
1177.000000 553.000000 0.551255 0.198747
1250.000000 553.000000 0.650654 0.206491
866.000000 554.000000 0.210167 0.180954
946.000000 554.000000 0.289190 0.183921
1126.000000 554.000000 0.487422 0.195185
1135.000000 554.000000 0.498398 0.195950
1145.000000 554.000000 0.510743 0.196826
1159.000000 554.000000 0.528297 0.198096
1167.000000 554.000000 0.538475 0.198846
881.000000 556.000000 0.224764 0.183348
1164.000000 556.000000 0.534835 0.200674
1167.000000 556.000000 0.538666 0.200960
1229.000000 556.000000 0.621405 0.207410
970.000000 557.000000 0.313888 0.187967
1171.000000 557.000000 0.543895 0.202406
1123.000000 558.000000 0.484127 0.199078
1144.000000 558.000000 0.509859 0.200920
1219.000000 558.000000 0.607811 0.208478
1229.000000 559.000000 0.621743 0.210688
962.000000 561.000000 0.305842 0.191496
1122.000000 561.000000 0.483175 0.202105
1146.000000 561.000000 0.512622 0.204249
1196.000000 561.000000 0.577033 0.209227
1267.000000 561.000000 0.676115 0.217371
992.000000 562.000000 0.337094 0.194035
1164.000000 562.000000 0.535415 0.207020
848.000000 563.000000 0.193132 0.189019
931.000000 563.000000 0.274444 0.192021
972.000000 563.000000 0.316259 0.193959
1116.000000 563.000000 0.476121 0.203665
1120.000000 563.000000 0.480933 0.204009
1251.000000 563.000000 0.653255 0.217664
876.000000 564.000000 0.220172 0.190864
908.000000 565.000000 0.251589 0.193007
901.000000 566.000000 0.244712 0.193701
935.000000 566.000000 0.278602 0.195120
988.000000 566.000000 0.333108 0.197772
1153.000000 566.000000 0.521863 0.210177
1155.000000 566.000000 0.524384 0.210372
252.000000 567.000000 -0.375352 0.201055
1096.000000 567.000000 0.452734 0.206127
224.000000 568.000000 -0.406307 0.203957
898.000000 568.000000 0.241833 0.195521
1132.000000 568.000000 0.495969 0.210293
1137.000000 568.000000 0.502117 0.210757
1251.000000 568.000000 0.653863 0.223216
976.000000 569.000000 0.320727 0.200083
1106.000000 569.000000 0.464699 0.209027
1148.000000 569.000000 0.515879 0.212858
966.000000 570.000000 0.310415 0.200540
1253.000000 570.000000 0.656977 0.225689
680.000000 571.000000 0.036741 0.193698
944.000000 571.000000 0.287940 0.200425
972.000000 571.000000 0.316678 0.201843
1092.000000 571.000000 0.448381 0.209919
1107.000000 571.000000 0.466058 0.211185
1134.000000 571.000000 0.498704 0.213623
1148.000000 571.000000 0.516075 0.214970
1261.000000 571.000000 0.668638 0.227809
698.000000 572.000000 0.053250 0.194768
1127.000000 572.000000 0.490226 0.214018
870.000000 573.000000 0.214656 0.199328
899.000000 573.000000 0.243015 0.200407
978.000000 573.000000 0.323029 0.204148
1182.000000 573.000000 0.559832 0.220627
234.000000 574.000000 -0.395593 0.209324
953.000000 574.000000 0.297261 0.203813
1110.000000 574.000000 0.469896 0.214563
1112.000000 574.000000 0.472288 0.214741
1123.000000 574.000000 0.485546 0.215740
1217.000000 575.000000 0.607023 0.226809
234.000000 576.000000 -0.395736 0.211350
691.000000 576.000000 0.046857 0.198497
911.000000 576.000000 0.255018 0.203819
998.000000 576.000000 0.344248 0.208290
684.000000 577.000000 0.040443 0.199396
898.000000 577.000000 0.242189 0.204252
908.000000 577.000000 0.252081 0.204666
1109.000000 577.000000 0.468970 0.217595
1118.000000 577.000000 0.479772 0.218415
236.000000 578.000000 -0.393662 0.213234
817.000000 578.000000 0.164026 0.202514
872.000000 578.000000 0.216775 0.204230
938.000000 578.000000 0.282193 0.207004
951.000000 579.000000 0.295470 0.208636
1103.000000 579.000000 0.462011 0.219140
901.000000 580.000000 0.245274 0.207295
903.000000 580.000000 0.247253 0.207379
906.000000 580.000000 0.250225 0.207506
914.000000 580.000000 0.258178 0.207853
965.000000 580.000000 0.309915 0.210365
1253.000000 580.000000 0.658251 0.236861
953.000000 581.000000 0.297620 0.210712
1091.000000 581.000000 0.448057 0.220163
1102.000000 581.000000 0.461005 0.221131
1211.000000 581.000000 0.599535 0.232664
1276.000000 581.000000 0.691846 0.241026
884.000000 582.000000 0.228631 0.208557
1232.000000 582.000000 0.628702 0.236383
1085.000000 583.000000 0.441235 0.221717
1121.000000 583.000000 0.483968 0.224986
1123.000000 583.000000 0.486398 0.225179
227.000000 584.000000 -0.404131 0.220007
687.000000 584.000000 0.043243 0.206057
955.000000 584.000000 0.299830 0.213784
1103.000000 584.000000 0.462462 0.224346
1245.000000 584.000000 0.647330 0.240292
238.000000 585.000000 -0.391958 0.220198
892.000000 585.000000 0.236604 0.211797
1093.000000 585.000000 0.450750 0.224487
265.000000 586.000000 -0.362522 0.219301
934.000000 586.000000 0.278537 0.214676
957.000000 586.000000 0.301993 0.215872
1084.000000 586.000000 0.440331 0.224735
1080.000000 587.000000 0.435781 0.225425
1095.000000 588.000000 0.453370 0.227787
1074.000000 589.000000 0.429035 0.226981
1220.000000 589.000000 0.612896 0.242606
860.000000 590.000000 0.205566 0.215432
877.000000 590.000000 0.222097 0.216070
6.000000 591.000000 -0.688701 0.251777
937.000000 591.000000 0.281828 0.219762
1102.000000 591.000000 0.461923 0.231566
1109.000000 591.000000 0.470273 0.232233
670.000000 593.000000 0.027685 0.214526
687.000000 593.000000 0.043308 0.214629
1070.000000 593.000000 0.424787 0.230774
1073.000000 593.000000 0.428229 0.231032
1107.000000 593.000000 0.468072 0.234140
1238.000000 593.000000 0.638593 0.249434
1240.000000 593.000000 0.641425 0.249704
173.000000 594.000000 -0.467365 0.235011
1001.000000 594.000000 0.348595 0.226541
1056.000000 594.000000 0.408957 0.230633
1076.000000 595.000000 0.431857 0.233366
1102.000000 595.000000 0.462304 0.235758
1275.000000 595.000000 0.692297 0.256821
998.000000 596.000000 0.345526 0.228358
1070.000000 596.000000 0.425046 0.233878
1079.000000 596.000000 0.435413 0.234671
678.000000 597.000000 0.035059 0.218390
1055.000000 597.000000 0.408076 0.233640
1090.000000 597.000000 0.448323 0.236717
1135.000000 597.000000 0.502557 0.241226
674.000000 599.000000 0.031392 0.220280
1053.000000 599.000000 0.405988 0.235535
1112.000000 599.000000 0.474665 0.240954
1127.000000 599.000000 0.492904 0.242504
863.000000 600.000000 0.208847 0.225286
158.000000 601.000000 -0.486139 0.243905
948.000000 601.000000 0.293586 0.230283
1052.000000 601.000000 0.405029 0.237514
1068.000000 601.000000 0.423192 0.238888
1242.000000 601.000000 0.645368 0.258977
75.000000 602.000000 -0.592831 0.254766
923.000000 602.000000 0.268242 0.229931
971.000000 602.000000 0.317432 0.232650
995.000000 602.000000 0.342735 0.234217
1091.000000 602.000000 0.449969 0.242047
1098.000000 602.000000 0.458233 0.242724
1110.000000 602.000000 0.472562 0.243922
164.000000 603.000000 -0.479069 0.245404
674.000000 603.000000 0.031415 0.224113
888.000000 603.000000 0.233429 0.229255
1070.000000 603.000000 0.425663 0.241145
1100.000000 603.000000 0.460706 0.243974
920.000000 604.000000 0.265325 0.231761
1080.000000 604.000000 0.437303 0.243102
1106.000000 604.000000 0.467965 0.245631
1151.000000 604.000000 0.523389 0.250524
76.000000 605.000000 -0.591872 0.257956
167.000000 605.000000 -0.475655 0.247214
220.000000 605.000000 -0.413733 0.242181
994.000000 605.000000 0.341876 0.237185
1040.000000 605.000000 0.391930 0.240646
1103.000000 605.000000 0.464479 0.246384
985.000000 606.000000 0.332395 0.237585
1049.000000 606.000000 0.402076 0.242425
1149.000000 606.000000 0.521090 0.252451
251.000000 607.000000 -0.379299 0.241679
1046.000000 607.000000 0.398795 0.243206
1092.000000 607.000000 0.451631 0.247397
1082.000000 608.000000 0.440008 0.247479
1179.000000 608.000000 0.560034 0.258288
132.000000 609.000000 -0.519220 0.255345
866.000000 609.000000 0.212122 0.234224
983.000000 609.000000 0.330484 0.240485
1084.000000 609.000000 0.442438 0.248721
1125.000000 609.000000 0.491529 0.252955
1127.000000 609.000000 0.493987 0.253176
963.000000 610.000000 0.309601 0.240193
1092.000000 610.000000 0.451928 0.250558
77.000000 611.000000 -0.591321 0.264480
1082.000000 611.000000 0.440297 0.250628
1127.000000 611.000000 0.494210 0.255319
734.000000 612.000000 0.086971 0.233430
898.000000 612.000000 0.243736 0.238601
961.000000 612.000000 0.307649 0.242082
1117.000000 612.000000 0.482082 0.255286
964.000000 613.000000 0.310831 0.243280
1086.000000 613.000000 0.445170 0.253125
895.000000 614.000000 0.240854 0.240440
1035.000000 614.000000 0.387118 0.249516
1117.000000 614.000000 0.482301 0.257423
985.000000 615.000000 0.333011 0.246709
996.000000 615.000000 0.344720 0.247494
276.000000 616.000000 -0.352809 0.248980
860.000000 616.000000 0.206563 0.240869
765.000000 617.000000 0.116004 0.238874
1028.000000 617.000000 0.379624 0.252034
1227.000000 617.000000 0.626486 0.274898
769.000000 619.000000 0.119803 0.240912
1081.000000 619.000000 0.439918 0.258957
1258.000000 620.000000 0.671145 0.282968
42.000000 621.000000 -0.641202 0.280724
1020.000000 623.000000 0.371324 0.257573
1067.000000 623.000000 0.424085 0.261793
738.000000 624.000000 0.090900 0.245144
968.000000 624.000000 0.315732 0.254686
1022.000000 624.000000 0.373602 0.258774
1015.000000 625.000000 0.366020 0.259230
1032.000000 625.000000 0.384727 0.260664
1068.000000 625.000000 0.425432 0.263999
997.000000 627.000000 0.346693 0.259861
1019.000000 627.000000 0.370561 0.261631
1022.000000 627.000000 0.373854 0.261883
1136.000000 627.000000 0.507257 0.273659
1012.000000 628.000000 0.362995 0.262086
1069.000000 628.000000 0.426884 0.267266
1054.000000 629.000000 0.409797 0.266853
892.000000 630.000000 0.238664 0.256232
995.000000 630.000000 0.344778 0.262793
1022.000000 630.000000 0.374110 0.264999
1075.000000 630.000000 0.434042 0.269994
1219.000000 631.000000 0.617405 0.289581
939.000000 633.000000 0.286272 0.261924
986.000000 633.000000 0.335387 0.265190
995.000000 633.000000 0.345013 0.265886
999.000000 633.000000 0.349316 0.266204
1077.000000 633.000000 0.436685 0.273391
1110.000000 633.000000 0.475947 0.277049
1253.000000 633.000000 0.665941 0.297182
1006.000000 634.000000 0.356966 0.267806
1053.000000 634.000000 0.409142 0.272023
1271.000000 634.000000 0.692311 0.301227
1004.000000 635.000000 0.354880 0.268679
1009.000000 635.000000 0.360309 0.269093
1060.000000 635.000000 0.417231 0.273771
1064.000000 635.000000 0.421825 0.274174
962.000000 636.000000 0.310287 0.266513
969.000000 636.000000 0.317623 0.267012
977.000000 636.000000 0.326059 0.267598
1067.000000 636.000000 0.425386 0.275542
1193.000000 636.000000 0.582536 0.291344
1011.000000 637.000000 0.362656 0.271340
1058.000000 637.000000 0.415141 0.275688
1110.000000 637.000000 0.476418 0.281376
962.000000 638.000000 0.310428 0.268561
973.000000 638.000000 0.321981 0.269358
918.000000 639.000000 0.265236 0.266721
987.000000 639.000000 0.336918 0.271455
1025.000000 639.000000 0.378212 0.274654
1027.000000 639.000000 0.380427 0.274835
1248.000000 640.000000 0.659862 0.304486
927.000000 641.000000 0.274501 0.269298
988.000000 642.000000 0.338224 0.274638
1005.000000 642.000000 0.356550 0.276037
1018.000000 642.000000 0.370759 0.277168
1041.000000 642.000000 0.396344 0.279303
1133.000000 642.000000 0.505399 0.289687
103.000000 643.000000 -0.561068 0.296564
899.000000 643.000000 0.246336 0.269680
950.000000 643.000000 0.298280 0.272846
948.000000 644.000000 0.296276 0.273733
953.000000 644.000000 0.301466 0.274080
994.000000 644.000000 0.344823 0.277200
1001.000000 644.000000 0.352380 0.277783
958.000000 645.000000 0.306747 0.275463
988.000000 645.000000 0.338464 0.277750
1017.000000 645.000000 0.369928 0.280222
1020.000000 645.000000 0.373232 0.280493
1029.000000 645.000000 0.383202 0.281324
910.000000 646.000000 0.257564 0.273349
947.000000 646.000000 0.295378 0.275715
991.000000 646.000000 0.341763 0.279033
1014.000000 646.000000 0.366722 0.281002
680.000000 647.000000 0.037261 0.266901
919.000000 649.000000 0.266858 0.276949
956.000000 649.000000 0.304948 0.279437
982.000000 649.000000 0.332375 0.281422
1012.000000 649.000000 0.364798 0.283971
1026.000000 649.000000 0.380243 0.285260
967.000000 650.000000 0.316556 0.281287
940.000000 651.000000 0.288486 0.280368
997.000000 651.000000 0.348647 0.284751
1012.000000 653.000000 0.365160 0.288177
1043.000000 653.000000 0.399693 0.291169
985.000000 654.000000 0.335989 0.286875
1125.000000 654.000000 0.496994 0.301860
1007.000000 655.000000 0.359868 0.289829
1037.000000 655.000000 0.393125 0.292692
1053.000000 655.000000 0.411280 0.294347
1062.000000 655.000000 0.421629 0.295318
1065.000000 655.000000 0.425101 0.295648
1016.000000 656.000000 0.369837 0.291712
1029.000000 656.000000 0.384258 0.292960
929.000000 657.000000 0.277580 0.285792
941.000000 657.000000 0.289936 0.286617
1009.000000 657.000000 0.362238 0.292119
1007.000000 658.000000 0.360141 0.292991
1016.000000 658.000000 0.370025 0.293828
1023.000000 658.000000 0.377772 0.294498
1061.000000 658.000000 0.420804 0.298437
1067.000000 658.000000 0.427759 0.299107
1120.000000 658.000000 0.491322 0.305617
1039.000000 659.000000 0.395787 0.297162
1074.000000 659.000000 0.436047 0.300989
939.000000 660.000000 0.288080 0.289575
1246.000000 660.000000 0.660332 0.327492
987.000000 661.000000 0.338725 0.294375
995.000000 661.000000 0.347355 0.295073
1002.000000 661.000000 0.354957 0.295701
1015.000000 661.000000 0.369207 0.296912
1070.000000 661.000000 0.431597 0.302695
1242.000000 661.000000 0.654766 0.327978
388.000000 662.000000 -0.239962 0.288509
963.000000 662.000000 0.313271 0.293446
1017.000000 662.000000 0.371511 0.298165
691.000000 663.000000 0.047652 0.282848
1022.000000 664.000000 0.377249 0.300782
1026.000000 664.000000 0.381704 0.301181
1226.000000 664.000000 0.632549 0.328742
156.000000 665.000000 -0.496313 0.313656
938.000000 665.000000 0.287404 0.294683
964.000000 665.000000 0.314564 0.296658
1012.000000 665.000000 0.366283 0.300872
1050.000000 665.000000 0.408927 0.304772
1076.000000 665.000000 0.439103 0.307747
147.000000 666.000000 -0.507702 0.316024
282.000000 666.000000 -0.350465 0.300462
955.000000 666.000000 0.305177 0.296994
1018.000000 667.000000 0.373106 0.303586
1054.000000 667.000000 0.413737 0.307375
1225.000000 667.000000 0.631655 0.332077
1247.000000 667.000000 0.662986 0.335908
161.000000 668.000000 -0.490525 0.316310
937.000000 668.000000 0.286586 0.297727
272.000000 669.000000 -0.361652 0.304574
1019.000000 669.000000 0.374414 0.305821
1059.000000 669.000000 0.419730 0.310110
1071.000000 669.000000 0.433706 0.311514
1237.000000 669.000000 0.649012 0.336512
1223.000000 670.000000 0.629360 0.335243
163.000000 671.000000 -0.488465 0.319378
672.000000 671.000000 0.029998 0.290661
1075.000000 671.000000 0.438649 0.314183
1166.000000 671.000000 0.551920 0.326914
1247.000000 671.000000 0.663691 0.340637
940.000000 672.000000 0.289989 0.302115
1022.000000 672.000000 0.378054 0.309337
76.000000 673.000000 -0.602146 0.335084
163.000000 673.000000 -0.488741 0.321609
970.000000 673.000000 0.321578 0.305551
1025.000000 673.000000 0.381506 0.310719
1048.000000 673.000000 0.407525 0.313203
1073.000000 673.000000 0.436538 0.316130
1198.000000 673.000000 0.595191 0.334452
810.000000 674.000000 0.160494 0.296840
967.000000 674.000000 0.318476 0.306353
973.000000 674.000000 0.324857 0.306862
1059.000000 674.000000 0.420310 0.315551
1077.000000 674.000000 0.441379 0.317720
1080.000000 674.000000 0.444932 0.318094
1228.000000 674.000000 0.637111 0.340816
1027.000000 675.000000 0.383954 0.313081
1052.000000 675.000000 0.412343 0.315829
1085.000000 675.000000 0.451008 0.319828
937.000000 676.000000 0.287177 0.306070
966.000000 676.000000 0.317583 0.308378
991.000000 676.000000 0.344383 0.310590
1041.000000 676.000000 0.399872 0.315675
1056.000000 676.000000 0.417071 0.317382
65.000000 677.000000 -0.618031 0.341643
139.000000 677.000000 -0.519427 0.329570
1069.000000 677.000000 0.432327 0.320029
1002.000000 678.000000 0.356557 0.313769
1058.000000 678.000000 0.419622 0.319801
1223.000000 678.000000 0.630766 0.344642
151.000000 679.000000 -0.504545 0.330053
167.000000 679.000000 -0.484641 0.327762
684.000000 679.000000 0.041280 0.298795
968.000000 679.000000 0.319963 0.311719
160.000000 680.000000 -0.493445 0.329876
930.000000 680.000000 0.280231 0.309736
943.000000 680.000000 0.293722 0.310724
976.000000 680.000000 0.328587 0.313480
965.000000 681.000000 0.316947 0.313580
1048.000000 681.000000 0.408438 0.321908
1051.000000 681.000000 0.411887 0.322257
1085.000000 681.000000 0.451784 0.326466
1223.000000 681.000000 0.631301 0.348182
77.000000 682.000000 -0.602317 0.345410
1005.000000 682.000000 0.360245 0.318355
1192.000000 682.000000 0.588540 0.343901
939.000000 683.000000 0.289789 0.313569
1046.000000 683.000000 0.406375 0.323861
1051.000000 684.000000 0.412240 0.325541
1055.000000 684.000000 0.416861 0.326018
938.000000 685.000000 0.288904 0.315598
1009.000000 685.000000 0.364959 0.321991
1025.000000 685.000000 0.382780 0.323681
930.000000 686.000000 0.280680 0.316036
93.000000 687.000000 -0.581393 0.348487
140.000000 687.000000 -0.519678 0.340790
170.000000 687.000000 -0.482078 0.336323
995.000000 687.000000 0.349784 0.322739
1018.000000 687.000000 0.375162 0.325097
90.000000 688.000000 -0.585623 0.350172
765.000000 688.000000 0.117856 0.309525
960.000000 688.000000 0.312247 0.320581
967.000000 688.000000 0.319684 0.321193
1089.000000 688.000000 0.457517 0.334793
169.000000 689.000000 -0.483597 0.338721
1039.000000 689.000000 0.399068 0.329614
1103.000000 689.000000 0.474661 0.337859
1138.000000 689.000000 0.518447 0.343087
94.000000 690.000000 -0.580561 0.351818
172.000000 690.000000 -0.480048 0.339418
966.000000 690.000000 0.318797 0.323238
1016.000000 690.000000 0.373253 0.328139
1092.000000 690.000000 0.461412 0.337442
924.000000 691.000000 0.274858 0.320851
1034.000000 691.000000 0.393610 0.331228
90.000000 692.000000 -0.586321 0.354857
140.000000 692.000000 -0.520459 0.346512
160.000000 692.000000 -0.495202 0.343440
744.000000 692.000000 0.098001 0.313026
1067.000000 692.000000 0.431860 0.336343
615.000000 693.000000 -0.023261 0.312797
925.000000 693.000000 0.276042 0.323039
1015.000000 693.000000 0.372462 0.331294
1020.000000 693.000000 0.378049 0.331840
1003.000000 694.000000 0.359267 0.331109
1141.000000 694.000000 0.523083 0.349299
761.000000 695.000000 0.114253 0.316565
925.000000 695.000000 0.276195 0.325155
1057.000000 695.000000 0.420536 0.338401
1064.000000 695.000000 0.428721 0.339292
951.000000 697.000000 0.303508 0.329400
956.000000 697.000000 0.308794 0.329836
1135.000000 697.000000 0.515881 0.351791
126.000000 698.000000 -0.539494 0.355699
875.000000 698.000000 0.225536 0.324850
938.000000 698.000000 0.289945 0.329374
949.000000 698.000000 0.301486 0.330297
1096.000000 698.000000 0.467396 0.347015
1098.000000 698.000000 0.469836 0.347303
1142.000000 698.000000 0.525016 0.354072
1017.000000 699.000000 0.375354 0.338066
167.000000 700.000000 -0.487694 0.351496
1045.000000 700.000000 0.407259 0.342451
1128.000000 700.000000 0.507456 0.354128
1134.000000 700.000000 0.515085 0.355086
1000.000000 702.000000 0.356800 0.339499
1132.000000 702.000000 0.512857 0.357071
137.000000 703.000000 -0.526080 0.359677
943.000000 703.000000 0.295602 0.335135
847.000000 704.000000 0.198019 0.329500
875.000000 704.000000 0.225912 0.331154
1011.000000 704.000000 0.369210 0.342882
1028.000000 704.000000 0.388317 0.344828
1086.000000 704.000000 0.456126 0.352374
957.000000 705.000000 0.310571 0.338520
168.000000 706.000000 -0.487365 0.358204
1006.000000 706.000000 0.363869 0.344524
1016.000000 706.000000 0.375023 0.345644
1208.000000 706.000000 0.614899 0.375145
687.000000 707.000000 0.044409 0.327329
942.000000 707.000000 0.294894 0.339343
984.000000 707.000000 0.339797 0.343289
1061.000000 707.000000 0.426769 0.352311
527.000000 708.000000 -0.106639 0.329674
617.000000 708.000000 -0.021468 0.328132
939.000000 708.000000 0.291830 0.340160
1029.000000 708.000000 0.389928 0.349376
1086.000000 708.000000 0.456700 0.356910
1141.000000 708.000000 0.525382 0.365507
1021.000000 709.000000 0.380991 0.349535
1137.000000 709.000000 0.520400 0.366002
1241.000000 709.000000 0.662104 0.385057
1058.000000 710.000000 0.423648 0.355283
1142.000000 710.000000 0.527010 0.368008
1176.000000 710.000000 0.571849 0.373982
150.000000 711.000000 -0.510768 0.366824
615.000000 711.000000 -0.023369 0.331235
678.000000 711.000000 0.035966 0.331353
938.000000 711.000000 0.291039 0.343303
1140.000000 711.000000 0.524597 0.368837
1179.000000 711.000000 0.576074 0.375716
588.000000 712.000000 -0.048844 0.332529
963.000000 712.000000 0.317625 0.346658
1057.000000 712.000000 0.422743 0.357400
1090.000000 712.000000 0.462136 0.362053
944.000000 713.000000 0.297527 0.345988
1054.000000 713.000000 0.419366 0.358126
1087.000000 713.000000 0.458640 0.362752
1175.000000 713.000000 0.571051 0.377359
1179.000000 713.000000 0.576441 0.378093
956.000000 714.000000 0.310339 0.348169
989.000000 714.000000 0.345986 0.351470
1057.000000 714.000000 0.423012 0.359655
1205.000000 714.000000 0.612246 0.384175
1002.000000 715.000000 0.360429 0.353992
941.000000 716.000000 0.294631 0.348969
946.000000 716.000000 0.299909 0.349418
1058.000000 716.000000 0.424457 0.362050
