953.000000 3.000000 0.307381 -0.349796
968.000000 4.000000 0.323336 -0.350149
960.000000 5.000000 0.314657 -0.348281
1055.000000 5.000000 0.420751 -0.359152
467.000000 7.000000 -0.164655 -0.335782
890.000000 7.000000 0.241625 -0.340344
1064.000000 7.000000 0.431063 -0.358116
1107.000000 7.000000 0.483123 -0.364426
1022.000000 8.000000 0.382424 -0.351620
1093.000000 9.000000 0.465590 -0.359995
980.000000 11.000000 0.335606 -0.343710
1022.000000 11.000000 0.382069 -0.348294
1064.000000 11.000000 0.430518 -0.353603
1069.000000 11.000000 0.436433 -0.354285
1125.000000 11.000000 0.505051 -0.362670
461.000000 12.000000 -0.170277 -0.330832
926.000000 12.000000 0.278217 -0.337728
1024.000000 12.000000 0.384210 -0.347423
1169.000000 12.000000 0.562079 -0.369003
1146.000000 13.000000 0.531640 -0.363826
237.000000 14.000000 -0.404922 -0.347278
991.000000 14.000000 0.347286 -0.341565
1064.000000 14.000000 0.430114 -0.350229
1092.000000 15.000000 0.463488 -0.353011
1237.000000 15.000000 0.655622 -0.378118
241.000000 16.000000 -0.400090 -0.344566
364.000000 16.000000 -0.267065 -0.332542
1080.000000 16.000000 0.448857 -0.350167
1172.000000 16.000000 0.565373 -0.364824
989.000000 17.000000 0.344791 -0.338091
1076.000000 17.000000 0.443934 -0.348484
1105.000000 17.000000 0.479116 -0.352657
274.000000 19.000000 -0.362638 -0.337501
1004.000000 21.000000 0.360848 -0.335298
1155.000000 22.000000 0.541847 -0.354867
1070.000000 24.000000 0.435867 -0.339830
1008.000000 25.000000 0.364849 -0.331369
1271.000000 25.000000 0.702927 -0.372431
974.000000 26.000000 0.327674 -0.326902
999.000000 26.000000 0.354819 -0.329345
1071.000000 27.000000 0.436655 -0.336617
276.000000 29.000000 -0.359386 -0.326427
1266.000000 29.000000 0.694884 -0.366669
976.000000 31.000000 0.329358 -0.321729
950.000000 32.000000 0.301652 -0.318392
408.000000 33.000000 -0.221410 -0.311766
1048.000000 34.000000 0.408973 -0.326026
947.000000 35.000000 0.298259 -0.314971
960.000000 35.000000 0.311947 -0.316050
955.000000 36.000000 0.306582 -0.314570
953.000000 37.000000 0.304394 -0.313347
1139.000000 37.000000 0.518748 -0.335038
1177.000000 37.000000 0.568431 -0.341160
1112.000000 38.000000 0.484687 -0.329910
1072.000000 39.000000 0.436300 -0.323449
1117.000000 40.000000 0.490595 -0.328376
1070.000000 42.000000 0.433574 -0.319898
1223.000000 43.000000 0.630573 -0.342122
358.000000 44.000000 -0.271188 -0.303527
982.000000 46.000000 0.334446 -0.306307
1139.000000 46.000000 0.517385 -0.324828
1102.000000 47.000000 0.471185 -0.318482
478.000000 49.000000 -0.152284 -0.292111
1084.000000 49.000000 0.449260 -0.313944
1152.000000 49.000000 0.533616 -0.323390
207.000000 50.000000 -0.435354 -0.311272
423.000000 51.000000 -0.205599 -0.292449
14.000000 53.000000 -0.688945 -0.337452
239.000000 53.000000 -0.398157 -0.304413
995.000000 53.000000 0.347849 -0.300066
413.000000 54.000000 -0.215300 -0.289899
1000.000000 54.000000 0.353191 -0.299465
1092.000000 54.000000 0.458194 -0.309455
995.000000 55.000000 0.347668 -0.297952
1045.000000 55.000000 0.403173 -0.302883
1109.000000 55.000000 0.478665 -0.310549
1070.000000 56.000000 0.431896 -0.304603
1107.000000 56.000000 0.476089 -0.309180
1158.000000 56.000000 0.540335 -0.316371
12.000000 57.000000 -0.691165 -0.333055
482.000000 58.000000 -0.148134 -0.282898
1166.000000 58.000000 0.550482 -0.315320
1220.000000 58.000000 0.623759 -0.324046
484.000000 59.000000 -0.146188 -0.281826
1255.000000 59.000000 0.673494 -0.328888
482.000000 60.000000 -0.148066 -0.280890
1269.000000 63.000000 0.693209 -0.326578
255.000000 64.000000 -0.379115 -0.291058
1232.000000 65.000000 0.639486 -0.317926
259.000000 66.000000 -0.374496 -0.288563
1148.000000 66.000000 0.525970 -0.303668
1183.000000 67.000000 0.571629 -0.307715
1231.000000 67.000000 0.637735 -0.315434
1167.000000 71.000000 0.549852 -0.300801
242.000000 73.000000 -0.392749 -0.282785
1005.000000 75.000000 0.356764 -0.277833
829.000000 76.000000 0.177622 -0.266077
1271.000000 77.000000 0.693785 -0.310424
9.000000 78.000000 -0.692012 -0.308826
254.000000 78.000000 -0.378915 -0.276394
1209.000000 78.000000 0.605226 -0.299223
9.000000 81.000000 -0.691524 -0.305316
882.000000 81.000000 0.229171 -0.263433
1051.000000 81.000000 0.407314 -0.275770
327.000000 82.000000 -0.300510 -0.266495
1077.000000 82.000000 0.437170 -0.277382
1106.000000 83.000000 0.471525 -0.279560
1127.000000 83.000000 0.497240 -0.282100
1239.000000 83.000000 0.646483 -0.298227
21.000000 84.000000 -0.673578 -0.299886
975.000000 85.000000 0.323832 -0.265096
1027.000000 85.000000 0.380023 -0.269314
245.000000 90.000000 -0.387819 -0.264649
1075.000000 90.000000 0.433997 -0.268655
1060.000000 91.000000 0.416594 -0.266096
1073.000000 91.000000 0.431571 -0.267390
275.000000 92.000000 -0.354773 -0.260053
1108.000000 92.000000 0.472905 -0.270088
1218.000000 92.000000 0.615535 -0.284678
1057.000000 93.000000 0.412976 -0.263701
1187.000000 93.000000 0.573149 -0.279040
1106.000000 94.000000 0.470266 -0.267715
1007.000000 95.000000 0.357282 -0.257257
244.000000 96.000000 -0.388403 -0.258487
936.000000 96.000000 0.282615 -0.251319
1100.000000 96.000000 0.462844 -0.264913
1116.000000 97.000000 0.482045 -0.265621
1160.000000 97.000000 0.537180 -0.270969
165.000000 99.000000 -0.479750 -0.263147
917.000000 99.000000 0.263172 -0.247223
1017.000000 99.000000 0.367838 -0.253934
1142.000000 101.000000 0.513763 -0.264351
1054.000000 102.000000 0.408728 -0.253996
1177.000000 102.000000 0.558663 -0.267688
1155.000000 103.000000 0.530002 -0.263768
985.000000 104.000000 0.333045 -0.246403
1063.000000 104.000000 0.418788 -0.252734
1126.000000 106.000000 0.493272 -0.257085
1196.000000 106.000000 0.583425 -0.265809
1157.000000 107.000000 0.532066 -0.259656
1132.000000 110.000000 0.500230 -0.253467
193.000000 113.000000 -0.444957 -0.245400
1059.000000 113.000000 0.413416 -0.242995
953.000000 114.000000 0.298980 -0.234253
196.000000 115.000000 -0.441267 -0.243020
984.000000 115.000000 0.331237 -0.235189
1227.000000 115.000000 0.624746 -0.260036
1082.000000 117.000000 0.439494 -0.240911
17.000000 118.000000 -0.674212 -0.261413
1027.000000 118.000000 0.377289 -0.235214
1148.000000 118.000000 0.519324 -0.246682
1228.000000 118.000000 0.625729 -0.256810
1188.000000 122.000000 0.570635 -0.247117
1076.000000 126.000000 0.431729 -0.231000
1189.000000 126.000000 0.571469 -0.242865
132.000000 128.000000 -0.517269 -0.235744
148.000000 131.000000 -0.497090 -0.230879
297.000000 131.000000 -0.328639 -0.218947
182.000000 133.000000 -0.456003 -0.225522
922.000000 135.000000 0.266377 -0.211809
1129.000000 135.000000 0.493881 -0.226540
907.000000 136.000000 0.251364 -0.210152
1003.000000 139.000000 0.349849 -0.212286
1129.000000 140.000000 0.493390 -0.221271
1111.000000 142.000000 0.471412 -0.217488
1176.000000 142.000000 0.552509 -0.224008
1191.000000 142.000000 0.572228 -0.225692
1018.000000 143.000000 0.365708 -0.209239
1108.000000 143.000000 0.467739 -0.216176
1199.000000 143.000000 0.582792 -0.225528
429.000000 144.000000 -0.196017 -0.200242
1134.000000 144.000000 0.499142 -0.217545
440.000000 145.000000 -0.185449 -0.198944
6.000000 146.000000 -0.686430 -0.231194
143.000000 146.000000 -0.501762 -0.215548
1094.000000 147.000000 0.450849 -0.210821
357.000000 148.000000 -0.266351 -0.199067
1145.000000 148.000000 0.512386 -0.214398
1203.000000 148.000000 0.587594 -0.220555
1272.000000 148.000000 0.684784 -0.228994
6.000000 149.000000 -0.686047 -0.227816
1050.000000 151.000000 0.400289 -0.203350
1146.000000 151.000000 0.513342 -0.211331
1069.000000 153.000000 0.421529 -0.202696
45.000000 154.000000 -0.629601 -0.217467
800.000000 154.000000 0.147680 -0.189351
1096.000000 154.000000 0.452616 -0.203773
1143.000000 154.000000 0.509320 -0.207888
1175.000000 155.000000 0.549827 -0.209979
46.000000 156.000000 -0.627969 -0.215153
1243.000000 156.000000 0.641962 -0.216474
48.000000 157.000000 -0.625065 -0.213824
60.000000 157.000000 -0.608486 -0.212455
1169.000000 157.000000 0.541881 -0.207242
1175.000000 157.000000 0.549623 -0.207847
65.000000 158.000000 -0.601542 -0.210809
13.000000 159.000000 -0.674610 -0.215748
1214.000000 160.000000 0.601161 -0.208760
67.000000 161.000000 -0.598494 -0.207336
1054.000000 161.000000 0.404060 -0.193526
59.000000 163.000000 -0.609190 -0.206039
1152.000000 163.000000 0.519719 -0.199272
70.000000 164.000000 -0.594108 -0.203770
1141.000000 164.000000 0.505927 -0.197230
1115.000000 165.000000 0.474221 -0.193984
1190.000000 165.000000 0.568422 -0.200831
1194.000000 165.000000 0.573716 -0.201239
1087.000000 167.000000 0.441134 -0.189773
69.000000 168.000000 -0.595039 -0.199560
74.000000 168.000000 -0.588301 -0.199042
71.000000 169.000000 -0.592235 -0.198276
110.000000 169.000000 -0.541009 -0.194445
1146.000000 169.000000 0.511686 -0.192450
73.000000 170.000000 -0.589440 -0.196995
1019.000000 170.000000 0.365136 -0.182355
1137.000000 170.000000 0.500476 -0.190634
70.000000 171.000000 -0.593378 -0.196226
111.000000 171.000000 -0.539546 -0.192244
56.000000 172.000000 -0.612344 -0.196598
72.000000 172.000000 -0.590581 -0.194948
126.000000 172.000000 -0.520489 -0.189850
941.000000 172.000000 0.283852 -0.176586
1138.000000 172.000000 0.501537 -0.188640
49.000000 173.000000 -0.621904 -0.196251
59.000000 173.000000 -0.608124 -0.195203
118.000000 173.000000 -0.530468 -0.189508
62.000000 174.000000 -0.603923 -0.193814
1061.000000 174.000000 0.411037 -0.180906
1195.000000 174.000000 0.574141 -0.191717
55.000000 175.000000 -0.613406 -0.193454
119.000000 175.000000 -0.529027 -0.187324
1110.000000 176.000000 0.467404 -0.182291
1138.000000 176.000000 0.501205 -0.184490
53.000000 177.000000 -0.615955 -0.191496
56.000000 177.000000 -0.611826 -0.191189
58.000000 177.000000 -0.609083 -0.190985
69.000000 178.000000 -0.594025 -0.188808
1147.000000 178.000000 0.512159 -0.183158
1244.000000 178.000000 0.640893 -0.192415
1124.000000 179.000000 0.483923 -0.180279
1086.000000 182.000000 0.438928 -0.174488
1220.000000 182.000000 0.607057 -0.185605
1026.000000 185.000000 0.371861 -0.167900
1146.000000 186.000000 0.510268 -0.174776
1150.000000 186.000000 0.515237 -0.175095
1128.000000 187.000000 0.488150 -0.172363
1136.000000 188.000000 0.497806 -0.171936
1139.000000 188.000000 0.501481 -0.172165
1147.000000 189.000000 0.511272 -0.171750
67.000000 190.000000 -0.595580 -0.176159
1149.000000 191.000000 0.513599 -0.169837
1085.000000 193.000000 0.437068 -0.163337
1151.000000 194.000000 0.515855 -0.166888
1205.000000 197.000000 0.585338 -0.168174
980.000000 198.000000 0.322620 -0.153031
272.000000 199.000000 -0.351367 -0.153197
1180.000000 199.000000 0.552265 -0.163966
99.000000 200.000000 -0.552463 -0.162844
273.000000 201.000000 -0.350219 -0.151203
23.000000 202.000000 -0.655602 -0.167336
217.000000 202.000000 -0.410969 -0.152970
1125.000000 202.000000 0.483470 -0.156816
123.000000 203.000000 -0.521756 -0.157897
1172.000000 203.000000 0.541662 -0.159162
82.000000 204.000000 -0.574334 -0.160016
219.000000 204.000000 -0.408632 -0.150880
65.000000 205.000000 -0.596956 -0.160367
1185.000000 205.000000 0.558274 -0.158086
1225.000000 206.000000 0.611690 -0.160333
1231.000000 207.000000 0.619883 -0.159784
43.000000 209.000000 -0.626776 -0.157977
1160.000000 209.000000 0.526006 -0.152058
1137.000000 210.000000 0.497468 -0.149457
1156.000000 210.000000 0.520922 -0.150745
41.000000 211.000000 -0.629390 -0.156003
44.000000 211.000000 -0.625215 -0.155748
1149.000000 211.000000 0.512145 -0.149235
1167.000000 212.000000 0.534630 -0.149456
1232.000000 212.000000 0.620840 -0.154518
38.000000 214.000000 -0.633326 -0.153039
137.000000 214.000000 -0.503684 -0.145645
148.000000 215.000000 -0.490247 -0.143930
1106.000000 215.000000 0.460108 -0.142485
1241.000000 215.000000 0.633138 -0.152062
132.000000 217.000000 -0.509631 -0.142903
138.000000 217.000000 -0.502269 -0.142521
1243.000000 218.000000 0.635696 -0.149008
32.000000 220.000000 -0.641254 -0.147094
487.000000 220.000000 -0.139627 -0.127301
406.000000 221.000000 -0.216029 -0.127816
37.000000 222.000000 -0.634069 -0.144546
143.000000 222.000000 -0.495872 -0.137128
1175.000000 223.000000 0.544059 -0.138635
74.000000 224.000000 -0.583403 -0.139617
305.000000 224.000000 -0.316012 -0.127753
1120.000000 224.000000 0.476134 -0.134224
1209.000000 224.000000 0.588529 -0.139981
1082.000000 226.000000 0.431810 -0.130233
1271.000000 227.000000 0.675026 -0.141588
1203.000000 228.000000 0.580232 -0.135355
40.000000 229.000000 -0.629338 -0.136836
42.000000 229.000000 -0.626555 -0.136686
398.000000 229.000000 -0.223555 -0.120496
998.000000 229.000000 0.340164 -0.123797
1199.000000 229.000000 0.574862 -0.134032
235.000000 230.000000 -0.389775 -0.124559
1030.000000 230.000000 0.374094 -0.124022
1201.000000 230.000000 0.577440 -0.133125
1203.000000 230.000000 0.580094 -0.133262
399.000000 231.000000 -0.222549 -0.118603
1218.000000 231.000000 0.600164 -0.133260
318.000000 232.000000 -0.302498 -0.119705
1161.000000 233.000000 0.525693 -0.127463
1214.000000 233.000000 0.594613 -0.130875
87.000000 234.000000 -0.565587 -0.128296
1095.000000 234.000000 0.446318 -0.122919
182.000000 236.000000 -0.448971 -0.120991
430.000000 237.000000 -0.192814 -0.112419
232.000000 238.000000 -0.392731 -0.116874
308.000000 238.000000 -0.312502 -0.114286
1142.000000 238.000000 0.501894 -0.121296
67.000000 239.000000 -0.591725 -0.124378
1137.000000 239.000000 0.495752 -0.120018
1217.000000 239.000000 0.598260 -0.124774
1099.000000 240.000000 0.450660 -0.117144
1176.000000 240.000000 0.544267 -0.121170
344.000000 242.000000 -0.276109 -0.109526
442.000000 242.000000 -0.181390 -0.107585
1074.000000 243.000000 0.421993 -0.113090
1267.000000 243.000000 0.668002 -0.123963
1270.000000 244.000000 0.672279 -0.123097
1219.000000 245.000000 0.600581 -0.118603
1011.000000 246.000000 0.353259 -0.107877
1175.000000 246.000000 0.542647 -0.114950
1082.000000 248.000000 0.430828 -0.108497
97.000000 249.000000 -0.551742 -0.112205
1174.000000 249.000000 0.541208 -0.111820
1194.000000 250.000000 0.566971 -0.111896
1196.000000 250.000000 0.569593 -0.112009
1215.000000 251.000000 0.594805 -0.112073
1196.000000 252.000000 0.569480 -0.109939
1212.000000 252.000000 0.590712 -0.110852
1258.000000 252.000000 0.654449 -0.113684
1183.000000 253.000000 0.552522 -0.108198
1265.000000 254.000000 0.664369 -0.111992
447.000000 258.000000 -0.176460 -0.092729
1259.000000 258.000000 0.655502 -0.107331
1215.000000 259.000000 0.594348 -0.103718
1223.000000 260.000000 0.605126 -0.103115
1012.000000 262.000000 0.353839 -0.092549
223.000000 263.000000 -0.401717 -0.092866
467.000000 265.000000 -0.157671 -0.086054
1191.000000 265.000000 0.562270 -0.096266
1226.000000 265.000000 0.608947 -0.098040
1257.000000 265.000000 0.652233 -0.099742
281.000000 266.000000 -0.339586 -0.088343
467.000000 268.000000 -0.157640 -0.083300
287.000000 269.000000 -0.333281 -0.085342
1224.000000 269.000000 0.606011 -0.093751
1178.000000 270.000000 0.545280 -0.090543
132.000000 272.000000 -0.506796 -0.087197
1224.000000 272.000000 0.605862 -0.090616
1214.000000 275.000000 0.592197 -0.087018
1213.000000 277.000000 0.590765 -0.084897
1233.000000 279.000000 0.617862 -0.083718
466.000000 280.000000 -0.158456 -0.072308
1248.000000 280.000000 0.638708 -0.083362
1235.000000 281.000000 0.620531 -0.081712
1242.000000 281.000000 0.630253 -0.082030
1261.000000 281.000000 0.657115 -0.082915
1269.000000 281.000000 0.668629 -0.083297
973.000000 282.000000 0.312934 -0.072638
1264.000000 282.000000 0.661371 -0.081992
414.000000 285.000000 -0.207327 -0.068238
1163.000000 285.000000 0.525739 -0.074723
1187.000000 285.000000 0.556227 -0.075593
176.000000 286.000000 -0.454017 -0.071808
178.000000 286.000000 -0.451707 -0.071751
1191.000000 287.000000 0.561332 -0.073697
1083.000000 288.000000 0.430636 -0.069327
1053.000000 289.000000 0.397222 -0.067626
1116.000000 289.000000 0.468661 -0.069240
1131.000000 289.000000 0.486463 -0.069677
384.000000 295.000000 -0.235982 -0.059337
1076.000000 295.000000 0.422580 -0.062338
1120.000000 296.000000 0.473184 -0.062427
1085.000000 299.000000 0.432638 -0.058644
1201.000000 299.000000 0.573990 -0.061741
1272.000000 299.000000 0.672206 -0.064204
1171.000000 300.000000 0.535307 -0.059819
1202.000000 302.000000 0.575213 -0.058693
1120.000000 303.000000 0.473013 -0.055507
142.000000 306.000000 -0.493613 -0.052907
279.000000 306.000000 -0.340885 -0.050388
281.000000 306.000000 -0.338806 -0.050360
1020.000000 306.000000 0.361353 -0.050694
1246.000000 306.000000 0.634882 -0.055900
1136.000000 307.000000 0.491995 -0.051909
1214.000000 308.000000 0.590978 -0.052868
1243.000000 310.000000 0.630567 -0.051613
256.000000 311.000000 -0.364982 -0.045964
1215.000000 314.000000 0.592160 -0.046703
586.000000 316.000000 -0.048541 -0.039048
259.000000 317.000000 -0.361724 -0.040212
1222.000000 317.000000 0.601519 -0.043772
203.000000 319.000000 -0.422610 -0.039030
356.000000 321.000000 -0.263005 -0.035511
491.000000 322.000000 -0.135052 -0.033858
1072.000000 322.000000 0.417624 -0.036080
1074.000000 323.000000 0.419844 -0.035138
1251.000000 323.000000 0.641457 -0.038173
1020.000000 324.000000 0.361122 -0.033560
270.000000 326.000000 -0.350045 -0.031548
280.000000 327.000000 -0.339605 -0.030513
525.000000 328.000000 -0.103865 -0.028319
1183.000000 329.000000 0.549924 -0.030731
1258.000000 329.000000 0.651252 -0.031997
352.000000 330.000000 -0.266876 -0.027186
530.000000 331.000000 -0.099299 -0.025593
916.000000 331.000000 0.255505 -0.026200
1225.000000 331.000000 0.605311 -0.029339
1241.000000 331.000000 0.627304 -0.029600
267.000000 333.000000 -0.353133 -0.024938
1179.000000 333.000000 0.544759 -0.026626
269.000000 334.000000 -0.351027 -0.023976
279.000000 334.000000 -0.340590 -0.023907
1227.000000 334.000000 0.607988 -0.026263
991.000000 335.000000 0.330723 -0.022908
1004.000000 336.000000 0.344206 -0.022047
1006.000000 338.000000 0.346282 -0.020167
365.000000 339.000000 -0.254094 -0.018784
103.000000 340.000000 -0.541186 -0.019512
368.000000 340.000000 -0.251165 -0.017848
1222.000000 340.000000 0.601122 -0.019992
1160.000000 341.000000 0.520788 -0.018369
1265.000000 341.000000 0.661080 -0.019428
1035.000000 344.000000 0.376961 -0.014621
107.000000 345.000000 -0.536095 -0.014440
360.000000 345.000000 -0.258960 -0.013249
259.000000 347.000000 -0.361486 -0.011700
520.000000 347.000000 -0.108399 -0.011132
610.000000 351.000000 -0.026870 -0.007477
1240.000000 351.000000 0.625698 -0.008720
1267.000000 351.000000 0.663872 -0.008862
996.000000 352.000000 0.335821 -0.006903
1242.000000 353.000000 0.628469 -0.006643
318.000000 354.000000 -0.300625 -0.004967
524.000000 354.000000 -0.104743 -0.004797
371.000000 355.000000 -0.248213 -0.003982
502.000000 355.000000 -0.124874 -0.003900
1253.000000 355.000000 0.643886 -0.004586
994.000000 356.000000 0.333745 -0.003129
198.000000 357.000000 -0.427929 -0.002258
365.000000 358.000000 -0.254054 -0.001213
362.000000 359.000000 -0.256983 -0.000289
1238.000000 359.000000 0.622905 -0.000378
1249.000000 360.000000 0.638243 0.000664
1015.000000 361.000000 0.355661 0.001591
1027.000000 361.000000 0.368371 0.001596
1131.000000 361.000000 0.485409 0.001642
1140.000000 361.000000 0.496221 0.001647
147.000000 362.000000 -0.487006 0.002630
107.000000 363.000000 -0.536045 0.003676
143.000000 363.000000 -0.491797 0.003624
359.000000 363.000000 -0.259919 0.003414
493.000000 363.000000 -0.133145 0.003352
1107.000000 363.000000 0.457165 0.003587
1205.000000 363.000000 0.578296 0.003731
1241.000000 363.000000 0.627067 0.003793
348.000000 364.000000 -0.270730 0.004349
355.000000 364.000000 -0.263842 0.004343
1143.000000 364.000000 0.499857 0.004629
149.000000 365.000000 -0.484625 0.005592
1269.000000 365.000000 0.666739 0.005965
341.000000 366.000000 -0.277652 0.006214
1009.000000 366.000000 0.349363 0.006322
107.000000 367.000000 -0.536055 0.007702
153.000000 367.000000 -0.479876 0.007555
546.000000 367.000000 -0.084718 0.006950
249.000000 368.000000 -0.372097 0.008263
637.000000 368.000000 -0.002561 0.007831
1122.000000 368.000000 0.474732 0.008530
1193.000000 368.000000 0.562599 0.008797
516.000000 369.000000 -0.112052 0.008775
1166.000000 369.000000 0.528200 0.009693
315.000000 370.000000 -0.303659 0.009990
1271.000000 371.000000 0.669659 0.012338
108.000000 372.000000 -0.534820 0.012729
649.000000 372.000000 0.008241 0.011433
673.000000 372.000000 0.029854 0.011437
1204.000000 372.000000 0.577013 0.012935
1088.000000 375.000000 0.435412 0.015225
343.000000 376.000000 -0.275695 0.015502
1132.000000 376.000000 0.486659 0.016477
1245.000000 376.000000 0.632714 0.017394
1273.000000 376.000000 0.672599 0.017664
36.000000 377.000000 -0.630067 0.018409
337.000000 377.000000 -0.281648 0.016453
1158.000000 377.000000 0.518296 0.017663
1136.000000 378.000000 0.491471 0.018486
1274.000000 378.000000 0.674072 0.019801
1093.000000 379.000000 0.441127 0.019148
1142.000000 379.000000 0.498721 0.019527
1148.000000 379.000000 0.506020 0.019578
1242.000000 379.000000 0.628561 0.020499
624.000000 380.000000 -0.014264 0.018638
1122.000000 380.000000 0.474802 0.020350
1148.000000 381.000000 0.506038 0.021570
1204.000000 381.000000 0.577092 0.022144
1207.000000 381.000000 0.581057 0.022178
1259.000000 381.000000 0.652524 0.022799
508.000000 382.000000 -0.119392 0.020558
681.000000 382.000000 0.037070 0.020450
575.000000 383.000000 -0.058456 0.021369
372.000000 384.000000 -0.247292 0.022801
1119.000000 384.000000 0.471300 0.024262
362.000000 385.000000 -0.257044 0.023772
359.000000 386.000000 -0.259985 0.024713
367.000000 386.000000 -0.252168 0.024673
1132.000000 386.000000 0.486749 0.026371
1255.000000 386.000000 0.646911 0.028009
15.000000 387.000000 -0.659815 0.029188
331.000000 387.000000 -0.287671 0.025795
363.000000 387.000000 -0.256076 0.025619
1169.000000 387.000000 0.532115 0.027812
618.000000 388.000000 -0.019670 0.025847
1048.000000 388.000000 0.391091 0.027480
1095.000000 388.000000 0.443491 0.027937
1202.000000 388.000000 0.574548 0.029281
1228.000000 390.000000 0.609419 0.031750
1132.000000 391.000000 0.486809 0.031321
1151.000000 391.000000 0.509826 0.031579
1254.000000 391.000000 0.645580 0.033254
33.000000 392.000000 -0.634460 0.034134
1215.000000 392.000000 0.591871 0.033595
1262.000000 392.000000 0.656983 0.034460
3.000000 394.000000 -0.677245 0.036838
319.000000 394.000000 -0.299748 0.032414
624.000000 394.000000 -0.014268 0.031253
377.000000 395.000000 -0.242499 0.032936
631.000000 395.000000 -0.007964 0.032153
689.000000 395.000000 0.044299 0.032179
535.000000 397.000000 -0.094762 0.034081
1132.000000 397.000000 0.486896 0.037263
625.000000 398.000000 -0.013369 0.034859
1100.000000 398.000000 0.449355 0.037764
1171.000000 398.000000 0.534802 0.038923
632.000000 400.000000 -0.007065 0.036661
1035.000000 400.000000 0.377169 0.038831
1126.000000 400.000000 0.479789 0.040135
1112.000000 401.000000 0.463315 0.040890
1220.000000 402.000000 0.598799 0.044016
382.000000 403.000000 -0.237715 0.040291
626.000000 403.000000 -0.012470 0.039368
1128.000000 403.000000 0.482221 0.043136
1264.000000 404.000000 0.660125 0.047205
382.000000 405.000000 -0.237730 0.042138
508.000000 405.000000 -0.119456 0.041414
1132.000000 405.000000 0.487035 0.045192
1222.000000 405.000000 0.601575 0.047168
327.000000 406.000000 -0.291823 0.043562
342.000000 406.000000 -0.276879 0.043413
349.000000 406.000000 -0.269957 0.043347
1054.000000 407.000000 0.397868 0.045805
1276.000000 407.000000 0.677565 0.050730
633.000000 408.000000 -0.006166 0.043877
1126.000000 409.000000 0.479956 0.049035
1247.000000 409.000000 0.636142 0.052008
638.000000 410.000000 -0.001662 0.045682
386.000000 411.000000 -0.233917 0.047646
323.000000 412.000000 -0.295901 0.049218
1025.000000 412.000000 0.366641 0.050153
325.000000 413.000000 -0.293904 0.050130
332.000000 413.000000 -0.286899 0.050048
272.000000 414.000000 -0.348197 0.051776
301.000000 414.000000 -0.318213 0.051369
330.000000 414.000000 -0.288909 0.051006
342.000000 414.000000 -0.276962 0.050868
1069.000000 414.000000 0.414543 0.052817
1270.000000 414.000000 0.669069 0.058005
274.000000 416.000000 -0.346136 0.053644
651.000000 416.000000 0.010052 0.051102
1226.000000 416.000000 0.607317 0.058690
514.000000 418.000000 -0.114012 0.053192
660.000000 418.000000 0.018165 0.052914
953.000000 418.000000 0.292401 0.054805
280.000000 419.000000 -0.339928 0.056395
331.000000 419.000000 -0.287971 0.055669
369.000000 419.000000 -0.250480 0.055217
501.000000 419.000000 -0.125945 0.054165
677.000000 419.000000 0.033499 0.053836
1061.000000 419.000000 0.405773 0.057501
1072.000000 419.000000 0.417984 0.057722
1227.000000 419.000000 0.608777 0.061842
378.000000 420.000000 -0.241741 0.056047
653.000000 420.000000 0.011856 0.054717
1066.000000 420.000000 0.411326 0.058569
268.000000 421.000000 -0.352504 0.058490
1209.000000 421.000000 0.584586 0.063322
1231.000000 421.000000 0.614319 0.064060
236.000000 422.000000 -0.386650 0.060027
1146.000000 422.000000 0.504354 0.062443
270.000000 423.000000 -0.350438 0.060357
514.000000 424.000000 -0.114041 0.058644
1191.000000 424.000000 0.561032 0.065814
1099.000000 425.000000 0.448733 0.064185
236.000000 426.000000 -0.386730 0.063871
612.000000 426.000000 -0.025105 0.060152
617.000000 426.000000 -0.020595 0.060147
1186.000000 426.000000 0.554632 0.067691
1260.000000 427.000000 0.655167 0.071454
359.000000 428.000000 -0.260367 0.063699
375.000000 428.000000 -0.244745 0.063495
236.000000 429.000000 -0.386794 0.066756
758.000000 429.000000 0.107045 0.063157
194.000000 430.000000 -0.433324 0.068708
257.000000 431.000000 -0.364312 0.068230
188.000000 433.000000 -0.440221 0.071798
1236.000000 433.000000 0.621666 0.076795
334.000000 434.000000 -0.285191 0.069664
763.000000 434.000000 0.111650 0.067733
1071.000000 435.000000 0.417239 0.073239
1188.000000 435.000000 0.557533 0.076951
1271.000000 435.000000 0.671347 0.080448
201.000000 436.000000 -0.425581 0.074379
1096.000000 436.000000 0.445577 0.074899
334.000000 437.000000 -0.285240 0.072475
1140.000000 437.000000 0.497514 0.077258
1264.000000 437.000000 0.661334 0.082259
608.000000 438.000000 -0.028731 0.071023
615.000000 438.000000 -0.022412 0.071013
1097.000000 438.000000 0.446785 0.076893
400.000000 439.000000 -0.220755 0.073370
603.000000 440.000000 -0.033250 0.072844
1274.000000 440.000000 0.675943 0.085944
34.000000 441.000000 -0.634670 0.085554
726.000000 442.000000 0.077929 0.074818
768.000000 442.000000 0.116286 0.075053
1263.000000 442.000000 0.660138 0.087539
333.000000 443.000000 -0.286343 0.078118
351.000000 443.000000 -0.268465 0.077806
770.000000 443.000000 0.118129 0.075979
1240.000000 443.000000 0.627665 0.087477
1247.000000 443.000000 0.637457 0.087815
372.000000 444.000000 -0.247886 0.078402
1265.000000 444.000000 0.663114 0.089773
1276.000000 444.000000 0.679061 0.090339
329.000000 445.000000 -0.290383 0.080070
352.000000 445.000000 -0.267511 0.079659
1241.000000 445.000000 0.629156 0.089631
1262.000000 445.000000 0.658854 0.090687
886.000000 447.000000 0.227004 0.080883
192.000000 448.000000 -0.436110 0.086375
311.000000 448.000000 -0.308607 0.083252
314.000000 448.000000 -0.305562 0.083190
636.000000 448.000000 -0.003469 0.080067
253.000000 449.000000 -0.368992 0.085567
323.000000 449.000000 -0.296489 0.083949
331.000000 450.000000 -0.288475 0.084731
252.000000 451.000000 -0.370114 0.087515
1099.000000 451.000000 0.449508 0.089752
1239.000000 451.000000 0.626675 0.095853
614.000000 452.000000 -0.023334 0.083716
1103.000000 452.000000 0.454171 0.090880
1217.000000 452.000000 0.596587 0.095769
334.000000 453.000000 -0.285534 0.087491
1240.000000 453.000000 0.628174 0.098015
1048.000000 454.000000 0.392378 0.091028
1129.000000 454.000000 0.484884 0.093846
1198.000000 454.000000 0.571391 0.096900
365.000000 455.000000 -0.254908 0.088774
1174.000000 455.000000 0.540427 0.096785
253.000000 456.000000 -0.369183 0.092294
354.000000 457.000000 -0.265756 0.090850
26.000000 458.000000 -0.646810 0.103972
319.000000 458.000000 -0.300717 0.092522
1249.000000 458.000000 0.641071 0.103808
322.000000 459.000000 -0.297710 0.093399
736.000000 459.000000 0.087124 0.090352
1103.000000 459.000000 0.454430 0.097801
356.000000 460.000000 -0.263843 0.093621
1207.000000 460.000000 0.583601 0.103572
360.000000 461.000000 -0.259926 0.094479
317.000000 462.000000 -0.302832 0.096349
1219.000000 462.000000 0.599823 0.106313
1102.000000 463.000000 0.453427 0.101721
737.000000 464.000000 0.088068 0.094923
1113.000000 464.000000 0.466310 0.103162
292.000000 465.000000 -0.328476 0.099829
1158.000000 465.000000 0.520776 0.106201
260.000000 466.000000 -0.362022 0.101706
329.000000 466.000000 -0.290826 0.099846
1050.000000 466.000000 0.394953 0.102734
1236.000000 466.000000 0.623358 0.111511
729.000000 467.000000 0.080792 0.097614
1161.000000 467.000000 0.524618 0.108381
264.000000 468.000000 -0.357841 0.103506
267.000000 468.000000 -0.354669 0.103415
1219.000000 468.000000 0.600170 0.112592
269.000000 470.000000 -0.352620 0.105274
331.000000 470.000000 -0.288914 0.103575
1071.000000 470.000000 0.418366 0.107402
1211.000000 470.000000 0.589507 0.114208
964.000000 471.000000 0.304531 0.104939
1042.000000 471.000000 0.386394 0.107313
1234.000000 471.000000 0.620897 0.116670
1255.000000 471.000000 0.650380 0.118031
636.000000 472.000000 -0.003474 0.101901
638.000000 472.000000 -0.001666 0.101900
1255.000000 473.000000 0.650513 0.120170
284.000000 474.000000 -0.337029 0.108652
635.000000 474.000000 -0.004378 0.103725
734.000000 474.000000 0.085397 0.104048
281.000000 475.000000 -0.340186 0.109701
277.000000 476.000000 -0.344400 0.110785
639.000000 476.000000 -0.000762 0.105550
1183.000000 476.000000 0.553044 0.118785
1101.000000 478.000000 0.452909 0.116558
744.000000 479.000000 0.094571 0.108704
1182.000000 479.000000 0.551931 0.121819
16.000000 481.000000 -0.662562 0.129232
757.000000 481.000000 0.106502 0.110651
1222.000000 481.000000 0.605070 0.126438
639.000000 483.000000 -0.000762 0.111947
751.000000 483.000000 0.101016 0.112435
1200.000000 483.000000 0.575673 0.127082
758.000000 484.000000 0.107448 0.113418
1232.000000 484.000000 0.619002 0.130297
1055.000000 486.000000 0.401213 0.122435
1047.000000 487.000000 0.392458 0.123082
1181.000000 488.000000 0.551198 0.131049
1206.000000 488.000000 0.583973 0.132704
1090.000000 489.000000 0.440732 0.126969
1152.000000 490.000000 0.514677 0.131313
757.000000 491.000000 0.106597 0.119850
1243.000000 491.000000 0.634840 0.138558
1045.000000 492.000000 0.390478 0.127885
1154.000000 492.000000 0.517280 0.133475
1177.000000 492.000000 0.546315 0.134925
759.000000 493.000000 0.108455 0.121713
1119.000000 493.000000 0.474803 0.132463
1121.000000 494.000000 0.477238 0.133581
678.000000 497.000000 0.034588 0.124840
945.000000 497.000000 0.286075 0.129097
1195.000000 497.000000 0.570031 0.141347
3.000000 498.000000 -0.682720 0.148674
1129.000000 498.000000 0.487052 0.138079
1054.000000 499.000000 0.400681 0.135146
1186.000000 499.000000 0.558407 0.142794
1240.000000 499.000000 0.631262 0.146882
1238.000000 500.000000 0.628547 0.147791
1186.000000 501.000000 0.558549 0.144875
1200.000000 501.000000 0.576924 0.145897
1183.000000 502.000000 0.554729 0.145701
1229.000000 502.000000 0.616218 0.149200
1250.000000 502.000000 0.645602 0.150927
26.000000 503.000000 -0.650010 0.152157
1146.000000 503.000000 0.508070 0.144215
1198.000000 504.000000 0.574502 0.148894
1236.000000 504.000000 0.626086 0.151907
11.000000 505.000000 -0.671692 0.155615
677.000000 506.000000 0.033711 0.133115
1223.000000 506.000000 0.608297 0.152972
1237.000000 506.000000 0.627647 0.154133
1018.000000 507.000000 0.361948 0.141368
1163.000000 507.000000 0.529528 0.149466
1246.000000 508.000000 0.640452 0.157052
1170.000000 509.000000 0.538541 0.152033
1237.000000 509.000000 0.627902 0.157350
784.000000 510.000000 0.131745 0.137747
1001.000000 511.000000 0.344101 0.144537
1094.000000 511.000000 0.446508 0.149130
785.000000 512.000000 0.132702 0.139620
1118.000000 513.000000 0.474796 0.152599
1218.000000 513.000000 0.602054 0.160002
1135.000000 514.000000 0.495327 0.154728
682.000000 515.000000 0.038289 0.141435
1087.000000 516.000000 0.438730 0.153733
1220.000000 517.000000 0.605124 0.164435
107.000000 519.000000 -0.542142 0.162499
686.000000 519.000000 0.041946 0.145151
1246.000000 519.000000 0.641443 0.168935
1117.000000 520.000000 0.474059 0.159637
654.000000 522.000000 0.012863 0.147826
656.000000 522.000000 0.014680 0.147829
993.000000 523.000000 0.336218 0.155852
1063.000000 523.000000 0.411920 0.159345
1217.000000 523.000000 0.601566 0.170573
1264.000000 524.000000 0.667678 0.176114
1266.000000 524.000000 0.670576 0.176313
1240.000000 526.000000 0.633652 0.175944
713.000000 527.000000 0.066620 0.152738
1167.000000 530.000000 0.536348 0.173643
1124.000000 532.000000 0.483279 0.172365
162.000000 533.000000 -0.475355 0.172821
725.000000 535.000000 0.077676 0.160288
789.000000 535.000000 0.136788 0.161153
1104.000000 535.000000 0.459699 0.173996
1117.000000 535.000000 0.475103 0.174924
1109.000000 536.000000 0.465666 0.175368
1160.000000 536.000000 0.527973 0.179324
1162.000000 536.000000 0.530501 0.179492
1276.000000 536.000000 0.686413 0.190583
1150.000000 537.000000 0.515512 0.179537
832.000000 538.000000 0.177237 0.164846
1108.000000 538.000000 0.464628 0.177335
1125.000000 538.000000 0.484932 0.178596
720.000000 539.000000 0.073130 0.163971
789.000000 539.000000 0.136858 0.164906
1171.000000 539.000000 0.542225 0.183410
1248.000000 539.000000 0.646268 0.190898
1099.000000 540.000000 0.454188 0.178729
1128.000000 540.000000 0.488715 0.180884
721.000000 541.000000 0.074066 0.165848
1216.000000 541.000000 0.601916 0.189773
1140.000000 543.000000 0.503616 0.184945
1143.000000 543.000000 0.507318 0.185193
1166.000000 543.000000 0.536188 0.187169
1261.000000 543.000000 0.665328 0.196693
1130.000000 544.000000 0.491459 0.185168
1272.000000 544.000000 0.681430 0.199021
1010.000000 545.000000 0.355246 0.178222
1040.000000 545.000000 0.387702 0.179917
1237.000000 545.000000 0.631375 0.196281
1017.000000 546.000000 0.362792 0.179590
1261.000000 546.000000 0.665661 0.200006
728.000000 547.000000 0.080553 0.171533
1185.000000 548.000000 0.561191 0.194210
789.000000 549.000000 0.137042 0.174316
726.000000 550.000000 0.078747 0.174323
1022.000000 550.000000 0.368401 0.183836
1132.000000 550.000000 0.494388 0.191541
1141.000000 550.000000 0.505438 0.192303
1164.000000 550.000000 0.534274 0.194348
943.000000 552.000000 0.286065 0.181848
1003.000000 553.000000 0.348230 0.185742
1129.000000 553.000000 0.490983 0.194400
1264.000000 553.000000 0.670803 0.208104
1005.000000 554.000000 0.350410 0.186841
1079.000000 555.000000 0.432101 0.192545
1138.000000 555.000000 0.502172 0.197252
1099.000000 556.000000 0.455376 0.195065
1265.000000 557.000000 0.672725 0.212670
1221.000000 558.000000 0.610560 0.208700
790.000000 559.000000 0.138171 0.183784
792.000000 559.000000 0.140042 0.183824
1002.000000 559.000000 0.347501 0.191623
1233.000000 559.000000 0.627322 0.211144
1260.000000 560.000000 0.665837 0.215412
734.000000 561.000000 0.086238 0.184759
795.000000 561.000000 0.142894 0.185782
1123.000000 561.000000 0.484384 0.202191
78.000000 563.000000 -0.584130 0.211805
1167.000000 563.000000 0.539350 0.208377
797.000000 564.000000 0.144833 0.188672
998.000000 564.000000 0.343543 0.196352
1073.000000 564.000000 0.425898 0.201260
1112.000000 564.000000 0.471418 0.204361
797.000000 567.000000 0.144899 0.191524
802.000000 567.000000 0.149597 0.191636
1153.000000 567.000000 0.521961 0.211233
57.000000 568.000000 -0.613208 0.219596
1099.000000 568.000000 0.456341 0.207405
1116.000000 568.000000 0.476554 0.208854
795.000000 569.000000 0.143066 0.193383
803.000000 569.000000 0.150584 0.193564
1154.000000 569.000000 0.523418 0.213447
55.000000 570.000000 -0.616200 0.222021
698.000000 570.000000 0.053233 0.192878
1176.000000 570.000000 0.551681 0.216763
799.000000 571.000000 0.146868 0.195378
805.000000 571.000000 0.152514 0.195518
1225.000000 571.000000 0.617585 0.223376
808.000000 573.000000 0.155390 0.197499
1106.000000 573.000000 0.465043 0.213173
966.000000 575.000000 0.310679 0.205473
1110.000000 575.000000 0.469985 0.215603
819.000000 576.000000 0.165868 0.200650
821.000000 576.000000 0.167765 0.200704
1190.000000 576.000000 0.570708 0.224752
811.000000 577.000000 0.158323 0.201399
1211.000000 577.000000 0.599053 0.228282
1232.000000 577.000000 0.628072 0.230844
1236.000000 577.000000 0.633688 0.231344
817.000000 578.000000 0.164026 0.202514
959.000000 578.000000 0.303621 0.208065
1184.000000 578.000000 0.563012 0.226237
813.000000 579.000000 0.160265 0.203367
1140.000000 579.000000 0.506893 0.222632
1159.000000 579.000000 0.530775 0.224584
1186.000000 579.000000 0.565759 0.227544
1024.000000 581.000000 0.372522 0.214986
1164.000000 582.000000 0.537483 0.228328
1191.000000 582.000000 0.572725 0.231371
1276.000000 582.000000 0.691980 0.242160
1069.000000 583.000000 0.422811 0.220384
1118.000000 583.000000 0.480335 0.224699
1162.000000 583.000000 0.535031 0.229182
756.000000 584.000000 0.106946 0.206905
983.000000 584.000000 0.328894 0.215368
1179.000000 585.000000 0.557248 0.233233
753.000000 586.000000 0.104192 0.208763
763.000000 586.000000 0.113498 0.208944
1090.000000 586.000000 0.447324 0.225260
770.000000 587.000000 0.120047 0.210037
1141.000000 587.000000 0.508953 0.231215
1176.000000 587.000000 0.553558 0.235051
232.000000 588.000000 -0.398851 0.223709
767.000000 588.000000 0.117266 0.210935
1102.000000 588.000000 0.461643 0.228429
1178.000000 588.000000 0.556286 0.236365
1265.000000 588.000000 0.676683 0.247472
1268.000000 588.000000 0.681059 0.247882
1099.000000 589.000000 0.458181 0.229196
773.000000 590.000000 0.122912 0.212973
1029.000000 590.000000 0.378622 0.224454
236.000000 591.000000 -0.394629 0.226466
976.000000 591.000000 0.321981 0.221937
1263.000000 591.000000 0.674183 0.250596
1269.000000 591.000000 0.682934 0.251425
1275.000000 591.000000 0.691737 0.252257
764.000000 592.000000 0.114546 0.214709
1172.000000 592.000000 0.548932 0.239997
1238.000000 592.000000 0.638459 0.248314
1257.000000 592.000000 0.665624 0.250901
1265.000000 592.000000 0.677233 0.252006
1272.000000 592.000000 0.687468 0.252979
1013.000000 593.000000 0.361422 0.226353
1262.000000 593.000000 0.673007 0.252724
757.000000 594.000000 0.108058 0.216494
1025.000000 594.000000 0.374535 0.228228
1275.000000 594.000000 0.692156 0.255679
768.000000 595.000000 0.118341 0.217670
980.000000 595.000000 0.326416 0.226187
1266.000000 595.000000 0.679110 0.255554
1268.000000 597.000000 0.682313 0.258113
244.000000 598.000000 -0.386308 0.233006
761.000000 598.000000 0.111864 0.220414
755.000000 599.000000 0.106288 0.221261
767.000000 599.000000 0.117489 0.221498
757.000000 600.000000 0.108171 0.222261
1253.000000 600.000000 0.660971 0.259397
1276.000000 600.000000 0.694481 0.262683
1250.000000 601.000000 0.656800 0.260105
1100.000000 602.000000 0.460607 0.242921
1248.000000 603.000000 0.654216 0.262086
1254.000000 603.000000 0.662840 0.262944
1001.000000 604.000000 0.349284 0.236660
1257.000000 604.000000 0.667317 0.264512
1246.000000 605.000000 0.651640 0.264066
1251.000000 605.000000 0.658808 0.264784
1254.000000 605.000000 0.663128 0.265217
23.000000 606.000000 -0.666124 0.266443
984.000000 608.000000 0.331473 0.239541
1240.000000 608.000000 0.643520 0.266601
1258.000000 608.000000 0.669346 0.269218
878.000000 609.000000 0.223857 0.234726
1111.000000 609.000000 0.474492 0.251447
31.000000 610.000000 -0.655221 0.269834
24.000000 611.000000 -0.665411 0.271995
878.000000 611.000000 0.223944 0.236698
980.000000 611.000000 0.327454 0.242308
1240.000000 611.000000 0.643954 0.270000
952.000000 612.000000 0.298341 0.241527
1043.000000 614.000000 0.396032 0.250195
1151.000000 614.000000 0.524577 0.261354
1231.000000 616.000000 0.631956 0.274351
1267.000000 616.000000 0.683639 0.279735
826.000000 617.000000 0.173777 0.240584
1058.000000 617.000000 0.413220 0.254650
1220.000000 617.000000 0.616719 0.273880
1244.000000 617.000000 0.650539 0.277413
1054.000000 618.000000 0.408770 0.255329
1252.000000 618.000000 0.662168 0.279759
853.000000 619.000000 0.199881 0.243545
1051.000000 619.000000 0.405467 0.256100
1269.000000 619.000000 0.687023 0.283501
1252.000000 620.000000 0.662472 0.282051
828.000000 621.000000 0.175833 0.244580
1143.000000 621.000000 0.515309 0.267989
225.000000 622.000000 -0.409588 0.259436
801.000000 622.000000 0.150095 0.244688
847.000000 622.000000 0.194183 0.246268
1267.000000 622.000000 0.684558 0.286659
1220.000000 623.000000 0.617597 0.280656
1223.000000 623.000000 0.621776 0.281101
1254.000000 623.000000 0.665817 0.285803
1250.000000 624.000000 0.660205 0.286336
1224.000000 625.000000 0.623472 0.283519
297.000000 626.000000 -0.331133 0.257660
857.000000 626.000000 0.204056 0.250629
863.000000 626.000000 0.209908 0.250885
1227.000000 626.000000 0.627824 0.285107
1247.000000 626.000000 0.656205 0.288170
1219.000000 627.000000 0.616802 0.285039
1230.000000 627.000000 0.632192 0.286701
135.000000 628.000000 -0.517741 0.275624
748.000000 628.000000 0.100317 0.249237
853.000000 628.000000 0.200247 0.252445
1234.000000 628.000000 0.637991 0.288455
1144.000000 629.000000 0.517568 0.276842
1232.000000 629.000000 0.635319 0.289290
1240.000000 630.000000 0.646819 0.291675
1243.000000 630.000000 0.651100 0.292143
227.000000 631.000000 -0.408166 0.268689
839.000000 631.000000 0.186796 0.254856
1211.000000 631.000000 0.606330 0.288373
828.000000 633.000000 0.176264 0.256420
225.000000 634.000000 -0.410725 0.272042
1240.000000 634.000000 0.647448 0.296272
835.000000 635.000000 0.183087 0.258668
1050.000000 635.000000 0.405833 0.272786
1204.000000 635.000000 0.597324 0.291852
1244.000000 635.000000 0.653319 0.298059
833.000000 636.000000 0.181195 0.259584
871.000000 636.000000 0.218200 0.261208
1247.000000 636.000000 0.657780 0.299693
227.000000 637.000000 -0.408745 0.275014
873.000000 637.000000 0.220215 0.262303
1089.000000 637.000000 0.451227 0.278963
1201.000000 637.000000 0.593530 0.293665
1214.000000 637.000000 0.611385 0.295645
1250.000000 637.000000 0.662255 0.301332
1010.000000 638.000000 0.361651 0.272296
1189.000000 639.000000 0.577596 0.294134
822.000000 640.000000 0.170752 0.263144
888.000000 640.000000 0.235202 0.266063
1011.000000 640.000000 0.362913 0.274466
1214.000000 640.000000 0.611850 0.299066
824.000000 641.000000 0.172712 0.264213
852.000000 641.000000 0.199826 0.265346
1205.000000 641.000000 0.599605 0.298812
29.000000 642.000000 -0.663016 0.306897
291.000000 642.000000 -0.338731 0.274581
780.000000 642.000000 0.130763 0.263769
1196.000000 642.000000 0.587490 0.298573
844.000000 643.000000 0.192127 0.267002
1209.000000 643.000000 0.605411 0.301711
1221.000000 643.000000 0.622061 0.303602
795.000000 644.000000 0.145063 0.266196
1101.000000 644.000000 0.466365 0.287894
1042.000000 645.000000 0.397763 0.282572
1213.000000 645.000000 0.611250 0.304626
245.000000 646.000000 -0.389339 0.282778
1094.000000 646.000000 0.458204 0.289235
225.000000 647.000000 -0.412025 0.285820
231.000000 647.000000 -0.405199 0.285210
825.000000 647.000000 0.173903 0.270232
1221.000000 647.000000 0.622702 0.308200
300.000000 648.000000 -0.329613 0.280088
881.000000 648.000000 0.228669 0.273766
1175.000000 648.000000 0.560272 0.302202
1180.000000 648.000000 0.566905 0.302947
1187.000000 648.000000 0.576261 0.304005
1215.000000 648.000000 0.614502 0.308385
831.000000 649.000000 0.179775 0.272468
870.000000 649.000000 0.217843 0.274217
1104.000000 649.000000 0.470590 0.293692
829.000000 650.000000 0.177882 0.273390
849.000000 650.000000 0.197298 0.274235
899.000000 650.000000 0.246730 0.276775
901.000000 650.000000 0.248737 0.276889
1016.000000 650.000000 0.369281 0.285384
1141.000000 650.000000 0.516541 0.299589
1180.000000 650.000000 0.567206 0.305208
134.000000 651.000000 -0.522043 0.301111
797.000000 651.000000 0.147195 0.273225
842.000000 651.000000 0.190525 0.274933
868.000000 651.000000 0.215971 0.276137
1189.000000 651.000000 0.579410 0.307717
804.000000 652.000000 0.153918 0.274459
875.000000 652.000000 0.222933 0.277501
888.000000 652.000000 0.235843 0.278190
1176.000000 652.000000 0.562194 0.306866
1180.000000 652.000000 0.567509 0.307472
1183.000000 652.000000 0.571513 0.307930
208.000000 653.000000 -0.432270 0.294066
829.000000 653.000000 0.178002 0.276398
1048.000000 653.000000 0.405366 0.291683
295.000000 654.000000 -0.335425 0.286732
1188.000000 654.000000 0.578529 0.310975
1225.000000 654.000000 0.629455 0.316939
149.000000 655.000000 -0.503678 0.303504
300.000000 655.000000 -0.330172 0.287367
814.000000 655.000000 0.163617 0.277821
817.000000 655.000000 0.166503 0.277934
1178.000000 655.000000 0.565305 0.310567
1227.000000 655.000000 0.632437 0.318432
244.000000 656.000000 -0.391436 0.293475
806.000000 656.000000 0.155973 0.278531
836.000000 656.000000 0.184910 0.279705
895.000000 656.000000 0.243063 0.282651
1062.000000 656.000000 0.421739 0.296394
1171.000000 656.000000 0.556188 0.310635
1175.000000 656.000000 0.561476 0.311243
1203.000000 656.000000 0.599229 0.315644
889.000000 657.000000 0.237118 0.283330
1104.000000 657.000000 0.471585 0.302440
1213.000000 657.000000 0.613188 0.318427
1223.000000 657.000000 0.627145 0.320086
293.000000 658.000000 -0.337899 0.291080
295.000000 658.000000 -0.335757 0.290912
833.000000 658.000000 0.182084 0.281592
859.000000 658.000000 0.207460 0.282774
1208.000000 658.000000 0.606433 0.318760
502.000000 659.000000 -0.129000 0.280574
885.000000 659.000000 0.233238 0.285144
894.000000 659.000000 0.242234 0.285655
1205.000000 659.000000 0.602463 0.319421
860.000000 660.000000 0.208541 0.284850
888.000000 660.000000 0.236288 0.286332
1060.000000 660.000000 0.419870 0.300482
1097.000000 660.000000 0.463499 0.304849
1100.000000 660.000000 0.467120 0.305227
1200.000000 660.000000 0.595769 0.319757
1211.000000 660.000000 0.610911 0.321564
1213.000000 660.000000 0.613685 0.321896
750.000000 661.000000 0.102916 0.281875
832.000000 661.000000 0.181241 0.284576
1167.000000 661.000000 0.551683 0.315691
216.000000 662.000000 -0.423987 0.302883
743.000000 662.000000 0.096345 0.282713
891.000000 662.000000 0.239403 0.288547
893.000000 662.000000 0.241407 0.288663
21.000000 663.000000 -0.678077 0.332830
805.000000 663.000000 0.155266 0.285527
942.000000 663.000000 0.291401 0.292898
1168.000000 663.000000 0.553305 0.318113
1090.000000 664.000000 0.455596 0.308361
1173.000000 664.000000 0.560062 0.320027
1175.000000 664.000000 0.562714 0.320340
1198.000000 664.000000 0.593690 0.324037
1212.000000 664.000000 0.612966 0.326366
248.000000 665.000000 -0.387859 0.302675
799.000000 665.000000 0.149584 0.287326
802.000000 665.000000 0.152460 0.287433
834.000000 665.000000 0.183356 0.288708
943.000000 665.000000 0.292585 0.295047
1159.000000 665.000000 0.541830 0.319006
1209.000000 665.000000 0.608976 0.327022
813.000000 666.000000 0.163073 0.288853
860.000000 666.000000 0.208841 0.290950
885.000000 667.000000 0.233690 0.293321
1168.000000 667.000000 0.553925 0.322664
1199.000000 667.000000 0.595553 0.327667
1209.000000 667.000000 0.609313 0.329344
1154.000000 668.000000 0.535792 0.321647
1159.000000 668.000000 0.542287 0.322409
1173.000000 668.000000 0.560691 0.324592
230.000000 670.000000 -0.408770 0.309971
1166.000000 670.000000 0.551762 0.325772
1176.000000 670.000000 0.564997 0.327360
740.000000 671.000000 0.093719 0.291661
1148.000000 672.000000 0.528652 0.325270
1188.000000 672.000000 0.581424 0.331619
1192.000000 672.000000 0.586844 0.332285
213.000000 673.000000 -0.428745 0.315183
963.000000 673.000000 0.314157 0.304967
1151.000000 673.000000 0.532673 0.326862
225.000000 674.000000 -0.414958 0.314873
897.000000 674.000000 0.246154 0.301246
1159.000000 674.000000 0.543218 0.329239
1186.000000 674.000000 0.579054 0.333598
1192.000000 674.000000 0.587179 0.334600
236.000000 675.000000 -0.402478 0.314720
1149.000000 675.000000 0.530398 0.328828
1183.000000 675.000000 0.575179 0.334256
1265.000000 675.000000 0.690497 0.348598
906.000000 676.000000 0.255385 0.303893
1167.000000 676.000000 0.554033 0.332796
1223.000000 676.000000 0.630411 0.342287
26.000000 677.000000 -0.673311 0.348547
1142.000000 677.000000 0.521711 0.330031
1145.000000 677.000000 0.525556 0.330488
1159.000000 677.000000 0.543690 0.332666
960.000000 678.000000 0.311400 0.309987
915.000000 679.000000 0.264751 0.307618
1142.000000 679.000000 0.522016 0.332302
1249.000000 679.000000 0.668004 0.350494
238.000000 680.000000 -0.400759 0.319924
680.000000 680.000000 0.037547 0.299764
924.000000 681.000000 0.274119 0.310344
1142.000000 681.000000 0.522323 0.334577
1185.000000 681.000000 0.578880 0.341541
1158.000000 682.000000 0.543181 0.338237
885.000000 683.000000 0.234640 0.309824
932.000000 683.000000 0.282523 0.313032
1076.000000 683.000000 0.441329 0.327518
1164.000000 683.000000 0.551213 0.340359
1185.000000 683.000000 0.579220 0.343866
919.000000 684.000000 0.269199 0.313125
934.000000 684.000000 0.284672 0.314236
1058.000000 684.000000 0.420340 0.326379
1228.000000 684.000000 0.638901 0.352633
1258.000000 684.000000 0.681934 0.358103
879.000000 685.000000 0.228749 0.311536
916.000000 685.000000 0.266195 0.313958
1147.000000 685.000000 0.529375 0.339924
1157.000000 685.000000 0.542358 0.341523
1163.000000 685.000000 0.550224 0.342501
1139.000000 686.000000 0.519257 0.339814
1168.000000 686.000000 0.556990 0.344482
1137.000000 687.000000 0.516859 0.340645
445.000000 688.000000 -0.184986 0.312179
843.000000 688.000000 0.193233 0.312654
1168.000000 688.000000 0.557324 0.346799
1195.000000 688.000000 0.593679 0.351443
654.000000 689.000000 0.013273 0.308692
904.000000 689.000000 0.254225 0.317311
1128.000000 689.000000 0.505747 0.341542
908.000000 690.000000 0.258369 0.318637
1126.000000 690.000000 0.503377 0.342376
1160.000000 690.000000 0.547106 0.347782
1178.000000 690.000000 0.570997 0.350822
1195.000000 690.000000 0.594032 0.353791
1166.000000 691.000000 0.555180 0.349943
886.000000 692.000000 0.236208 0.319261
964.000000 692.000000 0.316845 0.325196
1126.000000 692.000000 0.503683 0.344655
1164.000000 692.000000 0.552705 0.350768
28.000000 693.000000 -0.673337 0.367316
848.000000 693.000000 0.198413 0.318088
881.000000 693.000000 0.231244 0.319991
948.000000 693.000000 0.300009 0.324879
978.000000 693.000000 0.331928 0.327551
1003.000000 693.000000 0.359163 0.330024
1171.000000 693.000000 0.562156 0.353119
1179.000000 693.000000 0.572859 0.354499
1248.000000 693.000000 0.669132 0.367063
1259.000000 693.000000 0.685043 0.369108
894.000000 694.000000 0.244415 0.321878
956.000000 694.000000 0.308531 0.326628
1120.000000 694.000000 0.496450 0.346020
1122.000000 694.000000 0.498957 0.346325
998.000000 695.000000 0.353871 0.331677
1005.000000 695.000000 0.361579 0.332404
1118.000000 695.000000 0.494100 0.346857
167.000000 696.000000 -0.487095 0.346942
891.000000 696.000000 0.241513 0.323778
895.000000 696.000000 0.245562 0.324045
966.000000 696.000000 0.319337 0.329659
1105.000000 697.000000 0.478274 0.347190
1164.000000 697.000000 0.553553 0.356585
837.000000 698.000000 0.187846 0.322711
891.000000 698.000000 0.241646 0.325880
979.000000 698.000000 0.333484 0.333031
1072.000000 698.000000 0.438551 0.343688
945.000000 699.000000 0.297362 0.331025
976.000000 699.000000 0.330343 0.333822
1000.000000 699.000000 0.356484 0.336229
1002.000000 699.000000 0.358688 0.336439
260.000000 700.000000 -0.378163 0.339294
942.000000 700.000000 0.294298 0.331840
949.000000 700.000000 0.301658 0.332437
1110.000000 700.000000 0.484898 0.351347
1193.000000 700.000000 0.593091 0.365228
290.000000 701.000000 -0.345120 0.337190
727.000000 701.000000 0.082099 0.321841
866.000000 701.000000 0.216719 0.327447
981.000000 701.000000 0.335939 0.336470
1180.000000 701.000000 0.575615 0.364068
1139.000000 702.000000 0.521811 0.358208
1156.000000 702.000000 0.543875 0.361051
1274.000000 702.000000 0.708568 0.382798
17.000000 703.000000 -0.691083 0.381438
20.000000 703.000000 -0.686742 0.380877
866.000000 703.000000 0.216840 0.329546
889.000000 703.000000 0.239958 0.331016
919.000000 703.000000 0.270614 0.333185
951.000000 703.000000 0.304032 0.335830
1249.000000 703.000000 0.672454 0.379315
946.000000 704.000000 0.298843 0.336466
981.000000 704.000000 0.336236 0.339724
1113.000000 704.000000 0.489236 0.356377
1127.000000 704.000000 0.506826 0.358575
1139.000000 704.000000 0.522140 0.360525
910.000000 705.000000 0.261502 0.334628
25.000000 706.000000 -0.680088 0.383575
275.000000 706.000000 -0.362120 0.344216
830.000000 706.000000 0.181378 0.330697
870.000000 706.000000 0.221024 0.332947
1076.000000 706.000000 0.444401 0.353227
1128.000000 706.000000 0.508416 0.361045
1224.000000 706.000000 0.637335 0.378175
22.000000 707.000000 -0.684605 0.385355
953.000000 707.000000 0.306506 0.340314
1132.000000 707.000000 0.513669 0.362853
1137.000000 707.000000 0.520067 0.363676
1148.000000 707.000000 0.534280 0.365523
274.000000 708.000000 -0.363446 0.346521
886.000000 708.000000 0.237261 0.336102
1107.000000 708.000000 0.482398 0.360040
1125.000000 708.000000 0.504936 0.362874
1130.000000 708.000000 0.511283 0.363685
1135.000000 708.000000 0.517669 0.364507
593.000000 709.000000 -0.044087 0.329370
985.000000 709.000000 0.341091 0.345574
1111.000000 709.000000 0.487520 0.361807
1275.000000 709.000000 0.711329 0.391521
272.000000 710.000000 -0.365888 0.348942
720.000000 710.000000 0.075656 0.330965
1114.000000 710.000000 0.491420 0.363429
909.000000 711.000000 0.260928 0.340949
923.000000 711.000000 0.275386 0.342049
928.000000 711.000000 0.280585 0.342459
984.000000 711.000000 0.340207 0.347657
1094.000000 711.000000 0.466862 0.361506
1120.000000 711.000000 0.499107 0.365539
956.000000 712.000000 0.310152 0.345998
987.000000 712.000000 0.343586 0.349064
1105.000000 712.000000 0.480538 0.364326
1124.000000 712.000000 0.504319 0.367344
705.000000 713.000000 0.061501 0.333785
959.000000 713.000000 0.313444 0.347365
1005.000000 713.000000 0.363537 0.352120
1088.000000 713.000000 0.459854 0.362900
60.000000 714.000000 -0.631802 0.386577
263.000000 715.000000 -0.376518 0.355501
277.000000 715.000000 -0.360895 0.353900
833.000000 715.000000 0.184793 0.340299
886.000000 715.000000 0.237742 0.343542
910.000000 715.000000 0.262264 0.345309
923.000000 715.000000 0.275713 0.346349
951.000000 715.000000 0.305115 0.348790
958.000000 715.000000 0.312566 0.349445
960.000000 715.000000 0.314702 0.349636
1236.000000 715.000000 0.656114 0.391377
913.000000 716.000000 0.265436 0.346618
916.000000 716.000000 0.268536 0.346857
926.000000 716.000000 0.278917 0.347675
979.000000 716.000000 0.335282 0.352618
998.000000 716.000000 0.356110 0.354651
1084.000000 716.000000 0.455450 0.365738
1087.000000 716.000000 0.459085 0.366183
1270.000000 716.000000 0.705359 0.399151
