175.000000 3.000000 -0.480346 -0.368410
996.000000 3.000000 0.353962 -0.354176
1014.000000 3.000000 0.374003 -0.356228
167.000000 4.000000 -0.490125 -0.368515
284.000000 4.000000 -0.353222 -0.352874
932.000000 5.000000 0.285054 -0.345751
158.000000 6.000000 -0.501088 -0.367643
160.000000 6.000000 -0.498571 -0.367320
470.000000 6.000000 -0.161776 -0.336693
1114.000000 6.000000 0.492006 -0.366686
172.000000 7.000000 -0.483436 -0.364267
178.000000 7.000000 -0.476028 -0.363343
870.000000 7.000000 0.221432 -0.339002
1139.000000 7.000000 0.523603 -0.369644
181.000000 8.000000 -0.472192 -0.361740
1092.000000 8.000000 0.464520 -0.360989
186.000000 10.000000 -0.465785 -0.358707
837.000000 10.000000 0.188441 -0.333909
342.000000 12.000000 -0.290214 -0.338578
1124.000000 12.000000 0.503624 -0.361352
213.000000 13.000000 -0.432999 -0.351499
1016.000000 13.000000 0.375087 -0.345389
1226.000000 13.000000 0.640353 -0.378426
1240.000000 13.000000 0.660299 -0.381113
179.000000 14.000000 -0.473744 -0.355182
1162.000000 14.000000 0.552428 -0.365412
934.000000 15.000000 0.286303 -0.335172
1126.000000 15.000000 0.505673 -0.358209
1010.000000 16.000000 0.368046 -0.341415
1018.000000 16.000000 0.376989 -0.342313
1027.000000 17.000000 0.387016 -0.342250
1043.000000 17.000000 0.405275 -0.344175
1102.000000 18.000000 0.475272 -0.351070
1260.000000 18.000000 0.688204 -0.378864
172.000000 19.000000 -0.481609 -0.350527
1132.000000 19.000000 0.512650 -0.354559
1200.000000 19.000000 0.602866 -0.366347
1102.000000 20.000000 0.474977 -0.348796
1106.000000 20.000000 0.479901 -0.349388
940.000000 21.000000 0.292077 -0.329259
1163.000000 21.000000 0.552536 -0.357391
193.000000 22.000000 -0.455594 -0.344109
523.000000 22.000000 -0.110149 -0.318148
926.000000 22.000000 0.277423 -0.327069
1134.000000 22.000000 0.514719 -0.351424
174.000000 23.000000 -0.478555 -0.345687
1130.000000 24.000000 0.509314 -0.348493
1198.000000 24.000000 0.599197 -0.360054
954.000000 25.000000 0.306460 -0.326177
971.000000 26.000000 0.324456 -0.326624
1131.000000 26.000000 0.510269 -0.346358
953.000000 27.000000 0.305232 -0.323958
1110.000000 28.000000 0.483659 -0.340899
467.000000 30.000000 -0.163639 -0.311917
1065.000000 30.000000 0.429204 -0.332513
763.000000 32.000000 0.115934 -0.308138
935.000000 32.000000 0.285979 -0.317187
1078.000000 32.000000 0.444301 -0.331969
369.000000 34.000000 -0.260639 -0.313198
762.000000 34.000000 0.114923 -0.306071
459.000000 36.000000 -0.171140 -0.306101
1035.000000 36.000000 0.393901 -0.322347
1068.000000 37.000000 0.431845 -0.325154
937.000000 38.000000 0.287593 -0.311023
983.000000 38.000000 0.336246 -0.314898
1195.000000 38.000000 0.592602 -0.343069
1064.000000 40.000000 0.426792 -0.321361
1071.000000 41.000000 0.434873 -0.321121
1109.000000 41.000000 0.480567 -0.326124
234.000000 42.000000 -0.405045 -0.316851
210.000000 43.000000 -0.432682 -0.318571
230.000000 43.000000 -0.409508 -0.316216
1126.000000 43.000000 0.501395 -0.326300
238.000000 44.000000 -0.400265 -0.314234
988.000000 45.000000 0.341000 -0.307908
274.000000 46.000000 -0.359894 -0.308366
1058.000000 50.000000 0.418640 -0.309733
1150.000000 50.000000 0.530882 -0.321954
1269.000000 50.000000 0.695474 -0.342016
1270.000000 53.000000 0.696410 -0.338618
257.000000 54.000000 -0.377870 -0.301494
973.000000 55.000000 0.324056 -0.296054
1152.000000 55.000000 0.532712 -0.316601
1246.000000 55.000000 0.661195 -0.332038
1052.000000 56.000000 0.411059 -0.302567
1031.000000 57.000000 0.387149 -0.299275
1067.000000 59.000000 0.428051 -0.301004
1180.000000 59.000000 0.568863 -0.316352
1034.000000 61.000000 0.390110 -0.295309
1120.000000 62.000000 0.491275 -0.304266
1038.000000 63.000000 0.394408 -0.293582
1195.000000 63.000000 0.588436 -0.314157
217.000000 64.000000 -0.422117 -0.294957
1073.000000 64.000000 0.434483 -0.296280
1145.000000 64.000000 0.522419 -0.305477
1187.000000 65.000000 0.577304 -0.310609
1194.000000 66.000000 0.586602 -0.310567
355.000000 67.000000 -0.272713 -0.279985
966.000000 68.000000 0.315616 -0.281951
1254.000000 68.000000 0.670503 -0.318134
1104.000000 70.000000 0.470665 -0.293436
953.000000 71.000000 0.301783 -0.277892
1070.000000 71.000000 0.430200 -0.288403
1111.000000 71.000000 0.479051 -0.293211
1087.000000 72.000000 0.450056 -0.289239
1158.000000 73.000000 0.537848 -0.297267
156.000000 74.000000 -0.493754 -0.291322
10.000000 75.000000 -0.691043 -0.312176
1094.000000 75.000000 0.458040 -0.286808
154.000000 76.000000 -0.495973 -0.289384
996.000000 76.000000 0.346936 -0.276032
1167.000000 76.000000 0.549129 -0.295196
1048.000000 78.000000 0.404206 -0.278648
1109.000000 79.000000 0.475635 -0.284249
1258.000000 80.000000 0.674307 -0.304778
895.000000 81.000000 0.242090 -0.264106
1178.000000 83.000000 0.562600 -0.288939
484.000000 84.000000 -0.145391 -0.256950
1106.000000 84.000000 0.471408 -0.278479
1000.000000 85.000000 0.350515 -0.267022
480.000000 86.000000 -0.149132 -0.255098
149.000000 87.000000 -0.500796 -0.277993
1145.000000 88.000000 0.519174 -0.278911
1017.000000 89.000000 0.368665 -0.264281
1185.000000 89.000000 0.571045 -0.283226
1099.000000 90.000000 0.462308 -0.271224
1147.000000 90.000000 0.521453 -0.276975
1169.000000 91.000000 0.549650 -0.278778
1004.000000 93.000000 0.354195 -0.259080
1169.000000 93.000000 0.549380 -0.276564
1007.000000 95.000000 0.357282 -0.257257
1124.000000 96.000000 0.491960 -0.267622
1130.000000 97.000000 0.499256 -0.267249
165.000000 98.000000 -0.479862 -0.264220
1072.000000 98.000000 0.429712 -0.259893
160.000000 99.000000 -0.485835 -0.263709
1073.000000 100.000000 0.430673 -0.257884
1170.000000 100.000000 0.549755 -0.268971
1035.000000 101.000000 0.387500 -0.253362
1212.000000 101.000000 0.605916 -0.273635
1074.000000 102.000000 0.431635 -0.255877
1076.000000 104.000000 0.433759 -0.253968
1080.000000 104.000000 0.438410 -0.254358
1109.000000 105.000000 0.472675 -0.256282
1241.000000 105.000000 0.645945 -0.273347
327.000000 106.000000 -0.298969 -0.242180
1052.000000 106.000000 0.406107 -0.249650
1107.000000 107.000000 0.470054 -0.253940
1119.000000 107.000000 0.484584 -0.255234
248.000000 110.000000 -0.382802 -0.243674
1104.000000 113.000000 0.465834 -0.247264
1147.000000 113.000000 0.518639 -0.251956
1220.000000 114.000000 0.615136 -0.260184
1174.000000 115.000000 0.553063 -0.253031
1119.000000 119.000000 0.483300 -0.242453
1061.000000 121.000000 0.414995 -0.234881
1143.000000 124.000000 0.512371 -0.239687
1179.000000 124.000000 0.558507 -0.243829
1021.000000 125.000000 0.370207 -0.227631
1102.000000 125.000000 0.462262 -0.234425
1186.000000 125.000000 0.567612 -0.243589
1216.000000 125.000000 0.608127 -0.247393
1064.000000 127.000000 0.417899 -0.228939
1200.000000 127.000000 0.586069 -0.243134
1197.000000 128.000000 0.581908 -0.241663
284.000000 129.000000 -0.342485 -0.221763
1172.000000 130.000000 0.548662 -0.236494
1168.000000 131.000000 0.543369 -0.234957
1190.000000 132.000000 0.572070 -0.236439
179.000000 133.000000 -0.459544 -0.225794
12.000000 134.000000 -0.679254 -0.243952
191.000000 136.000000 -0.445196 -0.221612
134.000000 137.000000 -0.513817 -0.225949
279.000000 138.000000 -0.347228 -0.213055
176.000000 139.000000 -0.462552 -0.219817
1094.000000 140.000000 0.451445 -0.218059
1114.000000 142.000000 0.475009 -0.217761
426.000000 143.000000 -0.198933 -0.201300
1192.000000 149.000000 0.572768 -0.218233
1264.000000 149.000000 0.672977 -0.226850
1150.000000 154.000000 0.518058 -0.208554
147.000000 155.000000 -0.496017 -0.205745
1153.000000 155.000000 0.521730 -0.207788
297.000000 158.000000 -0.327110 -0.192154
1130.000000 158.000000 0.492943 -0.202515
1152.000000 160.000000 0.519997 -0.202425
1161.000000 161.000000 0.531269 -0.202223
1093.000000 163.000000 0.448400 -0.194304
1131.000000 163.000000 0.493726 -0.197397
1193.000000 164.000000 0.572492 -0.202208
1201.000000 165.000000 0.583048 -0.201962
1177.000000 166.000000 0.551319 -0.198474
1050.000000 167.000000 0.399209 -0.187225
3.000000 168.000000 -0.688130 -0.206890
442.000000 168.000000 -0.182906 -0.176926
1241.000000 169.000000 0.637634 -0.201939
1050.000000 170.000000 0.399017 -0.184216
439.000000 171.000000 -0.185683 -0.174155
1059.000000 171.000000 0.408989 -0.183791
1147.000000 174.000000 0.512497 -0.187322
1245.000000 177.000000 0.642416 -0.193616
1145.000000 178.000000 0.509677 -0.182992
1053.000000 179.000000 0.401790 -0.175396
1117.000000 179.000000 0.475516 -0.179745
10.000000 180.000000 -0.676563 -0.192772
1177.000000 180.000000 0.550007 -0.183665
1054.000000 181.000000 0.402781 -0.173459
1170.000000 181.000000 0.540912 -0.181991
1215.000000 183.000000 0.600132 -0.184039
45.000000 184.000000 -0.626327 -0.184731
56.000000 184.000000 -0.611125 -0.183639
1124.000000 184.000000 0.483543 -0.175143
61.000000 185.000000 -0.604191 -0.182077
1113.000000 185.000000 0.470306 -0.173313
47.000000 186.000000 -0.623348 -0.182368
1192.000000 186.000000 0.569046 -0.178678
54.000000 187.000000 -0.613580 -0.180604
1154.000000 187.000000 0.520151 -0.174379
63.000000 188.000000 -0.601184 -0.178670
159.000000 188.000000 -0.478835 -0.170693
1191.000000 188.000000 0.567549 -0.176472
1195.000000 188.000000 0.572827 -0.176830
58.000000 189.000000 -0.607903 -0.178071
65.000000 189.000000 -0.598377 -0.177413
1137.000000 190.000000 0.498878 -0.169953
72.000000 192.000000 -0.588668 -0.173572
70.000000 193.000000 -0.591263 -0.172688
108.000000 193.000000 -0.541472 -0.169433
126.000000 193.000000 -0.518761 -0.168008
1138.000000 193.000000 0.499878 -0.166941
68.000000 194.000000 -0.593866 -0.171803
1113.000000 194.000000 0.469677 -0.164146
124.000000 195.000000 -0.521104 -0.166091
114.000000 196.000000 -0.533604 -0.165828
124.000000 197.000000 -0.520952 -0.164022
70.000000 198.000000 -0.590821 -0.167371
1094.000000 198.000000 0.447139 -0.158866
54.000000 199.000000 -0.612459 -0.167722
104.000000 199.000000 -0.546109 -0.163491
1166.000000 199.000000 0.534327 -0.162859
57.000000 200.000000 -0.608261 -0.166385
122.000000 200.000000 -0.523227 -0.161070
1150.000000 201.000000 0.514089 -0.159587
1246.000000 201.000000 0.641424 -0.167599
53.000000 202.000000 -0.613564 -0.164601
49.000000 203.000000 -0.618986 -0.163884
161.000000 203.000000 -0.475425 -0.155285
1140.000000 203.000000 0.501610 -0.156819
54.000000 205.000000 -0.611929 -0.161307
67.000000 205.000000 -0.594258 -0.160199
1145.000000 207.000000 0.507477 -0.153065
1129.000000 210.000000 0.487764 -0.148937
1138.000000 210.000000 0.498688 -0.149523
1148.000000 211.000000 0.510908 -0.149168
1139.000000 212.000000 0.499778 -0.147547
1040.000000 214.000000 0.385615 -0.140069
1227.000000 216.000000 0.613602 -0.149835
1049.000000 218.000000 0.395284 -0.136559
1232.000000 218.000000 0.620344 -0.148108
1182.000000 219.000000 0.553338 -0.143264
1205.000000 220.000000 0.583474 -0.143890
1137.000000 221.000000 0.496772 -0.138254
1181.000000 222.000000 0.551837 -0.140079
98.000000 223.000000 -0.552053 -0.138978
1128.000000 223.000000 0.485764 -0.135691
1063.000000 224.000000 0.410506 -0.131305
1180.000000 224.000000 0.550411 -0.137938
1230.000000 224.000000 0.617105 -0.141559
273.000000 225.000000 -0.349238 -0.127921
989.000000 225.000000 0.330922 -0.127329
1126.000000 226.000000 0.483190 -0.132545
1172.000000 226.000000 0.540030 -0.135339
1187.000000 227.000000 0.559268 -0.135298
1267.000000 228.000000 0.669137 -0.140180
81.000000 230.000000 -0.573717 -0.132854
1003.000000 230.000000 0.345372 -0.123011
1193.000000 230.000000 0.566898 -0.132583
1156.000000 231.000000 0.519563 -0.129210
1233.000000 232.000000 0.620653 -0.133281
64.000000 233.000000 -0.596160 -0.130873
215.000000 233.000000 -0.411694 -0.122465
1157.000000 234.000000 0.520632 -0.126205
62.000000 235.000000 -0.598722 -0.128908
1150.000000 235.000000 0.511888 -0.124783
1233.000000 235.000000 0.620436 -0.130097
1236.000000 236.000000 0.624527 -0.129248
149.000000 237.000000 -0.487787 -0.121626
1109.000000 237.000000 0.462455 -0.120607
1243.000000 237.000000 0.634230 -0.128683
1105.000000 239.000000 0.457681 -0.118420
133.000000 240.000000 -0.507049 -0.119439
1081.000000 240.000000 0.430029 -0.116340
1244.000000 240.000000 0.635422 -0.125556
43.000000 241.000000 -0.624312 -0.123866
150.000000 242.000000 -0.486332 -0.116545
1164.000000 242.000000 0.528940 -0.118433
1081.000000 244.000000 0.429859 -0.112396
1239.000000 244.000000 0.628151 -0.120960
1235.000000 245.000000 0.622523 -0.119635
1176.000000 246.000000 0.543923 -0.115006
488.000000 247.000000 -0.138364 -0.102367
1201.000000 247.000000 0.576354 -0.115411
1242.000000 247.000000 0.632144 -0.117973
406.000000 248.000000 -0.215496 -0.102609
32.000000 249.000000 -0.639132 -0.116099
35.000000 250.000000 -0.634861 -0.114844
40.000000 250.000000 -0.627887 -0.114528
1169.000000 250.000000 0.534811 -0.110530
72.000000 251.000000 -0.584311 -0.111546
1205.000000 251.000000 0.581422 -0.111487
1211.000000 251.000000 0.589429 -0.111837
996.000000 252.000000 0.337342 -0.101670
1198.000000 253.000000 0.572052 -0.109015
1201.000000 253.000000 0.576008 -0.109182
54.000000 254.000000 -0.608372 -0.109459
998.000000 254.000000 0.339371 -0.099815
43.000000 255.000000 -0.623420 -0.109058
113.000000 255.000000 -0.531098 -0.105232
1030.000000 255.000000 0.373209 -0.099810
1251.000000 255.000000 0.644302 -0.110039
143.000000 256.000000 -0.494097 -0.102810
1065.000000 256.000000 0.411426 -0.100009
1171.000000 256.000000 0.537034 -0.104505
1213.000000 256.000000 0.591825 -0.106736
448.000000 257.000000 -0.175533 -0.093638
1193.000000 257.000000 0.565281 -0.104609
233.000000 258.000000 -0.390927 -0.097398
1217.000000 258.000000 0.597101 -0.104873
1256.000000 260.000000 0.651099 -0.105014
1217.000000 261.000000 0.596936 -0.101741
1140.000000 262.000000 0.498298 -0.096994
1137.000000 263.000000 0.494618 -0.095863
1176.000000 263.000000 0.543048 -0.097600
439.000000 264.000000 -0.183909 -0.087298
1099.000000 264.000000 0.449669 -0.093379
68.000000 265.000000 -0.588882 -0.097209
309.000000 265.000000 -0.310780 -0.088628
445.000000 266.000000 -0.178239 -0.085382
1221.000000 267.000000 0.602034 -0.095688
66.000000 268.000000 -0.591405 -0.094193
158.000000 269.000000 -0.475631 -0.089207
67.000000 270.000000 -0.589970 -0.092067
394.000000 270.000000 -0.226663 -0.082368
1257.000000 270.000000 0.651957 -0.094418
1194.000000 273.000000 0.565808 -0.088179
1197.000000 273.000000 0.569733 -0.088313
1181.000000 274.000000 0.548946 -0.086589
1257.000000 274.000000 0.651747 -0.090162
1160.000000 275.000000 0.522368 -0.084715
1103.000000 276.000000 0.453882 -0.081679
1032.000000 277.000000 0.374735 -0.078681
296.000000 278.000000 -0.323797 -0.076604
1228.000000 278.000000 0.611039 -0.084536
1215.000000 283.000000 0.593190 -0.078761
1256.000000 284.000000 0.649841 -0.079496
1026.000000 285.000000 0.368125 -0.070866
1212.000000 285.000000 0.589086 -0.076566
1059.000000 287.000000 0.403862 -0.069700
1256.000000 288.000000 0.649665 -0.075257
1149.000000 289.000000 0.508277 -0.070231
1225.000000 289.000000 0.606474 -0.072931
221.000000 290.000000 -0.403179 -0.066759
1224.000000 291.000000 0.605035 -0.070811
1180.000000 292.000000 0.546985 -0.068209
1256.000000 292.000000 0.649498 -0.071021
1269.000000 293.000000 0.668095 -0.070486
282.000000 294.000000 -0.337956 -0.061711
133.000000 295.000000 -0.504800 -0.064108
1172.000000 296.000000 0.536689 -0.063895
1180.000000 296.000000 0.546855 -0.064143
1231.000000 296.000000 0.614415 -0.065861
1228.000000 297.000000 0.610269 -0.064712
1255.000000 297.000000 0.647883 -0.065692
1231.000000 299.000000 0.614309 -0.062732
1092.000000 303.000000 0.440513 -0.054891
1248.000000 303.000000 0.637786 -0.059118
1235.000000 304.000000 0.619649 -0.057647
1263.000000 305.000000 0.659013 -0.057504
275.000000 306.000000 -0.345053 -0.050446
1275.000000 306.000000 0.676320 -0.056838
1169.000000 307.000000 0.532600 -0.052694
1055.000000 308.000000 0.399036 -0.049342
1160.000000 309.000000 0.521301 -0.050462
128.000000 310.000000 -0.510530 -0.049235
273.000000 311.000000 -0.347073 -0.045732
176.000000 313.000000 -0.453394 -0.045307
414.000000 313.000000 -0.207073 -0.042473
1080.000000 314.000000 0.426705 -0.043952
1166.000000 314.000000 0.528672 -0.045569
1159.000000 315.000000 0.519927 -0.044416
1073.000000 316.000000 0.418825 -0.041903
1268.000000 316.000000 0.665875 -0.045980
1012.000000 317.000000 0.352758 -0.040123
1169.000000 317.000000 0.532373 -0.042610
1251.000000 318.000000 0.641573 -0.043430
1257.000000 321.000000 0.649997 -0.040414
1122.000000 323.000000 0.474994 -0.035803
1121.000000 325.000000 0.473784 -0.033816
1245.000000 329.000000 0.632915 -0.031761
1075.000000 330.000000 0.420882 -0.028372
1138.000000 330.000000 0.493998 -0.029099
1242.000000 331.000000 0.628695 -0.029617
140.000000 333.000000 -0.495557 -0.026125
1214.000000 336.000000 0.590406 -0.024020
206.000000 338.000000 -0.419052 -0.020610
243.000000 339.000000 -0.378574 -0.019395
1276.000000 339.000000 0.677016 -0.021684
260.000000 344.000000 -0.360441 -0.014545
1252.000000 346.000000 0.642524 -0.014031
203.000000 347.000000 -0.422349 -0.011925
1068.000000 347.000000 0.412957 -0.011893
1072.000000 347.000000 0.417407 -0.011910
1162.000000 347.000000 0.523229 -0.012372
357.000000 348.000000 -0.261891 -0.010478
966.000000 349.000000 0.305123 -0.009653
269.000000 351.000000 -0.350947 -0.007877
281.000000 352.000000 -0.338434 -0.006906
498.000000 353.000000 -0.128549 -0.005715
1182.000000 353.000000 0.548422 -0.006423
356.000000 354.000000 -0.262862 -0.004922
353.000000 356.000000 -0.265806 -0.003071
547.000000 356.000000 -0.083809 -0.002982
999.000000 356.000000 0.338928 -0.003134
1227.000000 356.000000 0.607806 -0.003479
533.000000 357.000000 -0.096538 -0.002082
300.000000 359.000000 -0.318875 -0.000298
303.000000 360.000000 -0.315815 0.000640
1005.000000 360.000000 0.345174 0.000642
303.000000 362.000000 -0.315815 0.002516
1214.000000 362.000000 0.590255 0.002718
1220.000000 362.000000 0.598314 0.002725
258.000000 363.000000 -0.362523 0.003493
1187.000000 363.000000 0.554828 0.003701
1264.000000 363.000000 0.659540 0.003836
104.000000 366.000000 -0.539836 0.006704
351.000000 366.000000 -0.267776 0.006201
1168.000000 366.000000 0.530694 0.006687
1038.000000 368.000000 0.380159 0.008285
561.000000 370.000000 -0.071115 0.009651
1076.000000 370.000000 0.421865 0.010322
105.000000 371.000000 -0.538594 0.011739
300.000000 371.000000 -0.318890 0.010965
510.000000 371.000000 -0.117544 0.010591
1057.000000 372.000000 0.400817 0.012178
265.000000 373.000000 -0.355160 0.012964
1167.000000 373.000000 0.529472 0.013716
1238.000000 373.000000 0.622954 0.014204
1153.000000 374.000000 0.512108 0.014629
110.000000 375.000000 -0.532329 0.015733
1240.000000 375.000000 0.625742 0.016305
266.000000 376.000000 -0.354121 0.015804
995.000000 376.000000 0.334813 0.015728
1104.000000 377.000000 0.453746 0.017272
1243.000000 377.000000 0.629932 0.018420
1251.000000 377.000000 0.641143 0.018500
616.000000 378.000000 -0.021468 0.016838
554.000000 379.000000 -0.077466 0.017780
1196.000000 379.000000 0.566579 0.020018
319.000000 380.000000 -0.299662 0.019325
374.000000 380.000000 -0.245334 0.019098
503.000000 382.000000 -0.123977 0.020567
539.000000 382.000000 -0.091093 0.020508
1248.000000 383.000000 0.636995 0.024757
1181.000000 384.000000 0.547277 0.024933
1232.000000 384.000000 0.614802 0.025583
1245.000000 384.000000 0.632807 0.025763
366.000000 385.000000 -0.253138 0.023753
1129.000000 385.000000 0.483155 0.025350
1014.000000 386.000000 0.354704 0.025296
1204.000000 386.000000 0.577154 0.027263
149.000000 387.000000 -0.484774 0.027329
1052.000000 387.000000 0.395441 0.026555
1105.000000 387.000000 0.454989 0.027065
1150.000000 387.000000 0.508548 0.027574
1267.000000 387.000000 0.664071 0.029257
349.000000 388.000000 -0.269823 0.026622
390.000000 388.000000 -0.229909 0.026409
482.000000 388.000000 -0.143325 0.026063
1142.000000 388.000000 0.498814 0.028472
1256.000000 388.000000 0.648361 0.030131
495.000000 389.000000 -0.131344 0.026935
518.000000 389.000000 -0.110253 0.026879
550.000000 390.000000 -0.081111 0.027720
617.000000 390.000000 -0.020571 0.027650
250.000000 392.000000 -0.371173 0.031122
343.000000 392.000000 -0.275775 0.030376
538.000000 392.000000 -0.092020 0.029551
1121.000000 392.000000 0.473749 0.032164
1164.000000 392.000000 0.525924 0.032769
146.000000 393.000000 -0.488433 0.033304
361.000000 393.000000 -0.258067 0.031187
342.000000 394.000000 -0.276779 0.032243
382.000000 394.000000 -0.237654 0.031983
637.000000 394.000000 -0.002562 0.031251
1196.000000 394.000000 0.566785 0.035314
1202.000000 394.000000 0.574645 0.035420
1046.000000 396.000000 0.388999 0.035131
316.000000 397.000000 -0.302797 0.035246
109.000000 398.000000 -0.533874 0.038889
359.000000 398.000000 -0.260059 0.035835
361.000000 398.000000 -0.258101 0.035821
1046.000000 398.000000 0.389023 0.037049
1271.000000 398.000000 0.670066 0.041012
548.000000 399.000000 -0.082944 0.035860
1011.000000 399.000000 0.351668 0.037602
675.000000 400.000000 0.031673 0.036676
509.000000 401.000000 -0.118525 0.037781
134.000000 402.000000 -0.503052 0.042439
344.000000 402.000000 -0.274862 0.039671
535.000000 402.000000 -0.094775 0.038607
329.000000 403.000000 -0.289792 0.040739
1147.000000 403.000000 0.505131 0.043489
1149.000000 403.000000 0.507575 0.043528
116.000000 404.000000 -0.525235 0.044790
1056.000000 404.000000 0.400015 0.042947
1121.000000 404.000000 0.473936 0.043999
338.000000 405.000000 -0.280839 0.042520
141.000000 406.000000 -0.494656 0.046285
359.000000 406.000000 -0.260124 0.043256
368.000000 406.000000 -0.251327 0.043178
575.000000 407.000000 -0.058490 0.043035
625.000000 407.000000 -0.013372 0.042977
365.000000 409.000000 -0.254281 0.045985
508.000000 409.000000 -0.119472 0.045045
1192.000000 409.000000 0.561898 0.050530
374.000000 410.000000 -0.245524 0.046829
662.000000 410.000000 0.019962 0.045690
1069.000000 410.000000 0.414471 0.048945
1190.000000 410.000000 0.559331 0.051499
365.000000 411.000000 -0.254300 0.047839
1200.000000 411.000000 0.572394 0.052780
1207.000000 411.000000 0.581631 0.052968
527.000000 412.000000 -0.102102 0.047693
663.000000 412.000000 0.020865 0.047496
17.000000 413.000000 -0.657582 0.056645
334.000000 413.000000 -0.284904 0.050025
369.000000 413.000000 -0.250417 0.049654
645.000000 413.000000 0.004645 0.048391
1203.000000 413.000000 0.576396 0.054913
1252.000000 413.000000 0.643300 0.056366
1085.000000 415.000000 0.432522 0.054097
1149.000000 415.000000 0.507839 0.055520
298.000000 416.000000 -0.321309 0.053294
1220.000000 416.000000 0.599176 0.058504
270.000000 417.000000 -0.350339 0.054655
237.000000 418.000000 -0.385493 0.056167
239.000000 418.000000 -0.383332 0.056131
627.000000 418.000000 -0.011575 0.052909
689.000000 420.000000 0.044336 0.054759
1129.000000 420.000000 0.483781 0.060002
625.000000 421.000000 -0.013379 0.055621
284.000000 422.000000 -0.335823 0.059173
538.000000 422.000000 -0.092110 0.056720
689.000000 422.000000 0.044340 0.056568
1123.000000 423.000000 0.476720 0.062822
391.000000 427.000000 -0.229259 0.062381
638.000000 427.000000 -0.001662 0.061042
1125.000000 427.000000 0.479201 0.066840
29.000000 428.000000 -0.641115 0.072065
312.000000 428.000000 -0.307223 0.064384
640.000000 428.000000 0.000140 0.061946
1130.000000 429.000000 0.485220 0.068968
1274.000000 429.000000 0.675439 0.074164
384.000000 431.000000 -0.236059 0.066165
390.000000 431.000000 -0.230268 0.066093
311.000000 432.000000 -0.308303 0.068165
1144.000000 433.000000 0.502244 0.073388
5.000000 435.000000 -0.675710 0.080529
633.000000 435.000000 -0.006172 0.068283
983.000000 435.000000 0.323126 0.071276
639.000000 437.000000 -0.000761 0.070093
1138.000000 437.000000 0.495092 0.077191
1199.000000 437.000000 0.571948 0.079431
276.000000 438.000000 -0.344446 0.074509
324.000000 438.000000 -0.295276 0.073584
274.000000 439.000000 -0.346559 0.075504
642.000000 439.000000 0.001945 0.071905
1026.000000 439.000000 0.368228 0.075990
1224.000000 439.000000 0.605459 0.082552
329.000000 440.000000 -0.290292 0.075374
344.000000 440.000000 -0.275341 0.075118
645.000000 440.000000 0.004651 0.072812
648.000000 440.000000 0.007357 0.072813
11.000000 441.000000 -0.667318 0.086659
267.000000 441.000000 -0.353952 0.077565
271.000000 441.000000 -0.349747 0.077475
383.000000 441.000000 -0.237159 0.075451
1189.000000 441.000000 0.559064 0.083131
1059.000000 442.000000 0.404107 0.079716
1071.000000 442.000000 0.417430 0.080050
1204.000000 443.000000 0.578792 0.085824
1206.000000 443.000000 0.581443 0.085911
1225.000000 443.000000 0.607001 0.086770
516.000000 444.000000 -0.112326 0.076840
605.000000 444.000000 -0.031450 0.076468
660.000000 444.000000 0.018189 0.076449
335.000000 445.000000 -0.284381 0.079959
356.000000 445.000000 -0.263569 0.079591
677.000000 445.000000 0.033543 0.077382
1227.000000 445.000000 0.609825 0.088954
238.000000 446.000000 -0.385039 0.083078
241.000000 446.000000 -0.381795 0.082998
593.000000 446.000000 -0.042300 0.078309
654.000000 446.000000 0.012775 0.078258
356.000000 447.000000 -0.263603 0.081459
380.000000 447.000000 -0.240154 0.081069
270.000000 448.000000 -0.350960 0.084179
1085.000000 449.000000 0.433413 0.087315
1184.000000 449.000000 0.552948 0.091108
384.000000 450.000000 -0.236325 0.083796
1080.000000 450.000000 0.427783 0.088133
266.000000 451.000000 -0.355248 0.087147
1138.000000 451.000000 0.495603 0.091200
263.000000 452.000000 -0.358443 0.088182
586.000000 452.000000 -0.048651 0.083780
378.000000 453.000000 -0.242192 0.086684
1230.000000 453.000000 0.614338 0.097483
196.000000 454.000000 -0.431770 0.092126
198.000000 454.000000 -0.429508 0.092058
236.000000 454.000000 -0.387432 0.090858
545.000000 454.000000 -0.085887 0.085777
260.000000 455.000000 -0.361703 0.091138
1233.000000 455.000000 0.618576 0.099744
191.000000 456.000000 -0.437518 0.094262
398.000000 457.000000 -0.222932 0.090078
593.000000 457.000000 -0.042330 0.088306
1028.000000 457.000000 0.370838 0.093333
1108.000000 457.000000 0.460174 0.096012
1267.000000 457.000000 0.666713 0.103792
763.000000 458.000000 0.111813 0.089625
1070.000000 458.000000 0.416812 0.095623
1186.000000 458.000000 0.555950 0.100428
1261.000000 459.000000 0.658197 0.105578
336.000000 460.000000 -0.283681 0.094034
351.000000 460.000000 -0.268778 0.093721
1233.000000 460.000000 0.618853 0.105006
594.000000 461.000000 -0.041436 0.091944
1118.000000 461.000000 0.472080 0.100383
1187.000000 461.000000 0.557395 0.103561
336.000000 463.000000 -0.283747 0.096858
609.000000 463.000000 -0.027871 0.093729
402.000000 464.000000 -0.219205 0.096515
616.000000 464.000000 -0.021544 0.094628
1146.000000 464.000000 0.505906 0.104618
1065.000000 465.000000 0.411480 0.102287
1095.000000 465.000000 0.445420 0.103420
1106.000000 465.000000 0.458159 0.103865
1262.000000 465.000000 0.660001 0.112062
1259.000000 466.000000 0.655764 0.112942
1273.000000 466.000000 0.675973 0.113843
89.000000 467.000000 -0.561878 0.109847
367.000000 467.000000 -0.253178 0.099957
768.000000 467.000000 0.116481 0.097905
1192.000000 467.000000 0.564211 0.110008
334.000000 468.000000 -0.285861 0.101616
1204.000000 468.000000 0.580056 0.111717
324.000000 469.000000 -0.295929 0.102801
353.000000 469.000000 -0.266991 0.102127
727.000000 469.000000 0.078982 0.099430
1190.000000 469.000000 0.561715 0.111963
1275.000000 469.000000 0.679088 0.117214
1199.000000 470.000000 0.573559 0.113506
330.000000 471.000000 -0.289942 0.104544
971.000000 471.000000 0.311659 0.105125
1276.000000 471.000000 0.680684 0.119445
1076.000000 472.000000 0.424063 0.109561
1044.000000 473.000000 0.388643 0.109327
256.000000 474.000000 -0.366537 0.109543
313.000000 474.000000 -0.307196 0.107823
316.000000 474.000000 -0.304148 0.107743
325.000000 474.000000 -0.295047 0.107507
328.000000 475.000000 -0.292052 0.108377
333.000000 475.000000 -0.287032 0.108250
320.000000 476.000000 -0.300149 0.109534
1011.000000 476.000000 0.353341 0.111095
732.000000 477.000000 0.083592 0.106782
336.000000 478.000000 -0.284104 0.111010
370.000000 479.000000 -0.250497 0.111141
434.000000 479.000000 -0.188969 0.109913
255.000000 480.000000 -0.367812 0.115375
614.000000 480.000000 -0.023381 0.109228
1171.000000 480.000000 0.537920 0.122201
255.000000 482.000000 -0.367884 0.117310
319.000000 482.000000 -0.301326 0.115257
1198.000000 482.000000 0.572968 0.125912
355.000000 483.000000 -0.265339 0.115253
1098.000000 483.000000 0.449665 0.121389
1100.000000 483.000000 0.451982 0.121484
321.000000 484.000000 -0.299358 0.117101
359.000000 484.000000 -0.261416 0.116098
1217.000000 484.000000 0.598482 0.129257
737.000000 485.000000 0.088217 0.114155
363.000000 486.000000 -0.257526 0.117884
734.000000 486.000000 0.085484 0.115050
1110.000000 486.000000 0.463801 0.124967
260.000000 487.000000 -0.362731 0.121966
1101.000000 487.000000 0.453337 0.125516
1181.000000 487.000000 0.551134 0.130016
1244.000000 487.000000 0.635944 0.134358
319.000000 488.000000 -0.301500 0.120964
1228.000000 488.000000 0.613772 0.134251
1247.000000 488.000000 0.640243 0.135652
738.000000 489.000000 0.089164 0.117838
917.000000 490.000000 0.258036 0.121693
1203.000000 490.000000 0.580116 0.134591
729.000000 492.000000 0.080962 0.120525
1208.000000 492.000000 0.586924 0.137036
267.000000 493.000000 -0.355521 0.127509
1214.000000 493.000000 0.595060 0.138518
270.000000 494.000000 -0.352386 0.128363
332.000000 495.000000 -0.288585 0.127237
275.000000 497.000000 -0.347228 0.131074
332.000000 497.000000 -0.288645 0.129139
639.000000 497.000000 -0.000762 0.124775
636.000000 498.000000 -0.003480 0.125693
1179.000000 498.000000 0.549285 0.141268
286.000000 499.000000 -0.335783 0.132594
734.000000 499.000000 0.085588 0.127009
279.000000 500.000000 -0.343140 0.133821
283.000000 500.000000 -0.338952 0.133670
1179.000000 500.000000 0.549424 0.143342
638.000000 502.000000 -0.001669 0.129369
1220.000000 503.000000 0.603958 0.149544
743.000000 504.000000 0.093875 0.131703
21.000000 505.000000 -0.657307 0.154745
1117.000000 505.000000 0.473114 0.144445
1229.000000 505.000000 0.616462 0.152398
1177.000000 507.000000 0.547350 0.150466
1258.000000 507.000000 0.657443 0.157021
640.000000 508.000000 0.000145 0.134890
758.000000 509.000000 0.107709 0.136486
222.000000 511.000000 -0.405065 0.147084
1021.000000 513.000000 0.365423 0.147354
1150.000000 513.000000 0.513689 0.154735
1207.000000 513.000000 0.587195 0.159084
1116.000000 514.000000 0.472481 0.153486
757.000000 515.000000 0.106858 0.142036
1118.000000 515.000000 0.474924 0.154627
1118.000000 517.000000 0.475054 0.156656
1157.000000 517.000000 0.522704 0.159361
1190.000000 517.000000 0.564990 0.161911
687.000000 518.000000 0.042851 0.144231
759.000000 518.000000 0.108737 0.144846
1161.000000 518.000000 0.527805 0.160693
1192.000000 518.000000 0.567696 0.163125
1078.000000 519.000000 0.428618 0.156212
760.000000 520.000000 0.109684 0.146717
1238.000000 520.000000 0.630281 0.169272
682.000000 521.000000 0.038315 0.146984
1076.000000 521.000000 0.426462 0.158095
679.000000 522.000000 0.035590 0.147897
6.000000 523.000000 -0.680634 0.175778
1132.000000 523.000000 0.492303 0.163725
1242.000000 527.000000 0.636562 0.177221
16.000000 528.000000 -0.666636 0.180270
30.000000 528.000000 -0.646622 0.178875
1169.000000 528.000000 0.538733 0.171719
16.000000 530.000000 -0.666838 0.182463
677.000000 531.000000 0.033806 0.156235
692.000000 531.000000 0.047475 0.156309
1050.000000 531.000000 0.397906 0.166566
1202.000000 531.000000 0.582069 0.177737
1234.000000 531.000000 0.625743 0.180770
1154.000000 532.000000 0.520103 0.174667
113.000000 533.000000 -0.535630 0.176615
785.000000 533.000000 0.133029 0.159211
1237.000000 533.000000 0.630133 0.183233
696.000000 534.000000 0.051143 0.159123
1197.000000 534.000000 0.575688 0.180467
1213.000000 534.000000 0.597152 0.181965
784.000000 536.000000 0.132149 0.162005
1198.000000 537.000000 0.577294 0.183749
1193.000000 538.000000 0.570762 0.184345
693.000000 539.000000 0.048436 0.163761
16.000000 540.000000 -0.667886 0.193460
1119.000000 540.000000 0.477868 0.180194
1243.000000 540.000000 0.639289 0.191463
1186.000000 542.000000 0.561930 0.187937
1093.000000 543.000000 0.447404 0.181354
686.000000 544.000000 0.042075 0.168384
1006.000000 544.000000 0.350935 0.177024
1260.000000 544.000000 0.663994 0.197687
1076.000000 545.000000 0.427971 0.182205
990.000000 547.000000 0.334203 0.179153
1028.000000 547.000000 0.374722 0.181203
1117.000000 548.000000 0.476089 0.188258
1268.000000 548.000000 0.676043 0.203011
685.000000 550.000000 0.041196 0.173987
96.000000 551.000000 -0.559122 0.197109
630.000000 551.000000 -0.008968 0.174798
713.000000 551.000000 0.066825 0.175131
812.000000 554.000000 0.158712 0.179518
822.000000 555.000000 0.168175 0.180701
1138.000000 555.000000 0.502172 0.197252
1145.000000 556.000000 0.510921 0.198917
1204.000000 556.000000 0.587211 0.204691
1157.000000 557.000000 0.526048 0.201068
789.000000 558.000000 0.137216 0.182817
1024.000000 558.000000 0.371036 0.191914
1244.000000 559.000000 0.642811 0.212413
1167.000000 560.000000 0.539054 0.205195
830.000000 561.000000 0.175909 0.186609
1212.000000 561.000000 0.598575 0.210963
1124.000000 562.000000 0.485682 0.203317
720.000000 563.000000 0.073373 0.186481
1192.000000 563.000000 0.571932 0.210952
82.000000 564.000000 -0.578898 0.212452
1140.000000 564.000000 0.505451 0.206841
1127.000000 565.000000 0.489590 0.206705
1174.000000 565.000000 0.548567 0.211213
1183.000000 565.000000 0.560285 0.212147
1037.000000 567.000000 0.385796 0.201757
1182.000000 568.000000 0.559293 0.215257
1211.000000 568.000000 0.598001 0.218459
1143.000000 569.000000 0.509642 0.212376
961.000000 570.000000 0.305263 0.200283
1148.000000 570.000000 0.515977 0.213914
788.000000 571.000000 0.136547 0.195135
1129.000000 571.000000 0.492575 0.213156
1020.000000 572.000000 0.367581 0.205665
1260.000000 573.000000 0.667443 0.229922
726.000000 574.000000 0.079024 0.196947
1134.000000 576.000000 0.499181 0.218878
1260.000000 577.000000 0.667957 0.234407
1210.000000 578.000000 0.597810 0.229256
1242.000000 578.000000 0.642291 0.233212
810.000000 580.000000 0.157454 0.204248
791.000000 582.000000 0.139603 0.205702
735.000000 584.000000 0.087470 0.206570
1055.000000 585.000000 0.407111 0.221320
1071.000000 585.000000 0.425260 0.222604
1162.000000 585.000000 0.535249 0.231325
113.000000 587.000000 -0.540880 0.233806
696.000000 587.000000 0.051538 0.208981
698.000000 588.000000 0.053386 0.209951
802.000000 588.000000 0.150104 0.211724
1112.000000 589.000000 0.473679 0.230421
1183.000000 589.000000 0.562965 0.238035
83.000000 590.000000 -0.580549 0.240558
1034.000000 591.000000 0.384192 0.225841
1221.000000 591.000000 0.614537 0.244952
796.000000 592.000000 0.144546 0.215421
802.000000 592.000000 0.150206 0.215574
1016.000000 592.000000 0.364598 0.225551
1046.000000 592.000000 0.397576 0.227780
1099.000000 592.000000 0.458460 0.232331
1101.000000 593.000000 0.460925 0.233566
802.000000 594.000000 0.150259 0.217502
808.000000 594.000000 0.155933 0.217663
798.000000 595.000000 0.146508 0.218363
1049.000000 595.000000 0.401168 0.231094
1185.000000 595.000000 0.566325 0.244809
805.000000 596.000000 0.153148 0.219513
1232.000000 596.000000 0.630542 0.251981
763.000000 597.000000 0.113711 0.219492
807.000000 597.000000 0.155069 0.220533
970.000000 597.000000 0.316082 0.227576
1096.000000 597.000000 0.455384 0.237282
1228.000000 598.000000 0.625207 0.253676
809.000000 599.000000 0.157019 0.222524
1109.000000 599.000000 0.471058 0.240652
1181.000000 599.000000 0.561538 0.248686
819.000000 600.000000 0.166549 0.223783
1179.000000 600.000000 0.559032 0.249532
1227.000000 600.000000 0.624082 0.255776
1275.000000 600.000000 0.693009 0.262539
816.000000 601.000000 0.163724 0.224664
1195.000000 601.000000 0.580395 0.252641
1270.000000 601.000000 0.685811 0.262964
1021.000000 602.000000 0.370761 0.236081
812.000000 603.000000 0.159981 0.226487
1187.000000 603.000000 0.569973 0.253817
1219.000000 603.000000 0.613367 0.258037
1190.000000 604.000000 0.574093 0.255301
1175.000000 605.000000 0.554408 0.254498
756.000000 606.000000 0.107355 0.228026
981.000000 606.000000 0.328174 0.237319
1091.000000 606.000000 0.450356 0.246247
1134.000000 606.000000 0.502303 0.250740
104.000000 607.000000 -0.554899 0.256555
759.000000 607.000000 0.110176 0.229052
1086.000000 607.000000 0.444584 0.246813
1098.000000 607.000000 0.458729 0.247993
1102.000000 607.000000 0.463489 0.248396
1172.000000 607.000000 0.550741 0.256311
1174.000000 607.000000 0.553351 0.256561
1212.000000 607.000000 0.604264 0.261545
1263.000000 607.000000 0.676460 0.268808
763.000000 608.000000 0.113936 0.230101
1092.000000 608.000000 0.451730 0.248450
237.000000 609.000000 -0.394959 0.244872
758.000000 609.000000 0.109282 0.230966
974.000000 609.000000 0.321016 0.239889
1135.000000 609.000000 0.503882 0.254073
763.000000 610.000000 0.113979 0.232037
770.000000 610.000000 0.120536 0.232190
1082.000000 610.000000 0.440200 0.249578
1260.000000 610.000000 0.672541 0.271798
1264.000000 610.000000 0.678359 0.272391
1268.000000 610.000000 0.684200 0.272984
1234.000000 611.000000 0.635457 0.269130
1168.000000 612.000000 0.546164 0.261277
1252.000000 612.000000 0.661270 0.272899
1256.000000 612.000000 0.667042 0.273492
242.000000 613.000000 -0.389728 0.248586
1051.000000 613.000000 0.404931 0.249853
1270.000000 613.000000 0.687577 0.276733
1275.000000 613.000000 0.694922 0.277485
767.000000 614.000000 0.117813 0.236003
1069.000000 614.000000 0.425525 0.252534
1214.000000 614.000000 0.607988 0.269651
1261.000000 614.000000 0.674590 0.276530
760.000000 616.000000 0.111298 0.237793
979.000000 616.000000 0.326740 0.247309
1265.000000 616.000000 0.680718 0.279432
768.000000 617.000000 0.118818 0.238942
777.000000 617.000000 0.127276 0.239155
1270.000000 617.000000 0.688182 0.281344
1265.000000 618.000000 0.681022 0.281735
249.000000 619.000000 -0.382477 0.254205
1079.000000 619.000000 0.437585 0.258758
1185.000000 619.000000 0.569416 0.271211
429.000000 620.000000 -0.197593 0.244389
759.000000 620.000000 0.110447 0.241662
886.000000 620.000000 0.232230 0.245968
976.000000 620.000000 0.323855 0.251167
1272.000000 620.000000 0.691576 0.285117
78.000000 621.000000 -0.591347 0.275492
765.000000 621.000000 0.116094 0.242769
767.000000 621.000000 0.117971 0.242815
775.000000 621.000000 0.125492 0.243005
802.000000 621.000000 0.151014 0.243739
1249.000000 621.000000 0.658307 0.282741
1276.000000 621.000000 0.697614 0.286893
757.000000 622.000000 0.108617 0.243568
1036.000000 622.000000 0.388912 0.257893
1243.000000 622.000000 0.649866 0.282971
1253.000000 622.000000 0.664220 0.284500
991.000000 624.000000 0.340041 0.256326
997.000000 624.000000 0.346463 0.256778
1061.000000 624.000000 0.417298 0.262266
1163.000000 624.000000 0.541226 0.273804
1241.000000 624.000000 0.647318 0.284954
1246.000000 624.000000 0.654462 0.285720
1136.000000 625.000000 0.507012 0.271484
1258.000000 626.000000 0.672073 0.289881
1236.000000 627.000000 0.640670 0.287619
200.000000 630.000000 -0.439121 0.270321
877.000000 630.000000 0.223822 0.255497
980.000000 630.000000 0.328790 0.261661
1107.000000 630.000000 0.471969 0.273468
1265.000000 631.000000 0.683049 0.296775
877.000000 632.000000 0.223917 0.257494
1001.000000 632.000000 0.351393 0.265330
977.000000 633.000000 0.325837 0.264517
1223.000000 633.000000 0.623290 0.292471
30.000000 634.000000 -0.660297 0.297475
797.000000 634.000000 0.146656 0.256364
1002.000000 634.000000 0.352634 0.267479
1017.000000 634.000000 0.368962 0.268731
1178.000000 634.000000 0.562211 0.286933
1236.000000 634.000000 0.641759 0.295642
1226.000000 635.000000 0.627803 0.295222
1235.000000 636.000000 0.640656 0.297782
1240.000000 636.000000 0.647765 0.298576
1098.000000 638.000000 0.462061 0.281055
1247.000000 638.000000 0.658102 0.302007
1263.000000 638.000000 0.681257 0.304598
1138.000000 640.000000 0.511415 0.288138
236.000000 641.000000 -0.398956 0.278363
1218.000000 641.000000 0.617561 0.300835
230.000000 642.000000 -0.405834 0.280007
903.000000 642.000000 0.250289 0.268892
1215.000000 642.000000 0.613549 0.301508
1261.000000 642.000000 0.678998 0.308938
845.000000 643.000000 0.193099 0.267044
1222.000000 644.000000 0.623619 0.304910
1235.000000 644.000000 0.641939 0.307006
1244.000000 644.000000 0.654774 0.308475
1246.000000 644.000000 0.657642 0.308803
299.000000 645.000000 -0.330441 0.277058
779.000000 645.000000 0.129900 0.266711
1219.000000 646.000000 0.619748 0.306728
1225.000000 646.000000 0.628145 0.307694
1242.000000 646.000000 0.652240 0.310468
281.000000 647.000000 -0.349885 0.280595
300.000000 647.000000 -0.329535 0.279051
861.000000 647.000000 0.208897 0.271769
1142.000000 647.000000 0.517400 0.296398
1228.000000 647.000000 0.632528 0.309334
242.000000 648.000000 -0.392891 0.285182
394.000000 649.000000 -0.233259 0.274954
797.000000 649.000000 0.147129 0.271231
1206.000000 649.000000 0.602227 0.308097
1234.000000 649.000000 0.641339 0.312632
1238.000000 649.000000 0.647026 0.313293
851.000000 650.000000 0.199250 0.274325
1140.000000 650.000000 0.515274 0.299452
838.000000 651.000000 0.186639 0.274762
1192.000000 651.000000 0.583458 0.308182
836.000000 652.000000 0.184741 0.275682
135.000000 653.000000 -0.521048 0.303198
1021.000000 653.000000 0.375077 0.289012
1199.000000 653.000000 0.593277 0.311564
1235.000000 653.000000 0.643423 0.317443
1249.000000 654.000000 0.663624 0.320968
826.000000 655.000000 0.175183 0.278285
1198.000000 655.000000 0.592232 0.313694
1238.000000 655.000000 0.648029 0.320277
1240.000000 655.000000 0.650883 0.320614
1244.000000 655.000000 0.656607 0.321291
230.000000 656.000000 -0.407260 0.294908
832.000000 656.000000 0.181030 0.279536
1116.000000 656.000000 0.486122 0.302882
1209.000000 656.000000 0.607486 0.316618
1242.000000 656.000000 0.653912 0.322121
834.000000 657.000000 0.183011 0.280627
1185.000000 657.000000 0.574966 0.313925
832.000000 658.000000 0.181114 0.281550
231.000000 659.000000 -0.406437 0.298016
871.000000 659.000000 0.219338 0.284392
1008.000000 659.000000 0.361327 0.294139
1114.000000 659.000000 0.484055 0.305929
1210.000000 659.000000 0.609361 0.320243
1214.000000 659.000000 0.614908 0.320905
1184.000000 660.000000 0.574096 0.317191
1191.000000 660.000000 0.583526 0.318304
1200.000000 660.000000 0.595769 0.319757
859.000000 662.000000 0.207657 0.286831
1216.000000 662.000000 0.618193 0.324717
778.000000 663.000000 0.129476 0.284629
789.000000 663.000000 0.139954 0.284974
849.000000 663.000000 0.197895 0.287363
1097.000000 663.000000 0.463877 0.308141
1190.000000 663.000000 0.582656 0.321584
1204.000000 663.000000 0.601747 0.323873
294.000000 664.000000 -0.337338 0.297292
319.000000 664.000000 -0.310792 0.295241
795.000000 664.000000 0.145720 0.286180
818.000000 664.000000 0.167817 0.287030
1208.000000 664.000000 0.607426 0.325695
252.000000 665.000000 -0.383385 0.302269
1149.000000 665.000000 0.528890 0.317508
295.000000 666.000000 -0.336437 0.299310
1173.000000 666.000000 0.560375 0.322307
849.000000 667.000000 0.198085 0.291426
944.000000 667.000000 0.293771 0.297201
1057.000000 667.000000 0.417192 0.307713
1170.000000 667.000000 0.556563 0.322977
1182.000000 667.000000 0.572530 0.324884
1184.000000 667.000000 0.575214 0.325207
1210.000000 667.000000 0.610698 0.329513
236.000000 668.000000 -0.401713 0.307156
250.000000 668.000000 -0.385926 0.305683
847.000000 668.000000 0.196175 0.292349
1100.000000 668.000000 0.468146 0.314035
1175.000000 668.000000 0.563346 0.324910
1215.000000 668.000000 0.617816 0.331527
140.000000 669.000000 -0.516973 0.320392
830.000000 669.000000 0.179643 0.292591
868.000000 669.000000 0.216896 0.294428
1183.000000 669.000000 0.574195 0.327343
237.000000 670.000000 -0.400793 0.309204
872.000000 670.000000 0.220915 0.295667
879.000000 670.000000 0.227875 0.296056
900.000000 670.000000 0.248930 0.297303
1270.000000 670.000000 0.696919 0.343518
827.000000 671.000000 0.176817 0.294493
830.000000 671.000000 0.179731 0.294623
865.000000 671.000000 0.214034 0.296315
1175.000000 671.000000 0.563826 0.328346
1179.000000 671.000000 0.569161 0.328992
848.000000 672.000000 0.197347 0.296474
1045.000000 672.000000 0.403985 0.311785
1182.000000 672.000000 0.573342 0.330631
214.000000 673.000000 -0.427579 0.315064
245.000000 673.000000 -0.392066 0.311580
749.000000 673.000000 0.102262 0.293885
1168.000000 673.000000 0.554872 0.329518
1170.000000 673.000000 0.557514 0.329837
155.000000 674.000000 -0.498815 0.323851
884.000000 674.000000 0.233098 0.300457
1174.000000 674.000000 0.562981 0.331629
1198.000000 674.000000 0.595361 0.335614
1220.000000 674.000000 0.625845 0.339410
803.000000 675.000000 0.153790 0.297586
894.000000 675.000000 0.243193 0.302093
236.000000 676.000000 -0.402589 0.315804
884.000000 676.000000 0.233216 0.302520
1198.000000 676.000000 0.595701 0.337940
805.000000 677.000000 0.155791 0.299695
891.000000 677.000000 0.240298 0.303975
893.000000 677.000000 0.242310 0.304099
1060.000000 677.000000 0.421824 0.318945
1203.000000 677.000000 0.602739 0.339964
1208.000000 677.000000 0.609644 0.340830
247.000000 678.000000 -0.390348 0.316765
297.000000 678.000000 -0.335348 0.311825
743.000000 678.000000 0.096712 0.298783
829.000000 678.000000 0.179069 0.301714
887.000000 678.000000 0.236342 0.304765
1095.000000 678.000000 0.463412 0.324455
1199.000000 678.000000 0.597414 0.340441
7.000000 679.000000 -0.701249 0.354324
235.000000 679.000000 -0.404065 0.319175
299.000000 679.000000 -0.333290 0.312707
660.000000 679.000000 0.018843 0.298617
833.000000 679.000000 0.183011 0.302919
883.000000 679.000000 0.232393 0.305559
1093.000000 679.000000 0.461130 0.325300
1160.000000 679.000000 0.545316 0.335115
1162.000000 679.000000 0.547937 0.335436
1204.000000 679.000000 0.604464 0.342474
750.000000 681.000000 0.103409 0.301991
1163.000000 681.000000 0.549572 0.337894
220.000000 682.000000 -0.421676 0.324199
743.000000 682.000000 0.096807 0.302830
890.000000 682.000000 0.239602 0.309095
1169.000000 682.000000 0.557652 0.340025
239.000000 683.000000 -0.399959 0.323077
882.000000 683.000000 0.231632 0.309641
1193.000000 683.000000 0.590074 0.345241
241.000000 684.000000 -0.397798 0.323941
1165.000000 684.000000 0.552695 0.341675
1170.000000 684.000000 0.559309 0.342501
1172.000000 684.000000 0.561965 0.342834
1206.000000 684.000000 0.608104 0.348688
763.000000 685.000000 0.115862 0.306409
1163.000000 685.000000 0.550224 0.342501
1174.000000 685.000000 0.564796 0.344327
1204.000000 685.000000 0.605517 0.349509
28.000000 686.000000 -0.672053 0.358923
799.000000 686.000000 0.150358 0.308646
833.000000 686.000000 0.183338 0.310103
1149.000000 686.000000 0.532118 0.341387
1168.000000 686.000000 0.556990 0.344482
1171.000000 686.000000 0.560970 0.344983
1257.000000 686.000000 0.680849 0.360319
803.000000 687.000000 0.154254 0.309826
883.000000 687.000000 0.232879 0.313858
1053.000000 687.000000 0.414908 0.329073
1154.000000 687.000000 0.538769 0.343339
33.000000 688.000000 -0.665233 0.360403
765.000000 688.000000 0.117856 0.309525
772.000000 688.000000 0.124534 0.309742
858.000000 688.000000 0.208024 0.313442
880.000000 688.000000 0.229932 0.314714
1162.000000 688.000000 0.549403 0.345800
1154.000000 689.000000 0.539093 0.345642
1159.000000 690.000000 0.545793 0.347617
1187.000000 690.000000 0.583135 0.352383
1219.000000 690.000000 0.627305 0.358115
232.000000 691.000000 -0.408894 0.332650
1053.000000 691.000000 0.415394 0.333479
1146.000000 691.000000 0.529040 0.346651
1150.000000 691.000000 0.534218 0.347297
1182.000000 691.000000 0.576550 0.352682
857.000000 692.000000 0.207254 0.317536
860.000000 692.000000 0.210227 0.317703
1025.000000 692.000000 0.383551 0.331303
1153.000000 692.000000 0.538281 0.348940
1174.000000 692.000000 0.565986 0.352467
1259.000000 692.000000 0.684857 0.367903
220.000000 693.000000 -0.423025 0.336324
895.000000 693.000000 0.245360 0.320895
900.000000 693.000000 0.250432 0.321233
960.000000 693.000000 0.312682 0.325910
1145.000000 693.000000 0.528072 0.348792
1217.000000 693.000000 0.625049 0.361312
229.000000 694.000000 -0.412712 0.336318
1137.000000 694.000000 0.517958 0.348661
1184.000000 694.000000 0.579775 0.356546
1140.000000 695.000000 0.521960 0.350290
1162.000000 695.000000 0.550573 0.353916
1177.000000 695.000000 0.570521 0.356492
870.000000 696.000000 0.220413 0.322453
916.000000 696.000000 0.266994 0.325533
929.000000 696.000000 0.280415 0.326525
1069.000000 696.000000 0.434737 0.341056
830.000000 697.000000 0.180932 0.321325
1135.000000 697.000000 0.515881 0.351791
908.000000 698.000000 0.258938 0.327061
1112.000000 698.000000 0.487078 0.349369
1138.000000 698.000000 0.519878 0.353424
886.000000 699.000000 0.236660 0.326601
906.000000 699.000000 0.256965 0.327974
914.000000 699.000000 0.265162 0.328559
254.000000 700.000000 -0.384907 0.339973
926.000000 700.000000 0.277619 0.330539
1154.000000 700.000000 0.540917 0.358381
1189.000000 700.000000 0.587631 0.364503
930.000000 702.000000 0.281931 0.332987
1158.000000 702.000000 0.546500 0.361392
1180.000000 702.000000 0.575793 0.365246
1223.000000 702.000000 0.635165 0.373179
740.000000 703.000000 0.094482 0.324204
883.000000 703.000000 0.233897 0.330616
916.000000 703.000000 0.267520 0.332955
1142.000000 703.000000 0.525838 0.359861
840.000000 704.000000 0.191109 0.329122
877.000000 704.000000 0.227921 0.331282
914.000000 704.000000 0.265537 0.333866
1164.000000 704.000000 0.554762 0.364770
1244.000000 704.000000 0.665451 0.379574
1118.000000 705.000000 0.495641 0.358302
1134.000000 705.000000 0.515896 0.360863
841.000000 706.000000 0.192201 0.331269
1137.000000 706.000000 0.519902 0.362515
1152.000000 706.000000 0.539323 0.365038
1163.000000 706.000000 0.553788 0.366943
1123.000000 707.000000 0.502248 0.361397
1190.000000 707.000000 0.590272 0.372984
1276.000000 707.000000 0.712417 0.389264
832.000000 708.000000 0.183444 0.332892
844.000000 708.000000 0.195272 0.333529
901.000000 708.000000 0.252508 0.337155
1162.000000 708.000000 0.552816 0.369117
906.000000 709.000000 0.257698 0.338588
1155.000000 709.000000 0.543769 0.369068
1160.000000 709.000000 0.550349 0.369942
1172.000000 709.000000 0.566301 0.372075
975.000000 710.000000 0.330338 0.345653
1120.000000 710.000000 0.498946 0.364382
1158.000000 710.000000 0.547888 0.370766
1275.000000 710.000000 0.711516 0.392743
832.000000 711.000000 0.183599 0.336038
953.000000 711.000000 0.306870 0.344637
1268.000000 711.000000 0.701503 0.392652
847.000000 712.000000 0.198465 0.337904
975.000000 712.000000 0.330538 0.347834
1019.000000 712.000000 0.379090 0.352624
1114.000000 712.000000 0.491736 0.365736
1117.000000 712.000000 0.495495 0.366214
1166.000000 712.000000 0.558833 0.374544
1275.000000 712.000000 0.711889 0.395190
879.000000 713.000000 0.230524 0.340936
891.000000 713.000000 0.242678 0.341761
901.000000 713.000000 0.252875 0.342485
954.000000 713.000000 0.308117 0.346897
987.000000 713.000000 0.343691 0.350161
995.000000 713.000000 0.352471 0.351015
173.000000 714.000000 -0.482402 0.366624
1001.000000 714.000000 0.359209 0.352776
1161.000000 714.000000 0.552557 0.376012
36.000000 715.000000 -0.666012 0.392412
134.000000 715.000000 -0.531976 0.374177
1270.000000 715.000000 0.705169 0.397925
23.000000 716.000000 -0.684873 0.396129
996.000000 716.000000 0.353901 0.354430
1096.000000 716.000000 0.470066 0.367541
1159.000000 716.000000 0.550270 0.378019
1161.000000 716.000000 0.552915 0.378377
1272.000000 716.000000 0.708269 0.399528
