976.000000 3.000000 0.332080 -0.352049
992.000000 3.000000 0.349554 -0.353738
1185.000000 3.000000 0.585294 -0.382631
1235.000000 3.000000 0.655089 -0.392288
292.000000 4.000000 -0.344441 -0.352014
521.000000 4.000000 -0.112601 -0.336828
1030.000000 5.000000 0.391868 -0.355930
1152.000000 6.000000 0.540670 -0.373062
1243.000000 7.000000 0.665761 -0.388977
1026.000000 8.000000 0.386952 -0.352099
1170.000000 8.000000 0.564133 -0.373910
1245.000000 9.000000 0.668247 -0.386931
315.000000 10.000000 -0.318962 -0.343156
1155.000000 10.000000 0.543904 -0.368885
937.000000 11.000000 0.289776 -0.339715
1182.000000 11.000000 0.579734 -0.372539
1174.000000 12.000000 0.568768 -0.369900
1026.000000 13.000000 0.386355 -0.346552
1028.000000 13.000000 0.388622 -0.346790
317.000000 14.000000 -0.316450 -0.338638
1012.000000 14.000000 0.370499 -0.343835
1091.000000 15.000000 0.462273 -0.352866
1222.000000 15.000000 0.634317 -0.375254
1176.000000 16.000000 0.570735 -0.365536
1242.000000 16.000000 0.662592 -0.377865
878.000000 17.000000 0.228828 -0.328950
1013.000000 17.000000 0.371280 -0.340651
1154.000000 17.000000 0.541385 -0.360519
1029.000000 18.000000 0.389164 -0.341382
1031.000000 18.000000 0.391434 -0.341617
506.000000 19.000000 -0.126486 -0.321764
995.000000 19.000000 0.351150 -0.336532
1074.000000 19.000000 0.441278 -0.345962
1156.000000 20.000000 0.543494 -0.357363
1008.000000 21.000000 0.365277 -0.335726
1022.000000 21.000000 0.380914 -0.337274
1027.000000 21.000000 0.386551 -0.337845
1057.000000 21.000000 0.420992 -0.341488
1080.000000 21.000000 0.448164 -0.344535
62.000000 22.000000 -0.625974 -0.365662
1269.000000 22.000000 0.700561 -0.375697
64.000000 24.000000 -0.622810 -0.362912
66.000000 24.000000 -0.620020 -0.362544
493.000000 24.000000 -0.138787 -0.317067
1012.000000 25.000000 0.369289 -0.331796
1090.000000 25.000000 0.459637 -0.341422
1140.000000 25.000000 0.521915 -0.348932
1023.000000 26.000000 0.381476 -0.331912
350.000000 27.000000 -0.280674 -0.321949
1027.000000 27.000000 0.385867 -0.331267
1089.000000 27.000000 0.458152 -0.339036
1167.000000 28.000000 0.556635 -0.349919
1192.000000 31.000000 0.589729 -0.350738
1050.000000 32.000000 0.411513 -0.328459
1027.000000 33.000000 0.385198 -0.324723
309.000000 34.000000 -0.323170 -0.317918
1038.000000 35.000000 0.397420 -0.323775
1048.000000 35.000000 0.408855 -0.324930
1150.000000 35.000000 0.533210 -0.339044
13.000000 36.000000 -0.693424 -0.357925
1185.000000 36.000000 0.579358 -0.343679
1251.000000 36.000000 0.671808 -0.355495
1189.000000 37.000000 0.584603 -0.343200
1030.000000 39.000000 0.387919 -0.318537
1013.000000 41.000000 0.368724 -0.314590
1132.000000 41.000000 0.509247 -0.329439
1261.000000 41.000000 0.685402 -0.351334
923.000000 42.000000 0.272839 -0.305800
940.000000 42.000000 0.290404 -0.307054
1033.000000 42.000000 0.390976 -0.315614
1062.000000 42.000000 0.424219 -0.318927
1259.000000 42.000000 0.682312 -0.349777
1027.000000 43.000000 0.384117 -0.313890
1038.000000 43.000000 0.396525 -0.315078
1092.000000 43.000000 0.459610 -0.321594
280.000000 45.000000 -0.353430 -0.308860
1188.000000 45.000000 0.581890 -0.333738
337.000000 46.000000 -0.292709 -0.302965
1061.000000 46.000000 0.422581 -0.314436
1063.000000 46.000000 0.424906 -0.314672
1186.000000 46.000000 0.579021 -0.332247
360.000000 47.000000 -0.268934 -0.300271
504.000000 47.000000 -0.127500 -0.293263
931.000000 47.000000 0.280713 -0.301161
1016.000000 47.000000 0.371441 -0.308456
1262.000000 47.000000 0.685781 -0.344349
923.000000 48.000000 0.272417 -0.299555
1100.000000 48.000000 0.468622 -0.317108
508.000000 49.000000 -0.123636 -0.291126
1041.000000 49.000000 0.399274 -0.308917
1064.000000 49.000000 0.425716 -0.311517
1067.000000 49.000000 0.429214 -0.311871
1069.000000 49.000000 0.431552 -0.312109
7.000000 50.000000 -0.699685 -0.342245
1071.000000 50.000000 0.433776 -0.311256
439.000000 51.000000 -0.189931 -0.291685
1066.000000 51.000000 0.427811 -0.309573
4.000000 52.000000 -0.703728 -0.340385
510.000000 52.000000 -0.121650 -0.288049
983.000000 52.000000 0.334992 -0.300056
15.000000 53.000000 -0.687490 -0.337278
477.000000 53.000000 -0.153099 -0.288107
7.000000 54.000000 -0.698988 -0.337482
137.000000 54.000000 -0.520306 -0.316103
236.000000 54.000000 -0.401451 -0.303657
1029.000000 54.000000 0.385214 -0.302279
1039.000000 55.000000 0.396365 -0.302245
143.000000 56.000000 -0.512413 -0.313001
1180.000000 57.000000 0.569179 -0.318635
236.000000 58.000000 -0.401027 -0.299362
125.000000 59.000000 -0.534953 -0.312231
215.000000 59.000000 -0.424985 -0.300568
1190.000000 59.000000 0.582300 -0.317940
362.000000 60.000000 -0.266034 -0.286715
1245.000000 60.000000 0.658890 -0.325982
1270.000000 60.000000 0.695191 -0.330302
164.000000 61.000000 -0.485576 -0.304585
214.000000 61.000000 -0.425920 -0.298521
1071.000000 61.000000 0.432487 -0.299296
163.000000 63.000000 -0.486543 -0.302511
29.000000 64.000000 -0.665334 -0.321892
1216.000000 65.000000 0.617005 -0.315265
957.000000 66.000000 0.306322 -0.283344
128.000000 67.000000 -0.529941 -0.302829
139.000000 67.000000 -0.515933 -0.301296
296.000000 67.000000 -0.334234 -0.284274
1070.000000 67.000000 0.430642 -0.292705
119.000000 68.000000 -0.541402 -0.302996
164.000000 69.000000 -0.484545 -0.295787
1052.000000 69.000000 0.409669 -0.288621
1059.000000 70.000000 0.417584 -0.288288
1187.000000 70.000000 0.576530 -0.304924
979.000000 71.000000 0.329140 -0.279850
162.000000 72.000000 -0.486618 -0.292753
468.000000 72.000000 -0.161050 -0.269376
1090.000000 72.000000 0.453620 -0.289587
120.000000 73.000000 -0.539394 -0.297261
126.000000 73.000000 -0.531665 -0.296420
518.000000 73.000000 -0.113531 -0.266892
1011.000000 73.000000 0.363482 -0.280448
1061.000000 73.000000 0.419568 -0.285293
1064.000000 74.000000 0.422921 -0.284542
1084.000000 74.000000 0.446277 -0.286738
1086.000000 74.000000 0.448642 -0.286965
150.000000 77.000000 -0.500810 -0.288798
1123.000000 77.000000 0.493040 -0.288156
141.000000 78.000000 -0.511936 -0.288864
926.000000 78.000000 0.273511 -0.268929
147.000000 79.000000 -0.504291 -0.286988
1055.000000 79.000000 0.412070 -0.278288
1069.000000 79.000000 0.428176 -0.279733
1127.000000 79.000000 0.497744 -0.286473
110.000000 80.000000 -0.551407 -0.290860
1064.000000 80.000000 0.422292 -0.278145
1112.000000 80.000000 0.479165 -0.283525
130.000000 81.000000 -0.525462 -0.287008
904.000000 81.000000 0.251094 -0.264596
1116.000000 82.000000 0.483809 -0.281836
113.000000 83.000000 -0.547076 -0.287100
466.000000 84.000000 -0.162549 -0.257527
1119.000000 84.000000 0.487244 -0.280026
1022.000000 86.000000 0.374414 -0.267830
1071.000000 86.000000 0.429764 -0.272490
1076.000000 86.000000 0.435578 -0.273011
135.000000 87.000000 -0.518333 -0.279753
1108.000000 87.000000 0.473478 -0.275473
170.000000 89.000000 -0.474825 -0.273328
1015.000000 90.000000 0.366393 -0.263075
1133.000000 90.000000 0.503835 -0.275212
136.000000 92.000000 -0.516437 -0.274154
155.000000 92.000000 -0.492774 -0.271838
1228.000000 92.000000 0.629509 -0.286192
1216.000000 93.000000 0.612611 -0.283245
1220.000000 93.000000 0.618166 -0.283844
1242.000000 93.000000 0.649189 -0.287202
133.000000 94.000000 -0.519974 -0.272346
151.000000 94.000000 -0.497470 -0.270148
280.000000 94.000000 -0.349230 -0.257604
1086.000000 94.000000 0.446452 -0.265549
1093.000000 94.000000 0.454723 -0.266291
1123.000000 94.000000 0.490964 -0.269666
1021.000000 95.000000 0.372546 -0.258396
1243.000000 95.000000 0.650308 -0.285064
140.000000 96.000000 -0.510917 -0.269302
464.000000 96.000000 -0.164060 -0.245763
1124.000000 96.000000 0.491960 -0.267622
165.000000 98.000000 -0.479862 -0.264220
1245.000000 98.000000 0.652709 -0.281935
163.000000 99.000000 -0.482179 -0.263371
153.000000 100.000000 -0.494301 -0.263433
178.000000 100.000000 -0.463994 -0.260660
1126.000000 100.000000 0.493958 -0.263539
1274.000000 100.000000 0.694518 -0.284091
1048.000000 101.000000 0.402041 -0.254498
149.000000 102.000000 -0.499005 -0.261739
416.000000 102.000000 -0.210122 -0.241632
1104.000000 102.000000 0.466985 -0.258943
157.000000 103.000000 -0.489050 -0.259752
168.000000 103.000000 -0.475678 -0.258537
1267.000000 103.000000 0.683787 -0.279551
171.000000 104.000000 -0.471955 -0.257147
1133.000000 104.000000 0.502157 -0.260038
1120.000000 105.000000 0.486026 -0.257485
1106.000000 106.000000 0.468959 -0.254897
1129.000000 109.000000 0.496632 -0.254203
171.000000 111.000000 -0.471217 -0.249705
1132.000000 111.000000 0.500117 -0.252394
1139.000000 111.000000 0.508825 -0.253188
1249.000000 112.000000 0.656354 -0.266563
941.000000 113.000000 0.286733 -0.234561
1242.000000 113.000000 0.646201 -0.264415
176.000000 114.000000 -0.464928 -0.246018
183.000000 114.000000 -0.456617 -0.245321
968.000000 114.000000 0.314519 -0.235165
1077.000000 114.000000 0.433968 -0.243581
1110.000000 114.000000 0.472930 -0.246821
1134.000000 114.000000 0.502260 -0.249400
1139.000000 114.000000 0.508483 -0.249962
1151.000000 114.000000 0.523581 -0.251343
162.000000 115.000000 -0.481657 -0.246398
940.000000 115.000000 0.285600 -0.232509
1067.000000 115.000000 0.422361 -0.241626
1242.000000 116.000000 0.645772 -0.261022
970.000000 117.000000 0.316417 -0.232276
1172.000000 117.000000 0.550207 -0.250603
168.000000 118.000000 -0.474103 -0.242600
952.000000 118.000000 0.297718 -0.230196
163.000000 119.000000 -0.480031 -0.242052
475.000000 119.000000 -0.152917 -0.223007
1150.000000 119.000000 0.521737 -0.245834
374.000000 120.000000 -0.250664 -0.225736
981.000000 120.000000 0.327749 -0.229955
1173.000000 120.000000 0.551145 -0.247457
475.000000 121.000000 -0.152863 -0.221072
1129.000000 121.000000 0.495321 -0.241379
1177.000000 121.000000 0.556249 -0.246854
1195.000000 121.000000 0.580104 -0.249096
1081.000000 125.000000 0.437601 -0.232480
1071.000000 128.000000 0.425808 -0.228498
1158.000000 128.000000 0.530877 -0.237058
1232.000000 128.000000 0.629980 -0.246169
991.000000 131.000000 0.337600 -0.219545
864.000000 135.000000 0.209240 -0.209424
1164.000000 138.000000 0.537445 -0.226990
1251.000000 138.000000 0.655624 -0.237500
1115.000000 139.000000 0.476489 -0.220989
1000.000000 140.000000 0.346588 -0.211096
1153.000000 140.000000 0.523235 -0.223684
1171.000000 141.000000 0.546132 -0.224535
215.000000 142.000000 -0.417144 -0.213479
221.000000 143.000000 -0.410296 -0.212001
1181.000000 143.000000 0.558927 -0.223484
145.000000 144.000000 -0.499493 -0.217460
1152.000000 144.000000 0.521562 -0.219330
1142.000000 146.000000 0.508845 -0.216215
224.000000 147.000000 -0.406632 -0.207710
1229.000000 147.000000 0.623362 -0.224717
1067.000000 148.000000 0.419633 -0.207642
230.000000 149.000000 -0.399789 -0.205251
1194.000000 150.000000 0.575315 -0.217375
1259.000000 150.000000 0.665603 -0.225100
221.000000 151.000000 -0.409707 -0.203867
1073.000000 152.000000 0.426163 -0.204016
1126.000000 152.000000 0.488605 -0.208415
1093.000000 154.000000 0.449106 -0.203530
186.000000 155.000000 -0.449448 -0.202439
1229.000000 155.000000 0.622408 -0.215921
960.000000 156.000000 0.303908 -0.193034
1000.000000 157.000000 0.345575 -0.194165
258.000000 158.000000 -0.368504 -0.194367
1196.000000 159.000000 0.577001 -0.207890
1087.000000 160.000000 0.441657 -0.196913
1199.000000 160.000000 0.580899 -0.207132
1220.000000 161.000000 0.609268 -0.208338
91.000000 163.000000 -0.566229 -0.202663
976.000000 163.000000 0.320074 -0.186961
1224.000000 163.000000 0.614560 -0.206605
1142.000000 164.000000 0.507164 -0.197319
1202.000000 165.000000 0.584389 -0.202067
1222.000000 165.000000 0.611579 -0.204208
1109.000000 166.000000 0.466989 -0.192473
1027.000000 167.000000 0.373958 -0.185800
1001.000000 168.000000 0.346026 -0.183339
1235.000000 171.000000 0.628980 -0.199091
473.000000 173.000000 -0.153505 -0.171472
1185.000000 174.000000 0.560967 -0.190752
1268.000000 174.000000 0.675803 -0.199454
1148.000000 176.000000 0.513571 -0.185324
1273.000000 179.000000 0.682548 -0.194464
1219.000000 181.000000 0.605787 -0.186583
479.000000 184.000000 -0.147667 -0.160999
1212.000000 184.000000 0.595961 -0.182676
1126.000000 185.000000 0.485881 -0.174266
1186.000000 185.000000 0.561259 -0.179196
1240.000000 188.000000 0.634219 -0.181111
1114.000000 191.000000 0.471070 -0.167267
1107.000000 194.000000 0.462584 -0.163743
1081.000000 196.000000 0.432304 -0.160080
243.000000 199.000000 -0.382478 -0.154581
320.000000 201.000000 -0.301501 -0.149291
1214.000000 201.000000 0.597112 -0.164709
1165.000000 202.000000 0.532829 -0.159668
1061.000000 203.000000 0.409326 -0.151963
247.000000 204.000000 -0.377892 -0.149470
243.000000 206.000000 -0.382135 -0.147698
1062.000000 206.000000 0.410283 -0.149041
1090.000000 206.000000 0.442036 -0.150591
1252.000000 206.000000 0.649478 -0.162736
1162.000000 207.000000 0.528667 -0.154267
1117.000000 209.000000 0.473452 -0.149193
270.000000 213.000000 -0.352877 -0.139661
1157.000000 213.000000 0.521965 -0.147726
1179.000000 213.000000 0.549897 -0.149285
1198.000000 213.000000 0.574705 -0.150712
235.000000 215.000000 -0.390431 -0.139241
1170.000000 216.000000 0.538158 -0.145531
1135.000000 218.000000 0.494524 -0.141181
1167.000000 218.000000 0.534212 -0.143258
1089.000000 221.000000 0.440062 -0.135554
1157.000000 221.000000 0.521432 -0.139508
222.000000 222.000000 -0.404412 -0.132964
1093.000000 224.000000 0.444508 -0.132772
269.000000 225.000000 -0.353460 -0.128072
128.000000 228.000000 -0.513884 -0.131921
1091.000000 229.000000 0.441955 -0.127695
223.000000 230.000000 -0.402950 -0.125064
1156.000000 230.000000 0.519623 -0.130232
170.000000 231.000000 -0.463177 -0.126565
1112.000000 232.000000 0.466231 -0.125758
1157.000000 234.000000 0.520632 -0.126205
127.000000 235.000000 -0.514712 -0.124848
1189.000000 235.000000 0.561346 -0.127128
1266.000000 242.000000 0.666627 -0.124970
1233.000000 247.000000 0.619624 -0.117389
130.000000 248.000000 -0.510318 -0.111492
158.000000 248.000000 -0.476502 -0.110147
1072.000000 249.000000 0.419506 -0.107118
1145.000000 250.000000 0.504947 -0.109313
1191.000000 250.000000 0.563053 -0.111727
1128.000000 252.000000 0.484263 -0.106499
1198.000000 252.000000 0.572108 -0.110051
293.000000 253.000000 -0.327482 -0.100419
1238.000000 253.000000 0.626181 -0.111359
1175.000000 256.000000 0.542116 -0.104706
1018.000000 258.000000 0.360304 -0.096557
1243.000000 262.000000 0.632625 -0.102133
1056.000000 264.000000 0.401197 -0.091916
5.000000 265.000000 -0.676739 -0.100648
139.000000 265.000000 -0.498552 -0.093947
1016.000000 266.000000 0.357959 -0.088824
1142.000000 266.000000 0.500563 -0.093059
1174.000000 266.000000 0.540363 -0.094445
1169.000000 267.000000 0.533987 -0.093202
1167.000000 269.000000 0.531379 -0.091082
1064.000000 270.000000 0.409855 -0.086331
1249.000000 270.000000 0.640615 -0.093991
362.000000 272.000000 -0.257715 -0.081014
1125.000000 272.000000 0.479861 -0.086398
1051.000000 273.000000 0.395439 -0.083041
931.000000 274.000000 0.270900 -0.079394
1192.000000 274.000000 0.563157 -0.087063
1111.000000 276.000000 0.463198 -0.081941
1053.000000 277.000000 0.397521 -0.079225
1066.000000 278.000000 0.411844 -0.078610
1117.000000 281.000000 0.470079 -0.077187
44.000000 282.000000 -0.620638 -0.080617
40.000000 283.000000 -0.626124 -0.079744
48.000000 283.000000 -0.615096 -0.079396
53.000000 283.000000 -0.608265 -0.079181
42.000000 286.000000 -0.623227 -0.076511
119.000000 286.000000 -0.522310 -0.073581
46.000000 287.000000 -0.617672 -0.075298
1162.000000 287.000000 0.524421 -0.072669
48.000000 288.000000 -0.614887 -0.074172
50.000000 288.000000 -0.612150 -0.074091
110.000000 288.000000 -0.533491 -0.071867
1125.000000 288.000000 0.479332 -0.070492
53.000000 289.000000 -0.608019 -0.072930
59.000000 289.000000 -0.599888 -0.072696
114.000000 289.000000 -0.528442 -0.070722
109.000000 290.000000 -0.534682 -0.069876
1145.000000 290.000000 0.503354 -0.069104
1220.000000 290.000000 0.599649 -0.071697
64.000000 292.000000 -0.593052 -0.069399
100.000000 292.000000 -0.546015 -0.068146
70.000000 294.000000 -0.584977 -0.067119
155.000000 294.000000 -0.478383 -0.064492
1123.000000 294.000000 0.476787 -0.064486
67.000000 295.000000 -0.588935 -0.066192
155.000000 296.000000 -0.478330 -0.062511
66.000000 297.000000 -0.590202 -0.064161
53.000000 299.000000 -0.607654 -0.062527
1188.000000 299.000000 0.557041 -0.061337
45.000000 300.000000 -0.618561 -0.061755
1125.000000 300.000000 0.479005 -0.058594
56.000000 301.000000 -0.603517 -0.060351
1135.000000 301.000000 0.490935 -0.057851
61.000000 302.000000 -0.596739 -0.059156
1223.000000 302.000000 0.603291 -0.059346
1228.000000 303.000000 0.610068 -0.058467
1087.000000 304.000000 0.434800 -0.053811
64.000000 305.000000 -0.592623 -0.055964
964.000000 305.000000 0.303435 -0.050854
1224.000000 305.000000 0.604555 -0.056264
1096.000000 306.000000 0.445028 -0.052040
1068.000000 307.000000 0.413403 -0.050534
1137.000000 307.000000 0.493200 -0.051931
1181.000000 307.000000 0.547818 -0.053000
1202.000000 307.000000 0.575069 -0.053563
155.000000 308.000000 -0.478045 -0.050637
1177.000000 310.000000 0.542643 -0.049859
958.000000 311.000000 0.297311 -0.045159
1134.000000 311.000000 0.489504 -0.047891
1195.000000 311.000000 0.565792 -0.049285
1232.000000 311.000000 0.615311 -0.050258
1052.000000 312.000000 0.395688 -0.045443
1168.000000 314.000000 0.531180 -0.045612
1228.000000 314.000000 0.609752 -0.047031
1183.000000 315.000000 0.550186 -0.044929
1172.000000 316.000000 0.536173 -0.043680
62.000000 318.000000 -0.594964 -0.042601
1210.000000 319.000000 0.585363 -0.041437
190.000000 320.000000 -0.437252 -0.038245
269.000000 320.000000 -0.351153 -0.037246
271.000000 320.000000 -0.349058 -0.037224
265.000000 321.000000 -0.355345 -0.036341
1213.000000 321.000000 0.589322 -0.039443
1001.000000 322.000000 0.341194 -0.035264
267.000000 323.000000 -0.353221 -0.034422
1141.000000 323.000000 0.497723 -0.036097
1238.000000 323.000000 0.623293 -0.037895
1146.000000 324.000000 0.503781 -0.035181
1236.000000 325.000000 0.620487 -0.035769
65.000000 326.000000 -0.590786 -0.034296
1240.000000 326.000000 0.626005 -0.034804
1275.000000 326.000000 0.675779 -0.035511
1106.000000 329.000000 0.456186 -0.029690
134.000000 330.000000 -0.502856 -0.029180
1056.000000 330.000000 0.399840 -0.028182
1102.000000 330.000000 0.451550 -0.028665
1122.000000 330.000000 0.474899 -0.028900
61.000000 332.000000 -0.596042 -0.028182
134.000000 333.000000 -0.502819 -0.026194
61.000000 334.000000 -0.596013 -0.026121
129.000000 334.000000 -0.508902 -0.025256
1204.000000 334.000000 0.577149 -0.025941
1077.000000 335.000000 0.423074 -0.023550
60.000000 336.000000 -0.597330 -0.024072
1150.000000 336.000000 0.508509 -0.023270
1207.000000 337.000000 0.581076 -0.022906
1222.000000 337.000000 0.601157 -0.023091
31.000000 338.000000 -0.637096 -0.022367
1025.000000 338.000000 0.366311 -0.020283
1165.000000 338.000000 0.527041 -0.021425
46.000000 339.000000 -0.616301 -0.021140
36.000000 341.000000 -0.630085 -0.019170
146.000000 341.000000 -0.488274 -0.018139
1054.000000 341.000000 0.397563 -0.017595
1188.000000 341.000000 0.556202 -0.018622
1196.000000 341.000000 0.566576 -0.018698
1188.000000 343.000000 0.556184 -0.016592
1102.000000 344.000000 0.451428 -0.014980
1213.000000 344.000000 0.588984 -0.015782
1241.000000 344.000000 0.627137 -0.016029
111.000000 345.000000 -0.531073 -0.014412
1184.000000 345.000000 0.551026 -0.014533
1154.000000 346.000000 0.513336 -0.013324
1215.000000 346.000000 0.591644 -0.013741
485.000000 347.000000 -0.140524 -0.011170
994.000000 348.000000 0.333761 -0.010670
1213.000000 348.000000 0.588955 -0.011671
34.000000 349.000000 -0.632800 -0.010831
1263.000000 349.000000 0.658140 -0.010953
390.000000 350.000000 -0.229850 -0.008568
1000.000000 350.000000 0.339977 -0.008799
1265.000000 350.000000 0.661002 -0.009909
83.000000 351.000000 -0.566778 -0.008505
1076.000000 352.000000 0.421857 -0.007091
1134.000000 352.000000 0.489012 -0.007264
1132.000000 353.000000 0.486613 -0.006269
1231.000000 354.000000 0.613276 -0.005562
33.000000 355.000000 -0.634168 -0.004564
47.000000 357.000000 -0.614811 -0.002450
397.000000 357.000000 -0.223125 -0.002123
445.000000 357.000000 -0.177684 -0.002104
1170.000000 358.000000 0.533197 -0.001354
1253.000000 358.000000 0.643880 -0.001436
1248.000000 359.000000 0.636839 -0.000383
1023.000000 361.000000 0.364119 0.001594
1169.000000 361.000000 0.531940 0.001663
1223.000000 363.000000 0.602370 0.003761
312.000000 364.000000 -0.306680 0.004382
142.000000 366.000000 -0.493005 0.006598
226.000000 367.000000 -0.396919 0.007362
439.000000 367.000000 -0.183313 0.007023
1255.000000 368.000000 0.646728 0.009076
65.000000 369.000000 -0.590502 0.009910
226.000000 370.000000 -0.396927 0.010241
341.000000 370.000000 -0.277659 0.009932
1027.000000 370.000000 0.368386 0.010161
1209.000000 370.000000 0.583618 0.010916
66.000000 371.000000 -0.589179 0.011960
1251.000000 372.000000 0.641100 0.013254
157.000000 375.000000 -0.475182 0.015420
988.000000 377.000000 0.327591 0.016640
1218.000000 378.000000 0.595708 0.019210
295.000000 381.000000 -0.324047 0.020381
1008.000000 381.000000 0.348372 0.020518
1219.000000 381.000000 0.597087 0.022314
305.000000 382.000000 -0.313838 0.021267
465.000000 384.000000 -0.159064 0.022472
1190.000000 384.000000 0.558843 0.025041
1242.000000 386.000000 0.628652 0.027811
1150.000000 388.000000 0.508561 0.028571
1054.000000 389.000000 0.397645 0.028495
1236.000000 389.000000 0.620383 0.030845
1257.000000 389.000000 0.649799 0.031202
1269.000000 389.000000 0.666989 0.031412
289.000000 392.000000 -0.330289 0.030776
1112.000000 392.000000 0.463184 0.032048
1095.000000 393.000000 0.443549 0.032813
289.000000 395.000000 -0.330315 0.033604
1180.000000 395.000000 0.546161 0.036052
1193.000000 395.000000 0.562897 0.036280
1153.000000 397.000000 0.512375 0.037604
1186.000000 397.000000 0.553883 0.038187
1165.000000 398.000000 0.527272 0.038815
1075.000000 403.000000 0.421054 0.042261
1154.000000 403.000000 0.513715 0.043625
1160.000000 403.000000 0.521137 0.043743
1163.000000 404.000000 0.524890 0.044808
236.000000 405.000000 -0.386366 0.043713
275.000000 406.000000 -0.344953 0.044149
1135.000000 409.000000 0.490715 0.049221
1194.000000 409.000000 0.564498 0.050580
432.000000 411.000000 -0.190069 0.047285
1115.000000 412.000000 0.467030 0.051770
1194.000000 412.000000 0.564576 0.053644
413.000000 414.000000 -0.208082 0.050183
1089.000000 414.000000 0.437043 0.053201
1008.000000 415.000000 0.348729 0.052750
1114.000000 415.000000 0.465922 0.054705
1116.000000 415.000000 0.468268 0.054749
489.000000 416.000000 -0.136979 0.051498
921.000000 416.000000 0.260628 0.052559
1207.000000 416.000000 0.581773 0.058111
279.000000 417.000000 -0.340937 0.054516
1272.000000 419.000000 0.672140 0.063403
1069.000000 421.000000 0.414681 0.059600
1207.000000 422.000000 0.581961 0.064286
1244.000000 426.000000 0.632511 0.069768
321.000000 427.000000 -0.298114 0.063304
1245.000000 428.000000 0.633989 0.071911
1218.000000 430.000000 0.596961 0.072946
128.000000 432.000000 -0.511142 0.072584
1060.000000 432.000000 0.404954 0.070053
241.000000 433.000000 -0.381477 0.070491
979.000000 433.000000 0.318985 0.069312
1081.000000 433.000000 0.428415 0.071552
204.000000 434.000000 -0.422161 0.072351
137.000000 435.000000 -0.500255 0.075297
1070.000000 435.000000 0.416123 0.073213
882.000000 438.000000 0.223033 0.072490
1063.000000 439.000000 0.408448 0.076914
1245.000000 439.000000 0.634460 0.083497
966.000000 441.000000 0.305882 0.076619
1258.000000 442.000000 0.652983 0.087293
142.000000 443.000000 -0.494478 0.083125
262.000000 443.000000 -0.359277 0.079592
579.000000 443.000000 -0.054961 0.075625
1154.000000 444.000000 0.514901 0.084789
103.000000 445.000000 -0.542844 0.086642
1154.000000 446.000000 0.514979 0.086805
1256.000000 447.000000 0.650386 0.092506
272.000000 448.000000 -0.348860 0.084130
981.000000 448.000000 0.321337 0.083544
1214.000000 448.000000 0.592353 0.091460
1157.000000 449.000000 0.518815 0.089953
1230.000000 450.000000 0.614183 0.094337
525.000000 451.000000 -0.104130 0.083164
525.000000 453.000000 -0.104143 0.084989
392.000000 454.000000 -0.228660 0.087387
1094.000000 454.000000 0.443858 0.092533
478.000000 456.000000 -0.147462 0.088127
545.000000 456.000000 -0.085899 0.087601
1060.000000 456.000000 0.405627 0.093343
1104.000000 456.000000 0.455478 0.094870
1178.000000 456.000000 0.545572 0.097993
530.000000 457.000000 -0.099596 0.088607
539.000000 458.000000 -0.091382 0.089461
1143.000000 458.000000 0.501969 0.098437
354.000000 459.000000 -0.265795 0.092724
139.000000 460.000000 -0.498782 0.100282
312.000000 460.000000 -0.307858 0.094575
1028.000000 460.000000 0.370926 0.096222
1031.000000 460.000000 0.374145 0.096312
1033.000000 460.000000 0.376296 0.096373
1236.000000 460.000000 0.623003 0.105177
1244.000000 460.000000 0.634155 0.105639
301.000000 461.000000 -0.319110 0.095791
1069.000000 461.000000 0.415798 0.098520
1146.000000 461.000000 0.505769 0.101592
305.000000 462.000000 -0.315040 0.096641
521.000000 462.000000 -0.107871 0.093240
1051.000000 462.000000 0.395914 0.098881
1049.000000 463.000000 0.393757 0.099786
1176.000000 464.000000 0.543411 0.106078
352.000000 465.000000 -0.267893 0.098392
1039.000000 465.000000 0.382935 0.101395
1097.000000 465.000000 0.447724 0.103500
1151.000000 465.000000 0.512101 0.105864
1239.000000 465.000000 0.627467 0.110636
1229.000000 466.000000 0.613694 0.111089
1063.000000 467.000000 0.409329 0.104168
1268.000000 467.000000 0.668780 0.114595
510.000000 469.000000 -0.118029 0.099742
1043.000000 469.000000 0.387413 0.105407
1231.000000 469.000000 0.616629 0.114371
1259.000000 469.000000 0.655958 0.116154
257.000000 470.000000 -0.365339 0.105652
557.000000 470.000000 -0.075050 0.100311
561.000000 470.000000 -0.071411 0.100289
1196.000000 470.000000 0.569613 0.113335
521.000000 472.000000 -0.107952 0.102396
141.000000 473.000000 -0.496959 0.113271
988.000000 473.000000 0.329194 0.107507
1079.000000 473.000000 0.427491 0.110665
1132.000000 473.000000 0.489324 0.113019
316.000000 474.000000 -0.304148 0.107743
363.000000 474.000000 -0.257249 0.106603
608.000000 474.000000 -0.028799 0.103760
902.000000 474.000000 0.242976 0.106317
1142.000000 474.000000 0.501499 0.114521
109.000000 475.000000 -0.536685 0.116970
556.000000 475.000000 -0.075990 0.104889
1111.000000 476.000000 0.464490 0.115028
994.000000 477.000000 0.335544 0.111513
1234.000000 478.000000 0.621355 0.124077
320.000000 479.000000 -0.300230 0.112380
995.000000 479.000000 0.336649 0.113461
1253.000000 479.000000 0.648083 0.126454
1263.000000 479.000000 0.662386 0.127167
322.000000 480.000000 -0.298235 0.113274
502.000000 481.000000 -0.125517 0.110845
539.000000 481.000000 -0.091543 0.110503
1128.000000 481.000000 0.484913 0.120867
1110.000000 482.000000 0.463602 0.120969
1040.000000 483.000000 0.384662 0.118903
1175.000000 483.000000 0.543191 0.125520
368.000000 484.000000 -0.252569 0.115883
528.000000 484.000000 -0.101637 0.113349
1002.000000 484.000000 0.344133 0.118493
271.000000 485.000000 -0.351004 0.119639
358.000000 485.000000 -0.262427 0.117064
1181.000000 485.000000 0.551008 0.127950
151.000000 486.000000 -0.485568 0.125858
1035.000000 486.000000 0.379357 0.121628
481.000000 487.000000 -0.145035 0.116627
494.000000 487.000000 -0.132978 0.116464
557.000000 487.000000 -0.075156 0.115879
350.000000 488.000000 -0.270417 0.120099
1081.000000 489.000000 0.430457 0.126540
1127.000000 489.000000 0.484137 0.128872
1132.000000 489.000000 0.490155 0.129147
1139.000000 489.000000 0.498645 0.129540
1269.000000 489.000000 0.671811 0.138422
324.000000 490.000000 -0.296499 0.122719
354.000000 490.000000 -0.266506 0.121883
393.000000 490.000000 -0.228373 0.120947
1005.000000 490.000000 0.347495 0.124377
1222.000000 490.000000 0.605699 0.135933
363.000000 491.000000 -0.257650 0.122596
530.000000 491.000000 -0.099867 0.119769
549.000000 491.000000 -0.082483 0.119610
1051.000000 491.000000 0.397017 0.127162
1113.000000 491.000000 0.467590 0.130130
269.000000 492.000000 -0.353367 0.126467
1270.000000 492.000000 0.673503 0.141757
343.000000 493.000000 -0.277514 0.125020
635.000000 493.000000 -0.004384 0.121105
372.000000 494.000000 -0.248893 0.125197
1030.000000 494.000000 0.374276 0.129213
1049.000000 494.000000 0.394948 0.130015
1199.000000 494.000000 0.575094 0.138495
1233.000000 494.000000 0.621121 0.140994
382.000000 495.000000 -0.239157 0.125894
1192.000000 495.000000 0.565953 0.139049
1201.000000 495.000000 0.577813 0.139683
344.000000 496.000000 -0.276602 0.127836
1124.000000 496.000000 0.480934 0.135767
1195.000000 496.000000 0.569960 0.140302
1198.000000 496.000000 0.573914 0.140515
113.000000 497.000000 -0.532956 0.139303
537.000000 497.000000 -0.093507 0.125231
550.000000 497.000000 -0.081615 0.125122
650.000000 497.000000 0.009204 0.124780
1108.000000 497.000000 0.462031 0.135879
56.000000 498.000000 -0.607830 0.144393
146.000000 499.000000 -0.492324 0.139281
673.000000 499.000000 0.030058 0.126662
1124.000000 499.000000 0.481107 0.138797
1268.000000 499.000000 0.671177 0.149197
1272.000000 499.000000 0.676994 0.149536
112.000000 500.000000 -0.534418 0.142459
149.000000 500.000000 -0.488763 0.140115
368.000000 500.000000 -0.252969 0.130960
59.000000 501.000000 -0.603976 0.147340
329.000000 501.000000 -0.291789 0.133042
1141.000000 501.000000 0.501803 0.141856
519.000000 502.000000 -0.110082 0.130026
354.000000 503.000000 -0.266863 0.134188
369.000000 503.000000 -0.252068 0.133768
1205.000000 503.000000 0.583725 0.148375
371.000000 504.000000 -0.250132 0.134659
1140.000000 504.000000 0.500770 0.144851
354.000000 505.000000 -0.266922 0.136085
507.000000 505.000000 -0.121180 0.132942
1161.000000 505.000000 0.526872 0.147266
262.000000 506.000000 -0.361354 0.140323
293.000000 506.000000 -0.328766 0.139081
340.000000 506.000000 -0.280897 0.137460
575.000000 506.000000 -0.058878 0.133240
329.000000 507.000000 -0.291983 0.138768
1122.000000 507.000000 0.479195 0.146771
1138.000000 507.000000 0.498520 0.147782
1208.000000 507.000000 0.588051 0.152825
245.000000 508.000000 -0.379708 0.143024
337.000000 508.000000 -0.283967 0.139462
376.000000 508.000000 -0.245344 0.138305
680.000000 508.000000 0.036443 0.134968
333.000000 509.000000 -0.288019 0.140546
367.000000 509.000000 -0.254200 0.139503
626.000000 509.000000 -0.012554 0.135820
1112.000000 509.000000 0.467431 0.148182
1209.000000 509.000000 0.589553 0.155017
142.000000 510.000000 -0.497867 0.150721
256.000000 510.000000 -0.367942 0.144483
652.000000 510.000000 0.011031 0.136741
1110.000000 510.000000 0.465132 0.149070
508.000000 511.000000 -0.120333 0.138492
1046.000000 511.000000 0.392441 0.146571
1116.000000 511.000000 0.472292 0.150449
11.000000 512.000000 -0.672320 0.163247
338.000000 512.000000 -0.283094 0.143246
378.000000 512.000000 -0.243498 0.142034
618.000000 512.000000 -0.019819 0.138599
628.000000 512.000000 -0.010743 0.138583
1170.000000 512.000000 0.538761 0.155144
336.000000 513.000000 -0.285135 0.144268
1119.000000 513.000000 0.475988 0.152663
643.000000 514.000000 0.002868 0.140423
660.000000 514.000000 0.018298 0.140443
1025.000000 514.000000 0.369764 0.148515
1027.000000 514.000000 0.371918 0.148608
1276.000000 514.000000 0.684189 0.166305
626.000000 515.000000 -0.012562 0.141354
1040.000000 515.000000 0.386069 0.150214
299.000000 516.000000 -0.322939 0.148499
361.000000 516.000000 -0.260323 0.146326
48.000000 517.000000 -0.620390 0.165307
511.000000 518.000000 -0.117652 0.144954
1274.000000 518.000000 0.681642 0.170509
360.000000 519.000000 -0.261405 0.149212
380.000000 519.000000 -0.241741 0.148609
624.000000 519.000000 -0.014384 0.145052
287.000000 520.000000 -0.335574 0.152866
377.000000 521.000000 -0.244734 0.150595
536.000000 521.000000 -0.094661 0.147442
687.000000 521.000000 0.042866 0.147007
23.000000 522.000000 -0.655999 0.173025
526.000000 522.000000 -0.103868 0.148484
1081.000000 522.000000 0.432213 0.159390
1093.000000 522.000000 0.446010 0.160119
1187.000000 522.000000 0.561475 0.166918
581.000000 523.000000 -0.053514 0.148918
1130.000000 523.000000 0.489878 0.163583
315.000000 524.000000 -0.306811 0.155591
1180.000000 524.000000 0.552539 0.168438
312.000000 525.000000 -0.309920 0.156675
509.000000 525.000000 -0.119597 0.151498
636.000000 525.000000 -0.003489 0.150593
253.000000 526.000000 -0.371927 0.160303
262.000000 526.000000 -0.362264 0.159858
315.000000 526.000000 -0.306890 0.157521
1082.000000 526.000000 0.433598 0.163461
1196.000000 526.000000 0.573647 0.171899
265.000000 527.000000 -0.359109 0.160693
626.000000 527.000000 -0.012578 0.152455
1008.000000 527.000000 0.352210 0.160437
1139.000000 527.000000 0.501135 0.168339
392.000000 528.000000 -0.230307 0.156802
18.000000 529.000000 -0.663857 0.181164
11.000000 530.000000 -0.674069 0.182974
273.000000 530.000000 -0.350752 0.163246
314.000000 530.000000 -0.308074 0.161427
392.000000 530.000000 -0.230365 0.158701
1180.000000 530.000000 0.553043 0.174735
1219.000000 530.000000 0.604940 0.178248
1074.000000 531.000000 0.424791 0.167986
11.000000 532.000000 -0.674275 0.185175
350.000000 532.000000 -0.271778 0.161974
1029.000000 533.000000 0.375029 0.167392
1175.000000 533.000000 0.546842 0.177457
271.000000 534.000000 -0.353068 0.167263
632.000000 534.000000 -0.007130 0.158946
277.000000 535.000000 -0.346762 0.167948
1089.000000 535.000000 0.442220 0.172973
1202.000000 535.000000 0.582438 0.181994
1222.000000 535.000000 0.609531 0.183909
279.000000 536.000000 -0.344700 0.168831
284.000000 536.000000 -0.339438 0.168590
306.000000 536.000000 -0.316548 0.167583
500.000000 536.000000 -0.128106 0.161914
1077.000000 536.000000 0.428517 0.173197
1224.000000 536.000000 0.612380 0.185183
1257.000000 536.000000 0.658812 0.188559
1263.000000 536.000000 0.667463 0.189193
334.000000 537.000000 -0.288024 0.167386
638.000000 537.000000 -0.001673 0.161732
647.000000 537.000000 0.006517 0.161736
1040.000000 537.000000 0.387236 0.171959
1218.000000 537.000000 0.604249 0.185668
349.000000 538.000000 -0.272995 0.167774
372.000000 538.000000 -0.250182 0.166957
602.000000 538.000000 -0.034452 0.162742
644.000000 538.000000 0.003787 0.162664
681.000000 538.000000 0.037483 0.162763
268.000000 539.000000 -0.356512 0.172327
359.000000 539.000000 -0.263071 0.168369
395.000000 539.000000 -0.227719 0.167174
647.000000 539.000000 0.006518 0.163597
342.000000 540.000000 -0.280085 0.169966
385.000000 540.000000 -0.237495 0.168441
1176.000000 540.000000 0.548747 0.184907
1218.000000 540.000000 0.604546 0.188897
1261.000000 540.000000 0.665001 0.193385
242.000000 541.000000 -0.384673 0.175720
372.000000 541.000000 -0.250284 0.169830
503.000000 541.000000 -0.125401 0.166553
341.000000 542.000000 -0.281168 0.171935
359.000000 542.000000 -0.263179 0.171251
658.000000 542.000000 0.016539 0.166409
675.000000 542.000000 0.032030 0.166464
200.000000 543.000000 -0.431709 0.180335
1015.000000 543.000000 0.360483 0.176516
1092.000000 543.000000 0.446242 0.181283
1201.000000 543.000000 0.581867 0.190434
237.000000 544.000000 -0.390326 0.178997
510.000000 544.000000 -0.118954 0.169257
652.000000 544.000000 0.011077 0.168263
1065.000000 544.000000 0.415437 0.180469
1252.000000 544.000000 0.652506 0.196808
1262.000000 544.000000 0.666884 0.197908
336.000000 545.000000 -0.286327 0.175036
1070.000000 545.000000 0.421151 0.181803
237.000000 546.000000 -0.390446 0.180991
515.000000 546.000000 -0.114351 0.171057
1250.000000 546.000000 0.649870 0.198787
201.000000 547.000000 -0.430838 0.184310
270.000000 547.000000 -0.354802 0.180105
617.000000 547.000000 -0.020811 0.171084
1086.000000 547.000000 0.439580 0.184921
267.000000 548.000000 -0.358057 0.181255
538.000000 548.000000 -0.093135 0.172616
207.000000 549.000000 -0.424143 0.185922
380.000000 549.000000 -0.242694 0.177225
586.000000 549.000000 -0.049114 0.173096
1183.000000 549.000000 0.558673 0.195080
264.000000 550.000000 -0.361377 0.183400
886.000000 550.000000 0.229435 0.177763
392.000000 551.000000 -0.231022 0.178735
1098.000000 551.000000 0.453821 0.189871
1180.000000 551.000000 0.554957 0.196914
380.000000 552.000000 -0.242799 0.180105
760.000000 552.000000 0.110131 0.176645
1058.000000 552.000000 0.408098 0.188058
362.000000 553.000000 -0.260613 0.181733
969.000000 553.000000 0.312662 0.184002
1185.000000 554.000000 0.561779 0.200597
340.000000 556.000000 -0.282753 0.185534
408.000000 556.000000 -0.215644 0.183004
593.000000 556.000000 -0.042758 0.179612
1205.000000 556.000000 0.588557 0.204797
354.000000 558.000000 -0.268782 0.186887
766.000000 559.000000 0.115807 0.183341
1062.000000 559.000000 0.413066 0.195393
1237.000000 559.000000 0.632930 0.211603
615.000000 560.000000 -0.022674 0.183267
604.000000 561.000000 -0.032729 0.184249
608.000000 561.000000 -0.029073 0.184232
1118.000000 561.000000 0.478353 0.201763
595.000000 563.000000 -0.040970 0.186177
602.000000 563.000000 -0.034567 0.186139
1161.000000 563.000000 0.531691 0.207785
371.000000 564.000000 -0.252119 0.192015
725.000000 564.000000 0.077984 0.187480
1082.000000 564.000000 0.436221 0.201941
1189.000000 564.000000 0.568070 0.211708
954.000000 565.000000 0.297839 0.195027
1191.000000 565.000000 0.570821 0.212996
1232.000000 565.000000 0.626620 0.217613
1245.000000 565.000000 0.644941 0.219159
260.000000 566.000000 -0.366622 0.199550
328.000000 566.000000 -0.295373 0.195832
1094.000000 566.000000 0.450311 0.204936
347.000000 567.000000 -0.276184 0.195933
1038.000000 567.000000 0.386896 0.201824
1116.000000 567.000000 0.476466 0.207816
1232.000000 567.000000 0.626856 0.219812
338.000000 568.000000 -0.285310 0.197318
358.000000 568.000000 -0.265204 0.196429
347.000000 569.000000 -0.276273 0.197884
734.000000 569.000000 0.086340 0.192314
323.000000 570.000000 -0.300676 0.199999
333.000000 570.000000 -0.290475 0.199511
319.000000 571.000000 -0.304829 0.201183
336.000000 571.000000 -0.287477 0.200347
636.000000 571.000000 -0.003507 0.193584
1145.000000 571.000000 0.512326 0.214677
1198.000000 571.000000 0.580798 0.220242
316.000000 572.000000 -0.307966 0.202322
339.000000 573.000000 -0.284532 0.202165
369.000000 573.000000 -0.254465 0.200830
642.000000 573.000000 0.001979 0.195472
1092.000000 573.000000 0.448547 0.211980
354.000000 574.000000 -0.269467 0.202452
612.000000 574.000000 -0.025466 0.196468
260.000000 575.000000 -0.367193 0.208565
631.000000 575.000000 -0.008083 0.197366
1204.000000 575.000000 0.589321 0.225273
304.000000 576.000000 -0.320602 0.206916
613.000000 576.000000 -0.024558 0.198356
1223.000000 576.000000 0.615417 0.228632
260.000000 577.000000 -0.367324 0.210574
326.000000 578.000000 -0.298010 0.207719
359.000000 578.000000 -0.264641 0.206137
363.000000 578.000000 -0.260648 0.205960
373.000000 579.000000 -0.250750 0.206505
1168.000000 579.000000 0.542298 0.225547
263.000000 580.000000 -0.364280 0.213392
366.000000 580.000000 -0.257746 0.207782
729.000000 580.000000 0.081869 0.202681
323.000000 581.000000 -0.301240 0.210836
1024.000000 582.000000 0.372590 0.215995
1078.000000 582.000000 0.433050 0.220094
1169.000000 582.000000 0.543914 0.228875
1215.000000 582.000000 0.605129 0.234252
1084.000000 583.000000 0.440073 0.221631
1210.000000 583.000000 0.598416 0.234736
734.000000 584.000000 0.086545 0.206556
886.000000 584.000000 0.230669 0.210581
331.000000 585.000000 -0.293262 0.214368
726.000000 585.000000 0.079164 0.207400
1080.000000 585.000000 0.435611 0.223358
1219.000000 585.000000 0.611005 0.238056
273.000000 586.000000 -0.353923 0.218768
871.000000 586.000000 0.216095 0.211949
1112.000000 586.000000 0.473393 0.227274
635.000000 587.000000 -0.004431 0.208740
276.000000 588.000000 -0.350845 0.220583
982.000000 588.000000 0.328085 0.219302
1035.000000 588.000000 0.385071 0.222861
1167.000000 588.000000 0.542004 0.235105
1203.000000 588.000000 0.589530 0.239361
336.000000 590.000000 -0.288425 0.219051
1109.000000 590.000000 0.470177 0.231183
952.000000 591.000000 0.297130 0.220558
1169.000000 591.000000 0.544928 0.238569
638.000000 592.000000 -0.001682 0.213499
968.000000 592.000000 0.313703 0.222460
1077.000000 593.000000 0.432836 0.231379
1114.000000 593.000000 0.476477 0.234823
1139.000000 593.000000 0.507096 0.237390
28.000000 594.000000 -0.657254 0.252148
284.000000 594.000000 -0.342714 0.226097
731.000000 594.000000 0.083912 0.216065
1040.000000 594.000000 0.391055 0.229359
1109.000000 594.000000 0.470564 0.235385
1187.000000 594.000000 0.568850 0.243962
1197.000000 594.000000 0.582192 0.245198
734.000000 595.000000 0.086705 0.217067
1138.000000 595.000000 0.506066 0.239415
1164.000000 595.000000 0.538941 0.242313
1093.000000 596.000000 0.451753 0.235952
1247.000000 596.000000 0.651802 0.254035
638.000000 597.000000 -0.001683 0.218272
1017.000000 597.000000 0.366039 0.230695
739.000000 598.000000 0.091390 0.220021
1182.000000 598.000000 0.562733 0.247717
777.000000 599.000000 0.126852 0.221714
1223.000000 599.000000 0.618372 0.254116
748.000000 600.000000 0.099788 0.222095
1151.000000 600.000000 0.522929 0.246212
1238.000000 600.000000 0.639552 0.257292
636.000000 601.000000 -0.003521 0.222099
1037.000000 601.000000 0.388277 0.236294
1135.000000 601.000000 0.502991 0.245497
1172.000000 602.000000 0.550124 0.250855
1186.000000 602.000000 0.568519 0.252593
1069.000000 603.000000 0.424516 0.241055
1137.000000 604.000000 0.505807 0.248930
751.000000 605.000000 0.102672 0.226966
1160.000000 605.000000 0.534981 0.252667
636.000000 606.000000 -0.003524 0.226894
663.000000 606.000000 0.021308 0.226940
1232.000000 606.000000 0.631925 0.263204
754.000000 607.000000 0.105508 0.228953
974.000000 607.000000 0.320886 0.237871
1134.000000 607.000000 0.502414 0.251812
755.000000 609.000000 0.106480 0.230906
1159.000000 609.000000 0.534181 0.256891
659.000000 610.000000 0.017641 0.230772
685.000000 612.000000 0.041610 0.232843
757.000000 612.000000 0.108409 0.233850
1189.000000 612.000000 0.573805 0.263996
1125.000000 614.000000 0.492086 0.258313
677.000000 615.000000 0.034252 0.235680
1230.000000 616.000000 0.630550 0.274205
669.000000 617.000000 0.026884 0.237566
1105.000000 617.000000 0.468122 0.259323
1171.000000 617.000000 0.550709 0.267146
1045.000000 618.000000 0.398622 0.254522
1182.000000 618.000000 0.565301 0.269699
1122.000000 619.000000 0.488969 0.263345
1230.000000 619.000000 0.630991 0.277604
1040.000000 620.000000 0.393199 0.256163
1189.000000 620.000000 0.574886 0.272867
1248.000000 620.000000 0.656719 0.281443
1000.000000 621.000000 0.349457 0.253929
1120.000000 621.000000 0.486747 0.265268
21.000000 622.000000 -0.671390 0.285047
654.000000 622.000000 0.013069 0.242346
963.000000 622.000000 0.310375 0.252318
1255.000000 622.000000 0.667108 0.284807
687.000000 623.000000 0.043547 0.243500
1109.000000 623.000000 0.473596 0.266174
1120.000000 623.000000 0.486977 0.267421
1226.000000 623.000000 0.625971 0.281547
676.000000 624.000000 0.033387 0.244387
689.000000 624.000000 0.045406 0.244488
699.000000 624.000000 0.054663 0.244586
746.000000 624.000000 0.098368 0.245294
885.000000 624.000000 0.231431 0.249898
781.000000 625.000000 0.131247 0.247067
1274.000000 625.000000 0.695292 0.291225
682.000000 626.000000 0.038948 0.246373
1269.000000 626.000000 0.688109 0.291603
186.000000 627.000000 -0.455271 0.268605
694.000000 627.000000 0.050063 0.247452
679.000000 628.000000 0.036188 0.248296
696.000000 628.000000 0.051926 0.248445
1001.000000 628.000000 0.351075 0.261202
999.000000 630.000000 0.349078 0.263106
1059.000000 630.000000 0.415592 0.268389
681.000000 631.000000 0.038061 0.251232
967.000000 632.000000 0.315238 0.262774
1109.000000 632.000000 0.474619 0.275853
884.000000 633.000000 0.230880 0.258834
982.000000 633.000000 0.331134 0.264888
651.000000 634.000000 0.010327 0.254009
685.000000 635.000000 0.041799 0.255170
655.000000 636.000000 0.014032 0.255973
803.000000 637.000000 0.152462 0.259515
1147.000000 637.000000 0.522409 0.286017
736.000000 638.000000 0.089289 0.258802
961.000000 638.000000 0.309382 0.268491
1104.000000 638.000000 0.469273 0.281751
1157.000000 638.000000 0.535349 0.288465
1201.000000 638.000000 0.593681 0.294797
174.000000 639.000000 -0.470967 0.282844
1133.000000 639.000000 0.505012 0.286393
688.000000 640.000000 0.044626 0.260092
1221.000000 641.000000 0.621744 0.301308
711.000000 642.000000 0.066029 0.262324
236.000000 643.000000 -0.399150 0.280476
722.000000 644.000000 0.076316 0.264459
804.000000 644.000000 0.153646 0.266488
807.000000 644.000000 0.156513 0.266589
810.000000 644.000000 0.159383 0.266692
1022.000000 644.000000 0.375348 0.279625
1129.000000 644.000000 0.500662 0.291367
785.000000 645.000000 0.135589 0.266884
801.000000 645.000000 0.150814 0.267382
817.000000 645.000000 0.166131 0.267937
1116.000000 645.000000 0.484717 0.290810
1199.000000 645.000000 0.592025 0.302438
721.000000 646.000000 0.075415 0.266414
817.000000 647.000000 0.166204 0.269931
924.000000 647.000000 0.271819 0.275221
1128.000000 647.000000 0.499806 0.294536
1171.000000 647.000000 0.554850 0.300488
1248.000000 647.000000 0.661011 0.312623
1132.000000 648.000000 0.504933 0.296163
1149.000000 649.000000 0.526591 0.299582
823.000000 650.000000 0.172091 0.273154
826.000000 650.000000 0.174985 0.273271
1029.000000 650.000000 0.383676 0.286601
1118.000000 650.000000 0.487808 0.296540
784.000000 651.000000 0.134817 0.272817
935.000000 651.000000 0.283337 0.280029
1248.000000 651.000000 0.661679 0.317290
281.000000 652.000000 -0.350311 0.285820
718.000000 653.000000 0.072726 0.273284
1110.000000 653.000000 0.478381 0.298813
1036.000000 654.000000 0.391901 0.291528
1143.000000 654.000000 0.519634 0.304315
1243.000000 654.000000 0.655005 0.319953
1012.000000 656.000000 0.365436 0.291340
1189.000000 656.000000 0.580190 0.313412
978.000000 657.000000 0.328760 0.289431
283.000000 658.000000 -0.348668 0.291939
701.000000 658.000000 0.056923 0.277996
993.000000 658.000000 0.344929 0.291743
1086.000000 658.000000 0.450094 0.301317
785.000000 659.000000 0.136013 0.280835
929.000000 659.000000 0.277715 0.287851
725.000000 660.000000 0.079397 0.280356
1173.000000 660.000000 0.559441 0.315475
1015.000000 661.000000 0.369207 0.296912
719.000000 662.000000 0.073810 0.282243
1028.000000 662.000000 0.383737 0.299247
724.000000 663.000000 0.078514 0.283328
787.000000 663.000000 0.138046 0.284909
785.000000 664.000000 0.136171 0.285850
1098.000000 664.000000 0.465211 0.309368
955.000000 665.000000 0.305100 0.295951
961.000000 666.000000 0.311481 0.297465
1171.000000 666.000000 0.557728 0.321993
1266.000000 666.000000 0.690366 0.338055
725.000000 667.000000 0.079526 0.287344
890.000000 667.000000 0.238693 0.293612
787.000000 669.000000 0.138242 0.290948
1158.000000 669.000000 0.541138 0.323391
1219.000000 669.000000 0.623575 0.333381
1082.000000 670.000000 0.446807 0.313948
790.000000 671.000000 0.141176 0.293068
731.000000 672.000000 0.085263 0.292474
1035.000000 672.000000 0.392636 0.310696
1037.000000 672.000000 0.394896 0.310911
1195.000000 672.000000 0.590926 0.332786
1216.000000 672.000000 0.619900 0.336370
1092.000000 673.000000 0.459138 0.318520
1254.000000 673.000000 0.674151 0.344253
1258.000000 673.000000 0.679951 0.344965
1261.000000 673.000000 0.684312 0.345499
1214.000000 674.000000 0.617457 0.338363
696.000000 675.000000 0.052467 0.294909
729.000000 675.000000 0.083441 0.295451
1169.000000 675.000000 0.556513 0.331970
1265.000000 675.000000 0.690497 0.348598
1142.000000 676.000000 0.521560 0.328897
1182.000000 676.000000 0.574001 0.335246
791.000000 677.000000 0.142341 0.299179
1124.000000 677.000000 0.498937 0.327365
797.000000 678.000000 0.148133 0.300410
1098.000000 678.000000 0.467045 0.324857
1164.000000 678.000000 0.550403 0.334609
1175.000000 678.000000 0.564965 0.336398
1247.000000 678.000000 0.664942 0.348943
697.000000 679.000000 0.053455 0.298946
728.000000 680.000000 0.082601 0.300473
792.000000 680.000000 0.143406 0.302264
800.000000 680.000000 0.151092 0.302558
962.000000 680.000000 0.313682 0.312267
1172.000000 680.000000 0.561303 0.338211
93.000000 681.000000 -0.580371 0.341504
1013.000000 681.000000 0.368975 0.318089
1164.000000 681.000000 0.550888 0.338056
801.000000 682.000000 0.152131 0.304635
1255.000000 682.000000 0.677220 0.355162
74.000000 683.000000 -0.606620 0.347105
794.000000 683.000000 0.145435 0.305393
798.000000 683.000000 0.149281 0.305541
1162.000000 683.000000 0.548583 0.340033
1240.000000 683.000000 0.655801 0.353625
1243.000000 683.000000 0.660100 0.354171
800.000000 684.000000 0.151244 0.306639
761.000000 685.000000 0.113960 0.306351
802.000000 685.000000 0.153211 0.307739
820.000000 685.000000 0.170629 0.308483
1182.000000 685.000000 0.575516 0.345682
1218.000000 685.000000 0.624995 0.352010
1242.000000 685.000000 0.659030 0.356374
1258.000000 685.000000 0.682117 0.359302
817.000000 686.000000 0.167760 0.309379
804.000000 687.000000 0.155219 0.309865
1084.000000 687.000000 0.451379 0.333004
1088.000000 687.000000 0.456178 0.333540
1096.000000 687.000000 0.465845 0.334632
1248.000000 687.000000 0.668022 0.359865
1261.000000 687.000000 0.686842 0.362253
814.000000 688.000000 0.164936 0.311304
972.000000 688.000000 0.325023 0.321641
1157.000000 688.000000 0.542846 0.344979
1264.000000 688.000000 0.691392 0.364006
806.000000 689.000000 0.157232 0.311998
1082.000000 689.000000 0.449253 0.334967
817.000000 690.000000 0.167933 0.313490
1252.000000 690.000000 0.674347 0.364200
808.000000 691.000000 0.159249 0.314135
1068.000000 691.000000 0.432908 0.335360
1235.000000 691.000000 0.650128 0.362250
1256.000000 691.000000 0.680321 0.366143
172.000000 692.000000 -0.480336 0.341676
967.000000 692.000000 0.320042 0.325465
1265.000000 692.000000 0.693584 0.369012
753.000000 693.000000 0.106576 0.314286
1259.000000 693.000000 0.685043 0.369108
245.000000 694.000000 -0.394397 0.334419
1042.000000 694.000000 0.403085 0.335458
1225.000000 694.000000 0.636492 0.363980
1230.000000 694.000000 0.643573 0.364909
1240.000000 694.000000 0.657829 0.366772
1262.000000 694.000000 0.689587 0.370872
116.000000 695.000000 -0.552087 0.353888
966.000000 695.000000 0.319246 0.328587
158.000000 696.000000 -0.498306 0.348297
750.000000 696.000000 0.103805 0.317276
168.000000 697.000000 -0.486005 0.347930
1062.000000 697.000000 0.426632 0.341260
1070.000000 697.000000 0.436050 0.342304
767.000000 698.000000 0.120075 0.319831
952.000000 698.000000 0.304651 0.330556
1240.000000 698.000000 0.658578 0.371578
1151.000000 699.000000 0.536835 0.356715
1154.000000 699.000000 0.540749 0.357218
1223.000000 699.000000 0.634601 0.369584
837.000000 700.000000 0.187948 0.324792
953.000000 700.000000 0.305882 0.332786
1269.000000 700.000000 0.700898 0.379439
780.000000 701.000000 0.132635 0.323361
970.000000 701.000000 0.324082 0.335410
1149.000000 701.000000 0.534568 0.358704
278.000000 702.000000 -0.358376 0.339519
748.000000 702.000000 0.102066 0.323385
757.000000 702.000000 0.110645 0.323642
968.000000 702.000000 0.322032 0.336301
1012.000000 702.000000 0.370103 0.340799
754.000000 703.000000 0.107812 0.324585
846.000000 703.000000 0.196975 0.328398
256.000000 704.000000 -0.383113 0.344146
1041.000000 704.000000 0.403151 0.346397
1048.000000 704.000000 0.411222 0.347270
773.000000 705.000000 0.126053 0.327252
795.000000 705.000000 0.147245 0.328072
756.000000 706.000000 0.109810 0.327741
782.000000 706.000000 0.134740 0.328608
1209.000000 706.000000 0.616291 0.375333
968.000000 707.000000 0.322506 0.341709
1034.000000 707.000000 0.395502 0.348871
1202.000000 707.000000 0.606763 0.375214
1213.000000 707.000000 0.622062 0.377287
1222.000000 707.000000 0.634703 0.378998
762.000000 708.000000 0.115609 0.329996
991.000000 708.000000 0.347543 0.345104
993.000000 708.000000 0.349736 0.345315
1137.000000 708.000000 0.520233 0.364839
1206.000000 708.000000 0.612495 0.377163
1227.000000 708.000000 0.641962 0.381159
251.000000 709.000000 -0.389353 0.350263
1034.000000 709.000000 0.395746 0.351094
1220.000000 709.000000 0.632266 0.381025
659.000000 711.000000 0.018061 0.331210
763.000000 711.000000 0.116663 0.333141
970.000000 711.000000 0.325043 0.346248
44.000000 713.000000 -0.654217 0.388442
345.000000 713.000000 -0.287541 0.345052
799.000000 713.000000 0.151452 0.336575
969.000000 713.000000 0.324163 0.348329
993.000000 713.000000 0.350270 0.350799
1006.000000 713.000000 0.364649 0.352232
1147.000000 713.000000 0.534008 0.372374
1165.000000 713.000000 0.557683 0.375546
1205.000000 713.000000 0.612055 0.382972
871.000000 714.000000 0.222535 0.341472
42.000000 715.000000 -0.657449 0.391255
858.000000 715.000000 0.209581 0.341719
1126.000000 715.000000 0.507348 0.371159
1235.000000 715.000000 0.654687 0.391183
1247.000000 715.000000 0.671877 0.393513
847.000000 716.000000 0.198693 0.342128
1200.000000 716.000000 0.605701 0.385625
1209.000000 716.000000 0.618197 0.387352
1231.000000 716.000000 0.649185 0.391620
