993.000000 4.000000 0.350545 -0.352744
299.000000 5.000000 -0.336706 -0.350186
1096.000000 6.000000 0.469710 -0.363881
1186.000000 6.000000 0.586093 -0.379233
1224.000000 6.000000 0.638873 -0.386499
320.000000 7.000000 -0.313904 -0.345939
399.000000 7.000000 -0.232051 -0.339610
1061.000000 7.000000 0.427525 -0.357706
1150.000000 10.000000 0.537359 -0.368017
1013.000000 11.000000 0.371956 -0.347253
150.000000 14.000000 -0.509912 -0.359675
1093.000000 14.000000 0.464851 -0.354294
299.000000 15.000000 -0.335697 -0.339281
518.000000 16.000000 -0.115099 -0.324473
1001.000000 16.000000 0.358068 -0.340436
1072.000000 16.000000 0.439309 -0.349062
1107.000000 16.000000 0.481738 -0.354100
305.000000 17.000000 -0.329025 -0.336528
1093.000000 17.000000 0.464414 -0.350886
148.000000 18.000000 -0.511809 -0.355380
1151.000000 19.000000 0.537129 -0.357682
1151.000000 22.000000 0.536626 -0.354198
1228.000000 22.000000 0.641479 -0.367986
1216.000000 23.000000 0.624374 -0.364548
975.000000 24.000000 0.328936 -0.329145
1184.000000 24.000000 0.580098 -0.357543
1020.000000 25.000000 0.378220 -0.332671
1233.000000 25.000000 0.648022 -0.365329
972.000000 27.000000 0.325435 -0.325644
1018.000000 27.000000 0.375762 -0.330268
1142.000000 27.000000 0.524163 -0.346952
291.000000 28.000000 -0.343094 -0.326011
303.000000 28.000000 -0.330137 -0.324872
996.000000 28.000000 0.351327 -0.326878
1151.000000 28.000000 0.535636 -0.347257
1143.000000 30.000000 0.524970 -0.343665
1198.000000 30.000000 0.598118 -0.352976
1167.000000 32.000000 0.555961 -0.345277
1021.000000 33.000000 0.378465 -0.324069
1173.000000 33.000000 0.563763 -0.345126
1188.000000 36.000000 0.583419 -0.344194
1163.000000 37.000000 0.549857 -0.338841
1244.000000 39.000000 0.661173 -0.350636
1152.000000 40.000000 0.535010 -0.333638
1067.000000 41.000000 0.430178 -0.320629
951.000000 42.000000 0.301888 -0.307914
1027.000000 42.000000 0.384223 -0.314969
1085.000000 42.000000 0.451344 -0.321790
1269.000000 42.000000 0.696900 -0.351579
57.000000 43.000000 -0.629186 -0.341700
1002.000000 43.000000 0.356414 -0.311355
1180.000000 43.000000 0.571448 -0.334717
1133.000000 44.000000 0.510067 -0.326198
58.000000 45.000000 -0.627433 -0.339175
981.000000 46.000000 0.333372 -0.306219
1032.000000 46.000000 0.389418 -0.311185
269.000000 48.000000 -0.365191 -0.306717
1032.000000 48.000000 0.389206 -0.309030
1087.000000 48.000000 0.452965 -0.315423
1188.000000 49.000000 0.581225 -0.329114
831.000000 50.000000 0.180634 -0.292326
858.000000 50.000000 0.207046 -0.293603
966.000000 50.000000 0.317042 -0.300723
1166.000000 50.000000 0.551722 -0.324419
1005.000000 51.000000 0.358932 -0.303115
1187.000000 55.000000 0.578894 -0.322045
1034.000000 56.000000 0.390621 -0.300651
1192.000000 56.000000 0.585493 -0.321707
1025.000000 57.000000 0.380443 -0.298671
1126.000000 57.000000 0.499412 -0.310626
1185.000000 57.000000 0.575880 -0.319430
1255.000000 57.000000 0.673841 -0.331248
7.000000 58.000000 -0.698297 -0.332731
9.000000 60.000000 -0.695028 -0.330018
992.000000 60.000000 0.343981 -0.292419
1040.000000 60.000000 0.396973 -0.296991
1050.000000 60.000000 0.408337 -0.298046
304.000000 61.000000 -0.326202 -0.289881
1259.000000 62.000000 0.678782 -0.326041
1089.000000 65.000000 0.453256 -0.297064
1029.000000 66.000000 0.384017 -0.289497
1031.000000 68.000000 0.386055 -0.287572
1137.000000 68.000000 0.511711 -0.299912
1190.000000 68.000000 0.580878 -0.307660
1076.000000 70.000000 0.437317 -0.290145
275.000000 71.000000 -0.356514 -0.281863
277.000000 71.000000 -0.354343 -0.281690
983.000000 71.000000 0.333401 -0.280170
1188.000000 71.000000 0.577721 -0.303942
1200.000000 71.000000 0.593979 -0.305803
1239.000000 71.000000 0.648438 -0.312117
497.000000 72.000000 -0.133407 -0.268444
1039.000000 72.000000 0.394634 -0.284116
936.000000 73.000000 0.284062 -0.274670
500.000000 74.000000 -0.130507 -0.266374
10.000000 75.000000 -0.691043 -0.312176
927.000000 75.000000 0.274718 -0.272046
1036.000000 75.000000 0.390974 -0.280651
1064.000000 75.000000 0.422815 -0.283474
1143.000000 75.000000 0.518352 -0.292970
3.000000 76.000000 -0.701133 -0.312155
29.000000 76.000000 -0.663335 -0.307883
504.000000 78.000000 -0.126613 -0.262305
1266.000000 78.000000 0.686294 -0.308427
1027.000000 79.000000 0.380565 -0.275597
1072.000000 80.000000 0.431554 -0.278984
24.000000 81.000000 -0.669724 -0.302886
132.000000 81.000000 -0.522917 -0.286743
1188.000000 82.000000 0.576070 -0.291512
1074.000000 83.000000 0.433563 -0.275996
1030.000000 85.000000 0.383350 -0.269583
1069.000000 85.000000 0.427550 -0.273346
119.000000 86.000000 -0.538894 -0.282956
210.000000 86.000000 -0.427874 -0.272200
409.000000 86.000000 -0.217670 -0.257819
264.000000 87.000000 -0.367132 -0.266126
14.000000 88.000000 -0.683103 -0.296360
116.000000 88.000000 -0.542502 -0.281147
120.000000 88.000000 -0.537337 -0.280612
159.000000 89.000000 -0.488217 -0.274612
290.000000 89.000000 -0.338905 -0.261979
1185.000000 93.000000 0.570481 -0.278760
1057.000000 94.000000 0.412880 -0.262651
115.000000 95.000000 -0.542866 -0.273555
1013.000000 95.000000 0.363799 -0.257738
1219.000000 95.000000 0.616476 -0.281427
288.000000 96.000000 -0.340514 -0.254948
1033.000000 96.000000 0.385709 -0.258380
1089.000000 96.000000 0.449777 -0.263738
1145.000000 96.000000 0.518160 -0.270160
124.000000 97.000000 -0.531036 -0.270200
159.000000 97.000000 -0.487284 -0.265974
1084.000000 97.000000 0.443790 -0.262157
1081.000000 98.000000 0.440176 -0.260792
165.000000 99.000000 -0.479750 -0.263147
260.000000 99.000000 -0.370512 -0.254036
115.000000 100.000000 -0.542218 -0.268060
1124.000000 103.000000 0.491152 -0.260081
444.000000 104.000000 -0.182947 -0.238590
999.000000 104.000000 0.347970 -0.247411
1053.000000 104.000000 0.407415 -0.251821
117.000000 105.000000 -0.539006 -0.262333
1056.000000 105.000000 0.410724 -0.251049
1063.000000 105.000000 0.418695 -0.251688
1068.000000 106.000000 0.424332 -0.251107
1117.000000 106.000000 0.482257 -0.256084
1205.000000 106.000000 0.595621 -0.267046
903.000000 107.000000 0.248732 -0.238526
1157.000000 107.000000 0.532066 -0.259656
106.000000 108.000000 -0.552880 -0.260435
127.000000 108.000000 -0.525858 -0.257843
1079.000000 108.000000 0.436857 -0.250055
1109.000000 108.000000 0.472355 -0.253088
976.000000 109.000000 0.323210 -0.240721
1068.000000 109.000000 0.424053 -0.247971
107.000000 110.000000 -0.551324 -0.258119
1019.000000 110.000000 0.369151 -0.242786
110.000000 112.000000 -0.547178 -0.255561
143.000000 113.000000 -0.505188 -0.250593
183.000000 113.000000 -0.456716 -0.246374
271.000000 114.000000 -0.357419 -0.237821
412.000000 114.000000 -0.213531 -0.229989
1009.000000 114.000000 0.357996 -0.237946
130.000000 115.000000 -0.521237 -0.249919
134.000000 115.000000 -0.516201 -0.249461
1012.000000 115.000000 0.361166 -0.237148
1225.000000 115.000000 0.621952 -0.259757
180.000000 116.000000 -0.459972 -0.243510
1034.000000 116.000000 0.385155 -0.237809
1229.000000 116.000000 0.627407 -0.259192
1239.000000 116.000000 0.641509 -0.260597
1257.000000 116.000000 0.667304 -0.263173
1123.000000 119.000000 0.488175 -0.242871
1164.000000 119.000000 0.539605 -0.247464
137.000000 120.000000 -0.511883 -0.243756
150.000000 120.000000 -0.495775 -0.242347
1019.000000 120.000000 0.368395 -0.232571
1121.000000 120.000000 0.485630 -0.241600
1243.000000 120.000000 0.646632 -0.256648
965.000000 121.000000 0.310971 -0.227961
178.000000 122.000000 -0.461760 -0.237396
130.000000 123.000000 -0.520331 -0.241316
136.000000 123.000000 -0.512803 -0.240654
460.000000 123.000000 -0.167035 -0.219561
1124.000000 123.000000 0.488979 -0.238729
1250.000000 123.000000 0.656221 -0.254240
145.000000 124.000000 -0.501512 -0.238619
1200.000000 124.000000 0.586448 -0.246432
974.000000 125.000000 0.320100 -0.224502
1045.000000 125.000000 0.396658 -0.229450
152.000000 127.000000 -0.492593 -0.234706
1200.000000 127.000000 0.586069 -0.243134
398.000000 128.000000 -0.226641 -0.216853
1129.000000 128.000000 0.494589 -0.233943
1007.000000 129.000000 0.354786 -0.222601
1272.000000 129.000000 0.687323 -0.250503
143.000000 130.000000 -0.503355 -0.232451
1132.000000 130.000000 0.498074 -0.232132
1030.000000 132.000000 0.379536 -0.221175
1128.000000 132.000000 0.492955 -0.229608
1196.000000 132.000000 0.580076 -0.237162
158.000000 133.000000 -0.484686 -0.227774
1028.000000 133.000000 0.377273 -0.220016
1138.000000 135.000000 0.504978 -0.227447
1240.000000 135.000000 0.640338 -0.239413
1149.000000 137.000000 0.518508 -0.226459
159.000000 138.000000 -0.482994 -0.222425
455.000000 138.000000 -0.171357 -0.205236
1108.000000 138.000000 0.468191 -0.221387
1240.000000 138.000000 0.639948 -0.236068
1267.000000 138.000000 0.678779 -0.239619
1064.000000 139.000000 0.416924 -0.216608
1074.000000 139.000000 0.428330 -0.217409
1124.000000 139.000000 0.487382 -0.221840
1171.000000 140.000000 0.546241 -0.225608
157.000000 141.000000 -0.485132 -0.219469
273.000000 141.000000 -0.353439 -0.210428
951.000000 141.000000 0.295441 -0.207329
1094.000000 141.000000 0.451359 -0.217023
1009.000000 142.000000 0.356079 -0.209661
1178.000000 144.000000 0.554895 -0.222078
1193.000000 144.000000 0.574659 -0.223753
164.000000 145.000000 -0.476323 -0.214646
1176.000000 146.000000 0.552073 -0.219712
1273.000000 146.000000 0.686509 -0.231377
1070.000000 147.000000 0.423123 -0.208892
473.000000 148.000000 -0.154064 -0.195192
1142.000000 148.000000 0.508650 -0.214106
1078.000000 149.000000 0.432123 -0.207469
1081.000000 149.000000 0.435577 -0.207705
1129.000000 151.000000 0.492352 -0.209732
1196.000000 151.000000 0.577870 -0.216516
189.000000 153.000000 -0.446113 -0.204254
98.000000 156.000000 -0.557783 -0.209428
197.000000 156.000000 -0.436622 -0.200558
209.000000 157.000000 -0.422823 -0.198645
990.000000 158.000000 0.334960 -0.192618
1177.000000 159.000000 0.552014 -0.205918
447.000000 160.000000 -0.178361 -0.184405
1251.000000 160.000000 0.652878 -0.213001
1162.000000 161.000000 0.532540 -0.202319
1056.000000 163.000000 0.406160 -0.191645
1150.000000 164.000000 0.517121 -0.198039
1081.000000 165.000000 0.434362 -0.191370
1179.000000 166.000000 0.553915 -0.198669
1149.000000 167.000000 0.515601 -0.194806
1108.000000 168.000000 0.465646 -0.190339
1189.000000 168.000000 0.566803 -0.197527
1193.000000 168.000000 0.572086 -0.197927
1140.000000 169.000000 0.504255 -0.191930
1251.000000 169.000000 0.651836 -0.203061
1258.000000 172.000000 0.661540 -0.200541
1184.000000 173.000000 0.559755 -0.191718
1142.000000 174.000000 0.506299 -0.186898
1179.000000 175.000000 0.553055 -0.189127
220.000000 178.000000 -0.409013 -0.176721
226.000000 178.000000 -0.402327 -0.176351
205.000000 180.000000 -0.425784 -0.175665
1050.000000 180.000000 0.398400 -0.174217
187.000000 181.000000 -0.446363 -0.175853
1166.000000 181.000000 0.535804 -0.181642
1195.000000 182.000000 0.573377 -0.183198
1085.000000 184.000000 0.437645 -0.172402
1216.000000 184.000000 0.601396 -0.183062
1066.000000 185.000000 0.415965 -0.170189
1133.000000 185.000000 0.494373 -0.174796
1222.000000 185.000000 0.609505 -0.182573
1097.000000 186.000000 0.451404 -0.171180
347.000000 187.000000 -0.274789 -0.161749
1073.000000 188.000000 0.423688 -0.167613
251.000000 189.000000 -0.374315 -0.164023
1044.000000 191.000000 0.391151 -0.162938
1106.000000 191.000000 0.461608 -0.166719
1232.000000 192.000000 0.622643 -0.175999
1231.000000 194.000000 0.621064 -0.173748
1103.000000 197.000000 0.457689 -0.160444
1182.000000 197.000000 0.555019 -0.166224
1001.000000 199.000000 0.344507 -0.152958
1148.000000 199.000000 0.511754 -0.161502
1031.000000 201.000000 0.376453 -0.152400
1271.000000 201.000000 0.677344 -0.169980
1068.000000 202.000000 0.417223 -0.153338
1270.000000 203.000000 0.675693 -0.167690
247.000000 207.000000 -0.377750 -0.146528
1065.000000 207.000000 0.413585 -0.148208
1237.000000 208.000000 0.628141 -0.159235
1240.000000 209.000000 0.632251 -0.158423
1238.000000 211.000000 0.629278 -0.156101
472.000000 212.000000 -0.153720 -0.134954
1067.000000 213.000000 0.415515 -0.142365
1070.000000 214.000000 0.418833 -0.141528
1124.000000 218.000000 0.481258 -0.140514
1105.000000 219.000000 0.458710 -0.138412
1126.000000 219.000000 0.483597 -0.139621
190.000000 222.000000 -0.440456 -0.134519
1107.000000 224.000000 0.460778 -0.133509
1097.000000 226.000000 0.449026 -0.130983
1162.000000 226.000000 0.527378 -0.134698
318.000000 228.000000 -0.302618 -0.123516
1218.000000 228.000000 0.600379 -0.136424
1248.000000 231.000000 0.641713 -0.135464
1114.000000 233.000000 0.468537 -0.124859
239.000000 234.000000 -0.385258 -0.120497
1175.000000 235.000000 0.543289 -0.126255
1194.000000 237.000000 0.567752 -0.125370
1196.000000 237.000000 0.570377 -0.125498
1088.000000 239.000000 0.438046 -0.117637
1125.000000 242.000000 0.481147 -0.116386
233.000000 243.000000 -0.391448 -0.111966
1061.000000 243.000000 0.407467 -0.112566
1051.000000 244.000000 0.396391 -0.111205
1114.000000 252.000000 0.467637 -0.105877
125.000000 253.000000 -0.516237 -0.106675
220.000000 254.000000 -0.405326 -0.101723
1159.000000 254.000000 0.522051 -0.105947
168.000000 256.000000 -0.464366 -0.101738
195.000000 256.000000 -0.433244 -0.100675
976.000000 256.000000 0.316575 -0.097318
166.000000 257.000000 -0.466670 -0.100826
186.000000 258.000000 -0.443433 -0.099046
194.000000 260.000000 -0.434231 -0.096781
227.000000 262.000000 -0.397356 -0.093710
1150.000000 263.000000 0.510484 -0.096419
122.000000 264.000000 -0.519443 -0.095677
139.000000 271.000000 -0.498312 -0.087929
164.000000 271.000000 -0.468482 -0.087003
1125.000000 272.000000 0.479861 -0.086398
156.000000 273.000000 -0.477855 -0.085302
1146.000000 273.000000 0.505165 -0.086185
1196.000000 275.000000 0.568335 -0.086211
138.000000 276.000000 -0.499337 -0.082958
260.000000 276.000000 -0.361406 -0.079306
1085.000000 276.000000 0.433240 -0.081114
1236.000000 276.000000 0.622147 -0.087007
1126.000000 277.000000 0.480875 -0.081456
291.000000 278.000000 -0.328946 -0.076707
1265.000000 282.000000 0.662809 -0.082039
1239.000000 283.000000 0.625986 -0.079791
905.000000 284.000000 0.245232 -0.069667
1239.000000 285.000000 0.625898 -0.077691
1045.000000 286.000000 0.388562 -0.070335
3.000000 288.000000 -0.678473 -0.076074
137.000000 290.000000 -0.500083 -0.068987
1171.000000 290.000000 0.535617 -0.069939
1143.000000 291.000000 0.500888 -0.068043
1171.000000 292.000000 0.535551 -0.067913
433.000000 298.000000 -0.189206 -0.056097
1185.000000 298.000000 0.553204 -0.062264
1189.000000 298.000000 0.558365 -0.062388
1107.000000 300.000000 0.457856 -0.058163
1210.000000 300.000000 0.585874 -0.060999
1109.000000 303.000000 0.460115 -0.055258
1114.000000 304.000000 0.465934 -0.054385
1141.000000 305.000000 0.498082 -0.054015
118.000000 307.000000 -0.522940 -0.052476
1132.000000 307.000000 0.487191 -0.051819
39.000000 308.000000 -0.626590 -0.053587
1123.000000 308.000000 0.476449 -0.050632
44.000000 309.000000 -0.619655 -0.052397
37.000000 310.000000 -0.629307 -0.051553
49.000000 310.000000 -0.612769 -0.051214
116.000000 310.000000 -0.525356 -0.049507
1158.000000 310.000000 0.518796 -0.049412
99.000000 312.000000 -0.546726 -0.047883
40.000000 313.000000 -0.625064 -0.048333
107.000000 313.000000 -0.536564 -0.046689
1087.000000 313.000000 0.434632 -0.045041
1167.000000 313.000000 0.529947 -0.046598
45.000000 314.000000 -0.618143 -0.047159
48.000000 315.000000 -0.614004 -0.046042
1105.000000 315.000000 0.455232 -0.043395
57.000000 316.000000 -0.601742 -0.044783
54.000000 317.000000 -0.605780 -0.043819
61.000000 317.000000 -0.596330 -0.043656
63.000000 317.000000 -0.593647 -0.043609
65.000000 317.000000 -0.590971 -0.043563
97.000000 317.000000 -0.549167 -0.042860
1089.000000 317.000000 0.436838 -0.041178
51.000000 318.000000 -0.609835 -0.042853
61.000000 319.000000 -0.596284 -0.041591
97.000000 319.000000 -0.549126 -0.040833
61.000000 321.000000 -0.596241 -0.039527
64.000000 321.000000 -0.592220 -0.039464
996.000000 321.000000 0.336010 -0.036159
1103.000000 322.000000 0.452807 -0.036506
216.000000 323.000000 -0.408107 -0.034992
1140.000000 323.000000 0.496513 -0.036081
1186.000000 323.000000 0.553876 -0.036869
1122.000000 324.000000 0.474979 -0.034817
1256.000000 324.000000 0.648509 -0.037229
48.000000 325.000000 -0.613781 -0.035650
154.000000 325.000000 -0.478928 -0.033862
1133.000000 325.000000 0.488056 -0.033989
42.000000 326.000000 -0.622002 -0.034726
50.000000 326.000000 -0.611030 -0.034573
1131.000000 326.000000 0.485648 -0.032970
1141.000000 326.000000 0.497678 -0.033114
53.000000 327.000000 -0.606929 -0.033481
51.000000 328.000000 -0.609631 -0.032481
1065.000000 328.000000 0.409775 -0.030200
1083.000000 328.000000 0.429893 -0.030398
44.000000 329.000000 -0.619193 -0.031565
419.000000 329.000000 -0.202237 -0.027763
52.000000 330.000000 -0.608236 -0.030391
1092.000000 330.000000 0.440081 -0.028553
1096.000000 330.000000 0.444652 -0.028598
1199.000000 330.000000 0.570634 -0.029959
1188.000000 331.000000 0.556322 -0.028776
1223.000000 331.000000 0.602597 -0.029308
1065.000000 332.000000 0.409735 -0.026341
1134.000000 332.000000 0.489162 -0.027067
1127.000000 334.000000 0.480780 -0.025010
1133.000000 334.000000 0.487941 -0.025075
1173.000000 334.000000 0.537136 -0.025540
1219.000000 337.000000 0.597107 -0.023053
1164.000000 338.000000 0.525793 -0.021415
1119.000000 340.000000 0.471260 -0.019021
1199.000000 340.000000 0.570506 -0.019748
1226.000000 340.000000 0.606550 -0.020035
1056.000000 341.000000 0.399753 -0.017608
1187.000000 343.000000 0.554896 -0.016584
59.000000 345.000000 -0.598581 -0.014803
263.000000 346.000000 -0.357268 -0.012634
267.000000 346.000000 -0.353060 -0.012619
1152.000000 346.000000 0.510877 -0.013311
1150.000000 347.000000 0.508420 -0.012302
1051.000000 348.000000 0.394253 -0.010863
1143.000000 348.000000 0.499883 -0.011269
263.000000 349.000000 -0.357257 -0.009789
1236.000000 349.000000 0.620175 -0.010781
216.000000 350.000000 -0.407899 -0.008980
1020.000000 353.000000 0.360946 -0.006004
1122.000000 353.000000 0.474728 -0.006241
1098.000000 354.000000 0.446786 -0.005202
1273.000000 356.000000 0.672524 -0.003583
133.000000 357.000000 -0.503879 -0.002329
131.000000 358.000000 -0.506313 -0.001336
145.000000 358.000000 -0.489398 -0.001325
1168.000000 358.000000 0.530685 -0.001353
30.000000 359.000000 -0.638357 -0.000383
1029.000000 359.000000 0.370503 -0.000308
1161.000000 359.000000 0.521948 -0.000345
1234.000000 359.000000 0.617386 -0.000376
59.000000 360.000000 -0.598521 0.000662
1073.000000 360.000000 0.418494 0.000648
1162.000000 361.000000 0.523191 0.001659
1181.000000 361.000000 0.547134 0.001669
1147.000000 362.000000 0.504719 0.002646
1150.000000 362.000000 0.508384 0.002649
1184.000000 365.000000 0.550978 0.005722
28.000000 366.000000 -0.641175 0.006954
1125.000000 366.000000 0.478276 0.006569
1184.000000 367.000000 0.550984 0.007747
33.000000 369.000000 -0.634185 0.010073
1209.000000 369.000000 0.583613 0.009891
35.000000 370.000000 -0.631403 0.011107
1154.000000 370.000000 0.513316 0.010641
1209.000000 371.000000 0.583623 0.011942
1259.000000 372.000000 0.652435 0.013311
996.000000 373.000000 0.335837 0.012902
1262.000000 373.000000 0.656725 0.014389
401.000000 374.000000 -0.219313 0.013493
482.000000 374.000000 -0.143295 0.013344
1148.000000 374.000000 0.505983 0.014597
1154.000000 374.000000 0.513338 0.014635
43.000000 375.000000 -0.620365 0.016261
212.000000 375.000000 -0.412343 0.015109
982.000000 375.000000 0.321422 0.014734
1126.000000 375.000000 0.479503 0.015450
1145.000000 375.000000 0.502333 0.015573
31.000000 376.000000 -0.637032 0.017412
1129.000000 376.000000 0.483077 0.016457
81.000000 377.000000 -0.569440 0.017989
387.000000 377.000000 -0.232755 0.016289
1248.000000 377.000000 0.636925 0.018470
69.000000 379.000000 -0.585253 0.020148
29.000000 380.000000 -0.639878 0.021624
29.000000 382.000000 -0.639902 0.023720
1186.000000 383.000000 0.553673 0.023978
1188.000000 383.000000 0.556248 0.024001
1249.000000 383.000000 0.638400 0.024771
43.000000 384.000000 -0.620465 0.025623
1206.000000 384.000000 0.579769 0.025241
444.000000 386.000000 -0.178664 0.024359
1018.000000 386.000000 0.358923 0.025325
1151.000000 387.000000 0.509774 0.027586
1178.000000 389.000000 0.543519 0.029951
92.000000 390.000000 -0.555347 0.031082
141.000000 390.000000 -0.494394 0.030398
437.000000 393.000000 -0.185261 0.030781
1054.000000 395.000000 0.397708 0.034262
1154.000000 395.000000 0.513573 0.035621
1247.000000 395.000000 0.635797 0.037319
390.000000 396.000000 -0.229953 0.033779
1022.000000 396.000000 0.363248 0.034868
1210.000000 396.000000 0.585268 0.037619
63.000000 397.000000 -0.593524 0.038747
1024.000000 397.000000 0.365382 0.035842
1216.000000 397.000000 0.593306 0.038767
392.000000 399.000000 -0.228048 0.036531
394.000000 400.000000 -0.226134 0.037439
1214.000000 401.000000 0.590710 0.042848
1165.000000 403.000000 0.527367 0.043843
1172.000000 403.000000 0.536161 0.043987
1217.000000 404.000000 0.594804 0.046012
1006.000000 406.000000 0.346510 0.044182
293.000000 407.000000 -0.326323 0.044875
302.000000 407.000000 -0.317105 0.044770
1259.000000 408.000000 0.653084 0.051300
443.000000 410.000000 -0.179719 0.046296
1250.000000 410.000000 0.640388 0.053147
1033.000000 411.000000 0.375174 0.049320
1230.000000 411.000000 0.612632 0.053611
1253.000000 411.000000 0.644652 0.054289
1223.000000 412.000000 0.603118 0.054448
1034.000000 413.000000 0.376279 0.051250
1196.000000 413.000000 0.567211 0.054720
1262.000000 413.000000 0.657522 0.056683
369.000000 416.000000 -0.250448 0.052435
464.000000 416.000000 -0.160139 0.051645
1189.000000 416.000000 0.558198 0.057588
286.000000 417.000000 -0.333675 0.054411
1159.000000 417.000000 0.520219 0.057780
1177.000000 418.000000 0.542863 0.059282
1158.000000 419.000000 0.519032 0.059764
1073.000000 422.000000 0.419165 0.060655
1150.000000 423.000000 0.509277 0.063555
1047.000000 424.000000 0.390531 0.062043
914.000000 425.000000 0.253875 0.060840
1049.000000 425.000000 0.392730 0.063047
1134.000000 425.000000 0.489903 0.065103
1265.000000 427.000000 0.662335 0.071656
1159.000000 433.000000 0.520700 0.073883
1110.000000 441.000000 0.461946 0.080249
1127.000000 442.000000 0.482049 0.081805
1267.000000 442.000000 0.665896 0.087738
487.000000 443.000000 -0.139009 0.076140
1203.000000 445.000000 0.577558 0.087844
495.000000 447.000000 -0.131655 0.079732
1088.000000 450.000000 0.436858 0.088394
1240.000000 451.000000 0.628067 0.095905
1213.000000 452.000000 0.591206 0.095569
319.000000 454.000000 -0.300628 0.088746
281.000000 455.000000 -0.339625 0.090585
126.000000 460.000000 -0.514692 0.100860
202.000000 460.000000 -0.425204 0.097798
124.000000 461.000000 -0.517210 0.101963
1064.000000 462.000000 0.410262 0.099322
275.000000 463.000000 -0.346108 0.098387
1062.000000 463.000000 0.408077 0.100228
383.000000 465.000000 -0.237549 0.097779
1270.000000 465.000000 0.671548 0.112572
581.000000 467.000000 -0.053234 0.097456
1204.000000 469.000000 0.580113 0.112756
200.000000 470.000000 -0.427833 0.107685
576.000000 470.000000 -0.057782 0.100215
1210.000000 470.000000 0.588168 0.114149
141.000000 472.000000 -0.496910 0.112264
976.000000 472.000000 0.316802 0.106212
1176.000000 472.000000 0.543834 0.114276
990.000000 473.000000 0.331267 0.107565
1276.000000 473.000000 0.680822 0.121609
270.000000 474.000000 -0.351691 0.109086
1177.000000 475.000000 0.545279 0.117412
1094.000000 476.000000 0.444729 0.114260
1210.000000 477.000000 0.588596 0.121458
1090.000000 478.000000 0.440224 0.116064
130.000000 479.000000 -0.510703 0.119903
284.000000 479.000000 -0.337183 0.113441
994.000000 479.000000 0.335607 0.113430
526.000000 480.000000 -0.103436 0.109692
1010.000000 480.000000 0.352418 0.114913
1150.000000 480.000000 0.511633 0.121019
96.000000 483.000000 -0.553748 0.125950
992.000000 483.000000 0.333654 0.117200
1231.000000 483.000000 0.617550 0.129167
352.000000 484.000000 -0.268332 0.116271
542.000000 484.000000 -0.088824 0.113233
97.000000 485.000000 -0.552583 0.127953
537.000000 485.000000 -0.093404 0.114191
979.000000 485.000000 0.320268 0.118701
994.000000 485.000000 0.335801 0.119185
1027.000000 485.000000 0.370697 0.120351
300.000000 487.000000 -0.320874 0.120594
1184.000000 488.000000 0.555071 0.131242
1236.000000 488.000000 0.624835 0.134834
102.000000 489.000000 -0.546418 0.131768
137.000000 489.000000 -0.502675 0.129663
303.000000 489.000000 -0.317855 0.122411
1149.000000 491.000000 0.511026 0.132154
1227.000000 491.000000 0.612617 0.137357
1124.000000 492.000000 0.480709 0.131732
1243.000000 492.000000 0.634917 0.139628
350.000000 493.000000 -0.270550 0.124826
256.000000 496.000000 -0.367348 0.130847
507.000000 496.000000 -0.121072 0.124618
556.000000 496.000000 -0.076130 0.124156
1127.000000 496.000000 0.484530 0.135939
1152.000000 496.000000 0.515043 0.137440
558.000000 497.000000 -0.074312 0.125062
1118.000000 497.000000 0.473837 0.136435
255.000000 498.000000 -0.368500 0.132832
107.000000 499.000000 -0.540693 0.141763
192.000000 499.000000 -0.438242 0.136721
519.000000 499.000000 -0.110049 0.127254
314.000000 500.000000 -0.306961 0.132573
607.000000 500.000000 -0.029771 0.127576
1094.000000 500.000000 0.445896 0.138125
107.000000 502.000000 -0.540897 0.144863
991.000000 502.000000 0.333277 0.135436
1004.000000 502.000000 0.346895 0.135936
1110.000000 502.000000 0.464661 0.141013
1152.000000 502.000000 0.515426 0.143581
1190.000000 502.000000 0.563836 0.146207
1225.000000 502.000000 0.610715 0.148880
364.000000 503.000000 -0.256984 0.133905
516.000000 505.000000 -0.112878 0.132834
322.000000 506.000000 -0.299030 0.138045
369.000000 506.000000 -0.252150 0.136606
1036.000000 506.000000 0.381286 0.141189
1171.000000 506.000000 0.539600 0.148997
1228.000000 506.000000 0.615165 0.153382
320.000000 507.000000 -0.301093 0.139070
500.000000 507.000000 -0.127678 0.134886
1044.000000 507.000000 0.390056 0.142541
372.000000 508.000000 -0.249261 0.138415
555.000000 508.000000 -0.077134 0.135225
998.000000 508.000000 0.340827 0.141507
1036.000000 508.000000 0.381378 0.143148
1264.000000 510.000000 0.666349 0.160818
486.000000 511.000000 -0.140726 0.138801
1154.000000 511.000000 0.518524 0.152958
527.000000 512.000000 -0.102834 0.139191
1241.000000 512.000000 0.633763 0.160923
244.000000 513.000000 -0.381026 0.147973
358.000000 513.000000 -0.263199 0.143565
1129.000000 513.000000 0.487987 0.153309
479.000000 514.000000 -0.147293 0.141703
492.000000 514.000000 -0.135194 0.141501
555.000000 514.000000 -0.077183 0.140772
364.000000 515.000000 -0.257331 0.145284
628.000000 515.000000 -0.010747 0.141351
1241.000000 515.000000 0.634030 0.164155
361.000000 516.000000 -0.260323 0.146326
148.000000 517.000000 -0.491053 0.157464
535.000000 517.000000 -0.095537 0.143740
1188.000000 517.000000 0.562372 0.161749
1239.000000 517.000000 0.631406 0.166129
341.000000 518.000000 -0.280287 0.148879
1194.000000 518.000000 0.570328 0.163289
1197.000000 518.000000 0.574289 0.163537
632.000000 519.000000 -0.007119 0.145043
1042.000000 519.000000 0.388456 0.154255
1045.000000 519.000000 0.391746 0.154409
1104.000000 520.000000 0.458699 0.158793
382.000000 521.000000 -0.239845 0.150449
1198.000000 521.000000 0.575866 0.166787
1268.000000 521.000000 0.673184 0.173219
316.000000 522.000000 -0.305712 0.153624
342.000000 522.000000 -0.279423 0.152672
370.000000 522.000000 -0.251634 0.151757
323.000000 523.000000 -0.298622 0.154320
535.000000 523.000000 -0.095601 0.149311
56.000000 524.000000 -0.610013 0.172088
550.000000 524.000000 -0.081849 0.150086
1120.000000 524.000000 0.477910 0.163909
1138.000000 524.000000 0.499689 0.165181
670.000000 525.000000 0.027414 0.150642
1035.000000 525.000000 0.381124 0.159813
59.000000 526.000000 -0.606096 0.173954
329.000000 527.000000 -0.292691 0.157942
1031.000000 527.000000 0.376882 0.161578
1244.000000 527.000000 0.639382 0.177416
112.000000 528.000000 -0.536489 0.171480
149.000000 528.000000 -0.490613 0.168642
366.000000 528.000000 -0.255765 0.157600
1025.000000 529.000000 0.370496 0.163239
367.000000 530.000000 -0.254844 0.159477
1261.000000 530.000000 0.663948 0.182391
556.000000 531.000000 -0.076418 0.156538
260.000000 532.000000 -0.364704 0.165850
338.000000 532.000000 -0.283800 0.162414
572.000000 532.000000 -0.061789 0.157335
621.000000 532.000000 -0.017134 0.157103
1026.000000 532.000000 0.371731 0.166247
1205.000000 532.000000 0.586175 0.179077
335.000000 533.000000 -0.286859 0.163490
345.000000 535.000000 -0.276885 0.165038
365.000000 535.000000 -0.256986 0.164324
570.000000 535.000000 -0.063640 0.160143
623.000000 535.000000 -0.015320 0.159887
672.000000 535.000000 0.029269 0.159933
1107.000000 535.000000 0.463233 0.174207
131.000000 536.000000 -0.513283 0.178264
374.000000 536.000000 -0.248147 0.164978
506.000000 536.000000 -0.122538 0.161819
525.000000 536.000000 -0.104966 0.161547
141.000000 537.000000 -0.501034 0.178504
187.000000 537.000000 -0.446259 0.175145
889.000000 537.000000 0.231943 0.165440
1115.000000 537.000000 0.472863 0.176823
348.000000 538.000000 -0.273995 0.167811
625.000000 538.000000 -0.013505 0.162674
1118.000000 538.000000 0.476520 0.178068
335.000000 539.000000 -0.287094 0.169277
365.000000 539.000000 -0.257125 0.168156
1024.000000 540.000000 0.369999 0.174040
6.000000 541.000000 -0.682510 0.195652
240.000000 541.000000 -0.386860 0.175835
623.000000 541.000000 -0.015331 0.165472
21.000000 542.000000 -0.660906 0.195123
359.000000 542.000000 -0.263179 0.171251
1124.000000 543.000000 0.484112 0.183661
1211.000000 543.000000 0.595322 0.191423
1275.000000 543.000000 0.685713 0.198245
316.000000 544.000000 -0.306622 0.174919
1099.000000 544.000000 0.454475 0.182801
622.000000 545.000000 -0.016250 0.169204
1067.000000 545.000000 0.417758 0.181606
1246.000000 545.000000 0.644071 0.197252
378.000000 546.000000 -0.244554 0.174416
1108.000000 546.000000 0.465219 0.185511
1125.000000 546.000000 0.485557 0.186832
1211.000000 546.000000 0.595625 0.194649
300.000000 547.000000 -0.323260 0.178581
368.000000 547.000000 -0.254443 0.175729
627.000000 547.000000 -0.011697 0.171063
1035.000000 547.000000 0.382345 0.181612
1057.000000 547.000000 0.406654 0.182968
525.000000 548.000000 -0.105129 0.172789
684.000000 548.000000 0.040271 0.172110
1129.000000 548.000000 0.490568 0.189221
1229.000000 549.000000 0.620638 0.199780
671.000000 550.000000 0.028414 0.173920
261.000000 551.000000 -0.364654 0.184560
522.000000 551.000000 -0.107947 0.175651
264.000000 552.000000 -0.361490 0.185381
507.000000 552.000000 -0.121868 0.176830
909.000000 552.000000 0.252079 0.180489
989.000000 552.000000 0.333409 0.184014
18.000000 553.000000 -0.666449 0.207604
624.000000 553.000000 -0.014442 0.176679
987.000000 553.000000 0.331365 0.184895
1176.000000 553.000000 0.549960 0.198650
1218.000000 553.000000 0.605895 0.202941
313.000000 554.000000 -0.310161 0.184806
638.000000 554.000000 -0.001676 0.177601
1047.000000 554.000000 0.395978 0.189350
1060.000000 554.000000 0.410474 0.190206
1083.000000 554.000000 0.436625 0.191819
1160.000000 554.000000 0.529564 0.198189
1174.000000 554.000000 0.547471 0.199517
1251.000000 554.000000 0.652197 0.207708
11.000000 555.000000 -0.676814 0.210637
1070.000000 555.000000 0.421832 0.191904
1056.000000 556.000000 0.406126 0.191953
1111.000000 556.000000 0.469563 0.196016
595.000000 557.000000 -0.040936 0.180539
1253.000000 557.000000 0.655407 0.211255
629.000000 558.000000 -0.009889 0.181358
1084.000000 558.000000 0.438073 0.195967
1172.000000 558.000000 0.545281 0.203565
1220.000000 558.000000 0.609185 0.208589
1259.000000 558.000000 0.664154 0.213070
1050.000000 559.000000 0.399636 0.194573
1071.000000 559.000000 0.423253 0.196030
1183.000000 559.000000 0.559664 0.205730
4.000000 560.000000 -0.687621 0.217052
274.000000 560.000000 -0.351263 0.192745
276.000000 560.000000 -0.349137 0.192631
640.000000 560.000000 0.000149 0.183229
860.000000 560.000000 0.204567 0.186508
1035.000000 560.000000 0.383145 0.194597
305.000000 561.000000 -0.318766 0.192061
353.000000 561.000000 -0.269906 0.189838
629.000000 561.000000 -0.009893 0.184175
1072.000000 561.000000 0.424536 0.198134
3.000000 562.000000 -0.689329 0.219415
386.000000 562.000000 -0.237270 0.189515
498.000000 562.000000 -0.130426 0.186438
635.000000 562.000000 -0.004416 0.185109
1172.000000 563.000000 0.545779 0.208878
545.000000 564.000000 -0.086885 0.187582
641.000000 564.000000 0.001063 0.186988
679.000000 564.000000 0.035787 0.187093
340.000000 565.000000 -0.283150 0.194296
394.000000 565.000000 -0.229552 0.192119
638.000000 565.000000 -0.001677 0.187929
1247.000000 565.000000 0.647786 0.219399
348.000000 566.000000 -0.275134 0.194915
514.000000 566.000000 -0.115603 0.189936
641.000000 566.000000 0.001063 0.188870
340.000000 567.000000 -0.283241 0.196249
356.000000 567.000000 -0.267160 0.195542
501.000000 567.000000 -0.127723 0.191121
601.000000 567.000000 -0.035502 0.189911
1229.000000 567.000000 0.622669 0.219457
1244.000000 567.000000 0.643762 0.221251
269.000000 568.000000 -0.357070 0.200995
590.000000 568.000000 -0.045580 0.190919
656.000000 568.000000 0.014772 0.190773
1260.000000 568.000000 0.666814 0.224329
650.000000 569.000000 0.009290 0.191705
660.000000 569.000000 0.018432 0.191726
672.000000 569.000000 0.029408 0.191770
1100.000000 569.000000 0.457602 0.208520
1274.000000 569.000000 0.687345 0.227209
653.000000 570.000000 0.012034 0.192653
1059.000000 570.000000 0.410475 0.206330
1082.000000 570.000000 0.436689 0.208083
269.000000 571.000000 -0.357254 0.203989
381.000000 571.000000 -0.242522 0.198404
1178.000000 571.000000 0.554390 0.218047
337.000000 572.000000 -0.286511 0.201280
513.000000 572.000000 -0.116638 0.195646
752.000000 572.000000 0.103032 0.195418
1093.000000 572.000000 0.449633 0.211032
615.000000 573.000000 -0.022717 0.195512
267.000000 574.000000 -0.359586 0.207114
615.000000 575.000000 -0.022724 0.197403
1053.000000 575.000000 0.404108 0.210971
202.000000 576.000000 -0.431847 0.213777
262.000000 576.000000 -0.365098 0.209439
372.000000 576.000000 -0.251615 0.203624
378.000000 577.000000 -0.245720 0.204349
544.000000 577.000000 -0.087980 0.199904
757.000000 577.000000 0.107754 0.200251
607.000000 578.000000 -0.030062 0.200274
1004.000000 578.000000 0.350761 0.210659
363.000000 580.000000 -0.260736 0.207914
1181.000000 580.000000 0.559298 0.228058
407.000000 581.000000 -0.217464 0.207113
1232.000000 581.000000 0.628575 0.235274
398.000000 582.000000 -0.226273 0.208418
405.000000 582.000000 -0.219446 0.208156
591.000000 582.000000 -0.044759 0.204161
401.000000 583.000000 -0.223381 0.209276
861.000000 584.000000 0.206321 0.209648
763.000000 585.000000 0.113479 0.207988
1155.000000 585.000000 0.526334 0.230565
1184.000000 585.000000 0.563813 0.233811
606.000000 586.000000 -0.031017 0.207871
612.000000 586.000000 -0.025513 0.207844
1228.000000 586.000000 0.623620 0.240310
589.000000 587.000000 -0.046633 0.208928
722.000000 588.000000 0.075508 0.210209
1156.000000 590.000000 0.528148 0.236027
259.000000 591.000000 -0.369363 0.224770
332.000000 591.000000 -0.292557 0.220252
1082.000000 592.000000 0.438535 0.230782
1087.000000 592.000000 0.444354 0.231229
1091.000000 592.000000 0.449034 0.231591
1158.000000 592.000000 0.530917 0.238397
1089.000000 593.000000 0.446782 0.232451
633.000000 595.000000 -0.006272 0.216364
731.000000 595.000000 0.083926 0.217022
1087.000000 595.000000 0.444626 0.234353
330.000000 596.000000 -0.294875 0.225324
318.000000 597.000000 -0.307277 0.227001
335.000000 597.000000 -0.289818 0.226044
727.000000 597.000000 0.080250 0.218882
1218.000000 597.000000 0.611178 0.251220
315.000000 598.000000 -0.310441 0.228176
321.000000 598.000000 -0.304238 0.227825
339.000000 598.000000 -0.285796 0.226821
325.000000 599.000000 -0.300175 0.228593
610.000000 599.000000 -0.027406 0.220252
315.000000 600.000000 -0.310560 0.230177
345.000000 600.000000 -0.279807 0.228486
433.000000 600.000000 -0.192988 0.224641
1025.000000 600.000000 0.374982 0.234342
363.000000 601.000000 -0.261719 0.228558
610.000000 601.000000 -0.027416 0.222167
629.000000 601.000000 -0.009953 0.222107
259.000000 602.000000 -0.370163 0.235952
358.000000 602.000000 -0.266786 0.229797
627.000000 602.000000 -0.011792 0.223069
723.000000 602.000000 0.076616 0.223626
1026.000000 602.000000 0.376230 0.236461
1242.000000 602.000000 0.645509 0.260105
322.000000 603.000000 -0.303498 0.232763
353.000000 603.000000 -0.271873 0.231044
362.000000 603.000000 -0.262820 0.230586
1205.000000 603.000000 0.594162 0.256155
325.000000 604.000000 -0.300464 0.233587
359.000000 604.000000 -0.265883 0.231728
365.000000 604.000000 -0.259864 0.231427
730.000000 604.000000 0.083132 0.225649
1165.000000 604.000000 0.541293 0.252182
881.000000 605.000000 0.226630 0.230918
262.000000 606.000000 -0.367199 0.239810
322.000000 606.000000 -0.303677 0.235767
364.000000 606.000000 -0.260965 0.233458
867.000000 606.000000 0.212975 0.231318
265.000000 607.000000 -0.364016 0.240606
883.000000 608.000000 0.228726 0.233959
322.000000 609.000000 -0.303857 0.238776
329.000000 609.000000 -0.296643 0.238357
271.000000 611.000000 -0.357824 0.244242
339.000000 611.000000 -0.286517 0.239779
723.000000 611.000000 0.076742 0.232296
269.000000 612.000000 -0.360060 0.245414
274.000000 612.000000 -0.354664 0.245041
1104.000000 612.000000 0.466394 0.253899
1165.000000 613.000000 0.542402 0.261993
334.000000 615.000000 -0.291866 0.244081
724.000000 615.000000 0.077728 0.236178
279.000000 616.000000 -0.349586 0.248756
987.000000 616.000000 0.335203 0.247867
1072.000000 616.000000 0.429173 0.254917
1134.000000 616.000000 0.503444 0.261497
1159.000000 616.000000 0.535044 0.264520
1242.000000 616.000000 0.647536 0.275975
635.000000 617.000000 -0.004451 0.237491
1245.000000 617.000000 0.651969 0.277562
281.000000 618.000000 -0.347590 0.250652
1041.000000 618.000000 0.394142 0.254172
1074.000000 618.000000 0.431679 0.257212
1172.000000 618.000000 0.552145 0.268376
284.000000 619.000000 -0.344453 0.251453
728.000000 619.000000 0.081504 0.240115
1029.000000 620.000000 0.380978 0.255219
1177.000000 620.000000 0.558967 0.271242
1219.000000 620.000000 0.615766 0.277119
1102.000000 621.000000 0.464956 0.263266
1104.000000 622.000000 0.467463 0.264552
735.000000 623.000000 0.088086 0.244118
634.000000 625.000000 -0.005380 0.245239
1167.000000 625.000000 0.546547 0.275433
1012.000000 626.000000 0.362832 0.260018
1203.000000 627.000000 0.594776 0.282676
636.000000 628.000000 -0.003536 0.248152
642.000000 628.000000 0.002004 0.248152
1163.000000 628.000000 0.541754 0.278213
901.000000 629.000000 0.247580 0.255695
1039.000000 629.000000 0.392883 0.265456
1129.000000 629.000000 0.498781 0.274979
640.000000 630.000000 0.000157 0.250097
1154.000000 630.000000 0.530424 0.279229
1119.000000 631.000000 0.486688 0.275946
1178.000000 631.000000 0.561789 0.283586
15.000000 636.000000 -0.682286 0.302184
683.000000 637.000000 0.039962 0.257109
1066.000000 639.000000 0.424541 0.278628
675.000000 640.000000 0.032570 0.259986
667.000000 642.000000 0.025167 0.261899
1008.000000 642.000000 0.359813 0.276294
1071.000000 643.000000 0.430758 0.283425
1114.000000 643.000000 0.482019 0.288379
685.000000 644.000000 0.041878 0.263992
1010.000000 644.000000 0.362168 0.278555
1263.000000 645.000000 0.682406 0.312776
1268.000000 645.000000 0.689711 0.313605
29.000000 648.000000 -0.663999 0.313877
652.000000 648.000000 0.011286 0.267737
687.000000 648.000000 0.043773 0.267947
778.000000 649.000000 0.129066 0.270652
1008.000000 649.000000 0.360423 0.283614
633.000000 650.000000 -0.006332 0.269695
682.000000 650.000000 0.039144 0.269875
165.000000 651.000000 -0.483366 0.297008
691.000000 652.000000 0.047534 0.271936
1140.000000 652.000000 0.515549 0.301673
1104.000000 653.000000 0.471083 0.298060
1188.000000 653.000000 0.578374 0.309837
979.000000 654.000000 0.329581 0.286384
982.000000 654.000000 0.332781 0.286628
173.000000 656.000000 -0.474245 0.301479
678.000000 656.000000 0.035474 0.275773
1122.000000 657.000000 0.493667 0.304777
1124.000000 658.000000 0.496285 0.306152
682.000000 659.000000 0.039223 0.278782
1152.000000 659.000000 0.531870 0.311195
708.000000 660.000000 0.063487 0.280079
758.000000 660.000000 0.110441 0.281072
1058.000000 660.000000 0.417563 0.300261
652.000000 661.000000 0.011320 0.280593
1091.000000 661.000000 0.456421 0.305199
1129.000000 661.000000 0.502935 0.310166
682.000000 662.000000 0.039250 0.281763
1166.000000 663.000000 0.550676 0.317806
679.000000 664.000000 0.036471 0.283727
687.000000 664.000000 0.043931 0.283802
1124.000000 665.000000 0.497240 0.313929
708.000000 666.000000 0.063575 0.286059
1243.000000 666.000000 0.657066 0.334029
804.000000 667.000000 0.154453 0.289523
807.000000 667.000000 0.157336 0.289635
695.000000 668.000000 0.051445 0.287883
719.000000 668.000000 0.073913 0.288236
811.000000 668.000000 0.161224 0.290798
814.000000 668.000000 0.164115 0.290915
1245.000000 668.000000 0.660286 0.336738
717.000000 669.000000 0.072054 0.289203
1242.000000 670.000000 0.656334 0.338571
1244.000000 670.000000 0.659202 0.338924
720.000000 672.000000 0.074922 0.292264
1114.000000 672.000000 0.485804 0.320351
781.000000 674.000000 0.132677 0.295803
938.000000 674.000000 0.288064 0.304054
1238.000000 674.000000 0.651322 0.342588
823.000000 675.000000 0.173108 0.298391
1184.000000 676.000000 0.576691 0.335578
715.000000 677.000000 0.070314 0.297204
1006.000000 677.000000 0.360849 0.313091
1184.000000 678.000000 0.577025 0.337893
1269.000000 679.000000 0.697057 0.354101
798.000000 680.000000 0.149168 0.302483
1029.000000 680.000000 0.386734 0.318694
998.000000 682.000000 0.352571 0.317664
1145.000000 682.000000 0.526328 0.336181
176.000000 683.000000 -0.474162 0.330988
781.000000 684.000000 0.133006 0.305956
1147.000000 684.000000 0.529217 0.338780
716.000000 685.000000 0.071394 0.305303
1261.000000 685.000000 0.686476 0.359850
783.000000 686.000000 0.134989 0.308064
1174.000000 686.000000 0.564965 0.345487
715.000000 687.000000 0.070488 0.307313
782.000000 688.000000 0.134099 0.310073
784.000000 689.000000 0.136051 0.311165
950.000000 689.000000 0.301777 0.320795
957.000000 689.000000 0.309158 0.321386
1082.000000 690.000000 0.449386 0.336083
1213.000000 690.000000 0.618907 0.357022
1256.000000 691.000000 0.680321 0.366143
1253.000000 692.000000 0.676163 0.366790
783.000000 693.000000 0.135232 0.315230
1087.000000 693.000000 0.455792 0.340118
1211.000000 693.000000 0.616665 0.360213
1256.000000 693.000000 0.680692 0.368551
786.000000 694.000000 0.138149 0.316364
975.000000 694.000000 0.328793 0.328344
1260.000000 694.000000 0.686680 0.370501
787.000000 696.000000 0.139184 0.318458
789.000000 696.000000 0.141108 0.318532
1242.000000 698.000000 0.661444 0.371955
694.000000 699.000000 0.050902 0.319210
1094.000000 699.000000 0.465104 0.347859
1244.000000 699.000000 0.664503 0.373536
690.000000 700.000000 0.047149 0.320181
1144.000000 700.000000 0.527923 0.356714
788.000000 701.000000 0.140333 0.323654
1242.000000 701.000000 0.662011 0.375570
1245.000000 701.000000 0.666318 0.376138
694.000000 702.000000 0.050943 0.322282
1158.000000 702.000000 0.546500 0.361392
1235.000000 702.000000 0.652190 0.375449
1249.000000 702.000000 0.672265 0.378105
789.000000 703.000000 0.141373 0.325762
1238.000000 703.000000 0.656663 0.377225
787.000000 704.000000 0.139482 0.326721
798.000000 704.000000 0.150107 0.327155
823.000000 704.000000 0.174423 0.328266
1009.000000 704.000000 0.366983 0.342660
1253.000000 704.000000 0.678417 0.381286
795.000000 705.000000 0.147245 0.328072
1242.000000 705.000000 0.662771 0.380403
1256.000000 705.000000 0.682946 0.383068
176.000000 706.000000 -0.477478 0.356990
791.000000 706.000000 0.143419 0.328951
823.000000 706.000000 0.174519 0.330352
797.000000 707.000000 0.149262 0.330232
1250.000000 707.000000 0.674658 0.384355
939.000000 708.000000 0.291830 0.340160
941.000000 708.000000 0.293930 0.340332
969.000000 708.000000 0.323676 0.342890
1077.000000 708.000000 0.445876 0.355628
1080.000000 708.000000 0.449472 0.356052
1084.000000 708.000000 0.454285 0.356622
1248.000000 708.000000 0.671967 0.385187
799.000000 709.000000 0.151283 0.332398
950.000000 709.000000 0.303508 0.342203
1246.000000 709.000000 0.669281 0.386017
1250.000000 709.000000 0.675041 0.386785
801.000000 710.000000 0.153265 0.333525
968.000000 710.000000 0.322795 0.344966
728.000000 711.000000 0.083272 0.332174
811.000000 711.000000 0.163036 0.335013
814.000000 711.000000 0.165962 0.335151
1063.000000 711.000000 0.429662 0.357082
730.000000 712.000000 0.085196 0.333257
808.000000 712.000000 0.160159 0.335923
1225.000000 712.000000 0.639900 0.385607
1231.000000 712.000000 0.648409 0.386766
97.000000 713.000000 -0.580615 0.378408
814.000000 713.000000 0.166056 0.337247
1062.000000 713.000000 0.428755 0.359204
1234.000000 713.000000 0.652873 0.388559
1252.000000 713.000000 0.678694 0.392040
1257.000000 713.000000 0.685920 0.393001
805.000000 714.000000 0.157328 0.337883
750.000000 715.000000 0.104342 0.336901
1037.000000 715.000000 0.399931 0.358166
1228.000000 715.000000 0.644730 0.389822
