14.000000 4.000000 -0.697916 -0.396534
1046.000000 4.000000 0.410396 -0.359086
1099.000000 5.000000 0.473547 -0.365488
1155.000000 5.000000 0.544783 -0.374769
1242.000000 6.000000 0.664520 -0.390001
202.000000 7.000000 -0.446903 -0.359803
204.000000 7.000000 -0.444511 -0.359519
1066.000000 7.000000 0.433429 -0.358392
20.000000 8.000000 -0.688473 -0.390505
1102.000000 9.000000 0.476628 -0.361354
1018.000000 10.000000 0.377679 -0.348933
23.000000 11.000000 -0.683568 -0.386280
1131.000000 11.000000 0.512676 -0.363649
32.000000 12.000000 -0.670420 -0.383351
57.000000 12.000000 -0.634869 -0.378581
936.000000 12.000000 0.288644 -0.338555
985.000000 12.000000 0.340941 -0.343128
1117.000000 12.000000 0.494811 -0.360236
1269.000000 12.000000 0.702435 -0.387868
4.000000 13.000000 -0.710754 -0.387414
10.000000 13.000000 -0.702023 -0.386297
14.000000 14.000000 -0.696027 -0.384330
27.000000 14.000000 -0.677230 -0.381876
7.000000 15.000000 -0.706014 -0.384420
921.000000 15.000000 0.272796 -0.334125
7.000000 17.000000 -0.705643 -0.381986
1012.000000 17.000000 0.370164 -0.340540
1091.000000 17.000000 0.461984 -0.350597
38.000000 18.000000 -0.660685 -0.374955
198.000000 18.000000 -0.450147 -0.347919
9.000000 19.000000 -0.702361 -0.379185
1057.000000 19.000000 0.421248 -0.343715
908.000000 20.000000 0.259045 -0.327833
1092.000000 20.000000 0.462767 -0.347344
1269.000000 20.000000 0.700934 -0.378125
1047.000000 21.000000 0.409390 -0.340233
40.000000 22.000000 -0.657076 -0.369764
10.000000 23.000000 -0.700166 -0.374149
21.000000 23.000000 -0.684201 -0.372110
1044.000000 23.000000 0.405690 -0.337652
16.000000 24.000000 -0.691260 -0.371830
18.000000 24.000000 -0.688359 -0.371460
41.000000 24.000000 -0.655275 -0.367176
935.000000 24.000000 0.286611 -0.325657
43.000000 26.000000 -0.652054 -0.364407
893.000000 26.000000 0.243367 -0.320472
1149.000000 26.000000 0.533367 -0.349238
16.000000 27.000000 -0.690706 -0.368208
334.000000 27.000000 -0.297340 -0.323225
939.000000 28.000000 0.290460 -0.321734
1055.000000 28.000000 0.417785 -0.333475
47.000000 29.000000 -0.645815 -0.360083
45.000000 30.000000 -0.648471 -0.359258
1056.000000 30.000000 0.418700 -0.331389
1142.000000 30.000000 0.523685 -0.343506
15.000000 31.000000 -0.691424 -0.363572
1109.000000 31.000000 0.481987 -0.337362
1114.000000 31.000000 0.488175 -0.338091
1149.000000 31.000000 0.532555 -0.343477
7.000000 32.000000 -0.702894 -0.363823
905.000000 32.000000 0.255138 -0.314994
961.000000 32.000000 0.313264 -0.319323
1248.000000 32.000000 0.668214 -0.359732
12.000000 33.000000 -0.695423 -0.361712
1074.000000 33.000000 0.439425 -0.330338
1142.000000 33.000000 0.523211 -0.340070
1144.000000 33.000000 0.525781 -0.340385
56.000000 34.000000 -0.632195 -0.352500
51.000000 35.000000 -0.639059 -0.352218
1041.000000 35.000000 0.400838 -0.324117
953.000000 36.000000 0.304476 -0.314404
1094.000000 38.000000 0.462689 -0.327418
942.000000 40.000000 0.292639 -0.309307
958.000000 40.000000 0.309413 -0.310591
38.000000 41.000000 -0.656446 -0.347442
920.000000 41.000000 0.269831 -0.306631
40.000000 42.000000 -0.653412 -0.345899
1042.000000 42.000000 0.401184 -0.316607
36.000000 43.000000 -0.658948 -0.345428
1093.000000 44.000000 0.460683 -0.320617
19.000000 45.000000 -0.683089 -0.346085
33.000000 46.000000 -0.662712 -0.342407
804.000000 46.000000 0.154692 -0.295284
1096.000000 46.000000 0.464041 -0.318796
970.000000 48.000000 0.321451 -0.303158
1063.000000 48.000000 0.424670 -0.312490
32.000000 49.000000 -0.663617 -0.339033
1133.000000 49.000000 0.509335 -0.320565
1259.000000 50.000000 0.680880 -0.340245
30.000000 52.000000 -0.665964 -0.335838
9.000000 53.000000 -0.696238 -0.338324
1065.000000 53.000000 0.426413 -0.307281
21.000000 55.000000 -0.678430 -0.333863
1105.000000 55.000000 0.473781 -0.310023
26.000000 56.000000 -0.671028 -0.331813
1168.000000 57.000000 0.553264 -0.316762
1179.000000 57.000000 0.567843 -0.318477
1032.000000 58.000000 0.388169 -0.298308
1157.000000 59.000000 0.538586 -0.312832
1159.000000 59.000000 0.541184 -0.313131
1165.000000 59.000000 0.549018 -0.314035
1097.000000 60.000000 0.463451 -0.303500
1198.000000 63.000000 0.592521 -0.314638
305.000000 64.000000 -0.324899 -0.286673
923.000000 64.000000 0.271341 -0.283039
1152.000000 66.000000 0.531103 -0.304237
1066.000000 67.000000 0.425992 -0.292262
1229.000000 67.000000 0.634907 -0.315100
294.000000 70.000000 -0.336126 -0.281313
1012.000000 70.000000 0.364845 -0.283684
1228.000000 70.000000 0.632999 -0.311459
1015.000000 72.000000 0.367956 -0.281854
1073.000000 73.000000 0.433475 -0.286585
1146.000000 73.000000 0.522439 -0.295595
1232.000000 76.000000 0.637670 -0.305176
981.000000 78.000000 0.330718 -0.272758
987.000000 78.000000 0.337114 -0.273228
507.000000 79.000000 -0.123753 -0.261238
517.000000 79.000000 -0.114327 -0.260988
1186.000000 79.000000 0.573833 -0.294595
1236.000000 79.000000 0.642857 -0.302360
515.000000 80.000000 -0.116186 -0.260051
1119.000000 80.000000 0.487733 -0.284379
1244.000000 81.000000 0.653948 -0.301340
26.000000 83.000000 -0.666518 -0.300244
277.000000 83.000000 -0.353336 -0.269197
1217.000000 83.000000 0.615519 -0.294763
975.000000 85.000000 0.323832 -0.265096
1200.000000 85.000000 0.591836 -0.289907
1245.000000 85.000000 0.654739 -0.296878
1258.000000 87.000000 0.673174 -0.296642
319.000000 88.000000 -0.308416 -0.260917
1168.000000 88.000000 0.548754 -0.281967
1181.000000 88.000000 0.565865 -0.283776
1026.000000 89.000000 0.378565 -0.265053
1262.000000 90.000000 0.678512 -0.293801
1178.000000 91.000000 0.561472 -0.280012
1243.000000 91.000000 0.650928 -0.289653
1259.000000 91.000000 0.673990 -0.292168
287.000000 92.000000 -0.341881 -0.259124
1165.000000 92.000000 0.544306 -0.277133
1003.000000 94.000000 0.353036 -0.257971
1190.000000 94.000000 0.577023 -0.278346
1245.000000 94.000000 0.653324 -0.286519
1262.000000 94.000000 0.677881 -0.289169
876.000000 98.000000 0.222442 -0.246180
1249.000000 98.000000 0.658447 -0.282547
51.000000 99.000000 -0.628515 -0.278044
1155.000000 99.000000 0.530503 -0.268138
1181.000000 99.000000 0.564343 -0.271541
1028.000000 101.000000 0.379749 -0.252771
1136.000000 101.000000 0.506246 -0.263632
287.000000 103.000000 -0.341068 -0.247869
993.000000 103.000000 0.341623 -0.247992
284.000000 104.000000 -0.344196 -0.247066
870.000000 104.000000 0.216296 -0.239978
1022.000000 104.000000 0.372905 -0.249185
1020.000000 105.000000 0.370636 -0.247996
493.000000 106.000000 -0.136261 -0.235145
499.000000 106.000000 -0.130609 -0.234994
1001.000000 106.000000 0.349969 -0.245516
1089.000000 107.000000 0.448650 -0.252088
908.000000 108.000000 0.253672 -0.237781
1168.000000 108.000000 0.546124 -0.259933
1172.000000 109.000000 0.551204 -0.259344
1192.000000 110.000000 0.577514 -0.260838
1256.000000 110.000000 0.666734 -0.269868
1054.000000 111.000000 0.407927 -0.244632
1104.000000 111.000000 0.466039 -0.249381
1194.000000 111.000000 0.580063 -0.259997
1125.000000 112.000000 0.491376 -0.250547
262.000000 113.000000 -0.367236 -0.239508
1127.000000 114.000000 0.493615 -0.248628
1185.000000 114.000000 0.567665 -0.255515
1048.000000 115.000000 0.400828 -0.239980
1100.000000 115.000000 0.460862 -0.244747
1082.000000 116.000000 0.439587 -0.241956
1189.000000 116.000000 0.572724 -0.253829
1046.000000 117.000000 0.398421 -0.237751
1217.000000 117.000000 0.610573 -0.256422
1259.000000 117.000000 0.670057 -0.262323
268.000000 119.000000 -0.360294 -0.232954
312.000000 122.000000 -0.313522 -0.227041
481.000000 122.000000 -0.147167 -0.219947
1130.000000 123.000000 0.496340 -0.239356
1187.000000 123.000000 0.569183 -0.245898
1027.000000 124.000000 0.376835 -0.229090
1185.000000 125.000000 0.566289 -0.243467
1060.000000 126.000000 0.413440 -0.229637
1036.000000 127.000000 0.386512 -0.226708
963.000000 128.000000 0.308488 -0.220858
298.000000 129.000000 -0.327712 -0.220886
1202.000000 130.000000 0.588393 -0.240090
19.000000 131.000000 -0.669505 -0.246396
1268.000000 132.000000 0.681050 -0.246544
1204.000000 135.000000 0.590481 -0.234854
1269.000000 136.000000 0.681969 -0.242148
1086.000000 137.000000 0.442358 -0.220475
1180.000000 137.000000 0.558292 -0.229846
431.000000 138.000000 -0.194287 -0.205960
1189.000000 138.000000 0.570036 -0.229798
1086.000000 139.000000 0.442188 -0.218407
1206.000000 139.000000 0.592705 -0.230718
494.000000 140.000000 -0.134519 -0.202352
1245.000000 140.000000 0.646789 -0.234484
1079.000000 141.000000 0.433916 -0.215761
482.000000 142.000000 -0.145735 -0.200710
905.000000 142.000000 0.249125 -0.204213
1073.000000 142.000000 0.426942 -0.214248
1216.000000 142.000000 0.605983 -0.228638
1273.000000 142.000000 0.687031 -0.235894
498.000000 143.000000 -0.130712 -0.199404
974.000000 143.000000 0.319053 -0.206579
500.000000 145.000000 -0.128802 -0.197458
1069.000000 145.000000 0.422138 -0.210859
503.000000 147.000000 -0.125962 -0.195495
126.000000 148.000000 -0.522733 -0.215096
1114.000000 148.000000 0.474468 -0.211508
132.000000 149.000000 -0.515114 -0.213449
1150.000000 150.000000 0.518446 -0.212776
1186.000000 150.000000 0.564725 -0.216497
153.000000 151.000000 -0.489064 -0.209380
1115.000000 151.000000 0.475403 -0.208477
124.000000 152.000000 -0.524857 -0.211061
453.000000 152.000000 -0.172874 -0.191877
1220.000000 152.000000 0.610293 -0.218157
1022.000000 153.000000 0.369394 -0.199468
1050.000000 153.000000 0.400148 -0.201327
1157.000000 153.000000 0.526974 -0.210292
124.000000 154.000000 -0.524661 -0.208948
153.000000 154.000000 -0.488795 -0.206251
273.000000 154.000000 -0.352645 -0.197452
1221.000000 154.000000 0.611439 -0.216086
269.000000 155.000000 -0.356859 -0.196694
1085.000000 155.000000 0.439727 -0.201872
126.000000 156.000000 -0.521953 -0.206645
109.000000 157.000000 -0.543448 -0.207246
1087.000000 157.000000 0.441888 -0.199981
1082.000000 158.000000 0.436032 -0.198575
112.000000 159.000000 -0.539406 -0.204827
1007.000000 159.000000 0.352907 -0.192582
303.000000 160.000000 -0.320762 -0.189875
1013.000000 160.000000 0.359267 -0.191938
1121.000000 160.000000 0.481846 -0.199654
130.000000 161.000000 -0.516475 -0.201011
1126.000000 161.000000 0.487811 -0.199044
113.000000 162.000000 -0.537838 -0.201555
1066.000000 163.000000 0.417407 -0.192330
152.000000 164.000000 -0.489142 -0.195943
256.000000 164.000000 -0.370304 -0.188508
1053.000000 164.000000 0.402743 -0.190437
1225.000000 164.000000 0.615831 -0.205626
121.000000 165.000000 -0.527403 -0.197638
145.000000 165.000000 -0.497583 -0.195501
256.000000 167.000000 -0.370127 -0.185524
1116.000000 167.000000 0.475256 -0.192003
1207.000000 167.000000 0.590907 -0.200437
110.000000 169.000000 -0.541009 -0.194445
135.000000 169.000000 -0.509545 -0.192198
440.000000 169.000000 -0.184783 -0.176028
1014.000000 169.000000 0.359822 -0.183064
132.000000 170.000000 -0.513180 -0.191415
1068.000000 170.000000 0.419188 -0.185395
122.000000 171.000000 -0.525598 -0.191249
900.000000 171.000000 0.243081 -0.175987
1226.000000 171.000000 0.616453 -0.198120
104.000000 172.000000 -0.548434 -0.191836
108.000000 172.000000 -0.543292 -0.191466
131.000000 172.000000 -0.514250 -0.189416
1019.000000 172.000000 0.365024 -0.180373
1242.000000 173.000000 0.638605 -0.197668
1113.000000 174.000000 0.471122 -0.184569
101.000000 175.000000 -0.552030 -0.188945
107.000000 176.000000 -0.544210 -0.187342
1168.000000 177.000000 0.538708 -0.186016
101.000000 178.000000 -0.551755 -0.185777
138.000000 178.000000 -0.505086 -0.182591
1090.000000 178.000000 0.443820 -0.178809
1143.000000 178.000000 0.507202 -0.182827
1121.000000 180.000000 0.480235 -0.179022
125.000000 181.000000 -0.520972 -0.180545
458.000000 181.000000 -0.167446 -0.164246
129.000000 182.000000 -0.515898 -0.179175
1199.000000 182.000000 0.578689 -0.183573
1123.000000 183.000000 0.482413 -0.176094
144.000000 184.000000 -0.497256 -0.175915
1198.000000 184.000000 0.577171 -0.181351
1200.000000 184.000000 0.579833 -0.181537
1213.000000 184.000000 0.597317 -0.182772
1224.000000 184.000000 0.612354 -0.183847
1123.000000 185.000000 0.482264 -0.174043
175.000000 186.000000 -0.460014 -0.171605
273.000000 186.000000 -0.350920 -0.165861
125.000000 187.000000 -0.520482 -0.174306
876.000000 187.000000 0.219188 -0.159962
1132.000000 189.000000 0.492854 -0.170607
1231.000000 189.000000 0.621544 -0.179140
124.000000 190.000000 -0.521493 -0.171272
1262.000000 190.000000 0.665376 -0.181155
1117.000000 191.000000 0.474643 -0.167476
125.000000 192.000000 -0.520087 -0.169121
272.000000 192.000000 -0.351690 -0.160034
1128.000000 192.000000 0.487783 -0.167237
1238.000000 192.000000 0.631018 -0.176579
145.000000 193.000000 -0.495364 -0.166585
140.000000 194.000000 -0.501392 -0.165923
148.000000 194.000000 -0.491649 -0.165343
1261.000000 194.000000 0.663528 -0.176669
1267.000000 194.000000 0.672213 -0.177271
1028.000000 195.000000 0.373505 -0.158150
1240.000000 195.000000 0.633535 -0.173525
175.000000 196.000000 -0.459346 -0.161469
1129.000000 197.000000 0.488637 -0.162191
1148.000000 197.000000 0.511902 -0.163563
153.000000 198.000000 -0.485332 -0.160904
1171.000000 198.000000 0.540773 -0.164292
174.000000 200.000000 -0.460261 -0.157490
452.000000 200.000000 -0.172707 -0.146519
153.000000 201.000000 -0.485128 -0.157846
1138.000000 201.000000 0.499302 -0.158729
1273.000000 201.000000 0.680264 -0.170174
964.000000 202.000000 0.306010 -0.148539
145.000000 204.000000 -0.494592 -0.155326
1172.000000 204.000000 0.541585 -0.158122
949.000000 205.000000 0.290668 -0.145116
153.000000 206.000000 -0.484797 -0.152757
268.000000 208.000000 -0.355208 -0.144606
1228.000000 208.000000 0.615648 -0.158455
1060.000000 211.000000 0.407794 -0.143989
1079.000000 211.000000 0.429169 -0.144982
1176.000000 212.000000 0.546112 -0.150105
1059.000000 214.000000 0.406532 -0.140975
1084.000000 214.000000 0.434705 -0.142263
1086.000000 214.000000 0.436993 -0.142371
1245.000000 214.000000 0.638849 -0.153476
469.000000 215.000000 -0.156475 -0.132212
188.000000 217.000000 -0.443015 -0.139607
1168.000000 223.000000 0.535144 -0.138170
1216.000000 224.000000 0.597962 -0.140498
1251.000000 226.000000 0.646350 -0.141062
1184.000000 227.000000 0.555375 -0.135097
1198.000000 227.000000 0.573679 -0.136052
1156.000000 228.000000 0.519744 -0.132276
1142.000000 233.000000 0.502169 -0.126363
187.000000 235.000000 -0.443260 -0.121749
1069.000000 236.000000 0.416675 -0.119763
966.000000 237.000000 0.306881 -0.115110
1253.000000 237.000000 0.648354 -0.129406
187.000000 238.000000 -0.443122 -0.118774
193.000000 238.000000 -0.436259 -0.118503
1091.000000 238.000000 0.441528 -0.118763
1043.000000 239.000000 0.387830 -0.115772
1126.000000 239.000000 0.482493 -0.119450
1193.000000 240.000000 0.566254 -0.122194
300.000000 241.000000 -0.320612 -0.111662
1154.000000 242.000000 0.516451 -0.117884
1100.000000 243.000000 0.451682 -0.114210
1173.000000 243.000000 0.540268 -0.117916
1226.000000 243.000000 0.610250 -0.121157
1220.000000 244.000000 0.602001 -0.119717
996.000000 245.000000 0.337549 -0.108368
1081.000000 245.000000 0.429817 -0.111411
1129.000000 245.000000 0.485791 -0.113570
1198.000000 246.000000 0.572455 -0.116272
223.000000 248.000000 -0.402231 -0.107465
1039.000000 248.000000 0.383153 -0.106881
217.000000 249.000000 -0.408828 -0.106711
978.000000 249.000000 0.318811 -0.104027
1259.000000 249.000000 0.656076 -0.116963
1263.000000 250.000000 0.661750 -0.116156
218.000000 251.000000 -0.407646 -0.104721
222.000000 251.000000 -0.403225 -0.104576
1230.000000 251.000000 0.615234 -0.112979
1104.000000 252.000000 0.455935 -0.105450
1180.000000 257.000000 0.548457 -0.103936
1145.000000 259.000000 0.504525 -0.100231
1238.000000 259.000000 0.625822 -0.105017
1164.000000 262.000000 0.527922 -0.098059
1115.000000 263.000000 0.468361 -0.094973
1081.000000 264.000000 0.429096 -0.092740
1126.000000 264.000000 0.481359 -0.094412
1208.000000 266.000000 0.584605 -0.096070
1124.000000 267.000000 0.478858 -0.091341
1166.000000 270.000000 0.530079 -0.090024
1271.000000 271.000000 0.672040 -0.094106
473.000000 276.000000 -0.151983 -0.075909
1209.000000 276.000000 0.585463 -0.085754
1246.000000 277.000000 0.636040 -0.086435
1037.000000 278.000000 0.380093 -0.077844
1068.000000 278.000000 0.414069 -0.078666
1045.000000 286.000000 0.388562 -0.070335
1163.000000 287.000000 0.525670 -0.072703
1183.000000 287.000000 0.551002 -0.073404
1247.000000 287.000000 0.636989 -0.075929
1109.000000 288.000000 0.460493 -0.070029
1140.000000 290.000000 0.497276 -0.068951
1209.000000 291.000000 0.584851 -0.070249
170.000000 293.000000 -0.460788 -0.065081
1191.000000 295.000000 0.561053 -0.065515
1194.000000 296.000000 0.564921 -0.064591
1085.000000 298.000000 0.432660 -0.059619
1085.000000 301.000000 0.432594 -0.056694
1130.000000 302.000000 0.484914 -0.056734
1121.000000 303.000000 0.474194 -0.055530
1198.000000 307.000000 0.569816 -0.053453
1123.000000 308.000000 0.476449 -0.050632
1087.000000 309.000000 0.434703 -0.048938
229.000000 310.000000 -0.394033 -0.047325
123.000000 311.000000 -0.516657 -0.048345
1156.000000 314.000000 0.516234 -0.045357
1184.000000 318.000000 0.551404 -0.041906
1158.000000 319.000000 0.518609 -0.040385
1022.000000 323.000000 0.363252 -0.034532
1147.000000 323.000000 0.505017 -0.036194
263.000000 324.000000 -0.357420 -0.033513
222.000000 326.000000 -0.401471 -0.032033
1142.000000 326.000000 0.498889 -0.033129
219.000000 327.000000 -0.404756 -0.031103
1225.000000 327.000000 0.605380 -0.033482
1263.000000 329.000000 0.658392 -0.032090
1005.000000 330.000000 0.345293 -0.027731
1267.000000 332.000000 0.664084 -0.028985
1184.000000 334.000000 0.551136 -0.025678
1193.000000 334.000000 0.562751 -0.025795
136.000000 336.000000 -0.500359 -0.023189
1168.000000 336.000000 0.530818 -0.023467
1122.000000 337.000000 0.474824 -0.022001
1193.000000 337.000000 0.562714 -0.022741
362.000000 338.000000 -0.257028 -0.019722
197.000000 340.000000 -0.429122 -0.018739
1176.000000 340.000000 0.540867 -0.019520
1178.000000 340.000000 0.543407 -0.019540
1134.000000 345.000000 0.489045 -0.014193
135.000000 346.000000 -0.501490 -0.013258
1010.000000 347.000000 0.350428 -0.011667
1041.000000 347.000000 0.383407 -0.011782
1087.000000 347.000000 0.434265 -0.011978
1041.000000 349.000000 0.383400 -0.009870
1232.000000 349.000000 0.614671 -0.010756
134.000000 350.000000 -0.502683 -0.009287
1135.000000 350.000000 0.490219 -0.009248
1167.000000 350.000000 0.529454 -0.009388
121.000000 357.000000 -0.518587 -0.002344
170.000000 357.000000 -0.459921 -0.002287
1182.000000 357.000000 0.548413 -0.002377
1186.000000 357.000000 0.553541 -0.002382
172.000000 358.000000 -0.457601 -0.001306
1039.000000 362.000000 0.381226 0.002556
1206.000000 362.000000 0.579616 0.002708
431.000000 364.000000 -0.190834 0.004289
1105.000000 364.000000 0.454849 0.004563
156.000000 365.000000 -0.476321 0.005576
1158.000000 366.000000 0.518237 0.006658
1128.000000 367.000000 0.481843 0.007564
115.000000 369.000000 -0.526046 0.009680
1156.000000 371.000000 0.515786 0.011649
38.000000 372.000000 -0.627249 0.013175
108.000000 372.000000 -0.534820 0.012729
40.000000 373.000000 -0.624487 0.014203
106.000000 373.000000 -0.537344 0.013748
36.000000 374.000000 -0.630040 0.015277
1137.000000 374.000000 0.492646 0.014529
38.000000 375.000000 -0.627272 0.016304
42.000000 375.000000 -0.621742 0.016269
45.000000 375.000000 -0.617615 0.016243
39.000000 377.000000 -0.625905 0.018380
95.000000 378.000000 -0.551355 0.018881
206.000000 378.000000 -0.419028 0.018039
216.000000 378.000000 -0.407938 0.017978
45.000000 379.000000 -0.617654 0.020400
47.000000 379.000000 -0.614912 0.020378
54.000000 379.000000 -0.605375 0.020304
1115.000000 379.000000 0.466560 0.019311
58.000000 380.000000 -0.599979 0.021293
62.000000 380.000000 -0.594601 0.021250
1168.000000 380.000000 0.530781 0.020759
51.000000 382.000000 -0.609485 0.023443
61.000000 382.000000 -0.595966 0.023321
1098.000000 382.000000 0.446873 0.022112
67.000000 383.000000 -0.587957 0.024277
1075.000000 383.000000 0.420822 0.022894
61.000000 385.000000 -0.596004 0.026413
64.000000 385.000000 -0.591985 0.026372
245.000000 385.000000 -0.376460 0.024489
39.000000 387.000000 -0.626032 0.028807
1217.000000 387.000000 0.594475 0.028475
1194.000000 388.000000 0.564084 0.029165
40.000000 389.000000 -0.624680 0.030877
46.000000 389.000000 -0.616418 0.030778
50.000000 390.000000 -0.610964 0.031749
1174.000000 390.000000 0.538459 0.030903
1218.000000 390.000000 0.595866 0.031584
51.000000 392.000000 -0.609636 0.033806
1089.000000 392.000000 0.436695 0.031766
58.000000 393.000000 -0.600168 0.034715
1130.000000 393.000000 0.484446 0.033274
1123.000000 394.000000 0.476140 0.034164
1169.000000 394.000000 0.532217 0.034858
1171.000000 395.000000 0.534750 0.035899
1220.000000 395.000000 0.598651 0.036782
60.000000 396.000000 -0.597531 0.037775
1061.000000 396.000000 0.405408 0.035307
1176.000000 396.000000 0.541089 0.036994
1214.000000 396.000000 0.590606 0.037697
1071.000000 397.000000 0.416503 0.036396
1073.000000 397.000000 0.418734 0.036422
1178.000000 397.000000 0.543648 0.038040
1101.000000 400.000000 0.450536 0.039735
1200.000000 401.000000 0.572155 0.042543
152.000000 403.000000 -0.481437 0.043104
1039.000000 403.000000 0.381512 0.041751
1051.000000 403.000000 0.394530 0.041914
1229.000000 403.000000 0.611052 0.045265
1114.000000 404.000000 0.465704 0.043874
266.000000 405.000000 -0.354370 0.043313
1146.000000 405.000000 0.503950 0.045465
1114.000000 406.000000 0.465740 0.045842
1231.000000 406.000000 0.613866 0.048435
267.000000 408.000000 -0.353357 0.046150
1108.000000 408.000000 0.458777 0.047697
1138.000000 408.000000 0.494307 0.048290
1270.000000 409.000000 0.668911 0.052684
59.000000 410.000000 -0.599206 0.052264
1228.000000 412.000000 0.609925 0.054593
1268.000000 412.000000 0.666114 0.055813
132.000000 416.000000 -0.505790 0.056450
1016.000000 416.000000 0.357162 0.053825
1187.000000 416.000000 0.555615 0.057532
1196.000000 416.000000 0.567295 0.057788
1049.000000 417.000000 0.392574 0.055345
1148.000000 417.000000 0.506665 0.057496
1163.000000 417.000000 0.525197 0.057886
128.000000 418.000000 -0.510734 0.058552
1198.000000 418.000000 0.569970 0.059895
210.000000 420.000000 -0.415139 0.058616
391.000000 420.000000 -0.229184 0.055912
1156.000000 420.000000 0.516583 0.060714
1230.000000 420.000000 0.612914 0.062983
1069.000000 421.000000 0.414681 0.059600
1199.000000 421.000000 0.571373 0.063000
33.000000 422.000000 -0.635279 0.065597
1074.000000 422.000000 0.420283 0.060677
1156.000000 422.000000 0.516639 0.062722
1188.000000 422.000000 0.557084 0.063676
59.000000 423.000000 -0.599607 0.065724
100.000000 423.000000 -0.545868 0.064386
1174.000000 423.000000 0.539201 0.064261
1238.000000 424.000000 0.624083 0.067444
59.000000 425.000000 -0.599677 0.067797
92.000000 426.000000 -0.556211 0.067694
385.000000 426.000000 -0.235033 0.061524
1006.000000 426.000000 0.346816 0.063168
1180.000000 426.000000 0.546932 0.067494
381.000000 428.000000 -0.238925 0.063423
1254.000000 428.000000 0.646669 0.072271
32.000000 429.000000 -0.636945 0.072998
1204.000000 429.000000 0.578231 0.071390
1256.000000 429.000000 0.649548 0.073411
1144.000000 430.000000 0.502149 0.070386
26.000000 431.000000 -0.645465 0.075354
1266.000000 432.000000 0.663986 0.077022
1056.000000 433.000000 0.400573 0.070925
300.000000 434.000000 -0.319551 0.070245
1126.000000 435.000000 0.480627 0.074811
34.000000 437.000000 -0.634486 0.081339
120.000000 437.000000 -0.521187 0.077885
974.000000 437.000000 0.313947 0.072997
105.000000 438.000000 -0.540030 0.079445
378.000000 439.000000 -0.241977 0.073665
480.000000 439.000000 -0.145453 0.072540
36.000000 440.000000 -0.631831 0.084407
207.000000 440.000000 -0.418966 0.078111
1085.000000 440.000000 0.433136 0.078501
1162.000000 440.000000 0.524686 0.081055
1244.000000 440.000000 0.633106 0.084506
209.000000 441.000000 -0.416761 0.079029
313.000000 441.000000 -0.306437 0.076608
387.000000 442.000000 -0.233305 0.076323
1181.000000 442.000000 0.548796 0.083826
1183.000000 442.000000 0.551363 0.083908
31.000000 443.000000 -0.638968 0.087808
209.000000 443.000000 -0.416818 0.080975
1166.000000 444.000000 0.529849 0.085257
1214.000000 444.000000 0.592166 0.087306
1161.000000 446.000000 0.523671 0.087083
1199.000000 446.000000 0.572330 0.088697
1201.000000 446.000000 0.574963 0.088786
91.000000 447.000000 -0.558307 0.089195
212.000000 447.000000 -0.413593 0.084780
1173.000000 447.000000 0.538805 0.088591
45.000000 449.000000 -0.619793 0.093435
395.000000 449.000000 -0.225695 0.082700
1181.000000 449.000000 0.549093 0.090975
1188.000000 449.000000 0.558113 0.091287
443.000000 450.000000 -0.180079 0.082993
1046.000000 451.000000 0.390108 0.088065
1199.000000 451.000000 0.572561 0.093852
1271.000000 452.000000 0.672216 0.098659
425.000000 454.000000 -0.197121 0.086906
989.000000 455.000000 0.329745 0.090377
1049.000000 455.000000 0.393501 0.092027
1253.000000 455.000000 0.646558 0.100849
114.000000 456.000000 -0.529436 0.097351
1168.000000 457.000000 0.532925 0.098546
435.000000 458.000000 -0.187715 0.090466
1208.000000 458.000000 0.584827 0.101548
389.000000 459.000000 -0.231636 0.092084
65.000000 461.000000 -0.593230 0.104935
303.000000 461.000000 -0.317061 0.095741
987.000000 461.000000 0.327829 0.096036
1051.000000 461.000000 0.395881 0.097910
863.000000 462.000000 0.205195 0.094444
339.000000 463.000000 -0.280753 0.096792
980.000000 464.000000 0.320694 0.098709
93.000000 465.000000 -0.556591 0.107574
1013.000000 465.000000 0.355111 0.100584
1260.000000 467.000000 0.657260 0.114077
399.000000 468.000000 -0.222155 0.100286
1003.000000 469.000000 0.344703 0.104123
1090.000000 469.000000 0.439843 0.107169
1217.000000 469.000000 0.597523 0.113520
247.000000 470.000000 -0.376048 0.105979
447.000000 470.000000 -0.176575 0.101384
1013.000000 471.000000 0.355295 0.106349
1256.000000 471.000000 0.651805 0.118097
306.000000 472.000000 -0.314279 0.106113
290.000000 473.000000 -0.330769 0.107517
1251.000000 473.000000 0.644832 0.119902
300.000000 474.000000 -0.320483 0.108183
999.000000 474.000000 0.340668 0.108793
1186.000000 474.000000 0.556806 0.116896
1248.000000 474.000000 0.640658 0.120768
1274.000000 475.000000 0.678041 0.123634
303.000000 476.000000 -0.317461 0.110003
937.000000 476.000000 0.277499 0.108986
1177.000000 476.000000 0.545336 0.118439
1142.000000 477.000000 0.501653 0.117553
1184.000000 477.000000 0.554393 0.119874
1176.000000 478.000000 0.544173 0.120437
286.000000 479.000000 -0.335102 0.113378
463.000000 480.000000 -0.161717 0.110402
369.000000 481.000000 -0.251520 0.113041
1147.000000 481.000000 0.507992 0.121871
1142.000000 482.000000 0.501917 0.122613
1149.000000 484.000000 0.510621 0.125029
463.000000 485.000000 -0.161788 0.115026
1182.000000 485.000000 0.552297 0.128012
176.000000 486.000000 -0.456044 0.124580
286.000000 486.000000 -0.335328 0.120090
1152.000000 487.000000 0.514501 0.128254
1154.000000 487.000000 0.516981 0.128371
1066.000000 490.000000 0.413604 0.126839
407.000000 492.000000 -0.214932 0.122520
1184.000000 494.000000 0.555467 0.137460
1256.000000 495.000000 0.653568 0.143874
462.000000 496.000000 -0.162891 0.125237
1260.000000 497.000000 0.659461 0.146360
1080.000000 498.000000 0.429758 0.135410
1105.000000 499.000000 0.458626 0.137720
1121.000000 501.000000 0.477639 0.140642
271.000000 502.000000 -0.351639 0.136068
280.000000 502.000000 -0.342168 0.135716
1205.000000 503.000000 0.583725 0.148375
277.000000 504.000000 -0.345395 0.137767
275.000000 507.000000 -0.347620 0.140754
1233.000000 507.000000 0.622165 0.154867
1207.000000 509.000000 0.586870 0.154857
1043.000000 510.000000 0.389105 0.145442
1155.000000 511.000000 0.519771 0.153029
917.000000 514.000000 0.258703 0.144412
268.000000 515.000000 -0.355362 0.148827
1246.000000 518.000000 0.641350 0.167852
203.000000 521.000000 -0.426918 0.158051
273.000000 521.000000 -0.350333 0.154453
1134.000000 522.000000 0.494664 0.162842
1019.000000 523.000000 0.363748 0.157047
1261.000000 523.000000 0.663247 0.174724
1076.000000 524.000000 0.426638 0.161095
967.000000 525.000000 0.309374 0.156701
201.000000 526.000000 -0.429485 0.163172
516.000000 526.000000 -0.113140 0.152334
1007.000000 526.000000 0.351102 0.159412
1077.000000 527.000000 0.427955 0.164159
1052.000000 528.000000 0.399950 0.163698
1269.000000 528.000000 0.675339 0.181011
1169.000000 529.000000 0.538815 0.172763
578.000000 530.000000 -0.056295 0.155433
1171.000000 531.000000 0.541537 0.175021
200.000000 532.000000 -0.430994 0.169254
582.000000 532.000000 -0.052658 0.157266
1245.000000 532.000000 0.641292 0.182950
1248.000000 532.000000 0.645544 0.183254
575.000000 533.000000 -0.059055 0.158243
1165.000000 533.000000 0.534054 0.176610
1218.000000 534.000000 0.603957 0.182445
264.000000 535.000000 -0.360575 0.168597
109.000000 536.000000 -0.540977 0.180092
272.000000 536.000000 -0.352106 0.169175
1084.000000 536.000000 0.436527 0.173652
1107.000000 536.000000 0.463303 0.175225
1223.000000 536.000000 0.611003 0.185085
266.000000 537.000000 -0.358541 0.170462
1109.000000 537.000000 0.465738 0.176387
268.000000 538.000000 -0.356460 0.171343
1095.000000 538.000000 0.449380 0.176418
1224.000000 538.000000 0.612579 0.187341
487.000000 539.000000 -0.140260 0.164950
988.000000 539.000000 0.331719 0.171221
1141.000000 539.000000 0.504523 0.180881
522.000000 541.000000 -0.107803 0.166266
1134.000000 541.000000 0.496095 0.182389
1276.000000 541.000000 0.686959 0.196133
525.000000 542.000000 -0.105046 0.167161
1142.000000 542.000000 0.506000 0.184072
1177.000000 543.000000 0.550312 0.188162
1228.000000 543.000000 0.618616 0.193158
1256.000000 543.000000 0.658127 0.196145
525.000000 544.000000 -0.105074 0.169035
1215.000000 544.000000 0.600856 0.192902
1248.000000 544.000000 0.646803 0.196373
975.000000 545.000000 0.318482 0.176469
1018.000000 545.000000 0.363811 0.178656
1040.000000 546.000000 0.387762 0.180914
1214.000000 546.000000 0.599699 0.194955
1219.000000 546.000000 0.606526 0.195471
390.000000 547.000000 -0.232840 0.174970
980.000000 547.000000 0.323764 0.178661
133.000000 548.000000 -0.511800 0.190572
538.000000 548.000000 -0.093135 0.172616
541.000000 548.000000 -0.090372 0.172579
1087.000000 548.000000 0.440806 0.186007
512.000000 549.000000 -0.117178 0.173924
535.000000 549.000000 -0.095913 0.173592
947.000000 549.000000 0.289986 0.179107
1214.000000 549.000000 0.600009 0.198191
100.000000 550.000000 -0.553826 0.195663
299.000000 550.000000 -0.324444 0.181566
1096.000000 551.000000 0.451482 0.189721
361.000000 552.000000 -0.261568 0.180806
519.000000 552.000000 -0.110738 0.176637
1033.000000 552.000000 0.380460 0.186475
1217.000000 553.000000 0.604526 0.202834
305.000000 554.000000 -0.318416 0.185191
525.000000 554.000000 -0.105216 0.178430
997.000000 554.000000 0.341932 0.186405
993.000000 555.000000 0.337768 0.187178
1123.000000 555.000000 0.483875 0.195970
351.000000 556.000000 -0.271700 0.185072
1047.000000 556.000000 0.396108 0.191358
257.000000 557.000000 -0.369314 0.190755
265.000000 557.000000 -0.360704 0.190285
1224.000000 557.000000 0.614587 0.207944
194.000000 558.000000 -0.439662 0.195982
507.000000 558.000000 -0.121971 0.182490
1003.000000 558.000000 0.348507 0.190688
1089.000000 558.000000 0.443859 0.196344
107.000000 559.000000 -0.545658 0.204530
911.000000 559.000000 0.254325 0.187319
360.000000 560.000000 -0.262878 0.188580
556.000000 560.000000 -0.076710 0.183681
982.000000 560.000000 0.326502 0.191524
1066.000000 560.000000 0.417652 0.196687
1102.000000 560.000000 0.459221 0.199409
257.000000 561.000000 -0.369555 0.194742
998.000000 561.000000 0.343373 0.193379
1220.000000 561.000000 0.609520 0.211855
199.000000 562.000000 -0.434206 0.199687
519.000000 562.000000 -0.110895 0.186068
1010.000000 562.000000 0.356201 0.195061
1030.000000 562.000000 0.377806 0.196283
1032.000000 562.000000 0.379990 0.196410
1164.000000 562.000000 0.535415 0.207020
261.000000 563.000000 -0.365359 0.196494
554.000000 563.000000 -0.078583 0.186531
602.000000 563.000000 -0.034567 0.186139
604.000000 563.000000 -0.032738 0.186130
1105.000000 563.000000 0.463010 0.202743
1255.000000 563.000000 0.658991 0.218146
364.000000 564.000000 -0.259061 0.192295
556.000000 564.000000 -0.076754 0.187451
610.000000 564.000000 -0.027257 0.187045
110.000000 565.000000 -0.542400 0.210605
356.000000 566.000000 -0.267117 0.194569
366.000000 566.000000 -0.257155 0.194153
504.000000 566.000000 -0.124908 0.190115
553.000000 566.000000 -0.079538 0.189373
612.000000 566.000000 -0.025436 0.188920
1126.000000 566.000000 0.488462 0.207658
537.000000 567.000000 -0.094310 0.190524
1029.000000 567.000000 0.377036 0.201231
1112.000000 567.000000 0.471674 0.207469
111.000000 568.000000 -0.541421 0.213695
368.000000 568.000000 -0.255251 0.196013
515.000000 568.000000 -0.114708 0.191814
992.000000 569.000000 0.337487 0.200970
1121.000000 569.000000 0.482669 0.210338
1127.000000 569.000000 0.489951 0.210880
1174.000000 569.000000 0.548982 0.215483
372.000000 570.000000 -0.251368 0.197791
500.000000 570.000000 -0.128715 0.193989
538.000000 570.000000 -0.093428 0.193349
1068.000000 570.000000 0.420654 0.206999
1239.000000 570.000000 0.637051 0.223963
370.000000 571.000000 -0.253391 0.198844
450.000000 571.000000 -0.175821 0.196117
517.000000 571.000000 -0.112902 0.194626
961.000000 571.000000 0.305314 0.201267
503.000000 572.000000 -0.125954 0.195832
1123.000000 572.000000 0.485362 0.213649
1179.000000 572.000000 0.555801 0.219227
1189.000000 572.000000 0.568937 0.220319
994.000000 573.000000 0.339831 0.205061
1193.000000 573.000000 0.574353 0.221845
1256.000000 573.000000 0.661668 0.229414
486.000000 574.000000 -0.141901 0.198090
522.000000 574.000000 -0.108309 0.197390
1184.000000 574.000000 0.562566 0.221923
259.000000 575.000000 -0.368275 0.208630
359.000000 575.000000 -0.264508 0.203207
553.000000 575.000000 -0.079646 0.197889
1112.000000 575.000000 0.472377 0.215782
1188.000000 575.000000 0.567949 0.223446
479.000000 576.000000 -0.148523 0.200160
492.000000 576.000000 -0.136319 0.199867
525.000000 576.000000 -0.105558 0.199241
611.000000 576.000000 -0.026389 0.198364
881.000000 576.000000 0.225469 0.202623
357.000000 577.000000 -0.266597 0.205249
1039.000000 577.000000 0.388688 0.211988
362.000000 578.000000 -0.261645 0.206004
554.000000 578.000000 -0.078761 0.200723
1097.000000 578.000000 0.454836 0.217575
1181.000000 578.000000 0.559074 0.225901
386.000000 579.000000 -0.237918 0.205972
392.000000 579.000000 -0.232028 0.205736
1113.000000 579.000000 0.473939 0.220044
323.000000 580.000000 -0.301188 0.209848
361.000000 580.000000 -0.262732 0.208003
390.000000 580.000000 -0.234028 0.206785
1089.000000 580.000000 0.445635 0.218956
1182.000000 580.000000 0.560610 0.228171
355.000000 581.000000 -0.268783 0.209255
534.000000 581.000000 -0.097292 0.203854
546.000000 581.000000 -0.086187 0.203678
1269.000000 581.000000 0.681577 0.240093
550.000000 582.000000 -0.082504 0.204576
627.000000 582.000000 -0.011754 0.204001
630.000000 582.000000 -0.009007 0.203996
1090.000000 582.000000 0.446974 0.221112
1128.000000 582.000000 0.492400 0.224612
362.000000 583.000000 -0.261868 0.210894
1196.000000 583.000000 0.579510 0.233047
1276.000000 583.000000 0.692115 0.243295
382.000000 584.000000 -0.242061 0.211003
1023.000000 584.000000 0.371640 0.217947
1127.000000 584.000000 0.491373 0.226622
1148.000000 584.000000 0.517395 0.228756
319.000000 585.000000 -0.305568 0.215009
385.000000 585.000000 -0.239145 0.211854
534.000000 585.000000 -0.097355 0.207666
1145.000000 585.000000 0.513738 0.229506
1275.000000 585.000000 0.690913 0.245431
369.000000 586.000000 -0.255026 0.213517
1186.000000 586.000000 0.566568 0.235130
185.000000 587.000000 -0.452515 0.226582
627.000000 587.000000 -0.011764 0.208750
645.000000 587.000000 0.004735 0.208741
1111.000000 587.000000 0.472287 0.228228
1186.000000 588.000000 0.566804 0.237303
1263.000000 588.000000 0.673772 0.247200
1274.000000 588.000000 0.689852 0.248704
667.000000 589.000000 0.024914 0.210700
989.000000 589.000000 0.335519 0.220735
1015.000000 589.000000 0.363306 0.222446
366.000000 590.000000 -0.258195 0.217576
1000.000000 590.000000 0.347262 0.222444
1157.000000 590.000000 0.529420 0.236138
50.000000 591.000000 -0.625754 0.245838
4.000000 592.000000 -0.691770 0.253191
544.000000 592.000000 -0.088195 0.214201
555.000000 592.000000 -0.078016 0.214047
1001.000000 592.000000 0.348461 0.224525
117.000000 593.000000 -0.536426 0.239814
371.000000 593.000000 -0.253352 0.220293
1107.000000 593.000000 0.468072 0.234140
1158.000000 593.000000 0.531029 0.239472
290.000000 594.000000 -0.336356 0.225708
331.000000 594.000000 -0.293742 0.223282
505.000000 594.000000 -0.124534 0.216823
571.000000 594.000000 -0.063267 0.215769
1054.000000 594.000000 0.406703 0.230470
1110.000000 594.000000 0.471763 0.235483
153.000000 595.000000 -0.491616 0.238058
157.000000 595.000000 -0.486737 0.237649
294.000000 595.000000 -0.332199 0.226458
340.000000 595.000000 -0.284619 0.223792
352.000000 595.000000 -0.272473 0.223174
1062.000000 595.000000 0.415832 0.232162
16.000000 596.000000 -0.674824 0.256071
335.000000 596.000000 -0.289764 0.225051
620.000000 596.000000 -0.018208 0.217345
1017.000000 596.000000 0.365967 0.229679
375.000000 597.000000 -0.249558 0.224043
674.000000 597.000000 0.031381 0.218367
524.000000 598.000000 -0.106874 0.220288
1235.000000 598.000000 0.635037 0.254631
336.000000 599.000000 -0.288907 0.227977
376.000000 599.000000 -0.248657 0.225965
1168.000000 599.000000 0.544571 0.247112
354.000000 600.000000 -0.270711 0.228019
367.000000 600.000000 -0.257668 0.227375
555.000000 600.000000 -0.078122 0.221711
976.000000 600.000000 0.322535 0.230954
1035.000000 600.000000 0.385984 0.235111
1106.000000 600.000000 0.467563 0.241408
1181.000000 600.000000 0.561662 0.249778
41.000000 601.000000 -0.639734 0.258239
143.000000 601.000000 -0.504565 0.245505
243.000000 601.000000 -0.387647 0.236156
337.000000 601.000000 -0.287997 0.229912
375.000000 601.000000 -0.249743 0.227982
506.000000 601.000000 -0.123749 0.223542
918.000000 601.000000 0.263164 0.228688
1125.000000 601.000000 0.490664 0.244420
1188.000000 601.000000 0.571048 0.251749
1091.000000 602.000000 0.449969 0.242047
1093.000000 602.000000 0.452323 0.242239
1167.000000 602.000000 0.543636 0.250250
335.000000 603.000000 -0.290149 0.232015
621.000000 603.000000 -0.017310 0.224042
37.000000 604.000000 -0.645815 0.262178
301.000000 604.000000 -0.325413 0.235062
637.000000 604.000000 -0.002604 0.224974
655.000000 604.000000 0.013943 0.224994
1122.000000 604.000000 0.487314 0.247294
245.000000 605.000000 -0.385752 0.240101
309.000000 605.000000 -0.317106 0.235560
1014.000000 605.000000 0.363371 0.238619
287.000000 606.000000 -0.340331 0.238013
1072.000000 606.000000 0.428235 0.244451
1167.000000 606.000000 0.544122 0.254602
302.000000 607.000000 -0.324557 0.238021
379.000000 607.000000 -0.246050 0.233718
518.000000 607.000000 -0.112648 0.229081
524.000000 608.000000 -0.107064 0.229928
565.000000 608.000000 -0.068971 0.229275
998.000000 608.000000 0.346356 0.240510
1153.000000 608.000000 0.526399 0.255085
1242.000000 608.000000 0.646365 0.266889
377.000000 609.000000 -0.248133 0.235792
1161.000000 609.000000 0.536748 0.257135
1041.000000 610.000000 0.393458 0.245885
1192.000000 610.000000 0.577550 0.262182
1211.000000 610.000000 0.603304 0.264755
23.000000 611.000000 -0.666852 0.272142
353.000000 611.000000 -0.272297 0.239002
626.000000 611.000000 -0.012731 0.231716
681.000000 611.000000 0.037914 0.231849
141.000000 612.000000 -0.508287 0.257537
522.000000 612.000000 -0.109011 0.233839
923.000000 612.000000 0.268766 0.239872
1245.000000 612.000000 0.651227 0.271867
347.000000 613.000000 -0.278485 0.241327
506.000000 613.000000 -0.124020 0.235156
1210.000000 613.000000 0.602349 0.267969
18.000000 614.000000 -0.674523 0.276314
415.000000 614.000000 -0.210955 0.239037
620.000000 614.000000 -0.018264 0.234625
1166.000000 614.000000 0.543823 0.263213
622.000000 615.000000 -0.016425 0.235583
1044.000000 615.000000 0.397238 0.251318
315.000000 616.000000 -0.311555 0.246265
636.000000 616.000000 -0.003529 0.236524
936.000000 616.000000 0.282177 0.244595
1211.000000 616.000000 0.604143 0.271469
199.000000 617.000000 -0.438971 0.256666
1164.000000 617.000000 0.541615 0.266245
1239.000000 617.000000 0.643416 0.276667
332.000000 618.000000 -0.294099 0.247218
324.000000 619.000000 -0.302409 0.248721
385.000000 619.000000 -0.240670 0.245327
1187.000000 619.000000 0.572079 0.271482
279.000000 620.000000 -0.349885 0.252849
335.000000 620.000000 -0.291140 0.249050
355.000000 620.000000 -0.270768 0.247887
966.000000 620.000000 0.313371 0.250489
1043.000000 620.000000 0.396555 0.256427
1073.000000 620.000000 0.430716 0.259220
272.000000 621.000000 -0.357505 0.254411
307.000000 621.000000 -0.320244 0.251862
599.000000 621.000000 -0.037671 0.241501
1081.000000 621.000000 0.440119 0.261071
244.000000 622.000000 -0.388271 0.257740
286.000000 622.000000 -0.342538 0.254374
356.000000 622.000000 -0.269868 0.249836
384.000000 622.000000 -0.241809 0.248362
498.000000 622.000000 -0.131767 0.244118
659.000000 622.000000 0.017682 0.242362
1055.000000 622.000000 0.410273 0.259602
202.000000 623.000000 -0.436077 0.262699
332.000000 623.000000 -0.294407 0.252260
596.000000 623.000000 -0.040458 0.243463
628.000000 623.000000 -0.010913 0.243308
7.000000 624.000000 -0.692068 0.289511
334.000000 624.000000 -0.292412 0.253146
344.000000 624.000000 -0.282173 0.252539
372.000000 624.000000 -0.253878 0.250970
598.000000 624.000000 -0.038617 0.244418
631.000000 624.000000 -0.008147 0.244272
642.000000 624.000000 0.002002 0.244267
907.000000 625.000000 0.253371 0.252005
947.000000 625.000000 0.293992 0.254323
334.000000 626.000000 -0.292537 0.255167
385.000000 626.000000 -0.241015 0.252302
388.000000 626.000000 -0.238037 0.252152
594.000000 626.000000 -0.042331 0.246392
633.000000 626.000000 -0.006304 0.246211
636.000000 626.000000 -0.003535 0.246209
639.000000 626.000000 -0.000766 0.246208
676.000000 626.000000 0.033400 0.246330
834.000000 626.000000 0.181782 0.249721
1171.000000 626.000000 0.551899 0.277073
349.000000 627.000000 -0.277256 0.255266
358.000000 627.000000 -0.268128 0.254745
372.000000 627.000000 -0.254037 0.253974
390.000000 627.000000 -0.236103 0.253052
501.000000 627.000000 -0.129067 0.248933
514.000000 627.000000 -0.116832 0.248615
1180.000000 627.000000 0.563878 0.279411
210.000000 628.000000 -0.427313 0.267184
367.000000 628.000000 -0.259109 0.255248
386.000000 628.000000 -0.240122 0.254250
661.000000 628.000000 0.019551 0.248195
665.000000 628.000000 0.023246 0.248212
957.000000 628.000000 0.304530 0.258012
588.000000 629.000000 -0.047911 0.249364
658.000000 629.000000 0.016783 0.249156
1084.000000 629.000000 0.444461 0.269870
272.000000 630.000000 -0.358219 0.263687
358.000000 630.000000 -0.268299 0.257765
383.000000 630.000000 -0.243208 0.256403
655.000000 630.000000 0.014014 0.250120
670.000000 630.000000 0.027878 0.250184
888.000000 630.000000 0.234693 0.256031
986.000000 630.000000 0.335161 0.262106
335.000000 631.000000 -0.291824 0.260169
339.000000 631.000000 -0.287715 0.259916
1047.000000 631.000000 0.402058 0.268291
648.000000 632.000000 0.007550 0.252053
651.000000 632.000000 0.010323 0.252059
748.000000 632.000000 0.100398 0.253151
319.000000 633.000000 -0.308520 0.263261
378.000000 633.000000 -0.248353 0.259675
578.000000 633.000000 -0.057224 0.253370
590.000000 633.000000 -0.046095 0.253247
597.000000 633.000000 -0.039610 0.253187
988.000000 633.000000 0.337520 0.265343
1222.000000 633.000000 0.621893 0.292318
602.000000 634.000000 -0.034988 0.254126
613.000000 634.000000 -0.024808 0.254061
1048.000000 634.000000 0.403472 0.271540
1109.000000 634.000000 0.474852 0.278012
1172.000000 634.000000 0.554306 0.286090
378.000000 635.000000 -0.248460 0.261685
608.000000 635.000000 -0.029440 0.255064
1263.000000 635.000000 0.680772 0.301105
383.000000 636.000000 -0.243521 0.262425
753.000000 636.000000 0.105169 0.257181
1150.000000 636.000000 0.526100 0.285312
971.000000 637.000000 0.319799 0.268183
1218.000000 637.000000 0.616936 0.296263
543.000000 638.000000 -0.089891 0.258791
987.000000 638.000000 0.336839 0.270422
1267.000000 638.000000 0.687098 0.305248
342.000000 639.000000 -0.285144 0.267851
380.000000 639.000000 -0.246677 0.265606
606.000000 639.000000 -0.031317 0.258989
1148.000000 639.000000 0.523949 0.288357
365.000000 640.000000 -0.261803 0.267460
549.000000 641.000000 -0.084338 0.261632
590.000000 641.000000 -0.046170 0.261077
992.000000 641.000000 0.342430 0.273922
1105.000000 641.000000 0.470834 0.285116
1204.000000 641.000000 0.598235 0.298659
758.000000 644.000000 0.110049 0.265178
1181.000000 644.000000 0.567640 0.298584
377.000000 645.000000 -0.250013 0.271835
399.000000 645.000000 -0.228091 0.270654
604.000000 646.000000 -0.033218 0.265874
610.000000 646.000000 -0.027651 0.265836
1136.000000 646.000000 0.509688 0.294487
262.000000 647.000000 -0.370588 0.282252
339.000000 647.000000 -0.288752 0.276217
1133.000000 647.000000 0.506054 0.295192
591.000000 648.000000 -0.045308 0.267951
599.000000 648.000000 -0.037875 0.267881
718.000000 648.000000 0.072646 0.268339
1191.000000 648.000000 0.581644 0.304616
934.000000 649.000000 0.282176 0.277912
960.000000 649.000000 0.309130 0.279730
335.000000 650.000000 -0.293085 0.279568
891.000000 650.000000 0.238725 0.276326
1079.000000 650.000000 0.440886 0.291828
325.000000 652.000000 -0.303608 0.282336
1028.000000 652.000000 0.382754 0.288621
1153.000000 652.000000 0.532148 0.303493
349.000000 653.000000 -0.278881 0.281703
614.000000 653.000000 -0.023976 0.272716
352.000000 654.000000 -0.275876 0.282532
377.000000 654.000000 -0.250532 0.280981
724.000000 654.000000 0.078354 0.274376
1158.000000 654.000000 0.538896 0.306454
334.000000 655.000000 -0.294470 0.284787
344.000000 655.000000 -0.284147 0.284093
631.000000 655.000000 -0.008196 0.274636
1089.000000 655.000000 0.453304 0.298411
1195.000000 655.000000 0.588151 0.313217
321.000000 656.000000 -0.308081 0.286769
324.000000 656.000000 -0.304944 0.286545
833.000000 656.000000 0.181999 0.279578
376.000000 657.000000 -0.251715 0.284102
442.000000 657.000000 -0.186504 0.280728
637.000000 657.000000 -0.002625 0.276609
1065.000000 657.000000 0.425323 0.297803
1196.000000 657.000000 0.589829 0.315666
1204.000000 657.000000 0.600763 0.316955
318.000000 658.000000 -0.311378 0.289071
341.000000 658.000000 -0.287443 0.287390
374.000000 658.000000 -0.253791 0.285245
433.000000 658.000000 -0.195309 0.282134
1102.000000 658.000000 0.469287 0.303285
348.000000 659.000000 -0.280308 0.287940
608.000000 659.000000 -0.029589 0.278692
1143.000000 659.000000 0.520340 0.309898
435.000000 660.000000 -0.193448 0.284065
321.000000 661.000000 -0.308460 0.291961
365.000000 661.000000 -0.263084 0.288879
1153.000000 661.000000 0.533453 0.313592
324.000000 662.000000 -0.305395 0.292772
327.000000 662.000000 -0.302260 0.292546
351.000000 662.000000 -0.277434 0.290831
354.000000 662.000000 -0.274361 0.290628
360.000000 662.000000 -0.268234 0.290231
479.000000 662.000000 -0.151025 0.284320
330.000000 663.000000 -0.299206 0.293361
736.000000 663.000000 0.089781 0.283561
1020.000000 663.000000 0.374930 0.299520
1122.000000 663.000000 0.494476 0.311429
267.000000 664.000000 -0.366666 0.299736
366.000000 664.000000 -0.262261 0.291901
723.000000 664.000000 0.077594 0.284308
862.000000 664.000000 0.210710 0.289015
1117.000000 664.000000 0.488417 0.311861
328.000000 665.000000 -0.301442 0.295591
1068.000000 665.000000 0.429725 0.306805
1156.000000 665.000000 0.537931 0.318553
366.000000 666.000000 -0.262390 0.293962
1196.000000 666.000000 0.591291 0.326015
1232.000000 666.000000 0.641377 0.332116
265.000000 667.000000 -0.369157 0.303118
324.000000 667.000000 -0.305778 0.297983
1023.000000 667.000000 0.378661 0.304084
326.000000 668.000000 -0.303762 0.298872
332.000000 668.000000 -0.297498 0.298415
635.000000 668.000000 -0.004493 0.287548
629.000000 669.000000 -0.010083 0.288556
1130.000000 669.000000 0.505314 0.319242
1150.000000 669.000000 0.530775 0.322175
274.000000 670.000000 -0.359556 0.305447
276.000000 670.000000 -0.357369 0.305258
716.000000 670.000000 0.071133 0.290188
721.000000 670.000000 0.075825 0.290275
1065.000000 670.000000 0.426812 0.311894
278.000000 671.000000 -0.355279 0.306133
871.000000 671.000000 0.219977 0.296638
942.000000 671.000000 0.291992 0.301221
979.000000 671.000000 0.331008 0.304213
1168.000000 671.000000 0.554554 0.327230
1211.000000 671.000000 0.612767 0.334340
1257.000000 671.000000 0.678144 0.342409
275.000000 672.000000 -0.358652 0.307481
1081.000000 672.000000 0.445868 0.316020
277.000000 673.000000 -0.356560 0.308356
279.000000 673.000000 -0.354377 0.308167
1093.000000 673.000000 0.460341 0.318650
282.000000 674.000000 -0.351203 0.308949
338.000000 674.000000 -0.291709 0.304226
1006.000000 674.000000 0.360555 0.309882
1035.000000 674.000000 0.392851 0.312854
1132.000000 674.000000 0.508556 0.325150
1172.000000 674.000000 0.560324 0.331306
336.000000 675.000000 -0.293864 0.305424
654.000000 675.000000 0.013225 0.294574
1089.000000 675.000000 0.455794 0.320342
1159.000000 675.000000 0.543374 0.330380
284.000000 676.000000 -0.349215 0.310891
288.000000 676.000000 -0.344876 0.310519
292.000000 676.000000 -0.340552 0.310153
294.000000 676.000000 -0.338396 0.309971
633.000000 676.000000 -0.006367 0.295558
1096.000000 676.000000 0.464355 0.322367
286.000000 677.000000 -0.347137 0.311770
725.000000 677.000000 0.079716 0.297386
885.000000 677.000000 0.234277 0.303611
631.000000 678.000000 -0.008236 0.297570
1003.000000 678.000000 0.357653 0.313867
1119.000000 678.000000 0.492843 0.327770
1170.000000 678.000000 0.558322 0.335580
737.000000 679.000000 0.091068 0.299655
634.000000 680.000000 -0.005438 0.299578
729.000000 680.000000 0.083543 0.300494
732.000000 680.000000 0.086372 0.300557
747.000000 680.000000 0.100543 0.300902
926.000000 680.000000 0.276105 0.309443
1003.000000 680.000000 0.357850 0.316010
1120.000000 681.000000 0.494520 0.331290
250.000000 682.000000 -0.387404 0.320772
633.000000 682.000000 -0.006375 0.301594
741.000000 682.000000 0.094916 0.302782
1168.000000 682.000000 0.556329 0.339861
749.000000 683.000000 0.102513 0.303993
632.000000 684.000000 -0.007313 0.303614
1219.000000 685.000000 0.626397 0.352190
634.000000 686.000000 -0.005445 0.305632
750.000000 686.000000 0.103539 0.307066
1104.000000 686.000000 0.475461 0.334627
1167.000000 686.000000 0.555667 0.344316
640.000000 687.000000 0.000167 0.306641
1143.000000 688.000000 0.524697 0.342728
1233.000000 689.000000 0.646910 0.359493
21.000000 690.000000 -0.682887 0.364999
632.000000 690.000000 -0.007323 0.309687
749.000000 690.000000 0.102695 0.311114
1076.000000 690.000000 0.442237 0.335288
966.000000 691.000000 0.318886 0.324306
1025.000000 691.000000 0.383440 0.330211
641.000000 692.000000 0.001104 0.311711
676.000000 692.000000 0.033908 0.311872
1092.000000 692.000000 0.461689 0.339687
1211.000000 692.000000 0.616483 0.359028
1029.000000 693.000000 0.388175 0.332846
1137.000000 693.000000 0.517799 0.347513
1259.000000 693.000000 0.685043 0.369108
1095.000000 694.000000 0.465608 0.342357
1106.000000 694.000000 0.479066 0.343936
680.000000 695.000000 0.037690 0.314963
753.000000 695.000000 0.106632 0.316334
943.000000 695.000000 0.294929 0.326591
1037.000000 695.000000 0.397488 0.335966
672.000000 696.000000 0.030187 0.315911
933.000000 696.000000 0.284570 0.326842
903.000000 697.000000 0.253762 0.325650
1096.000000 697.000000 0.467252 0.345884
675.000000 698.000000 0.033021 0.317977
1003.000000 698.000000 0.359686 0.335456
665.000000 699.000000 0.023635 0.318924
1130.000000 699.000000 0.509834 0.353296
940.000000 702.000000 0.292370 0.333810
1001.000000 702.000000 0.357903 0.339605
764.000000 703.000000 0.117364 0.324888
1094.000000 703.000000 0.465682 0.352391
680.000000 704.000000 0.037780 0.324168
753.000000 704.000000 0.106887 0.325587
876.000000 704.000000 0.226916 0.331218
1131.000000 704.000000 0.511906 0.359219
774.000000 705.000000 0.127013 0.327286
672.000000 706.000000 0.030268 0.326148
695.000000 706.000000 0.051941 0.326405
988.000000 706.000000 0.344055 0.342609
773.000000 707.000000 0.126122 0.329324
177.000000 708.000000 -0.476549 0.359126
975.000000 708.000000 0.330140 0.343476
988.000000 708.000000 0.344261 0.344792
689.000000 709.000000 0.046320 0.329414
1135.000000 709.000000 0.517834 0.365669
1275.000000 710.000000 0.711516 0.392743
685.000000 711.000000 0.042570 0.331429
691.000000 711.000000 0.048234 0.331504
1206.000000 711.000000 0.613063 0.380760
986.000000 712.000000 0.342493 0.348960
1050.000000 712.000000 0.414570 0.356474
1119.000000 712.000000 0.498009 0.366535
178.000000 713.000000 -0.476077 0.364704
676.000000 713.000000 0.034099 0.333400
692.000000 713.000000 0.049206 0.333585
1139.000000 714.000000 0.523816 0.372173
169.000000 715.000000 -0.487522 0.368404
646.000000 715.000000 0.005827 0.335299
1107.000000 715.000000 0.483486 0.368095
705.000000 716.000000 0.061553 0.336895
962.000000 716.000000 0.316939 0.350918
1271.000000 716.000000 0.706814 0.399340
