1161.000000 3.000000 0.553059 -0.378205
1166.000000 3.000000 0.559703 -0.379112
1173.000000 3.000000 0.569067 -0.380395
74.000000 4.000000 -0.612650 -0.384968
135.000000 4.000000 -0.530811 -0.373820
916.000000 4.000000 0.268496 -0.345506
1176.000000 4.000000 0.572919 -0.379758
1232.000000 4.000000 0.650616 -0.390485
944.000000 5.000000 0.297662 -0.346800
1041.000000 5.000000 0.404483 -0.357315
1227.000000 5.000000 0.643316 -0.388295
1059.000000 6.000000 0.425308 -0.358564
138.000000 7.000000 -0.526420 -0.369793
590.000000 8.000000 -0.046948 -0.331169
1054.000000 8.000000 0.419181 -0.355640
1233.000000 8.000000 0.651262 -0.385822
1241.000000 8.000000 0.662697 -0.387373
1040.000000 9.000000 0.402822 -0.352710
525.000000 10.000000 -0.108591 -0.330469
1245.000000 10.000000 0.668053 -0.385715
968.000000 11.000000 0.322652 -0.342526
1243.000000 11.000000 0.664987 -0.384115
1033.000000 12.000000 0.394431 -0.348501
1172.000000 12.000000 0.566088 -0.369540
1215.000000 12.000000 0.625043 -0.377527
929.000000 13.000000 0.281256 -0.336902
1240.000000 13.000000 0.660299 -0.381113
1255.000000 13.000000 0.681905 -0.383989
502.000000 14.000000 -0.130496 -0.327069
998.000000 14.000000 0.354973 -0.342302
1256.000000 16.000000 0.682781 -0.380534
1182.000000 17.000000 0.578643 -0.365434
1184.000000 18.000000 0.581171 -0.364613
1205.000000 19.000000 0.609781 -0.367271
563.000000 20.000000 -0.072256 -0.319249
1048.000000 21.000000 0.410545 -0.340356
1208.000000 21.000000 0.613576 -0.365446
979.000000 22.000000 0.333438 -0.331681
1186.000000 23.000000 0.582986 -0.359075
1268.000000 23.000000 0.698915 -0.374298
561.000000 24.000000 -0.074070 -0.315194
1237.000000 24.000000 0.653915 -0.367278
916.000000 25.000000 0.266881 -0.323134
982.000000 25.000000 0.336391 -0.328736
1243.000000 25.000000 0.662323 -0.367203
984.000000 26.000000 0.338459 -0.327852
973.000000 27.000000 0.326508 -0.325736
1047.000000 27.000000 0.408658 -0.333601
1246.000000 27.000000 0.666262 -0.365360
1241.000000 28.000000 0.658892 -0.363227
1001.000000 29.000000 0.356709 -0.326304
1259.000000 29.000000 0.684692 -0.365374
1266.000000 29.000000 0.694884 -0.366669
559.000000 31.000000 -0.075824 -0.308100
1244.000000 31.000000 0.662641 -0.360190
1253.000000 31.000000 0.675621 -0.361857
59.000000 32.000000 -0.628345 -0.354327
57.000000 34.000000 -0.630790 -0.352319
1094.000000 34.000000 0.463232 -0.331882
1188.000000 34.000000 0.583764 -0.346528
1193.000000 34.000000 0.590567 -0.347398
1256.000000 34.000000 0.679414 -0.358809
1263.000000 35.000000 0.689407 -0.358891
1251.000000 37.000000 0.671625 -0.354299
1249.000000 41.000000 0.668009 -0.349161
1254.000000 41.000000 0.675237 -0.350067
1252.000000 43.000000 0.671981 -0.347321
871.000000 44.000000 0.220222 -0.300442
1111.000000 44.000000 0.482611 -0.323048
1216.000000 44.000000 0.620577 -0.339711
1223.000000 44.000000 0.630396 -0.340945
800.000000 45.000000 0.150884 -0.296149
1221.000000 45.000000 0.627407 -0.339416
1255.000000 45.000000 0.675965 -0.345479
464.000000 47.000000 -0.165841 -0.294674
1248.000000 47.000000 0.665488 -0.341849
7.000000 48.000000 -0.700036 -0.344631
89.000000 49.000000 -0.584072 -0.329246
95.000000 49.000000 -0.575989 -0.328262
1248.000000 49.000000 0.665132 -0.339479
5.000000 50.000000 -0.702612 -0.342595
1048.000000 50.000000 0.407142 -0.308605
1066.000000 50.000000 0.427929 -0.310663
1253.000000 50.000000 0.672175 -0.339181
1049.000000 52.000000 0.408064 -0.306554
1252.000000 53.000000 0.670199 -0.335451
1095.000000 54.000000 0.461799 -0.309835
1226.000000 54.000000 0.632876 -0.329737
879.000000 55.000000 0.227565 -0.289609
1023.000000 55.000000 0.378414 -0.300605
32.000000 56.000000 -0.662394 -0.330774
1058.000000 58.000000 0.417737 -0.301072
1130.000000 58.000000 0.504281 -0.310066
1014.000000 59.000000 0.368059 -0.295476
1006.000000 60.000000 0.359187 -0.293671
1062.000000 60.000000 0.422134 -0.299359
1051.000000 61.000000 0.409372 -0.297079
1159.000000 62.000000 0.540738 -0.309747
1243.000000 63.000000 0.655505 -0.322122
1250.000000 64.000000 0.665402 -0.322145
1167.000000 65.000000 0.550737 -0.307554
1235.000000 65.000000 0.643745 -0.318430
1071.000000 66.000000 0.431920 -0.293894
226.000000 67.000000 -0.411460 -0.290776
312.000000 67.000000 -0.317266 -0.283009
9.000000 68.000000 -0.693671 -0.320570
7.000000 69.000000 -0.696429 -0.319727
14.000000 69.000000 -0.686206 -0.318554
1087.000000 70.000000 0.450288 -0.291403
1163.000000 70.000000 0.544771 -0.301341
8.000000 71.000000 -0.694631 -0.317205
1073.000000 71.000000 0.433696 -0.288734
16.000000 72.000000 -0.682794 -0.314699
18.000000 72.000000 -0.679888 -0.314367
1165.000000 72.000000 0.547091 -0.299388
25.000000 73.000000 -0.669590 -0.312036
1049.000000 73.000000 0.405841 -0.284052
1154.000000 73.000000 0.532686 -0.296704
20.000000 74.000000 -0.676655 -0.311695
22.000000 74.000000 -0.673759 -0.311365
4.000000 75.000000 -0.699830 -0.313165
10.000000 75.000000 -0.691043 -0.312176
315.000000 77.000000 -0.313368 -0.272460
939.000000 77.000000 0.286882 -0.270779
955.000000 77.000000 0.303440 -0.271867
3.000000 78.000000 -0.700805 -0.309806
1027.000000 78.000000 0.380657 -0.276647
1139.000000 78.000000 0.512892 -0.289124
10.000000 79.000000 -0.690387 -0.307492
34.000000 79.000000 -0.655678 -0.303590
199.000000 79.000000 -0.441417 -0.280825
987.000000 79.000000 0.337035 -0.272193
310.000000 82.000000 -0.318253 -0.267686
937.000000 82.000000 0.284504 -0.265553
10.000000 83.000000 -0.689738 -0.302819
35.000000 83.000000 -0.653607 -0.298805
221.000000 83.000000 -0.415536 -0.274269
1098.000000 83.000000 0.461900 -0.278634
206.000000 84.000000 -0.432715 -0.274738
8.000000 85.000000 -0.692341 -0.300808
223.000000 85.000000 -0.413056 -0.271956
45.000000 86.000000 -0.638929 -0.293776
1060.000000 86.000000 0.417086 -0.271374
1093.000000 86.000000 0.455596 -0.274847
1256.000000 86.000000 0.670433 -0.297481
40.000000 87.000000 -0.645854 -0.293410
220.000000 87.000000 -0.416283 -0.270139
1101.000000 87.000000 0.465041 -0.274670
1092.000000 88.000000 0.454187 -0.272593
8.000000 89.000000 -0.691704 -0.296149
1052.000000 90.000000 0.407577 -0.266378
48.000000 91.000000 -0.633928 -0.287593
195.000000 92.000000 -0.444719 -0.267378
1103.000000 93.000000 0.466768 -0.268453
1114.000000 94.000000 0.479952 -0.268620
1118.000000 94.000000 0.484831 -0.269081
255.000000 96.000000 -0.376242 -0.257549
1189.000000 96.000000 0.575403 -0.275974
1122.000000 97.000000 0.489384 -0.266310
1176.000000 97.000000 0.558015 -0.273081
34.000000 98.000000 -0.652702 -0.281728
165.000000 98.000000 -0.479862 -0.264220
1029.000000 99.000000 0.381021 -0.254925
1256.000000 99.000000 0.668392 -0.282472
32.000000 100.000000 -0.655257 -0.279744
1150.000000 100.000000 0.524001 -0.266419
1161.000000 100.000000 0.538083 -0.267806
333.000000 101.000000 -0.293100 -0.246846
29.000000 103.000000 -0.659103 -0.276766
1030.000000 103.000000 0.381791 -0.250871
1156.000000 104.000000 0.531157 -0.262802
3.000000 105.000000 -0.696563 -0.278378
29.000000 106.000000 -0.658656 -0.273341
954.000000 107.000000 0.300432 -0.241337
13.000000 108.000000 -0.681484 -0.273427
26.000000 108.000000 -0.662668 -0.271503
960.000000 108.000000 0.306578 -0.240701
1100.000000 108.000000 0.461573 -0.252147
1186.000000 109.000000 0.569641 -0.261151
981.000000 111.000000 0.328338 -0.239031
1101.000000 112.000000 0.462355 -0.248016
45.000000 113.000000 -0.634913 -0.263092
18.000000 114.000000 -0.673339 -0.265828
43.000000 114.000000 -0.637590 -0.262247
1267.000000 114.000000 0.682142 -0.266913
20.000000 116.000000 -0.670155 -0.263260
27.000000 116.000000 -0.660071 -0.262257
527.000000 116.000000 -0.104178 -0.224713
14.000000 117.000000 -0.678712 -0.262983
23.000000 117.000000 -0.665681 -0.261693
1183.000000 117.000000 0.564637 -0.251968
969.000000 118.000000 0.315313 -0.231210
1005.000000 119.000000 0.353328 -0.232578
1053.000000 122.000000 0.405865 -0.233178
338.000000 123.000000 -0.286730 -0.224571
1109.000000 123.000000 0.470817 -0.237209
1112.000000 123.000000 0.474423 -0.237507
964.000000 124.000000 0.309756 -0.224904
338.000000 126.000000 -0.286571 -0.221597
1068.000000 126.000000 0.422545 -0.230309
1165.000000 126.000000 0.540074 -0.240008
1205.000000 128.000000 0.592705 -0.242664
1162.000000 131.000000 0.535654 -0.234281
987.000000 133.000000 0.333251 -0.217294
1159.000000 133.000000 0.531598 -0.231802
1237.000000 133.000000 0.636358 -0.241252
1090.000000 134.000000 0.447285 -0.223931
1127.000000 134.000000 0.491531 -0.227397
1136.000000 135.000000 0.502501 -0.227243
1249.000000 135.000000 0.653154 -0.240599
1236.000000 136.000000 0.634557 -0.237778
1246.000000 136.000000 0.648735 -0.239083
991.000000 140.000000 0.337046 -0.210545
1019.000000 140.000000 0.366989 -0.212322
1239.000000 141.000000 0.638149 -0.232602
1008.000000 145.000000 0.354818 -0.206593
21.000000 146.000000 -0.664651 -0.229278
1266.000000 146.000000 0.676271 -0.230473
1220.000000 148.000000 0.610764 -0.222537
1067.000000 149.000000 0.419557 -0.206622
363.000000 150.000000 -0.260279 -0.196863
1014.000000 151.000000 0.360884 -0.200968
1129.000000 151.000000 0.492352 -0.209732
1206.000000 151.000000 0.591302 -0.217637
519.000000 152.000000 -0.110984 -0.190460
1177.000000 153.000000 0.552630 -0.212322
314.000000 155.000000 -0.309641 -0.194232
1276.000000 155.000000 0.689774 -0.221622
298.000000 156.000000 -0.326172 -0.194073
1181.000000 156.000000 0.557530 -0.209531
1250.000000 156.000000 0.651926 -0.217313
1182.000000 158.000000 0.558630 -0.207496
1251.000000 159.000000 0.652996 -0.214108
1171.000000 160.000000 0.544156 -0.204255
1032.000000 161.000000 0.379768 -0.192093
312.000000 162.000000 -0.311356 -0.187465
1124.000000 163.000000 0.485216 -0.196798
1161.000000 163.000000 0.531079 -0.200112
1258.000000 163.000000 0.662577 -0.210503
1027.000000 164.000000 0.374138 -0.188789
1177.000000 165.000000 0.551416 -0.199536
1167.000000 166.000000 0.538441 -0.197513
1187.000000 166.000000 0.564371 -0.199461
1161.000000 167.000000 0.530704 -0.195897
1001.000000 168.000000 0.346026 -0.183339
1198.000000 168.000000 0.578730 -0.198433
1236.000000 168.000000 0.630711 -0.202479
1073.000000 169.000000 0.424930 -0.186747
1200.000000 170.000000 0.581196 -0.196492
1050.000000 171.000000 0.398953 -0.183214
1145.000000 171.000000 0.510270 -0.190277
1085.000000 173.000000 0.438394 -0.183531
1195.000000 173.000000 0.574239 -0.192784
1020.000000 174.000000 0.365988 -0.178448
1263.000000 176.000000 0.668316 -0.196680
1199.000000 179.000000 0.578974 -0.186770
1109.000000 180.000000 0.465923 -0.178128
1202.000000 180.000000 0.582883 -0.185991
1248.000000 180.000000 0.646354 -0.190653
1133.000000 182.000000 0.494605 -0.177888
18.000000 184.000000 -0.664562 -0.187508
1139.000000 184.000000 0.501791 -0.176293
1174.000000 185.000000 0.545697 -0.178140
1046.000000 190.000000 0.393406 -0.164039
1193.000000 190.000000 0.570006 -0.174534
1208.000000 190.000000 0.589994 -0.175887
1271.000000 190.000000 0.678447 -0.182082
263.000000 192.000000 -0.361267 -0.160467
1193.000000 192.000000 0.569830 -0.172420
278.000000 193.000000 -0.345303 -0.158777
1195.000000 195.000000 0.572209 -0.169423
1205.000000 195.000000 0.585514 -0.170297
1207.000000 195.000000 0.588197 -0.170474
1273.000000 198.000000 0.680559 -0.173473
1037.000000 199.000000 0.383070 -0.154666
4.000000 200.000000 -0.683246 -0.171339
1197.000000 201.000000 0.574345 -0.163260
1275.000000 201.000000 0.683191 -0.170369
116.000000 202.000000 -0.530617 -0.159448
1018.000000 203.000000 0.362370 -0.149824
1210.000000 203.000000 0.591536 -0.162240
294.000000 205.000000 -0.328056 -0.146436
305.000000 205.000000 -0.316692 -0.146006
1069.000000 206.000000 0.418130 -0.149415
1145.000000 206.000000 0.507546 -0.154090
203.000000 208.000000 -0.426385 -0.147765
1035.000000 208.000000 0.380454 -0.145720
204.000000 210.000000 -0.425145 -0.145722
1084.000000 213.000000 0.434759 -0.143259
493.000000 214.000000 -0.134142 -0.132780
1073.000000 215.000000 0.422162 -0.140690
271.000000 216.000000 -0.351697 -0.136709
1219.000000 217.000000 0.602573 -0.148132
497.000000 219.000000 -0.130368 -0.128092
500.000000 220.000000 -0.127579 -0.127128
1224.000000 220.000000 0.609164 -0.145343
1218.000000 222.000000 0.600825 -0.142761
1226.000000 222.000000 0.611752 -0.143375
333.000000 224.000000 -0.287593 -0.126870
130.000000 225.000000 -0.511595 -0.134860
1055.000000 225.000000 0.401580 -0.129957
125.000000 228.000000 -0.517600 -0.132102
1085.000000 228.000000 0.435132 -0.128395
152.000000 229.000000 -0.484616 -0.129529
123.000000 230.000000 -0.519965 -0.130179
127.000000 231.000000 -0.514943 -0.128922
456.000000 231.000000 -0.168395 -0.117563
109.000000 233.000000 -0.537358 -0.127951
274.000000 233.000000 -0.347896 -0.120168
1161.000000 234.000000 0.525633 -0.126440
1012.000000 235.000000 0.354687 -0.118508
1230.000000 235.000000 0.616292 -0.129884
1120.000000 237.000000 0.475439 -0.121154
1162.000000 237.000000 0.526712 -0.123430
152.000000 238.000000 -0.484138 -0.120465
154.000000 238.000000 -0.481747 -0.120363
113.000000 239.000000 -0.531952 -0.121564
1114.000000 239.000000 0.468237 -0.118853
152.000000 240.000000 -0.484036 -0.118455
1149.000000 240.000000 0.510377 -0.119646
257.000000 242.000000 -0.365588 -0.112076
359.000000 242.000000 -0.261260 -0.109169
1073.000000 242.000000 0.420910 -0.114032
132.000000 244.000000 -0.508065 -0.115440
1019.000000 245.000000 0.361773 -0.109101
126.000000 246.000000 -0.515352 -0.113723
145.000000 246.000000 -0.492149 -0.112768
1107.000000 247.000000 0.459648 -0.110547
1149.000000 247.000000 0.510009 -0.112547
105.000000 248.000000 -0.541571 -0.112795
146.000000 248.000000 -0.490848 -0.110708
1125.000000 249.000000 0.480813 -0.109367
160.000000 250.000000 -0.474041 -0.108058
1163.000000 250.000000 0.527255 -0.110218
1202.000000 250.000000 0.577501 -0.112353
255.000000 252.000000 -0.367392 -0.102493
1203.000000 252.000000 0.578710 -0.110333
111.000000 253.000000 -0.533715 -0.107370
167.000000 255.000000 -0.465579 -0.102773
102.000000 256.000000 -0.544972 -0.104762
134.000000 257.000000 -0.504985 -0.102209
1235.000000 257.000000 0.621776 -0.106953
97.000000 258.000000 -0.551268 -0.102965
1133.000000 258.000000 0.490002 -0.100707
172.000000 259.000000 -0.459573 -0.098600
1243.000000 259.000000 0.632798 -0.105308
1109.000000 260.000000 0.461440 -0.097717
1151.000000 260.000000 0.511849 -0.099492
1270.000000 260.000000 0.671224 -0.105859
126.000000 261.000000 -0.514628 -0.098533
269.000000 263.000000 -0.352229 -0.091519
1042.000000 263.000000 0.385920 -0.092453
1243.000000 263.000000 0.632568 -0.101075
269.000000 265.000000 -0.352176 -0.089605
1154.000000 265.000000 0.515333 -0.094573
445.000000 266.000000 -0.178239 -0.085382
154.000000 267.000000 -0.480453 -0.091349
273.000000 267.000000 -0.347922 -0.087590
131.000000 268.000000 -0.508180 -0.091260
145.000000 268.000000 -0.491183 -0.090700
1134.000000 268.000000 0.490793 -0.090732
1172.000000 268.000000 0.537736 -0.092318
139.000000 269.000000 -0.498390 -0.089934
148.000000 269.000000 -0.487542 -0.089584
125.000000 270.000000 -0.515477 -0.089490
141.000000 271.000000 -0.495891 -0.087852
1076.000000 271.000000 0.423228 -0.085726
1125.000000 271.000000 0.479898 -0.087394
1066.000000 272.000000 0.412017 -0.084445
1128.000000 272.000000 0.483440 -0.086508
1270.000000 273.000000 0.670482 -0.091908
1130.000000 275.000000 0.485725 -0.083589
151.000000 276.000000 -0.483697 -0.082493
1196.000000 276.000000 0.568291 -0.085182
153.000000 277.000000 -0.481279 -0.081429
952.000000 279.000000 0.291743 -0.075078
159.000000 280.000000 -0.474066 -0.078249
154.000000 281.000000 -0.479957 -0.077419
1060.000000 281.000000 0.405116 -0.075537
1082.000000 283.000000 0.429639 -0.074182
1070.000000 286.000000 0.416084 -0.070942
1130.000000 288.000000 0.485296 -0.070642
1250.000000 288.000000 0.641168 -0.075001
1166.000000 292.000000 0.529260 -0.067752
1253.000000 293.000000 0.645202 -0.069843
1201.000000 296.000000 0.574087 -0.064821
1151.000000 297.000000 0.510492 -0.062271
1140.000000 299.000000 0.497021 -0.059971
1185.000000 300.000000 0.553144 -0.060227
1147.000000 302.000000 0.505457 -0.057158
1097.000000 303.000000 0.446238 -0.054996
1144.000000 303.000000 0.501774 -0.056083
1143.000000 305.000000 0.500509 -0.054063
206.000000 307.000000 -0.419450 -0.050612
1095.000000 307.000000 0.443862 -0.051042
1226.000000 308.000000 0.607188 -0.053209
1156.000000 311.000000 0.516299 -0.048364
1227.000000 311.000000 0.608467 -0.050121
973.000000 312.000000 0.312482 -0.044389
1222.000000 312.000000 0.601644 -0.048950
1257.000000 312.000000 0.650229 -0.049912
1200.000000 315.000000 0.572236 -0.045315
994.000000 317.000000 0.333980 -0.039916
1084.000000 317.000000 0.431170 -0.041100
1106.000000 319.000000 0.456325 -0.039490
1265.000000 319.000000 0.661478 -0.042720
1231.000000 320.000000 0.613713 -0.040867
1106.000000 323.000000 0.456265 -0.035569
1134.000000 323.000000 0.489286 -0.035987
1136.000000 326.000000 0.491643 -0.033041
1182.000000 326.000000 0.548692 -0.033756
1178.000000 327.000000 0.543573 -0.032678
1203.000000 327.000000 0.575938 -0.033092
225.000000 328.000000 -0.398165 -0.030078
220.000000 331.000000 -0.403616 -0.027242
218.000000 332.000000 -0.405806 -0.026298
221.000000 333.000000 -0.402499 -0.025309
1236.000000 333.000000 0.620346 -0.027435
1127.000000 334.000000 0.480780 -0.025010
1208.000000 334.000000 0.582440 -0.025996
1152.000000 338.000000 0.510941 -0.021295
1207.000000 339.000000 0.581053 -0.020856
1063.000000 341.000000 0.407454 -0.017651
290.000000 342.000000 -0.329167 -0.016301
1068.000000 347.000000 0.412957 -0.011893
476.000000 352.000000 -0.148835 -0.006638
1074.000000 352.000000 0.419621 -0.007085
473.000000 354.000000 -0.151611 -0.004822
1073.000000 354.000000 0.418499 -0.005150
239.000000 355.000000 -0.382814 -0.004132
1246.000000 355.000000 0.634043 -0.004566
1213.000000 358.000000 0.588918 -0.001394
5.000000 361.000000 -0.673989 0.001728
1045.000000 362.000000 0.387709 0.002560
1142.000000 364.000000 0.498645 0.004627
1193.000000 365.000000 0.562589 0.005745
1071.000000 366.000000 0.416271 0.006442
1165.000000 370.000000 0.526955 0.010692
1162.000000 371.000000 0.523220 0.011680
989.000000 372.000000 0.328602 0.011937
1222.000000 374.000000 0.601069 0.015119
126.000000 375.000000 -0.512480 0.015621
222.000000 379.000000 -0.401346 0.018903
1060.000000 380.000000 0.404157 0.019888
127.000000 381.000000 -0.511303 0.021600
1148.000000 382.000000 0.506047 0.022567
1231.000000 382.000000 0.613404 0.023493
187.000000 383.000000 -0.440473 0.023029
1150.000000 384.000000 0.508514 0.024581
1069.000000 385.000000 0.414149 0.024777
1184.000000 387.000000 0.551154 0.028009
219.000000 388.000000 -0.404711 0.027583
1262.000000 396.000000 0.657065 0.038689
183.000000 399.000000 -0.445225 0.038672
1155.000000 399.000000 0.514873 0.039640
280.000000 401.000000 -0.339689 0.039358
4.000000 402.000000 -0.675980 0.045336
202.000000 403.000000 -0.423766 0.042281
1122.000000 403.000000 0.475100 0.043029
1005.000000 404.000000 0.345439 0.042274
1009.000000 404.000000 0.349627 0.042322
141.000000 405.000000 -0.494637 0.045291
1056.000000 408.000000 0.400076 0.046800
1175.000000 409.000000 0.540089 0.050116
198.000000 415.000000 -0.428469 0.054003
131.000000 416.000000 -0.507011 0.056475
1049.000000 418.000000 0.392592 0.056307
1134.000000 421.000000 0.489795 0.061124
203.000000 422.000000 -0.422996 0.060705
1087.000000 422.000000 0.434940 0.060965
1111.000000 422.000000 0.462576 0.061532
331.000000 423.000000 -0.288024 0.059411
902.000000 424.000000 0.242173 0.059770
1212.000000 425.000000 0.588722 0.067551
1184.000000 426.000000 0.552058 0.067625
119.000000 429.000000 -0.522159 0.069857
1042.000000 430.000000 0.385229 0.067710
123.000000 432.000000 -0.517300 0.072747
1102.000000 432.000000 0.452379 0.071138
1130.000000 432.000000 0.485309 0.071952
120.000000 434.000000 -0.521082 0.074861
1136.000000 434.000000 0.492579 0.074131
1106.000000 436.000000 0.457131 0.075191
1109.000000 436.000000 0.460624 0.075280
113.000000 437.000000 -0.529916 0.078136
1167.000000 437.000000 0.530838 0.078205
103.000000 438.000000 -0.542567 0.079521
109.000000 438.000000 -0.534978 0.079296
1127.000000 438.000000 0.481915 0.077825
113.000000 439.000000 -0.529989 0.080160
218.000000 439.000000 -0.406720 0.076842
1155.000000 440.000000 0.515987 0.080796
178.000000 441.000000 -0.451928 0.079941
1128.000000 441.000000 0.483208 0.080844
94.000000 442.000000 -0.554228 0.083952
48.000000 443.000000 -0.615378 0.086999
1135.000000 443.000000 0.491677 0.083082
99.000000 445.000000 -0.547941 0.086808
49.000000 446.000000 -0.614150 0.090093
43.000000 447.000000 -0.622452 0.091434
98.000000 447.000000 -0.549305 0.088892
1250.000000 447.000000 0.641882 0.092197
1114.000000 448.000000 0.466868 0.087312
1154.000000 448.000000 0.515058 0.088822
1233.000000 448.000000 0.618211 0.092390
45.000000 449.000000 -0.619793 0.093435
53.000000 449.000000 -0.608831 0.093036
48.000000 450.000000 -0.615718 0.094333
68.000000 450.000000 -0.588650 0.093344
70.000000 450.000000 -0.585985 0.093248
1153.000000 450.000000 0.513904 0.090799
45.000000 451.000000 -0.619895 0.095536
1212.000000 451.000000 0.589816 0.094480
51.000000 452.000000 -0.611712 0.096276
53.000000 452.000000 -0.608982 0.096173
62.000000 452.000000 -0.596791 0.095718
64.000000 452.000000 -0.594102 0.095618
1097.000000 452.000000 0.447237 0.090668
1134.000000 452.000000 0.490811 0.092044
73.000000 453.000000 -0.582146 0.096210
56.000000 454.000000 -0.605004 0.098110
1097.000000 454.000000 0.447307 0.092639
44.000000 455.000000 -0.621485 0.099793
61.000000 455.000000 -0.598291 0.098894
63.000000 455.000000 -0.595598 0.098791
71.000000 455.000000 -0.584901 0.098383
250.000000 455.000000 -0.372364 0.091417
57.000000 456.000000 -0.603752 0.100147
1191.000000 456.000000 0.562336 0.098618
65.000000 457.000000 -0.593016 0.100769
47.000000 458.000000 -0.617516 0.102785
96.000000 458.000000 -0.552373 0.100236
69.000000 459.000000 -0.587771 0.102639
205.000000 461.000000 -0.421868 0.098670
1080.000000 461.000000 0.428160 0.098912
1217.000000 461.000000 0.597063 0.105157
57.000000 462.000000 -0.604079 0.106423
1086.000000 462.000000 0.435004 0.100115
1167.000000 462.000000 0.531902 0.103589
1211.000000 463.000000 0.589105 0.106910
1059.000000 464.000000 0.404789 0.101099
1226.000000 469.000000 0.609762 0.114064
1227.000000 472.000000 0.611318 0.117283
1145.000000 474.000000 0.505168 0.114673
1135.000000 476.000000 0.493094 0.116187
1180.000000 476.000000 0.549182 0.118611
272.000000 477.000000 -0.349682 0.111905
1264.000000 478.000000 0.663754 0.126162
932.000000 479.000000 0.272598 0.111693
137.000000 480.000000 -0.502180 0.120544
266.000000 480.000000 -0.356113 0.114992
324.000000 481.000000 -0.296242 0.114168
989.000000 482.000000 0.330505 0.116146
67.000000 483.000000 -0.591877 0.127802
134.000000 483.000000 -0.506009 0.123744
1076.000000 483.000000 0.424524 0.120387
1225.000000 483.000000 0.609304 0.128751
1111.000000 484.000000 0.464875 0.123017
1183.000000 484.000000 0.553525 0.127041
64.000000 485.000000 -0.596044 0.130101
1091.000000 485.000000 0.441690 0.123046
1159.000000 485.000000 0.523095 0.126621
1014.000000 486.000000 0.356862 0.120841
1184.000000 486.000000 0.554943 0.129172
1225.000000 486.000000 0.609513 0.131920
1246.000000 486.000000 0.638684 0.133438
1173.000000 487.000000 0.540884 0.129515
310.000000 488.000000 -0.310657 0.121236
1200.000000 488.000000 0.576003 0.132296
239.000000 489.000000 -0.385399 0.124720
1186.000000 489.000000 0.557727 0.132408
1196.000000 489.000000 0.570793 0.133070
1035.000000 490.000000 0.379515 0.125521
1152.000000 490.000000 0.514677 0.131313
1176.000000 490.000000 0.544904 0.132795
239.000000 491.000000 -0.385481 0.126671
1066.000000 491.000000 0.413649 0.127824
1200.000000 493.000000 0.576346 0.137520
1249.000000 493.000000 0.643454 0.141165
1200.000000 495.000000 0.576488 0.139612
1252.000000 495.000000 0.647868 0.143553
35.000000 496.000000 -0.636732 0.143896
67.000000 496.000000 -0.592786 0.141455
1121.000000 497.000000 0.477408 0.136605
1066.000000 498.000000 0.413975 0.134725
978.000000 499.000000 0.319702 0.132079
321.000000 500.000000 -0.299845 0.132343
1021.000000 500.000000 0.364859 0.134681
1159.000000 501.000000 0.524092 0.143015
1034.000000 502.000000 0.378937 0.137185
1238.000000 502.000000 0.628710 0.149931
46.000000 503.000000 -0.621965 0.150500
109.000000 503.000000 -0.538423 0.145759
223.000000 503.000000 -0.403563 0.139143
99.000000 504.000000 -0.551280 0.147498
1122.000000 504.000000 0.479012 0.143734
1247.000000 504.000000 0.641522 0.152828
1120.000000 506.000000 0.476745 0.145636
987.000000 508.000000 0.329344 0.141073
96.000000 509.000000 -0.555517 0.152920
1153.000000 509.000000 0.517139 0.150832
82.000000 510.000000 -0.573881 0.155037
383.000000 510.000000 -0.238564 0.140007
1209.000000 510.000000 0.589634 0.156075
485.000000 511.000000 -0.141656 0.138816
1016.000000 511.000000 0.359988 0.145179
1154.000000 511.000000 0.518524 0.152958
1196.000000 512.000000 0.572480 0.157139
43.000000 513.000000 -0.626971 0.161457
1194.000000 513.000000 0.569923 0.158031
1168.000000 514.000000 0.536364 0.157070
217.000000 515.000000 -0.410836 0.151303
1141.000000 515.000000 0.502726 0.156161
115.000000 516.000000 -0.531758 0.158777
1276.000000 517.000000 0.684475 0.169603
45.000000 518.000000 -0.624636 0.166649
38.000000 519.000000 -0.634491 0.168362
1005.000000 519.000000 0.348664 0.152488
400.000000 520.000000 -0.222333 0.149004
113.000000 521.000000 -0.534666 0.164115
1194.000000 521.000000 0.570577 0.166449
447.000000 522.000000 -0.177480 0.149776
1087.000000 522.000000 0.439088 0.159751
53.000000 523.000000 -0.614038 0.171290
996.000000 524.000000 0.339407 0.156957
157.000000 525.000000 -0.480767 0.165009
430.000000 525.000000 -0.193677 0.152973
987.000000 525.000000 0.330040 0.157534
992.000000 525.000000 0.335260 0.157753
438.000000 526.000000 -0.186092 0.153730
220.000000 527.000000 -0.408149 0.163058
318.000000 527.000000 -0.303866 0.158368
1016.000000 527.000000 0.360731 0.160823
1208.000000 527.000000 0.589748 0.174026
312.000000 528.000000 -0.310041 0.159574
1161.000000 528.000000 0.528580 0.171071
78.000000 529.000000 -0.580772 0.175429
394.000000 530.000000 -0.228422 0.158643
1217.000000 530.000000 0.602211 0.178059
1238.000000 530.000000 0.631236 0.180081
1241.000000 531.000000 0.635548 0.181462
1220.000000 532.000000 0.606498 0.180489
1250.000000 533.000000 0.648489 0.184548
73.000000 534.000000 -0.587905 0.181204
346.000000 534.000000 -0.275847 0.164039
1210.000000 534.000000 0.593092 0.181679
77.000000 535.000000 -0.582650 0.181897
398.000000 535.000000 -0.224687 0.163277
1159.000000 536.000000 0.526711 0.179240
351.000000 537.000000 -0.270961 0.166738
1000.000000 538.000000 0.344275 0.170823
1010.000000 541.000000 0.355035 0.174279
314.000000 542.000000 -0.308584 0.173063
909.000000 543.000000 0.251754 0.171838
1177.000000 543.000000 0.550312 0.188162
314.000000 545.000000 -0.308718 0.175981
447.000000 545.000000 -0.177998 0.171450
1079.000000 548.000000 0.431604 0.185444
1176.000000 549.000000 0.549577 0.194412
895.000000 550.000000 0.238230 0.178066
1145.000000 551.000000 0.510478 0.193692
1177.000000 551.000000 0.551062 0.196625
410.000000 552.000000 -0.213586 0.179117
466.000000 552.000000 -0.160208 0.177634
1039.000000 553.000000 0.387091 0.187842
893.000000 554.000000 0.236410 0.181837
1149.000000 554.000000 0.515725 0.197183
179.000000 555.000000 -0.456888 0.194055
291.000000 558.000000 -0.333202 0.189834
1148.000000 559.000000 0.514932 0.202334
1099.000000 560.000000 0.455691 0.199170
1073.000000 562.000000 0.425750 0.199224
1101.000000 562.000000 0.458204 0.201386
1121.000000 562.000000 0.482053 0.203057
1177.000000 562.000000 0.552150 0.208320
1074.000000 564.000000 0.427040 0.201335
296.000000 565.000000 -0.328343 0.196473
1191.000000 565.000000 0.570821 0.212996
466.000000 566.000000 -0.160535 0.190930
1066.000000 566.000000 0.418086 0.202778
1116.000000 566.000000 0.476380 0.206777
984.000000 568.000000 0.329023 0.199530
1097.000000 568.000000 0.453990 0.207239
1148.000000 568.000000 0.515782 0.211803
1170.000000 568.000000 0.543711 0.214000
277.000000 570.000000 -0.348654 0.202508
285.000000 571.000000 -0.340235 0.203033
922.000000 571.000000 0.265770 0.199420
911.000000 572.000000 0.254849 0.199924
963.000000 572.000000 0.307425 0.202355
1068.000000 572.000000 0.420806 0.209040
285.000000 574.000000 -0.340410 0.206016
1010.000000 574.000000 0.356932 0.207032
282.000000 577.000000 -0.343765 0.209185
1078.000000 577.000000 0.432639 0.214948
1232.000000 578.000000 0.628197 0.231951
1072.000000 580.000000 0.425996 0.217545
430.000000 581.000000 -0.195235 0.206324
498.000000 582.000000 -0.130829 0.205469
1155.000000 583.000000 0.526120 0.228429
1157.000000 584.000000 0.528765 0.229711
1241.000000 584.000000 0.641646 0.239769
983.000000 586.000000 0.329014 0.217364
1128.000000 586.000000 0.492795 0.228830
285.000000 587.000000 -0.341203 0.219001
1069.000000 587.000000 0.423139 0.224498
931.000000 589.000000 0.275654 0.217484
999.000000 589.000000 0.346130 0.221373
1195.000000 589.000000 0.578893 0.239475
997.000000 590.000000 0.344065 0.222249
1212.000000 590.000000 0.602021 0.242689
324.000000 592.000000 -0.300809 0.221681
387.000000 593.000000 -0.237510 0.219588
965.000000 593.000000 0.310648 0.223282
1045.000000 593.000000 0.396539 0.228725
1163.000000 593.000000 0.537427 0.240040
1047.000000 594.000000 0.398851 0.229908
283.000000 595.000000 -0.343843 0.227170
519.000000 596.000000 -0.111496 0.218461
1276.000000 596.000000 0.693911 0.258105
1211.000000 597.000000 0.601555 0.250298
573.000000 598.000000 -0.061465 0.219576
1073.000000 598.000000 0.428666 0.236215
287.000000 599.000000 -0.339859 0.230937
980.000000 599.000000 0.326668 0.230203
581.000000 600.000000 -0.054106 0.221413
948.000000 600.000000 0.293529 0.229286
967.000000 600.000000 0.313141 0.230398
1216.000000 600.000000 0.608819 0.254289
1242.000000 600.000000 0.645228 0.257849
206.000000 601.000000 -0.429369 0.239261
278.000000 601.000000 -0.349583 0.233569
287.000000 601.000000 -0.339992 0.232956
392.000000 601.000000 -0.232929 0.227219
578.000000 602.000000 -0.056892 0.223360
1078.000000 602.000000 0.434799 0.240829
1170.000000 602.000000 0.547524 0.250612
1029.000000 603.000000 0.379602 0.237716
1141.000000 603.000000 0.510686 0.248305
198.000000 604.000000 -0.438889 0.243119
287.000000 604.000000 -0.340194 0.235988
506.000000 604.000000 -0.123815 0.226438
1203.000000 604.000000 0.591578 0.256998
975.000000 606.000000 0.321869 0.236928
999.000000 606.000000 0.347284 0.238549
572.000000 607.000000 -0.062486 0.228229
1170.000000 607.000000 0.548137 0.256062
945.000000 608.000000 0.290912 0.237103
516.000000 610.000000 -0.114581 0.232025
1017.000000 610.000000 0.367010 0.243956
1270.000000 610.000000 0.687128 0.273282
528.000000 611.000000 -0.103389 0.232753
1008.000000 612.000000 0.357399 0.245318
1035.000000 612.000000 0.386952 0.247450
1207.000000 612.000000 0.598105 0.266435
1037.000000 613.000000 0.389256 0.248650
1081.000000 613.000000 0.439325 0.252634
531.000000 615.000000 -0.100666 0.236571
984.000000 617.000000 0.332092 0.248673
545.000000 618.000000 -0.087675 0.239233
539.000000 619.000000 -0.093279 0.240306
919.000000 619.000000 0.265109 0.246646
945.000000 619.000000 0.291564 0.248144
1045.000000 619.000000 0.398710 0.255563
1087.000000 619.000000 0.446948 0.259564
1117.000000 619.000000 0.482856 0.262779
272.000000 620.000000 -0.357427 0.253384
867.000000 620.000000 0.213558 0.245112
1002.000000 620.000000 0.351532 0.253055
1175.000000 620.000000 0.556338 0.270976
425.000000 621.000000 -0.201512 0.245535
1088.000000 622.000000 0.448434 0.262847
1158.000000 622.000000 0.534520 0.270959
1212.000000 622.000000 0.606379 0.278355
144.000000 623.000000 -0.505843 0.269076
991.000000 623.000000 0.339967 0.255302
358.000000 624.000000 -0.267959 0.251731
1096.000000 624.000000 0.458117 0.265820
997.000000 625.000000 0.346539 0.257805
1109.000000 625.000000 0.473820 0.268319
1112.000000 625.000000 0.477453 0.268658
197.000000 626.000000 -0.442213 0.266384
511.000000 626.000000 -0.119627 0.247707
978.000000 626.000000 0.326385 0.257423
117.000000 627.000000 -0.540585 0.276841
265.000000 627.000000 -0.365583 0.261155
367.000000 627.000000 -0.259055 0.254244
993.000000 627.000000 0.342405 0.259554
1028.000000 627.000000 0.380470 0.262397
1112.000000 627.000000 0.477681 0.270810
198.000000 628.000000 -0.441250 0.268404
555.000000 628.000000 -0.078529 0.248800
980.000000 628.000000 0.328644 0.259612
560.000000 630.000000 -0.073908 0.250676
1230.000000 630.000000 0.632652 0.290125
607.000000 631.000000 -0.030342 0.251167
1026.000000 631.000000 0.378607 0.266386
1028.000000 631.000000 0.380819 0.266561
1166.000000 631.000000 0.546052 0.281933
612.000000 632.000000 -0.025723 0.252114
953.000000 632.000000 0.300646 0.261815
1120.000000 632.000000 0.488035 0.277149
1222.000000 632.000000 0.621739 0.291177
315.000000 633.000000 -0.312694 0.263537
987.000000 633.000000 0.336453 0.265266
1114.000000 633.000000 0.480812 0.277518
279.000000 634.000000 -0.350975 0.267259
559.000000 634.000000 -0.074898 0.254601
954.000000 635.000000 0.301885 0.264940
1172.000000 635.000000 0.554446 0.287204
1175.000000 635.000000 0.558392 0.287626
1178.000000 635.000000 0.562353 0.288050
317.000000 636.000000 -0.310814 0.266464
503.000000 636.000000 -0.127414 0.257721
1215.000000 636.000000 0.612616 0.294660
279.000000 637.000000 -0.351217 0.270365
330.000000 637.000000 -0.297372 0.266598
540.000000 637.000000 -0.092677 0.257866
542.000000 637.000000 -0.090807 0.257828
756.000000 637.000000 0.108007 0.258231
373.000000 638.000000 -0.253635 0.264982
504.000000 638.000000 -0.126522 0.259666
522.000000 638.000000 -0.109569 0.259224
268.000000 639.000000 -0.363316 0.273359
389.000000 639.000000 -0.237703 0.265127
990.000000 639.000000 0.340126 0.271691
1097.000000 639.000000 0.460979 0.282019
1105.000000 639.000000 0.470598 0.282950
410.000000 640.000000 -0.216995 0.265089
1090.000000 640.000000 0.452749 0.282299
269.000000 641.000000 -0.362397 0.275358
383.000000 642.000000 -0.243842 0.268470
385.000000 642.000000 -0.241846 0.268362
526.000000 642.000000 -0.105902 0.263075
555.000000 642.000000 -0.078753 0.262513
1013.000000 642.000000 0.365273 0.276727
1106.000000 642.000000 0.472164 0.286320
381.000000 643.000000 -0.245895 0.269589
497.000000 643.000000 -0.133281 0.264798
995.000000 643.000000 0.345818 0.276243
156.000000 644.000000 -0.493546 0.290477
529.000000 644.000000 -0.103128 0.264982
1090.000000 644.000000 0.453205 0.286609
1265.000000 644.000000 0.685159 0.311936
42.000000 645.000000 -0.644943 0.308264
125.000000 645.000000 -0.532714 0.295683
557.000000 645.000000 -0.076935 0.265435
1016.000000 645.000000 0.368828 0.280133
795.000000 646.000000 0.145126 0.268182
1018.000000 646.000000 0.371118 0.281362
371.000000 647.000000 -0.256160 0.274209
376.000000 647.000000 -0.251131 0.273920
628.000000 647.000000 -0.010964 0.266748
870.000000 647.000000 0.217745 0.272201
1265.000000 647.000000 0.685657 0.315453
333.000000 648.000000 -0.295015 0.277652
557.000000 648.000000 -0.076984 0.268395
1104.000000 648.000000 0.470468 0.292603
1254.000000 648.000000 0.669834 0.314788
538.000000 649.000000 -0.094787 0.269734
632.000000 649.000000 -0.007258 0.268710
1018.000000 649.000000 0.371392 0.284515
369.000000 650.000000 -0.258355 0.277379
962.000000 650.000000 0.311300 0.280911
1227.000000 650.000000 0.631609 0.312638
1235.000000 650.000000 0.642924 0.313957
550.000000 651.000000 -0.083582 0.271482
1253.000000 651.000000 0.668890 0.318130
140.000000 652.000000 -0.514577 0.301398
531.000000 652.000000 -0.101425 0.272856
533.000000 652.000000 -0.099545 0.272812
264.000000 653.000000 -0.368936 0.288382
364.000000 653.000000 -0.263596 0.280744
387.000000 653.000000 -0.240452 0.279391
1257.000000 653.000000 0.675021 0.321150
15.000000 654.000000 -0.685248 0.323244
375.000000 654.000000 -0.252544 0.281099
392.000000 654.000000 -0.235518 0.280131
1039.000000 654.000000 0.395277 0.291829
267.000000 655.000000 -0.365826 0.290215
369.000000 655.000000 -0.258657 0.282481
52.000000 656.000000 -0.632629 0.319367
334.000000 656.000000 -0.294541 0.285819
375.000000 656.000000 -0.252663 0.283140
381.000000 656.000000 -0.246630 0.282787
995.000000 656.000000 0.346916 0.289817
1193.000000 656.000000 0.585596 0.314044
669.000000 657.000000 0.027110 0.276700
1138.000000 657.000000 0.513710 0.306960
359.000000 658.000000 -0.268993 0.286182
1010.000000 658.000000 0.363426 0.293267
381.000000 659.000000 -0.246806 0.285850
574.000000 659.000000 -0.061273 0.279035
1025.000000 659.000000 0.380093 0.295755
1116.000000 659.000000 0.486516 0.306192
1194.000000 659.000000 0.587431 0.317638
301.000000 660.000000 -0.329516 0.292507
337.000000 660.000000 -0.291718 0.289739
357.000000 660.000000 -0.271163 0.288368
359.000000 660.000000 -0.269123 0.288238
587.000000 660.000000 -0.049155 0.279869
1011.000000 660.000000 0.364710 0.295475
1023.000000 660.000000 0.377967 0.296623
555.000000 661.000000 -0.079079 0.281323
670.000000 661.000000 0.028066 0.280676
830.000000 661.000000 0.179301 0.284492
342.000000 662.000000 -0.286692 0.291454
347.000000 662.000000 -0.281541 0.291105
589.000000 662.000000 -0.047312 0.281836
50.000000 663.000000 -0.636622 0.327851
529.000000 663.000000 -0.103561 0.283859
1010.000000 663.000000 0.363894 0.298559
1053.000000 663.000000 0.412145 0.302944
563.000000 664.000000 -0.071635 0.284178
1020.000000 664.000000 0.375028 0.300585
1273.000000 664.000000 0.700268 0.336897
344.000000 665.000000 -0.284841 0.294419
354.000000 665.000000 -0.274564 0.293725
676.000000 665.000000 0.033683 0.284699
1239.000000 665.000000 0.651168 0.332156
251.000000 666.000000 -0.384603 0.303439
652.000000 666.000000 0.011334 0.285569
939.000000 666.000000 0.288511 0.295794
941.000000 666.000000 0.290583 0.295940
4.000000 667.000000 -0.703531 0.340515
346.000000 667.000000 -0.282921 0.296352
539.000000 667.000000 -0.094228 0.287635
670.000000 667.000000 0.028105 0.286650
890.000000 667.000000 0.238693 0.293612
1158.000000 667.000000 0.540832 0.321121
1240.000000 667.000000 0.652945 0.334683
296.000000 668.000000 -0.335538 0.301331
623.000000 668.000000 -0.015670 0.287574
1043.000000 668.000000 0.401269 0.307245
510.000000 669.000000 -0.121695 0.290374
295.000000 670.000000 -0.336786 0.303529
311.000000 670.000000 -0.319716 0.302165
1154.000000 670.000000 0.536096 0.323914
528.000000 671.000000 -0.104699 0.291906
589.000000 671.000000 -0.047409 0.290819
148.000000 672.000000 -0.507300 0.322607
552.000000 672.000000 -0.082099 0.292383
561.000000 672.000000 -0.073644 0.292218
626.000000 672.000000 -0.012887 0.291563
962.000000 672.000000 0.313018 0.303834
993.000000 672.000000 0.346181 0.306523
621.000000 673.000000 -0.017553 0.292582
656.000000 673.000000 0.015084 0.292576
782.000000 673.000000 0.133599 0.294824
977.000000 673.000000 0.329042 0.306152
311.000000 674.000000 -0.320049 0.306375
528.000000 674.000000 -0.104774 0.294927
679.000000 674.000000 0.036558 0.293723
1077.000000 674.000000 0.441379 0.317720
1157.000000 674.000000 0.540610 0.328926
1034.000000 675.000000 0.391829 0.313826
1110.000000 675.000000 0.481291 0.323147
1229.000000 675.000000 0.638703 0.342171
309.000000 676.000000 -0.322343 0.308655
320.000000 676.000000 -0.310698 0.307737
526.000000 676.000000 -0.106717 0.296995
929.000000 676.000000 0.278906 0.305480
1042.000000 676.000000 0.401010 0.315786
1078.000000 676.000000 0.442812 0.320044
580.000000 677.000000 -0.055904 0.296951
1030.000000 677.000000 0.387536 0.315557
1037.000000 677.000000 0.395440 0.316317
1070.000000 677.000000 0.433501 0.320152
1226.000000 677.000000 0.634817 0.343997
277.000000 678.000000 -0.357040 0.313694
589.000000 678.000000 -0.047487 0.297847
628.000000 678.000000 -0.011037 0.297577
1126.000000 678.000000 0.501589 0.328781
280.000000 679.000000 -0.353857 0.314473
421.000000 679.000000 -0.208109 0.304119
630.000000 679.000000 -0.009172 0.298578
211.000000 680.000000 -0.431927 0.323094
323.000000 680.000000 -0.307865 0.311707
623.000000 680.000000 -0.015713 0.299605
204.000000 681.000000 -0.440284 0.325066
352.000000 681.000000 -0.277746 0.310511
356.000000 681.000000 -0.273630 0.310221
520.000000 681.000000 -0.112539 0.302214
585.000000 681.000000 -0.051270 0.300917
1127.000000 681.000000 0.503285 0.332315
211.000000 682.000000 -0.432173 0.325295
506.000000 682.000000 -0.125890 0.303641
683.000000 682.000000 0.040374 0.301809
961.000000 682.000000 0.312793 0.314298
331.000000 683.000000 -0.299710 0.314223
1074.000000 683.000000 0.438963 0.327263
293.000000 684.000000 -0.340211 0.318585
333.000000 684.000000 -0.297697 0.315118
637.000000 684.000000 -0.002638 0.303609
1174.000000 684.000000 0.564629 0.343168
836.000000 685.000000 0.186224 0.309217
3.000000 686.000000 -0.708342 0.363449
363.000000 686.000000 -0.266807 0.314956
392.000000 686.000000 -0.237390 0.313023
1075.000000 686.000000 0.440530 0.330713
1171.000000 686.000000 0.560970 0.344983
668.000000 687.000000 0.026371 0.306738
349.000000 688.000000 -0.281365 0.318088
647.000000 688.000000 0.006718 0.307660
1068.000000 688.000000 0.432525 0.332033
283.000000 689.000000 -0.351558 0.324913
294.000000 689.000000 -0.339601 0.323846
630.000000 689.000000 -0.009193 0.308677
1078.000000 689.000000 0.444483 0.334437
349.000000 690.000000 -0.281518 0.320198
395.000000 690.000000 -0.234625 0.317003
630.000000 691.000000 -0.009198 0.310705
632.000000 691.000000 -0.007324 0.310702
645.000000 691.000000 0.004850 0.310699
1015.000000 691.000000 0.372246 0.329119
1125.000000 691.000000 0.502270 0.343363
365.000000 692.000000 -0.265189 0.321116
641.000000 692.000000 0.001104 0.311711
677.000000 692.000000 0.034846 0.311881
903.000000 692.000000 0.253414 0.320389
980.000000 692.000000 0.333989 0.326666
393.000000 693.000000 -0.236826 0.320263
635.000000 693.000000 -0.004517 0.312729
1045.000000 693.000000 0.406408 0.334715
1168.000000 693.000000 0.558168 0.352607
363.000000 694.000000 -0.267385 0.323369
591.000000 694.000000 -0.045795 0.314023
602.000000 694.000000 -0.035464 0.313910
659.000000 694.000000 0.017978 0.313791
748.000000 694.000000 0.101851 0.315174
255.000000 695.000000 -0.383215 0.334377
667.000000 695.000000 0.025487 0.314855
1209.000000 695.000000 0.614247 0.362221
417.000000 696.000000 -0.213005 0.321944
671.000000 696.000000 0.029248 0.315903
1040.000000 696.000000 0.401033 0.337423
1067.000000 696.000000 0.432378 0.340794
1075.000000 696.000000 0.441845 0.341851
360.000000 697.000000 -0.270692 0.326762
517.000000 697.000000 -0.115857 0.318628
592.000000 697.000000 -0.044889 0.317071
655.000000 697.000000 0.014239 0.316831
657.000000 697.000000 0.016115 0.316839
328.000000 698.000000 -0.304111 0.330406
344.000000 698.000000 -0.287341 0.329070
581.000000 698.000000 -0.055254 0.318234
649.000000 698.000000 0.008613 0.317833
652.000000 698.000000 0.011428 0.317841
672.000000 698.000000 0.030203 0.317952
756.000000 698.000000 0.109574 0.319496
12.000000 699.000000 -0.697593 0.377517
474.000000 699.000000 -0.157259 0.322237
606.000000 699.000000 -0.031750 0.318977
1168.000000 699.000000 0.559199 0.359609
391.000000 700.000000 -0.239297 0.327740
617.000000 700.000000 -0.021424 0.319925
347.000000 701.000000 -0.284459 0.332024
547.000000 701.000000 -0.087432 0.321939
349.000000 702.000000 -0.282460 0.332929
393.000000 702.000000 -0.237410 0.329714
986.000000 702.000000 0.341467 0.338052
1052.000000 702.000000 0.415606 0.345549
1172.000000 702.000000 0.565054 0.363826
385.000000 703.000000 -0.245574 0.331309
955.000000 703.000000 0.308267 0.336185
372.000000 704.000000 -0.258893 0.333291
387.000000 704.000000 -0.243614 0.332229
554.000000 704.000000 -0.080864 0.324868
608.000000 704.000000 -0.029909 0.324081
1149.000000 704.000000 0.535072 0.362194
361.000000 705.000000 -0.270271 0.335182
957.000000 705.000000 0.310571 0.338520
1075.000000 705.000000 0.443069 0.351960
1175.000000 705.000000 0.569604 0.367890
402.000000 706.000000 -0.228605 0.333347
406.000000 706.000000 -0.224588 0.333093
591.000000 706.000000 -0.045937 0.326305
593.000000 706.000000 -0.044052 0.326281
758.000000 706.000000 0.111720 0.327801
816.000000 706.000000 0.167681 0.330021
1125.000000 706.000000 0.504615 0.360563
1222.000000 706.000000 0.634512 0.377795
1071.000000 707.000000 0.438584 0.353664
406.000000 708.000000 -0.224715 0.335203
592.000000 708.000000 -0.045018 0.328351
958.000000 708.000000 0.311910 0.341851
1143.000000 708.000000 0.527965 0.365843
271.000000 709.000000 -0.366889 0.347953
610.000000 709.000000 -0.028065 0.329207
1075.000000 709.000000 0.443626 0.356479
347.000000 710.000000 -0.285198 0.341655
613.000000 710.000000 -0.025246 0.330216
607.000000 711.000000 -0.030907 0.331293
342.000000 712.000000 -0.290597 0.344231
347.000000 712.000000 -0.285366 0.343806
594.000000 712.000000 -0.043178 0.332455
602.000000 712.000000 -0.035630 0.332370
613.000000 712.000000 -0.025260 0.332280
718.000000 712.000000 0.073801 0.332993
335.000000 713.000000 -0.298043 0.345921
1177.000000 713.000000 0.573743 0.377725
347.000000 715.000000 -0.285619 0.347039
1146.000000 715.000000 0.533053 0.374549
334.000000 716.000000 -0.299366 0.349259
382.000000 716.000000 -0.249551 0.345345
384.000000 716.000000 -0.247510 0.345200
612.000000 716.000000 -0.026230 0.336425
631.000000 716.000000 -0.008312 0.336337
727.000000 716.000000 0.082436 0.337339
