221.000000 3.000000 -0.424937 -0.361694
1008.000000 3.000000 0.367285 -0.355529
1189.000000 3.000000 0.590751 -0.383386
1213.000000 3.000000 0.623972 -0.387994
1215.000000 3.000000 0.626776 -0.388382
1234.000000 3.000000 0.653662 -0.392093
1247.000000 3.000000 0.672289 -0.394634
1275.000000 3.000000 0.712882 -0.400020
1147.000000 4.000000 0.534488 -0.374540
1154.000000 4.000000 0.543646 -0.375771
1203.000000 4.000000 0.609840 -0.384855
1264.000000 4.000000 0.696682 -0.396701
1158.000000 5.000000 0.548734 -0.375302
1228.000000 5.000000 0.644735 -0.388490
1240.000000 5.000000 0.661847 -0.390829
1246.000000 5.000000 0.670461 -0.391997
1155.000000 7.000000 0.544430 -0.372412
1186.000000 7.000000 0.585906 -0.378039
5.000000 8.000000 -0.710228 -0.393335
25.000000 8.000000 -0.681255 -0.389551
972.000000 8.000000 0.327251 -0.346180
980.000000 8.000000 0.335910 -0.346984
27.000000 9.000000 -0.678183 -0.387951
1011.000000 9.000000 0.369948 -0.349232
1194.000000 9.000000 0.596470 -0.377148
995.000000 10.000000 0.352098 -0.346363
1171.000000 10.000000 0.565109 -0.371724
604.000000 12.000000 -0.033703 -0.326894
1248.000000 12.000000 0.671986 -0.383863
1260.000000 12.000000 0.689343 -0.386160
505.000000 13.000000 -0.127650 -0.328001
1150.000000 13.000000 0.536843 -0.364507
1166.000000 13.000000 0.557906 -0.367291
906.000000 14.000000 0.257437 -0.334049
1160.000000 14.000000 0.549786 -0.365063
53.000000 15.000000 -0.639938 -0.375730
1248.000000 15.000000 0.671411 -0.380222
75.000000 16.000000 -0.609006 -0.370406
1165.000000 16.000000 0.556051 -0.363590
1169.000000 16.000000 0.561368 -0.364293
1174.000000 16.000000 0.568051 -0.365179
22.000000 17.000000 -0.683878 -0.379183
1175.000000 18.000000 0.569036 -0.363003
1005.000000 19.000000 0.362168 -0.337587
1054.000000 19.000000 0.417752 -0.343332
1164.000000 19.000000 0.554203 -0.359901
1041.000000 20.000000 0.402610 -0.340605
6.000000 21.000000 -0.706361 -0.377310
1164.000000 21.000000 0.553858 -0.357563
1168.000000 22.000000 0.558989 -0.357085
1242.000000 22.000000 0.661452 -0.370624
1246.000000 22.000000 0.667201 -0.371379
1044.000000 23.000000 0.405690 -0.337652
1166.000000 23.000000 0.556163 -0.355572
1176.000000 23.000000 0.569495 -0.357307
1258.000000 24.000000 0.684172 -0.371221
14.000000 25.000000 -0.693980 -0.370991
1231.000000 25.000000 0.645176 -0.364955
1068.000000 26.000000 0.433245 -0.337340
1177.000000 26.000000 0.570313 -0.353969
1034.000000 27.000000 0.393790 -0.332066
1058.000000 27.000000 0.421399 -0.334954
1132.000000 27.000000 0.511383 -0.345369
979.000000 28.000000 0.332866 -0.325223
1237.000000 28.000000 0.653167 -0.362482
961.000000 29.000000 0.313525 -0.322518
1179.000000 29.000000 0.572478 -0.350809
1248.000000 29.000000 0.668770 -0.363331
313.000000 31.000000 -0.319173 -0.320760
321.000000 31.000000 -0.310687 -0.320065
527.000000 31.000000 -0.106095 -0.308831
1043.000000 31.000000 0.403588 -0.328727
1185.000000 31.000000 0.580221 -0.349513
988.000000 33.000000 0.342121 -0.320713
1056.000000 33.000000 0.418333 -0.328083
1243.000000 33.000000 0.660835 -0.357612
1031.000000 34.000000 0.389598 -0.324078
1045.000000 34.000000 0.405528 -0.325674
1236.000000 34.000000 0.650630 -0.355131
488.000000 36.000000 -0.143156 -0.304954
1001.000000 36.000000 0.356005 -0.318759
1045.000000 36.000000 0.405296 -0.323486
1210.000000 37.000000 0.613452 -0.346875
1259.000000 37.000000 0.683220 -0.355760
1185.000000 38.000000 0.579017 -0.341352
432.000000 39.000000 -0.197355 -0.304282
1208.000000 39.000000 0.610322 -0.344171
1211.000000 42.000000 0.613959 -0.341179
1263.000000 42.000000 0.688135 -0.350499
470.000000 43.000000 -0.160209 -0.298501
567.000000 43.000000 -0.068087 -0.295823
1191.000000 43.000000 0.586295 -0.336562
1240.000000 43.000000 0.654713 -0.345160
1235.000000 44.000000 0.647393 -0.343079
1271.000000 44.000000 0.699470 -0.349542
1247.000000 45.000000 0.664405 -0.344044
1188.000000 46.000000 0.581723 -0.332581
984.000000 47.000000 0.336507 -0.305427
1244.000000 48.000000 0.659554 -0.339952
987.000000 49.000000 0.339559 -0.303578
1262.000000 49.000000 0.685425 -0.341967
1270.000000 49.000000 0.697115 -0.343386
1250.000000 50.000000 0.667839 -0.338649
1248.000000 51.000000 0.664777 -0.337112
1260.000000 51.000000 0.682157 -0.339234
294.000000 52.000000 -0.337642 -0.300166
1269.000000 52.000000 0.695121 -0.339633
57.000000 53.000000 -0.627451 -0.329984
1221.000000 53.000000 0.626014 -0.330044
1014.000000 55.000000 0.368442 -0.299723
1191.000000 55.000000 0.584300 -0.322694
1196.000000 55.000000 0.591095 -0.323513
505.000000 56.000000 -0.126281 -0.284177
527.000000 57.000000 -0.105434 -0.282590
566.000000 58.000000 -0.068786 -0.280822
1254.000000 58.000000 0.672218 -0.329894
566.000000 60.000000 -0.068755 -0.278831
1022.000000 60.000000 0.376811 -0.295184
32.000000 62.000000 -0.661364 -0.323726
1255.000000 62.000000 0.672975 -0.325352
1257.000000 62.000000 0.675876 -0.325696
566.000000 64.000000 -0.068694 -0.274859
1026.000000 64.000000 0.380868 -0.291326
1220.000000 65.000000 0.622588 -0.315925
1259.000000 65.000000 0.678268 -0.322507
6.000000 66.000000 -0.698398 -0.323434
90.000000 66.000000 -0.580002 -0.309600
98.000000 66.000000 -0.569295 -0.308369
1057.000000 66.000000 0.415712 -0.292358
90.000000 68.000000 -0.579692 -0.307325
94.000000 68.000000 -0.574328 -0.306711
96.000000 68.000000 -0.571656 -0.306406
466.000000 68.000000 -0.163111 -0.273441
1255.000000 68.000000 0.671952 -0.318303
1260.000000 68.000000 0.679212 -0.319149
1252.000000 69.000000 0.667442 -0.316625
173.000000 71.000000 -0.473328 -0.292479
1256.000000 71.000000 0.672896 -0.314957
1052.000000 72.000000 0.409359 -0.285422
1057.000000 72.000000 0.415077 -0.285941
1231.000000 72.000000 0.636908 -0.309637
1258.000000 72.000000 0.675631 -0.314121
1133.000000 73.000000 0.506008 -0.293844
33.000000 75.000000 -0.657759 -0.308391
350.000000 75.000000 -0.277305 -0.272130
1230.000000 75.000000 0.635005 -0.306006
1231.000000 77.000000 0.636094 -0.303861
998.000000 79.000000 0.348846 -0.273079
1136.000000 79.000000 0.508985 -0.287630
1122.000000 80.000000 0.491428 -0.284751
1242.000000 83.000000 0.650765 -0.298707
4.000000 85.000000 -0.698204 -0.301449
1136.000000 85.000000 0.508213 -0.281047
1253.000000 85.000000 0.666253 -0.298159
12.000000 86.000000 -0.686337 -0.299003
1238.000000 86.000000 0.644583 -0.294615
8.000000 87.000000 -0.692022 -0.298477
14.000000 88.000000 -0.683103 -0.296360
328.000000 89.000000 -0.299009 -0.259299
1073.000000 89.000000 0.431775 -0.269511
17.000000 90.000000 -0.678424 -0.293566
1114.000000 90.000000 0.480415 -0.272932
11.000000 92.000000 -0.686846 -0.292191
22.000000 92.000000 -0.670865 -0.290469
1166.000000 92.000000 0.545606 -0.277267
1275.000000 92.000000 0.697240 -0.293538
5.000000 93.000000 -0.695470 -0.291971
26.000000 93.000000 -0.664939 -0.288693
905.000000 93.000000 0.251445 -0.252586
1156.000000 94.000000 0.532425 -0.273746
1168.000000 94.000000 0.547942 -0.275325
4.000000 95.000000 -0.696625 -0.289804
164.000000 96.000000 -0.481302 -0.266480
13.000000 97.000000 -0.683150 -0.286093
34.000000 98.000000 -0.652702 -0.281728
1030.000000 99.000000 0.382127 -0.255009
1143.000000 99.000000 0.515265 -0.266645
12.000000 100.000000 -0.684147 -0.282783
1129.000000 100.000000 0.497664 -0.263888
35.000000 102.000000 -0.650674 -0.277010
199.000000 102.000000 -0.439027 -0.256384
1188.000000 102.000000 0.573240 -0.269163
7.000000 103.000000 -0.690998 -0.280082
201.000000 103.000000 -0.436602 -0.255135
3.000000 105.000000 -0.696563 -0.278378
13.000000 105.000000 -0.681932 -0.276873
1101.000000 105.000000 0.463077 -0.255433
1143.000000 105.000000 0.514541 -0.260134
36.000000 106.000000 -0.648658 -0.272309
39.000000 106.000000 -0.644396 -0.271869
47.000000 106.000000 -0.633102 -0.270705
201.000000 106.000000 -0.436311 -0.251980
222.000000 106.000000 -0.412219 -0.250026
1259.000000 106.000000 0.671677 -0.274891
8.000000 107.000000 -0.688932 -0.275322
38.000000 108.000000 -0.645523 -0.269746
224.000000 108.000000 -0.409775 -0.247767
1067.000000 108.000000 0.422998 -0.248923
48.000000 109.000000 -0.631266 -0.267174
1095.000000 109.000000 0.455531 -0.250579
1104.000000 109.000000 0.466246 -0.251501
5.000000 110.000000 -0.692880 -0.272316
220.000000 110.000000 -0.414131 -0.246042
1057.000000 110.000000 0.411411 -0.245934
1130.000000 110.000000 0.497755 -0.253242
38.000000 111.000000 -0.645089 -0.266347
46.000000 112.000000 -0.633648 -0.264077
39.000000 115.000000 -0.643102 -0.261684
57.000000 115.000000 -0.617873 -0.259175
197.000000 115.000000 -0.440103 -0.242926
1023.000000 115.000000 0.373136 -0.237975
1256.000000 115.000000 0.666003 -0.264167
36.000000 116.000000 -0.647217 -0.260979
1194.000000 116.000000 0.579406 -0.254474
985.000000 117.000000 0.332160 -0.233237
1258.000000 117.000000 0.668608 -0.262179
1134.000000 119.000000 0.501709 -0.244050
1157.000000 119.000000 0.530630 -0.246641
1178.000000 119.000000 0.557805 -0.249158
906.000000 120.000000 0.251094 -0.225812
1031.000000 120.000000 0.381532 -0.233476
30.000000 121.000000 -0.655067 -0.256174
1137.000000 121.000000 0.505214 -0.242239
1032.000000 122.000000 0.382480 -0.231508
30.000000 123.000000 -0.654789 -0.253916
951.000000 123.000000 0.296406 -0.225155
1060.000000 123.000000 0.413691 -0.232730
4.000000 124.000000 -0.692325 -0.256417
28.000000 124.000000 -0.657513 -0.253065
1003.000000 124.000000 0.350836 -0.227378
26.000000 126.000000 -0.660105 -0.251083
1052.000000 126.000000 0.404415 -0.228983
38.000000 127.000000 -0.642861 -0.248326
14.000000 128.000000 -0.677163 -0.250473
16.000000 128.000000 -0.674259 -0.250198
150.000000 128.000000 -0.494941 -0.233852
1104.000000 128.000000 0.464356 -0.231470
10.000000 129.000000 -0.682849 -0.249889
25.000000 129.000000 -0.661131 -0.247837
1045.000000 129.000000 0.396345 -0.225355
29.000000 130.000000 -0.655263 -0.246171
6.000000 131.000000 -0.688421 -0.248167
46.000000 131.000000 -0.631060 -0.242795
1112.000000 131.000000 0.473639 -0.229088
967.000000 132.000000 0.312402 -0.217105
18.000000 133.000000 -0.670681 -0.244273
21.000000 133.000000 -0.666348 -0.243870
27.000000 135.000000 -0.657458 -0.240823
1107.000000 135.000000 0.467274 -0.224427
1212.000000 135.000000 0.601362 -0.235839
1270.000000 135.000000 0.683568 -0.243416
14.000000 136.000000 -0.676078 -0.241424
5.000000 137.000000 -0.689075 -0.241495
21.000000 137.000000 -0.665816 -0.239369
28.000000 137.000000 -0.655764 -0.238449
14.000000 138.000000 -0.675812 -0.239168
240.000000 138.000000 -0.389491 -0.215684
529.000000 138.000000 -0.101935 -0.203596
942.000000 139.000000 0.286370 -0.208844
970.000000 139.000000 0.315119 -0.210322
1015.000000 142.000000 0.362533 -0.210047
253.000000 143.000000 -0.374888 -0.209723
1207.000000 143.000000 0.593584 -0.226466
998.000000 145.000000 0.344156 -0.205980
1001.000000 146.000000 0.347284 -0.205164
1146.000000 146.000000 0.513831 -0.216609
1217.000000 146.000000 0.606875 -0.224372
1015.000000 149.000000 0.362085 -0.203030
1042.000000 150.000000 0.391478 -0.203803
1073.000000 155.000000 0.425937 -0.200958
978.000000 158.000000 0.322409 -0.191979
1024.000000 158.000000 0.371250 -0.194594
1163.000000 158.000000 0.534104 -0.205588
1125.000000 159.000000 0.486771 -0.201036
1146.000000 159.000000 0.512586 -0.202917
1222.000000 159.000000 0.612247 -0.210741
1002.000000 161.000000 0.347471 -0.190314
1241.000000 162.000000 0.638428 -0.209625
25.000000 163.000000 -0.656841 -0.209884
308.000000 163.000000 -0.315434 -0.186681
1083.000000 164.000000 0.436737 -0.192533
1245.000000 165.000000 0.643746 -0.206784
1251.000000 165.000000 0.652293 -0.207473
23.000000 168.000000 -0.659130 -0.204588
1051.000000 168.000000 0.400255 -0.186286
1246.000000 170.000000 0.644601 -0.201399
1102.000000 171.000000 0.458331 -0.186805
1131.000000 171.000000 0.493050 -0.189094
1221.000000 171.000000 0.609557 -0.197588
1248.000000 172.000000 0.647222 -0.199424
364.000000 173.000000 -0.258381 -0.174581
1209.000000 173.000000 0.592990 -0.194184
521.000000 174.000000 -0.108789 -0.169687
1052.000000 175.000000 0.400924 -0.179335
1183.000000 175.000000 0.558260 -0.189502
1191.000000 177.000000 0.568562 -0.188136
994.000000 178.000000 0.338126 -0.173145
1183.000000 178.000000 0.557979 -0.186324
1251.000000 178.000000 0.650841 -0.193166
1166.000000 179.000000 0.535979 -0.183739
1026.000000 180.000000 0.372131 -0.172842
1254.000000 180.000000 0.654916 -0.191293
1174.000000 181.000000 0.546048 -0.182344
1259.000000 181.000000 0.661991 -0.190730
1026.000000 183.000000 0.371968 -0.169876
1157.000000 183.000000 0.524244 -0.178787
513.000000 184.000000 -0.116044 -0.160434
1034.000000 184.000000 0.380595 -0.169322
1182.000000 184.000000 0.556132 -0.179894
1164.000000 185.000000 0.532920 -0.177286
1187.000000 185.000000 0.562568 -0.179286
1261.000000 185.000000 0.664451 -0.186544
315.000000 186.000000 -0.307193 -0.163960
1030.000000 186.000000 0.376138 -0.167126
1189.000000 188.000000 0.564921 -0.176294
1049.000000 190.000000 0.396715 -0.164206
1123.000000 190.000000 0.481899 -0.168923
1019.000000 191.000000 0.364016 -0.161631
1180.000000 192.000000 0.552843 -0.171303
1107.000000 193.000000 0.462651 -0.164757
287.000000 195.000000 -0.335766 -0.156425
1035.000000 195.000000 0.381097 -0.158506
1260.000000 195.000000 0.661987 -0.175475
1265.000000 197.000000 0.669012 -0.173780
1029.000000 198.000000 0.374436 -0.155250
1059.000000 199.000000 0.407312 -0.155824
1200.000000 199.000000 0.578494 -0.165625
1007.000000 200.000000 0.350801 -0.152252
1109.000000 200.000000 0.464548 -0.157796
284.000000 201.000000 -0.338645 -0.150724
1201.000000 201.000000 0.579654 -0.163595
1269.000000 202.000000 0.674333 -0.168690
284.000000 205.000000 -0.338477 -0.146843
1198.000000 205.000000 0.575340 -0.159126
1135.000000 206.000000 0.495298 -0.153407
1062.000000 208.000000 0.410178 -0.147060
1101.000000 210.000000 0.454552 -0.147219
1034.000000 212.000000 0.379183 -0.141753
1198.000000 214.000000 0.574629 -0.149662
1207.000000 216.000000 0.586451 -0.148251
244.000000 217.000000 -0.380543 -0.136875
1197.000000 217.000000 0.573080 -0.146441
263.000000 219.000000 -0.360059 -0.134122
1209.000000 219.000000 0.588902 -0.145244
1035.000000 220.000000 0.379911 -0.133973
1250.000000 220.000000 0.645417 -0.147437
6.000000 222.000000 -0.678336 -0.147086
1199.000000 223.000000 0.575283 -0.140304
1211.000000 224.000000 0.591215 -0.140128
1252.000000 225.000000 0.647851 -0.142218
7.000000 227.000000 -0.676470 -0.141565
206.000000 229.000000 -0.421945 -0.126804
1042.000000 229.000000 0.387139 -0.125481
1261.000000 229.000000 0.660399 -0.138621
1148.000000 230.000000 0.509708 -0.129756
926.000000 231.000000 0.266884 -0.119696
1269.000000 231.000000 0.671799 -0.137087
205.000000 232.000000 -0.422934 -0.123890
207.000000 232.000000 -0.420685 -0.123800
1099.000000 232.000000 0.451041 -0.125103
270.000000 235.000000 -0.352040 -0.118380
1086.000000 235.000000 0.435942 -0.121505
1145.000000 236.000000 0.505676 -0.123487
495.000000 237.000000 -0.131999 -0.111494
1056.000000 238.000000 0.402132 -0.117259
289.000000 239.000000 -0.332031 -0.113908
1224.000000 239.000000 0.607780 -0.125242
924.000000 241.000000 0.264657 -0.110217
1164.000000 241.000000 0.528996 -0.119455
1227.000000 241.000000 0.611754 -0.123333
1107.000000 242.000000 0.459875 -0.115525
1228.000000 244.000000 0.612928 -0.120233
487.000000 245.000000 -0.139313 -0.104218
502.000000 245.000000 -0.125448 -0.104058
1087.000000 245.000000 0.436642 -0.111662
109.000000 246.000000 -0.536608 -0.114626
1258.000000 246.000000 0.654848 -0.120111
487.000000 247.000000 -0.139291 -0.102378
1057.000000 247.000000 0.402886 -0.108504
1079.000000 247.000000 0.427470 -0.109360
133.000000 248.000000 -0.506637 -0.111342
1063.000000 248.000000 0.409495 -0.107753
153.000000 249.000000 -0.482407 -0.109376
316.000000 251.000000 -0.304003 -0.101716
1088.000000 251.000000 0.437537 -0.105782
154.000000 252.000000 -0.481077 -0.106327
1127.000000 252.000000 0.483066 -0.106453
143.000000 253.000000 -0.494233 -0.105824
1210.000000 253.000000 0.587974 -0.109693
1131.000000 254.000000 0.487772 -0.104629
132.000000 255.000000 -0.507524 -0.104319
458.000000 255.000000 -0.166187 -0.095355
1090.000000 256.000000 0.439626 -0.100931
1153.000000 256.000000 0.514503 -0.103630
275.000000 257.000000 -0.346092 -0.097096
1134.000000 257.000000 0.491252 -0.101753
128.000000 258.000000 -0.512298 -0.101474
112.000000 259.000000 -0.532161 -0.101209
271.000000 259.000000 -0.350234 -0.095294
1123.000000 259.000000 0.477989 -0.099280
1165.000000 259.000000 0.529318 -0.101155
1263.000000 259.000000 0.661177 -0.106505
156.000000 260.000000 -0.478354 -0.098249
154.000000 261.000000 -0.480691 -0.097334
1116.000000 261.000000 0.469618 -0.097001
1231.000000 261.000000 0.616023 -0.102511
114.000000 262.000000 -0.529509 -0.098064
416.000000 263.000000 -0.205704 -0.088532
1074.000000 263.000000 0.421242 -0.093480
131.000000 264.000000 -0.508347 -0.095288
510.000000 264.000000 -0.117914 -0.086574
259.000000 266.000000 -0.362722 -0.088914
1113.000000 266.000000 0.465895 -0.091918
1151.000000 269.000000 0.511461 -0.090410
1126.000000 271.000000 0.481090 -0.087431
1204.000000 271.000000 0.579049 -0.090698
105.000000 272.000000 -0.540414 -0.088294
116.000000 272.000000 -0.526572 -0.087836
100.000000 273.000000 -0.546732 -0.087487
444.000000 273.000000 -0.179098 -0.078952
1089.000000 273.000000 0.437884 -0.084179
105.000000 276.000000 -0.540249 -0.084224
256.000000 276.000000 -0.365654 -0.079403
1128.000000 276.000000 0.483296 -0.082521
113.000000 277.000000 -0.530126 -0.082893
169.000000 277.000000 -0.462423 -0.080894
1118.000000 277.000000 0.471389 -0.081184
1276.000000 277.000000 0.679001 -0.087930
103.000000 278.000000 -0.542707 -0.082270
105.000000 278.000000 -0.540169 -0.082191
141.000000 278.000000 -0.495634 -0.080849
178.000000 278.000000 -0.451944 -0.079621
1237.000000 279.000000 0.623391 -0.083903
135.000000 280.000000 -0.502840 -0.079058
262.000000 280.000000 -0.359195 -0.075434
153.000000 281.000000 -0.481146 -0.077451
1110.000000 281.000000 0.461868 -0.076966
1129.000000 281.000000 0.484321 -0.077576
931.000000 282.000000 0.270767 -0.071914
1123.000000 282.000000 0.477141 -0.076386
147.000000 283.000000 -0.488245 -0.075657
1245.000000 284.000000 0.634313 -0.079005
269.000000 285.000000 -0.351706 -0.070511
1132.000000 285.000000 0.487785 -0.073690
463.000000 286.000000 -0.161198 -0.066841
1141.000000 286.000000 0.498614 -0.072979
148.000000 287.000000 -0.486921 -0.071643
1154.000000 289.000000 0.514428 -0.070391
143.000000 290.000000 -0.492832 -0.068807
269.000000 290.000000 -0.351606 -0.065748
147.000000 291.000000 -0.487999 -0.067694
274.000000 291.000000 -0.346346 -0.064702
448.000000 291.000000 -0.175169 -0.062389
1113.000000 291.000000 0.465085 -0.067180
141.000000 293.000000 -0.495155 -0.065875
144.000000 293.000000 -0.491541 -0.065790
1198.000000 293.000000 0.570249 -0.067799
127.000000 294.000000 -0.512171 -0.065283
1072.000000 294.000000 0.418124 -0.063219
1069.000000 295.000000 0.414756 -0.062181
167.000000 296.000000 -0.464210 -0.062203
1181.000000 296.000000 0.548134 -0.064174
1206.000000 296.000000 0.580690 -0.064989
1178.000000 297.000000 0.544272 -0.063065
152.000000 298.000000 -0.481840 -0.060607
154.000000 299.000000 -0.479439 -0.059565
148.000000 300.000000 -0.486559 -0.058724
271.000000 302.000000 -0.349297 -0.054302
971.000000 302.000000 0.310573 -0.053765
155.000000 303.000000 -0.478157 -0.055582
953.000000 303.000000 0.292381 -0.052590
1179.000000 303.000000 0.545372 -0.057006
1248.000000 303.000000 0.637786 -0.059118
1147.000000 307.000000 0.505334 -0.052161
1128.000000 311.000000 0.482327 -0.047768
1144.000000 311.000000 0.501588 -0.048102
982.000000 313.000000 0.321664 -0.043552
1185.000000 317.000000 0.552709 -0.042942
89.000000 318.000000 -0.559422 -0.042012
1222.000000 318.000000 0.601496 -0.042737
1160.000000 319.000000 0.521090 -0.040422
1143.000000 320.000000 0.500198 -0.039115
1061.000000 324.000000 0.405402 -0.034012
1183.000000 325.000000 0.549989 -0.034786
982.000000 328.000000 0.321518 -0.029435
1065.000000 328.000000 0.409775 -0.030200
1194.000000 328.000000 0.564139 -0.031921
1096.000000 329.000000 0.444664 -0.029573
1094.000000 331.000000 0.442353 -0.027601
1258.000000 333.000000 0.651183 -0.027780
1222.000000 334.000000 0.601197 -0.026191
1159.000000 336.000000 0.519597 -0.023367
1256.000000 336.000000 0.648296 -0.024589
1201.000000 338.000000 0.573150 -0.021813
1267.000000 340.000000 0.663968 -0.020510
8.000000 341.000000 -0.669759 -0.019483
6.000000 344.000000 -0.672618 -0.016321
198.000000 345.000000 -0.427966 -0.013886
1107.000000 346.000000 0.457199 -0.013053
195.000000 347.000000 -0.431336 -0.011961
1183.000000 348.000000 0.549725 -0.011488
1146.000000 352.000000 0.503513 -0.007304
1217.000000 352.000000 0.594291 -0.007577
227.000000 353.000000 -0.395826 -0.006068
1060.000000 354.000000 0.404094 -0.005125
218.000000 355.000000 -0.405683 -0.004163
1237.000000 355.000000 0.621529 -0.004541
1242.000000 355.000000 0.628462 -0.004555
221.000000 356.000000 -0.402385 -0.003198
1158.000000 356.000000 0.518232 -0.003345
1209.000000 356.000000 0.583594 -0.003441
1224.000000 356.000000 0.603727 -0.003472
1260.000000 357.000000 0.653819 -0.002498
222.000000 358.000000 -0.401286 -0.001275
1032.000000 359.000000 0.373709 -0.000309
1107.000000 359.000000 0.457163 -0.000328
1152.000000 360.000000 0.510835 0.000655
222.000000 366.000000 -0.401292 0.006411
253.000000 366.000000 -0.367831 0.006351
1173.000000 366.000000 0.536986 0.006701
470.000000 368.000000 -0.154394 0.007906
1069.000000 370.000000 0.414058 0.010297
1077.000000 375.000000 0.423007 0.015165
1248.000000 376.000000 0.636915 0.017423
475.000000 377.000000 -0.149773 0.016081
1164.000000 378.000000 0.525759 0.018714
1075.000000 379.000000 0.420792 0.019024
884.000000 386.000000 0.224508 0.024547
1113.000000 386.000000 0.464283 0.026168
1142.000000 386.000000 0.498790 0.026484
1192.000000 386.000000 0.561459 0.027101
1103.000000 387.000000 0.452676 0.027044
1194.000000 387.000000 0.564070 0.028146
236.000000 388.000000 -0.386172 0.027429
1114.000000 388.000000 0.465474 0.028143
1130.000000 390.000000 0.484406 0.030306
1165.000000 392.000000 0.527173 0.032784
197.000000 393.000000 -0.429249 0.032647
199.000000 393.000000 -0.426999 0.032624
1096.000000 394.000000 0.444706 0.033802
1122.000000 395.000000 0.474972 0.035136
1131.000000 395.000000 0.485669 0.035267
1145.000000 395.000000 0.502555 0.035479
1258.000000 399.000000 0.651424 0.041768
248.000000 403.000000 -0.373432 0.041638
1135.000000 404.000000 0.490615 0.044256
1071.000000 406.000000 0.416632 0.045105
1150.000000 406.000000 0.508860 0.046545
1069.000000 408.000000 0.414437 0.047009
1044.000000 409.000000 0.387004 0.047574
1086.000000 410.000000 0.433560 0.049245
1226.000000 412.000000 0.607196 0.054535
1163.000000 415.000000 0.525145 0.055873
1231.000000 416.000000 0.614154 0.058847
1264.000000 417.000000 0.660523 0.060992
269.000000 419.000000 -0.351420 0.056572
1051.000000 419.000000 0.394793 0.057308
6.000000 420.000000 -0.673641 0.064461
1264.000000 420.000000 0.660629 0.064177
1072.000000 423.000000 0.418069 0.061604
1100.000000 423.000000 0.449837 0.062247
1185.000000 424.000000 0.553279 0.065620
143.000000 426.000000 -0.492729 0.066132
1168.000000 428.000000 0.531785 0.069133
1122.000000 429.000000 0.475698 0.068738
1168.000000 430.000000 0.531850 0.071156
270.000000 431.000000 -0.350586 0.067969
1122.000000 431.000000 0.475756 0.070720
1234.000000 431.000000 0.618822 0.074618
294.000000 432.000000 -0.325671 0.068464
144.000000 433.000000 -0.491734 0.073076
200.000000 434.000000 -0.426653 0.072455
142.000000 435.000000 -0.494206 0.075134
1167.000000 436.000000 0.530801 0.077192
1134.000000 437.000000 0.490267 0.077059
1234.000000 437.000000 0.619074 0.080901
113.000000 438.000000 -0.529952 0.079148
1138.000000 438.000000 0.495126 0.078191
201.000000 439.000000 -0.425664 0.077304
1051.000000 440.000000 0.395265 0.077567
1086.000000 440.000000 0.434271 0.078530
1138.000000 440.000000 0.495194 0.080190
203.000000 441.000000 -0.423473 0.079198
997.000000 441.000000 0.337721 0.077248
206.000000 446.000000 -0.420257 0.083985
427.000000 447.000000 -0.195136 0.080420
1183.000000 447.000000 0.551573 0.089018
123.000000 449.000000 -0.517926 0.089877
163.000000 450.000000 -0.469711 0.089339
1041.000000 450.000000 0.384646 0.086956
209.000000 451.000000 -0.417058 0.088768
123.000000 454.000000 -0.518135 0.094928
1004.000000 454.000000 0.345335 0.089800
431.000000 455.000000 -0.191454 0.087750
1105.000000 457.000000 0.456678 0.095897
112.000000 458.000000 -0.532039 0.099475
1110.000000 458.000000 0.462550 0.097081
103.000000 459.000000 -0.543470 0.100920
408.000000 459.000000 -0.213377 0.091778
1046.000000 459.000000 0.390350 0.095809
1127.000000 460.000000 0.482736 0.099760
49.000000 461.000000 -0.614937 0.105826
188.000000 461.000000 -0.441124 0.099290
1153.000000 461.000000 0.514383 0.101911
1102.000000 462.000000 0.453387 0.100731
1129.000000 462.000000 0.485215 0.101846
1155.000000 462.000000 0.516905 0.103016
1167.000000 462.000000 0.531902 0.103589
103.000000 464.000000 -0.543717 0.106032
50.000000 465.000000 -0.613797 0.109973
101.000000 465.000000 -0.546319 0.107158
49.000000 467.000000 -0.615288 0.112137
51.000000 467.000000 -0.612546 0.112017
93.000000 467.000000 -0.556698 0.109631
44.000000 468.000000 -0.622235 0.113495
46.000000 468.000000 -0.619475 0.113372
1248.000000 468.000000 0.640266 0.114377
1250.000000 468.000000 0.643091 0.114504
169.000000 469.000000 -0.463426 0.107975
1100.000000 469.000000 0.451355 0.107582
1167.000000 469.000000 0.532254 0.110725
73.000000 470.000000 -0.583059 0.113854
104.000000 470.000000 -0.542757 0.112122
1009.000000 470.000000 0.351040 0.105264
1114.000000 470.000000 0.467746 0.109181
48.000000 471.000000 -0.616907 0.116413
71.000000 471.000000 -0.585778 0.115013
1128.000000 471.000000 0.484422 0.110820
1166.000000 471.000000 0.531099 0.112714
78.000000 472.000000 -0.576558 0.115641
106.000000 472.000000 -0.540322 0.114062
1123.000000 472.000000 0.478495 0.111588
1213.000000 472.000000 0.592312 0.116417
1251.000000 472.000000 0.644766 0.118834
48.000000 473.000000 -0.617033 0.118522
66.000000 473.000000 -0.592582 0.117400
46.000000 474.000000 -0.619852 0.119707
73.000000 474.000000 -0.583297 0.118018
76.000000 474.000000 -0.579319 0.117838
71.000000 475.000000 -0.586019 0.119182
1097.000000 475.000000 0.448144 0.113401
47.000000 476.000000 -0.618603 0.121755
59.000000 476.000000 -0.602207 0.120979
65.000000 476.000000 -0.594110 0.120600
74.000000 476.000000 -0.582090 0.120041
1074.000000 476.000000 0.421973 0.113411
1220.000000 477.000000 0.602085 0.122097
68.000000 478.000000 -0.590213 0.122503
1192.000000 478.000000 0.564846 0.121386
71.000000 479.000000 -0.586268 0.123357
1170.000000 479.000000 0.536594 0.121118
1201.000000 479.000000 0.576741 0.122979
55.000000 480.000000 -0.607905 0.125447
1007.000000 480.000000 0.349254 0.114812
1054.000000 480.000000 0.399866 0.116525
210.000000 481.000000 -0.417040 0.118087
1078.000000 482.000000 0.426740 0.119489
1217.000000 482.000000 0.598347 0.127154
60.000000 483.000000 -0.601312 0.128270
1070.000000 483.000000 0.417774 0.120127
1129.000000 483.000000 0.486218 0.122932
1166.000000 483.000000 0.531768 0.124985
1211.000000 484.000000 0.590393 0.128852
1167.000000 485.000000 0.533149 0.127094
1169.000000 485.000000 0.535679 0.127214
329.000000 486.000000 -0.291342 0.118774
1173.000000 486.000000 0.540822 0.128485
1078.000000 488.000000 0.427009 0.125412
1204.000000 490.000000 0.581446 0.134660
1263.000000 490.000000 0.663213 0.139033
99.000000 491.000000 -0.550393 0.134026
1180.000000 491.000000 0.550104 0.134087
1084.000000 492.000000 0.434015 0.129655
1229.000000 493.000000 0.615518 0.139628
931.000000 495.000000 0.272025 0.126792
1265.000000 495.000000 0.666500 0.144605
1053.000000 496.000000 0.399440 0.132153
274.000000 497.000000 -0.348280 0.131112
1029.000000 497.000000 0.373322 0.132093
1135.000000 498.000000 0.494307 0.138436
1264.000000 498.000000 0.665304 0.147775
198.000000 499.000000 -0.431400 0.136415
1125.000000 499.000000 0.482305 0.138856
140.000000 500.000000 -0.499667 0.140661
267.000000 502.000000 -0.355873 0.136229
999.000000 502.000000 0.341639 0.135741
1018.000000 504.000000 0.361821 0.138447
1076.000000 504.000000 0.425527 0.141162
1193.000000 504.000000 0.567914 0.148518
1226.000000 504.000000 0.612249 0.151088
70.000000 505.000000 -0.589442 0.150712
1093.000000 505.000000 0.445013 0.143066
1111.000000 505.000000 0.466013 0.144090
1209.000000 505.000000 0.589235 0.150793
945.000000 506.000000 0.286356 0.137670
972.000000 506.000000 0.313780 0.138589
1091.000000 506.000000 0.442762 0.143955
1160.000000 506.000000 0.525684 0.148227
1246.000000 506.000000 0.640280 0.154897
984.000000 507.000000 0.326192 0.139994
1094.000000 507.000000 0.446280 0.145123
1153.000000 507.000000 0.517002 0.148777
1226.000000 507.000000 0.612495 0.154283
99.000000 509.000000 -0.551644 0.152697
1047.000000 509.000000 0.393442 0.144651
86.000000 510.000000 -0.568620 0.154726
113.000000 510.000000 -0.533847 0.152713
1151.000000 511.000000 0.514791 0.152749
1170.000000 511.000000 0.538687 0.154106
1176.000000 511.000000 0.546361 0.154551
1196.000000 512.000000 0.572480 0.157139
1249.000000 512.000000 0.645051 0.161635
241.000000 513.000000 -0.384287 0.148116
1066.000000 513.000000 0.414733 0.149570
1164.000000 513.000000 0.531220 0.155738
1142.000000 514.000000 0.503884 0.155206
1200.000000 514.000000 0.577937 0.159566
1249.000000 514.000000 0.645232 0.163799
38.000000 516.000000 -0.634218 0.165127
70.000000 516.000000 -0.590333 0.162339
204.000000 516.000000 -0.425500 0.153005
987.000000 516.000000 0.329661 0.148807
1173.000000 516.000000 0.542893 0.159526
1200.000000 517.000000 0.578184 0.162731
1146.000000 518.000000 0.509092 0.159593
1155.000000 518.000000 0.520275 0.160247
1075.000000 519.000000 0.425212 0.156039
1239.000000 519.000000 0.631589 0.168286
70.000000 520.000000 -0.590673 0.166581
312.000000 522.000000 -0.309801 0.153779
224.000000 523.000000 -0.403479 0.158860
1139.000000 523.000000 0.500841 0.164227
1158.000000 523.000000 0.524410 0.165645
1238.000000 523.000000 0.630562 0.172510
1041.000000 527.000000 0.387780 0.162104
1120.000000 527.000000 0.478118 0.166967
1135.000000 527.000000 0.496243 0.168043
1202.000000 527.000000 0.581708 0.173487
1239.000000 527.000000 0.632345 0.176930
100.000000 528.000000 -0.551855 0.172468
43.000000 529.000000 -0.628446 0.178690
1176.000000 529.000000 0.547790 0.173346
1199.000000 529.000000 0.577891 0.175342
1241.000000 529.000000 0.635350 0.179292
1066.000000 530.000000 0.415692 0.166500
1162.000000 530.000000 0.530005 0.173234
1178.000000 530.000000 0.550455 0.174564
973.000000 531.000000 0.315790 0.162757
385.000000 532.000000 -0.237244 0.160813
1011.000000 532.000000 0.355642 0.165482
1162.000000 532.000000 0.530168 0.175318
1179.000000 532.000000 0.551920 0.176751
1240.000000 532.000000 0.634242 0.182448
394.000000 533.000000 -0.228510 0.161493
486.000000 533.000000 -0.141086 0.159339
48.000000 534.000000 -0.621985 0.183605
1161.000000 534.000000 0.529069 0.177321
1193.000000 534.000000 0.570394 0.180102
1143.000000 535.000000 0.506670 0.176900
1168.000000 536.000000 0.538127 0.180002
1091.000000 537.000000 0.444668 0.175131
219.000000 538.000000 -0.409914 0.174092
1275.000000 538.000000 0.685162 0.192693
41.000000 540.000000 -0.632342 0.190817
1012.000000 540.000000 0.357116 0.173399
1194.000000 540.000000 0.572271 0.186564
1200.000000 540.000000 0.580241 0.187134
449.000000 543.000000 -0.176055 0.169510
56.000000 544.000000 -0.611954 0.193606
1204.000000 544.000000 0.585983 0.191799
1273.000000 544.000000 0.682894 0.199133
229.000000 545.000000 -0.399214 0.180479
849.000000 545.000000 0.193586 0.171896
160.000000 546.000000 -0.478719 0.186292
433.000000 546.000000 -0.191339 0.172751
986.000000 546.000000 0.329968 0.177974
1024.000000 546.000000 0.370333 0.179981
450.000000 547.000000 -0.175203 0.173271
441.000000 548.000000 -0.183770 0.174442
1017.000000 548.000000 0.362903 0.181570
1161.000000 549.000000 0.530372 0.193022
443.000000 550.000000 -0.181919 0.176289
1017.000000 550.000000 0.363015 0.183551
1238.000000 550.000000 0.633321 0.201851
1159.000000 551.000000 0.528021 0.194942
1174.000000 551.000000 0.547183 0.196339
1193.000000 551.000000 0.572017 0.198193
1218.000000 551.000000 0.605681 0.200774
1252.000000 551.000000 0.653284 0.204513
1090.000000 552.000000 0.444570 0.190295
312.000000 553.000000 -0.311142 0.183876
1173.000000 553.000000 0.546085 0.198361
77.000000 554.000000 -0.584516 0.202218
1175.000000 554.000000 0.548763 0.199614
1249.000000 554.000000 0.649342 0.207479
312.000000 555.000000 -0.311237 0.185831
401.000000 555.000000 -0.222396 0.182271
1211.000000 555.000000 0.596564 0.204356
1158.000000 556.000000 0.527218 0.200109
348.000000 557.000000 -0.274748 0.186165
1243.000000 557.000000 0.641163 0.210095
900.000000 559.000000 0.243462 0.186902
998.000000 559.000000 0.343262 0.191399
1176.000000 559.000000 0.550550 0.205024
314.000000 560.000000 -0.309421 0.190630
1007.000000 560.000000 0.352880 0.192899
460.000000 562.000000 -0.166105 0.187268
317.000000 563.000000 -0.306483 0.193424
813.000000 563.000000 0.159865 0.188087
1010.000000 563.000000 0.356261 0.196056
1176.000000 563.000000 0.550954 0.209284
156.000000 564.000000 -0.485021 0.205234
1090.000000 564.000000 0.445486 0.202563
1137.000000 564.000000 0.501746 0.206564
1147.000000 564.000000 0.514150 0.207495
318.000000 565.000000 -0.305555 0.195337
885.000000 565.000000 0.228974 0.192141
273.000000 566.000000 -0.352676 0.198763
295.000000 566.000000 -0.329442 0.197515
449.000000 566.000000 -0.176635 0.191364
468.000000 566.000000 -0.158648 0.190882
910.000000 566.000000 0.253611 0.194057
428.000000 567.000000 -0.196717 0.192922
1003.000000 567.000000 0.349025 0.199622
1179.000000 567.000000 0.555269 0.213868
993.000000 569.000000 0.338542 0.201027
1138.000000 569.000000 0.503445 0.211900
170.000000 570.000000 -0.468749 0.210249
470.000000 572.000000 -0.156907 0.196555
991.000000 572.000000 0.336605 0.203892
1056.000000 572.000000 0.407250 0.208142
1095.000000 572.000000 0.451975 0.211199
1102.000000 572.000000 0.460216 0.211791
1121.000000 572.000000 0.482939 0.213467
973.000000 573.000000 0.317824 0.203874
1139.000000 573.000000 0.505064 0.216203
257.000000 574.000000 -0.370376 0.207756
1038.000000 574.000000 0.387374 0.208884
1148.000000 574.000000 0.516372 0.218142
894.000000 575.000000 0.238170 0.202150
1177.000000 575.000000 0.553519 0.222232
219.000000 576.000000 -0.412509 0.212454
1062.000000 576.000000 0.414308 0.212664
1148.000000 576.000000 0.516572 0.220260
182.000000 577.000000 -0.455161 0.216468
1053.000000 577.000000 0.404256 0.213005
181.000000 580.000000 -0.456597 0.219664
1055.000000 580.000000 0.406725 0.216212
225.000000 582.000000 -0.406219 0.218119
298.000000 583.000000 -0.327264 0.214213
916.000000 583.000000 0.260307 0.210877
1121.000000 583.000000 0.483968 0.224986
563.000000 584.000000 -0.070533 0.206319
1119.000000 584.000000 0.481641 0.225844
247.000000 585.000000 -0.382037 0.219543
1101.000000 585.000000 0.460181 0.225206
298.000000 586.000000 -0.327442 0.217204
994.000000 586.000000 0.340623 0.218042
1190.000000 586.000000 0.571867 0.235602
1197.000000 586.000000 0.581208 0.236440
468.000000 587.000000 -0.159180 0.210982
568.000000 587.000000 -0.065958 0.209121
1059.000000 587.000000 0.411778 0.223685
1075.000000 587.000000 0.430015 0.225000
1100.000000 587.000000 0.459180 0.227201
384.000000 588.000000 -0.240255 0.214824
1057.000000 588.000000 0.409600 0.224551
1169.000000 588.000000 0.544585 0.235332
346.000000 589.000000 -0.278229 0.217552
1117.000000 589.000000 0.479706 0.230906
1200.000000 589.000000 0.585605 0.240087
1225.000000 590.000000 0.619959 0.244362
1227.000000 590.000000 0.622745 0.244623
287.000000 593.000000 -0.339466 0.224896
1199.000000 593.000000 0.584755 0.244351
1235.000000 593.000000 0.634358 0.249030
911.000000 594.000000 0.255823 0.221444
1253.000000 594.000000 0.660132 0.252609
1022.000000 595.000000 0.371333 0.229025
288.000000 596.000000 -0.338601 0.227849
854.000000 597.000000 0.200015 0.222024
970.000000 597.000000 0.316082 0.227576
286.000000 598.000000 -0.340853 0.229995
1065.000000 598.000000 0.419502 0.235517
1124.000000 598.000000 0.489125 0.241126
212.000000 599.000000 -0.422316 0.236657
1241.000000 599.000000 0.643668 0.256583
953.000000 600.000000 0.298663 0.229571
981.000000 600.000000 0.327784 0.231272
97.000000 601.000000 -0.563329 0.250865
1036.000000 601.000000 0.387169 0.236215
433.000000 602.000000 -0.193058 0.226591
954.000000 602.000000 0.299807 0.231626
1129.000000 602.000000 0.495684 0.245914
1019.000000 603.000000 0.368656 0.236952
1201.000000 603.000000 0.588737 0.255628
1271.000000 603.000000 0.687566 0.265398
920.000000 604.000000 0.265325 0.231761
1252.000000 604.000000 0.660103 0.263792
927.000000 605.000000 0.272433 0.233117
933.000000 605.000000 0.278509 0.233438
1263.000000 605.000000 0.676168 0.266522
1271.000000 605.000000 0.687857 0.267689
751.000000 606.000000 0.102691 0.227931
970.000000 606.000000 0.316639 0.236608
975.000000 606.000000 0.321869 0.236928
1006.000000 606.000000 0.354798 0.239050
1213.000000 606.000000 0.605501 0.260566
463.000000 607.000000 -0.164497 0.230476
1116.000000 607.000000 0.480330 0.249849
1263.000000 607.000000 0.676460 0.268808
1076.000000 608.000000 0.433039 0.246911
1112.000000 608.000000 0.475594 0.250490
1260.000000 608.000000 0.672246 0.269511
911.000000 609.000000 0.256550 0.236265
1047.000000 609.000000 0.400085 0.245358
357.000000 610.000000 -0.268206 0.237792
967.000000 610.000000 0.313764 0.240446
1052.000000 610.000000 0.405797 0.246826
1195.000000 610.000000 0.581574 0.262581
985.000000 611.000000 0.332734 0.242648
997.000000 611.000000 0.345501 0.243490
1015.000000 611.000000 0.364910 0.244827
1043.000000 611.000000 0.395776 0.247088
1210.000000 611.000000 0.602071 0.265734
1198.000000 612.000000 0.585885 0.265203
1238.000000 612.000000 0.641261 0.270842
212.000000 613.000000 -0.423571 0.251226
1070.000000 613.000000 0.426582 0.251581
1160.000000 613.000000 0.535955 0.261370
1196.000000 613.000000 0.583324 0.266043
459.000000 614.000000 -0.168529 0.237429
960.000000 614.000000 0.306738 0.244035
1044.000000 614.000000 0.397151 0.250281
287.000000 615.000000 -0.340961 0.247154
964.000000 615.000000 0.310959 0.245299
986.000000 615.000000 0.334071 0.246779
1275.000000 615.000000 0.695224 0.279794
289.000000 617.000000 -0.338976 0.249048
521.000000 617.000000 -0.110049 0.238711
1158.000000 617.000000 0.533886 0.265487
289.000000 619.000000 -0.339120 0.251088
1215.000000 619.000000 0.610082 0.275411
118.000000 620.000000 -0.538391 0.269021
428.000000 620.000000 -0.198562 0.244428
575.000000 620.000000 -0.059857 0.240753
583.000000 620.000000 -0.052452 0.240668
1237.000000 620.000000 0.641026 0.279783
281.000000 621.000000 -0.347814 0.253723
289.000000 621.000000 -0.339265 0.253130
291.000000 621.000000 -0.337137 0.252985
1138.000000 621.000000 0.509029 0.267382
1240.000000 621.000000 0.645438 0.281374
364.000000 622.000000 -0.261800 0.249396
515.000000 622.000000 -0.115779 0.243709
587.000000 622.000000 -0.048771 0.242569
1238.000000 622.000000 0.642746 0.282213
208.000000 623.000000 -0.429127 0.262104
374.000000 623.000000 -0.251825 0.249866
395.000000 623.000000 -0.230966 0.248826
579.000000 623.000000 -0.056186 0.243620
845.000000 623.000000 0.192287 0.247177
915.000000 623.000000 0.261297 0.250433
1202.000000 623.000000 0.592837 0.278038
245.000000 624.000000 -0.387333 0.259731
1104.000000 624.000000 0.467682 0.266691
1220.000000 624.000000 0.617745 0.281788
974.000000 625.000000 0.322098 0.256119
1126.000000 625.000000 0.494588 0.270282
1238.000000 625.000000 0.643202 0.285639
416.000000 626.000000 -0.210484 0.250858
575.000000 626.000000 -0.059926 0.246581
1276.000000 626.000000 0.698392 0.292701
282.000000 627.000000 -0.347198 0.259805
920.000000 627.000000 0.266564 0.254725
1000.000000 627.000000 0.349919 0.260094
493.000000 628.000000 -0.136648 0.250126
540.000000 628.000000 -0.092509 0.249053
574.000000 628.000000 -0.060877 0.248540
1205.000000 628.000000 0.597652 0.284094
933.000000 629.000000 0.279885 0.257503
1132.000000 629.000000 0.502510 0.275345
517.000000 630.000000 -0.114083 0.251483
528.000000 630.000000 -0.103767 0.251243
214.000000 631.000000 -0.423006 0.269956
860.000000 631.000000 0.207195 0.255722
1207.000000 631.000000 0.600833 0.287776
75.000000 633.000000 -0.597157 0.289412
487.000000 633.000000 -0.142472 0.255211
531.000000 633.000000 -0.101020 0.254119
1008.000000 633.000000 0.359055 0.266935
522.000000 634.000000 -0.109479 0.255293
539.000000 634.000000 -0.093555 0.254942
1208.000000 634.000000 0.602654 0.291321
1046.000000 635.000000 0.401308 0.272402
1111.000000 635.000000 0.477397 0.279328
1125.000000 635.000000 0.494561 0.281017
519.000000 636.000000 -0.112342 0.257326
738.000000 636.000000 0.091121 0.256876
974.000000 636.000000 0.322889 0.267376
1023.000000 636.000000 0.375734 0.271338
1048.000000 636.000000 0.403665 0.273648
1113.000000 636.000000 0.479950 0.280649
990.000000 637.000000 0.339968 0.269623
1091.000000 637.000000 0.453600 0.279186
1161.000000 637.000000 0.540380 0.287903
216.000000 638.000000 -0.421413 0.277172
361.000000 638.000000 -0.265729 0.265670
578.000000 638.000000 -0.057282 0.258263
857.000000 638.000000 0.204573 0.262568
1118.000000 638.000000 0.486306 0.283424
1125.000000 638.000000 0.494932 0.284288
1207.000000 638.000000 0.601888 0.295709
541.000000 639.000000 -0.091780 0.259812
547.000000 639.000000 -0.086171 0.259701
559.000000 639.000000 -0.074974 0.259501
974.000000 639.000000 0.323111 0.270461
1027.000000 639.000000 0.380427 0.274835
159.000000 640.000000 -0.489351 0.285733
361.000000 641.000000 -0.265907 0.268709
399.000000 641.000000 -0.227888 0.266628
973.000000 641.000000 0.322204 0.272446
1002.000000 641.000000 0.353211 0.274743
1081.000000 641.000000 0.442230 0.282370
1094.000000 641.000000 0.457624 0.283832
1137.000000 641.000000 0.510287 0.289108
115.000000 642.000000 -0.545213 0.293735
315.000000 642.000000 -0.313333 0.272760
988.000000 642.000000 0.338224 0.274638
996.000000 642.000000 0.346813 0.275286
1172.000000 642.000000 0.555440 0.295024
268.000000 643.000000 -0.363660 0.277532
429.000000 643.000000 -0.198543 0.267232
148.000000 644.000000 -0.503474 0.291500
985.000000 644.000000 0.335177 0.276472
1003.000000 644.000000 0.354548 0.277952
1095.000000 644.000000 0.459165 0.287188
360.000000 645.000000 -0.267161 0.272833
531.000000 645.000000 -0.101272 0.265926
1135.000000 645.000000 0.508299 0.293251
202.000000 646.000000 -0.438499 0.287202
267.000000 646.000000 -0.365016 0.280757
749.000000 646.000000 0.101633 0.266949
370.000000 647.000000 -0.257168 0.274268
978.000000 647.000000 0.327959 0.279029
994.000000 648.000000 0.345155 0.281365
1006.000000 648.000000 0.358155 0.282391
1026.000000 648.000000 0.380149 0.284205
121.000000 649.000000 -0.538426 0.300702
214.000000 649.000000 -0.424870 0.289112
557.000000 649.000000 -0.077001 0.269382
980.000000 649.000000 0.330244 0.281262
332.000000 650.000000 -0.296190 0.279777
1031.000000 651.000000 0.386004 0.287852
122.000000 652.000000 -0.537562 0.303914
608.000000 652.000000 -0.029544 0.271763
992.000000 652.000000 0.343337 0.285372
1022.000000 652.000000 0.376090 0.288050
1024.000000 652.000000 0.378307 0.288239
1120.000000 652.000000 0.490533 0.298997
329.000000 653.000000 -0.299516 0.283080
559.000000 653.000000 -0.075197 0.273307
942.000000 653.000000 0.290690 0.282563
1114.000000 653.000000 0.483276 0.299322
1178.000000 653.000000 0.565000 0.308300
282.000000 654.000000 -0.349402 0.287828
417.000000 654.000000 -0.210786 0.278842
987.000000 654.000000 0.338132 0.287042
1041.000000 654.000000 0.397534 0.292031
1098.000000 654.000000 0.463960 0.298411
328.000000 655.000000 -0.300701 0.285217
490.000000 655.000000 -0.140288 0.276941
506.000000 655.000000 -0.125092 0.276466
1019.000000 655.000000 0.373054 0.290937
1024.000000 655.000000 0.378593 0.291414
1178.000000 655.000000 0.565305 0.310567
1214.000000 655.000000 0.614248 0.316282
320.000000 656.000000 -0.309129 0.286844
623.000000 656.000000 -0.015629 0.275645
1022.000000 656.000000 0.376470 0.292281
318.000000 657.000000 -0.311302 0.288033
510.000000 657.000000 -0.121360 0.278350
558.000000 657.000000 -0.076199 0.277292
330.000000 658.000000 -0.298838 0.288175
376.000000 658.000000 -0.251775 0.285124
391.000000 658.000000 -0.236737 0.284256
505.000000 658.000000 -0.126125 0.279488
542.000000 658.000000 -0.091217 0.278585
619.000000 658.000000 -0.019354 0.277642
756.000000 658.000000 0.108503 0.279026
989.000000 658.000000 0.340619 0.291398
1258.000000 658.000000 0.677326 0.327202
332.000000 659.000000 -0.296832 0.289065
507.000000 659.000000 -0.124257 0.280431
524.000000 659.000000 -0.108181 0.279984
634.000000 659.000000 -0.005414 0.278594
1096.000000 659.000000 0.462171 0.303629
1105.000000 659.000000 0.473054 0.304763
382.000000 660.000000 -0.245860 0.286813
1076.000000 660.000000 0.438512 0.302307
1103.000000 660.000000 0.470753 0.305607
1107.000000 660.000000 0.475617 0.306120
158.000000 661.000000 -0.493289 0.308942
391.000000 661.000000 -0.236906 0.287316
476.000000 661.000000 -0.153864 0.283421
515.000000 661.000000 -0.116735 0.282211
368.000000 662.000000 -0.260104 0.289717
383.000000 662.000000 -0.244974 0.288801
866.000000 662.000000 0.214553 0.287183
1105.000000 662.000000 0.473439 0.308065
157.000000 663.000000 -0.494798 0.311296
361.000000 663.000000 -0.267281 0.291195
388.000000 663.000000 -0.240020 0.289532
484.000000 663.000000 -0.146275 0.285154
559.000000 663.000000 -0.075365 0.283247
614.000000 663.000000 -0.024028 0.282631
877.000000 663.000000 0.225497 0.288783
1027.000000 663.000000 0.382720 0.300214
1122.000000 663.000000 0.494476 0.311429
56.000000 664.000000 -0.628359 0.327999
129.000000 664.000000 -0.530287 0.316373
486.000000 664.000000 -0.144397 0.286092
498.000000 664.000000 -0.132953 0.285705
528.000000 664.000000 -0.104528 0.284883
1069.000000 664.000000 0.430777 0.305835
1089.000000 664.000000 0.454401 0.308236
54.000000 665.000000 -0.631334 0.329504
332.000000 665.000000 -0.297273 0.295291
531.000000 665.000000 -0.101722 0.285813
1046.000000 665.000000 0.404359 0.304337
1080.000000 665.000000 0.443824 0.308228
1139.000000 665.000000 0.516112 0.316047
524.000000 666.000000 -0.108355 0.286985
559.000000 666.000000 -0.075417 0.286243
717.000000 666.000000 0.072004 0.286202
932.000000 666.000000 0.281282 0.295293
1120.000000 666.000000 0.492403 0.314492
1253.000000 666.000000 0.671467 0.335778
357.000000 667.000000 -0.271629 0.295590
629.000000 667.000000 -0.010079 0.286559
1177.000000 667.000000 0.565849 0.324084
65.000000 668.000000 -0.616484 0.331131
373.000000 668.000000 -0.255420 0.295576
1117.000000 668.000000 0.488961 0.316307
1259.000000 668.000000 0.680518 0.339201
329.000000 669.000000 -0.300702 0.299686
530.000000 669.000000 -0.102761 0.289847
633.000000 669.000000 -0.006357 0.288549
968.000000 669.000000 0.319120 0.301175
1102.000000 669.000000 0.470704 0.315402
1171.000000 669.000000 0.558200 0.325418
42.000000 670.000000 -0.649156 0.337435
267.000000 670.000000 -0.367244 0.306121
355.000000 670.000000 -0.273881 0.298834
372.000000 670.000000 -0.256560 0.297703
559.000000 670.000000 -0.075487 0.290247
630.000000 670.000000 -0.009154 0.289553
1012.000000 670.000000 0.366768 0.306197
1252.000000 670.000000 0.670725 0.340337
540.000000 671.000000 -0.093374 0.291626
19.000000 672.000000 -0.682546 0.343843
267.000000 672.000000 -0.367440 0.308256
329.000000 672.000000 -0.300934 0.302822
331.000000 672.000000 -0.298845 0.302668
532.000000 672.000000 -0.100944 0.292815
552.000000 672.000000 -0.082099 0.292383
985.000000 672.000000 0.337538 0.305798
1012.000000 672.000000 0.366964 0.308333
1255.000000 672.000000 0.675421 0.343242
368.000000 673.000000 -0.260815 0.301067
511.000000 673.000000 -0.120860 0.294376
546.000000 673.000000 -0.087765 0.293508
981.000000 673.000000 0.333327 0.306502
270.000000 674.000000 -0.364332 0.310099
378.000000 674.000000 -0.250744 0.301455
390.000000 674.000000 -0.238665 0.300715
394.000000 674.000000 -0.234658 0.300477
537.000000 674.000000 -0.096271 0.294711
879.000000 674.000000 0.228103 0.300167
984.000000 674.000000 0.336640 0.307828
1091.000000 674.000000 0.458065 0.319496
1099.000000 674.000000 0.467723 0.320546
1148.000000 674.000000 0.528956 0.327539
373.000000 675.000000 -0.255869 0.302811
648.000000 675.000000 0.007627 0.294559
964.000000 675.000000 0.315380 0.307156
1038.000000 675.000000 0.396354 0.314261
1192.000000 675.000000 0.587347 0.335760
49.000000 676.000000 -0.640286 0.343274
378.000000 676.000000 -0.250871 0.303525
646.000000 676.000000 0.005763 0.295559
1028.000000 676.000000 0.385181 0.314264
1102.000000 676.000000 0.471638 0.323170
1015.000000 677.000000 0.370783 0.313991
17.000000 678.000000 -0.686512 0.351346
966.000000 678.000000 0.317752 0.310491
1115.000000 678.000000 0.487878 0.327201
1170.000000 678.000000 0.558322 0.335580
44.000000 679.000000 -0.647903 0.347705
319.000000 679.000000 -0.312000 0.310982
339.000000 679.000000 -0.291050 0.309387
549.000000 679.000000 -0.085063 0.299492
1011.000000 679.000000 0.366559 0.315734
1017.000000 679.000000 0.373208 0.316347
1048.000000 679.000000 0.408207 0.319726
1143.000000 679.000000 0.523297 0.332455
1154.000000 679.000000 0.537492 0.334164
1194.000000 679.000000 0.590749 0.340748
306.000000 680.000000 -0.325885 0.313149
361.000000 680.000000 -0.268432 0.308822
369.000000 680.000000 -0.260265 0.308271
384.000000 680.000000 -0.245068 0.307291
623.000000 680.000000 -0.015713 0.299605
376.000000 681.000000 -0.253220 0.308846
576.000000 681.000000 -0.059710 0.301038
588.000000 681.000000 -0.048458 0.300881
919.000000 681.000000 0.268985 0.309986
1157.000000 681.000000 0.541715 0.336929
1193.000000 681.000000 0.589729 0.342907
368.000000 682.000000 -0.261420 0.310424
624.000000 682.000000 -0.014786 0.301616
672.000000 682.000000 0.030079 0.301713
769.000000 682.000000 0.121486 0.303537
1067.000000 682.000000 0.430598 0.325281
1116.000000 682.000000 0.489689 0.331838
350.000000 683.000000 -0.279956 0.312755
534.000000 683.000000 -0.099319 0.303877
573.000000 683.000000 -0.062557 0.303103
1052.000000 683.000000 0.413275 0.324564
1237.000000 683.000000 0.651513 0.353079
346.000000 684.000000 -0.284167 0.314105
531.000000 684.000000 -0.102185 0.304967
1009.000000 684.000000 0.364857 0.320912
1234.000000 684.000000 0.647418 0.353723
1267.000000 684.000000 0.695037 0.359741
152.000000 685.000000 -0.504175 0.336691
255.000000 685.000000 -0.382115 0.323484
670.000000 685.000000 0.028229 0.304728
673.000000 685.000000 0.031038 0.304750
971.000000 685.000000 0.323685 0.318352
1068.000000 685.000000 0.432145 0.328715
1149.000000 685.000000 0.531959 0.340241
346.000000 686.000000 -0.284320 0.316210
356.000000 686.000000 -0.273993 0.315461
519.000000 686.000000 -0.113630 0.307322
541.000000 686.000000 -0.092768 0.306756
555.000000 686.000000 -0.079548 0.306456
617.000000 686.000000 -0.021349 0.305686
654.000000 686.000000 0.013262 0.305655
677.000000 686.000000 0.034792 0.305795
1112.000000 686.000000 0.485309 0.335768
1154.000000 686.000000 0.538607 0.342189
1239.000000 686.000000 0.654918 0.357017
168.000000 687.000000 -0.484543 0.336609
528.000000 687.000000 -0.105107 0.308094
561.000000 687.000000 -0.073912 0.307356
774.000000 687.000000 0.126412 0.308785
1043.000000 687.000000 0.403405 0.327888
1158.000000 687.000000 0.543990 0.343989
31.000000 688.000000 -0.668104 0.360768
376.000000 688.000000 -0.253688 0.316149
625.000000 688.000000 -0.013871 0.307677
651.000000 688.000000 0.010461 0.307670
671.000000 688.000000 0.029188 0.307772
1006.000000 688.000000 0.361955 0.324922
299.000000 689.000000 -0.334204 0.323375
373.000000 689.000000 -0.256807 0.317401
512.000000 689.000000 -0.120384 0.310587
515.000000 689.000000 -0.117524 0.310497
1004.000000 689.000000 0.359853 0.325798
312.000000 690.000000 -0.320370 0.323260
538.000000 690.000000 -0.095702 0.310896
628.000000 690.000000 -0.011068 0.309695
1019.000000 690.000000 0.376602 0.328463
40.000000 691.000000 -0.655772 0.362705
624.000000 691.000000 -0.014817 0.310723
6.000000 692.000000 -0.705044 0.370146
49.000000 692.000000 -0.643169 0.362244
640.000000 692.000000 0.000168 0.311711
151.000000 693.000000 -0.506646 0.345943
314.000000 693.000000 -0.318507 0.326287
388.000000 693.000000 -0.241867 0.320586
524.000000 693.000000 -0.109071 0.314325
622.000000 693.000000 -0.016699 0.312763
962.000000 693.000000 0.314807 0.326087
976.000000 693.000000 0.329775 0.327363
992.000000 693.000000 0.347104 0.328908
1034.000000 693.000000 0.393840 0.333420
1238.000000 693.000000 0.654781 0.365200
1276.000000 693.000000 0.709840 0.372239
51.000000 694.000000 -0.640710 0.364262
370.000000 694.000000 -0.260216 0.322863
658.000000 694.000000 0.017040 0.313787
1109.000000 694.000000 0.482766 0.344376
1227.000000 694.000000 0.639320 0.364351
339.000000 695.000000 -0.292314 0.326285
681.000000 695.000000 0.038629 0.314973
1035.000000 695.000000 0.395210 0.335732
364.000000 696.000000 -0.266506 0.325407
515.000000 696.000000 -0.117736 0.317662
582.000000 696.000000 -0.054284 0.316177
623.000000 696.000000 -0.015774 0.315813
1070.000000 696.000000 0.435918 0.341187
1116.000000 696.000000 0.491755 0.347693
1118.000000 696.000000 0.494252 0.347997
1154.000000 696.000000 0.540246 0.353735
1224.000000 696.000000 0.635451 0.366183
385.000000 697.000000 -0.245166 0.324983
528.000000 697.000000 -0.105376 0.318311
929.000000 697.000000 0.280494 0.327587
1037.000000 697.000000 0.397724 0.338168
359.000000 698.000000 -0.271798 0.327897
424.000000 698.000000 -0.206171 0.323635
574.000000 698.000000 -0.061850 0.318340
590.000000 698.000000 -0.046782 0.318116
628.000000 698.000000 -0.011090 0.317836
848.000000 698.000000 0.198680 0.323287
277.000000 699.000000 -0.359162 0.336355
513.000000 699.000000 -0.119740 0.320808
529.000000 699.000000 -0.104480 0.320337
632.000000 699.000000 -0.007338 0.318849
215.000000 700.000000 -0.429768 0.344748
291.000000 700.000000 -0.343930 0.336004
326.000000 700.000000 -0.306397 0.332720
359.000000 700.000000 -0.271950 0.330018
396.000000 700.000000 -0.234255 0.327413
635.000000 700.000000 -0.004524 0.319866
281.000000 701.000000 -0.354969 0.338114
382.000000 701.000000 -0.248482 0.329403
418.000000 701.000000 -0.212299 0.327112
537.000000 701.000000 -0.096924 0.322181
626.000000 701.000000 -0.012976 0.320908
638.000000 701.000000 -0.001708 0.320887
679.000000 701.000000 0.036809 0.321082
940.000000 701.000000 0.292286 0.332741
1050.000000 701.000000 0.413159 0.344183
508.000000 702.000000 -0.124622 0.324062
684.000000 702.000000 0.041525 0.322159
961.000000 702.000000 0.314553 0.335652
290.000000 703.000000 -0.345323 0.339363
318.000000 703.000000 -0.315152 0.336660
335.000000 703.000000 -0.297172 0.335157
421.000000 703.000000 -0.209432 0.329034
977.000000 703.000000 0.331809 0.338245
1160.000000 703.000000 0.549304 0.362905
297.000000 704.000000 -0.337811 0.339745
365.000000 704.000000 -0.266075 0.333812
397.000000 704.000000 -0.233507 0.331560
638.000000 704.000000 -0.001709 0.323960
588.000000 705.000000 -0.048753 0.325314
1203.000000 705.000000 0.607773 0.373013
362.000000 706.000000 -0.269317 0.336170
395.000000 706.000000 -0.235656 0.333804
1115.000000 706.000000 0.492042 0.358982
1167.000000 706.000000 0.559095 0.367646
521.000000 707.000000 -0.112340 0.328817
661.000000 707.000000 0.019923 0.327101
1067.000000 707.000000 0.433842 0.353118
199.000000 708.000000 -0.449839 0.355917
346.000000 708.000000 -0.286075 0.339591
353.000000 708.000000 -0.278788 0.339018
646.000000 708.000000 0.005815 0.328075
1076.000000 708.000000 0.444680 0.355488
351.000000 709.000000 -0.280948 0.340252
360.000000 709.000000 -0.271615 0.339530
631.000000 709.000000 -0.008297 0.329107
643.000000 709.000000 0.002994 0.329101
649.000000 709.000000 0.008640 0.329111
902.000000 709.000000 0.253603 0.338293
1038.000000 709.000000 0.400326 0.351588
1042.000000 709.000000 0.404924 0.352089
1267.000000 709.000000 0.699670 0.390021
602.000000 710.000000 -0.035611 0.330305
3.000000 711.000000 -0.712899 0.393786
395.000000 711.000000 -0.235992 0.339101
977.000000 711.000000 0.332602 0.346943
985.000000 711.000000 0.341298 0.347761
1039.000000 711.000000 0.401724 0.353944
336.000000 712.000000 -0.296901 0.344752
367.000000 712.000000 -0.264628 0.342194
374.000000 712.000000 -0.257437 0.341662
376.000000 712.000000 -0.255389 0.341513
634.000000 712.000000 -0.005478 0.332196
1207.000000 712.000000 0.614644 0.382151
360.000000 713.000000 -0.271933 0.343815
395.000000 713.000000 -0.236127 0.341226
637.000000 713.000000 -0.002654 0.333226
678.000000 713.000000 0.035986 0.333419
365.000000 714.000000 -0.266845 0.344492
593.000000 714.000000 -0.044146 0.334535
640.000000 714.000000 0.000172 0.334259
642.000000 714.000000 0.002057 0.334260
663.000000 714.000000 0.021847 0.334332
666.000000 714.000000 0.024676 0.334352
1140.000000 714.000000 0.525107 0.372344
1206.000000 714.000000 0.613636 0.384366
257.000000 715.000000 -0.383278 0.356212
347.000000 715.000000 -0.285619 0.347039
514.000000 715.000000 -0.119299 0.337350
606.000000 715.000000 -0.031884 0.335436
668.000000 715.000000 0.026569 0.335401
981.000000 715.000000 0.337354 0.351728
1128.000000 715.000000 0.509891 0.371491
330.000000 716.000000 -0.303597 0.349622
391.000000 716.000000 -0.240389 0.344700
419.000000 716.000000 -0.212198 0.342859
519.000000 716.000000 -0.114535 0.338230
657.000000 716.000000 0.016201 0.336370
673.000000 716.000000 0.031296 0.336478
874.000000 716.000000 0.225683 0.343793
