54.000000 3.000000 -0.640827 -0.390031
880.000000 3.000000 0.231769 -0.343913
942.000000 3.000000 0.295731 -0.348788
1157.000000 3.000000 0.547773 -0.377487
120.000000 4.000000 -0.550417 -0.376448
866.000000 4.000000 0.217611 -0.341930
1031.000000 4.000000 0.393133 -0.357171
1063.000000 4.000000 0.430295 -0.361374
1090.000000 4.000000 0.462682 -0.365269
1165.000000 4.000000 0.558189 -0.377743
1188.000000 4.000000 0.589196 -0.382000
53.000000 5.000000 -0.641852 -0.387801
69.000000 5.000000 -0.619405 -0.384720
952.000000 5.000000 0.306132 -0.347529
961.000000 5.000000 0.315726 -0.348377
987.000000 5.000000 0.343854 -0.351000
1033.000000 5.000000 0.395294 -0.356302
1086.000000 5.000000 0.457672 -0.363527
1155.000000 5.000000 0.544783 -0.374769
1171.000000 5.000000 0.566017 -0.377649
1225.000000 5.000000 0.640482 -0.387905
992.000000 6.000000 0.349229 -0.350434
1013.000000 6.000000 0.372531 -0.352781
1027.000000 6.000000 0.388330 -0.354446
1051.000000 6.000000 0.415945 -0.357493
1065.000000 6.000000 0.432383 -0.359385
1132.000000 6.000000 0.514783 -0.369632
382.000000 7.000000 -0.249295 -0.340793
898.000000 7.000000 0.249771 -0.340917
986.000000 7.000000 0.342550 -0.348700
989.000000 7.000000 0.345831 -0.349016
1070.000000 7.000000 0.438175 -0.358948
1106.000000 7.000000 0.481882 -0.364270
1112.000000 7.000000 0.489347 -0.365213
1118.000000 7.000000 0.496864 -0.366171
1125.000000 7.000000 0.505703 -0.367308
46.000000 8.000000 -0.651191 -0.385516
271.000000 8.000000 -0.367176 -0.349903
797.000000 8.000000 0.149446 -0.334105
960.000000 8.000000 0.314371 -0.345020
996.000000 8.000000 0.353415 -0.348667
998.000000 8.000000 0.355621 -0.348885
1024.000000 8.000000 0.384686 -0.351859
1171.000000 8.000000 0.565471 -0.374091
88.000000 9.000000 -0.592447 -0.376339
119.000000 9.000000 -0.550851 -0.370729
262.000000 9.000000 -0.377124 -0.349826
1021.000000 9.000000 0.381176 -0.350392
1050.000000 9.000000 0.414388 -0.353991
1092.000000 9.000000 0.464371 -0.359846
1101.000000 9.000000 0.475396 -0.361201
121.000000 10.000000 -0.548043 -0.369203
259.000000 10.000000 -0.380381 -0.349068
804.000000 10.000000 0.156155 -0.332316
1031.000000 10.000000 0.392394 -0.350481
1062.000000 10.000000 0.428296 -0.354459
1068.000000 10.000000 0.435384 -0.355276
126.000000 11.000000 -0.541316 -0.367164
266.000000 11.000000 -0.372414 -0.347159
865.000000 11.000000 0.216173 -0.334459
1074.000000 11.000000 0.442380 -0.354978
1101.000000 11.000000 0.475092 -0.358909
1154.000000 11.000000 0.542418 -0.367537
120.000000 12.000000 -0.549009 -0.367030
701.000000 12.000000 0.057627 -0.327220
960.000000 12.000000 0.313996 -0.340685
1029.000000 12.000000 0.389877 -0.348018
1036.000000 12.000000 0.397859 -0.348868
1095.000000 12.000000 0.467586 -0.356867
1097.000000 12.000000 0.470032 -0.357165
1103.000000 12.000000 0.477404 -0.358068
1149.000000 12.000000 0.535711 -0.365504
48.000000 13.000000 -0.647394 -0.379089
134.000000 13.000000 -0.530574 -0.363467
267.000000 13.000000 -0.371072 -0.344843
865.000000 13.000000 0.216051 -0.332351
1042.000000 13.000000 0.404622 -0.348499
1167.000000 13.000000 0.559236 -0.367468
156.000000 14.000000 -0.502326 -0.358716
265.000000 14.000000 -0.373193 -0.343967
280.000000 14.000000 -0.356550 -0.342323
722.000000 14.000000 0.077457 -0.325545
740.000000 14.000000 0.094544 -0.325963
997.000000 14.000000 0.353872 -0.342196
1037.000000 14.000000 0.398758 -0.346768
1049.000000 14.000000 0.412582 -0.348268
1053.000000 14.000000 0.417229 -0.348782
1089.000000 14.000000 0.459991 -0.353712
1101.000000 14.000000 0.474640 -0.355480
1142.000000 14.000000 0.526294 -0.361988
1151.000000 14.000000 0.537977 -0.363509
132.000000 15.000000 -0.532828 -0.361474
1044.000000 15.000000 0.406676 -0.346523
1064.000000 15.000000 0.429980 -0.349106
1096.000000 15.000000 0.468364 -0.353597
1161.000000 15.000000 0.550932 -0.364064
105.000000 16.000000 -0.568204 -0.364962
285.000000 16.000000 -0.350845 -0.339613
843.000000 16.000000 0.194038 -0.327943
847.000000 16.000000 0.197989 -0.328160
1020.000000 16.000000 0.379235 -0.342542
1034.000000 16.000000 0.395088 -0.344186
1060.000000 16.000000 0.425147 -0.347456
1144.000000 16.000000 0.528544 -0.359996
49.000000 17.000000 -0.645218 -0.374082
117.000000 17.000000 -0.552095 -0.361692
130.000000 17.000000 -0.535087 -0.359483
149.000000 17.000000 -0.510699 -0.356373
257.000000 17.000000 -0.381822 -0.341575
263.000000 17.000000 -0.375092 -0.340895
744.000000 17.000000 0.098271 -0.322975
1062.000000 17.000000 0.427363 -0.346600
1094.000000 17.000000 0.465631 -0.351031
1169.000000 17.000000 0.561192 -0.363118
853.000000 18.000000 0.203817 -0.326400
929.000000 18.000000 0.280851 -0.331560
1021.000000 18.000000 0.380131 -0.340455
1029.000000 18.000000 0.389164 -0.341382
1037.000000 18.000000 0.398272 -0.342334
1045.000000 18.000000 0.407455 -0.343313
1135.000000 18.000000 0.516640 -0.356197
1139.000000 18.000000 0.521767 -0.356849
1147.000000 18.000000 0.532095 -0.358174
1171.000000 18.000000 0.563683 -0.362295
254.000000 19.000000 -0.384972 -0.339718
295.000000 19.000000 -0.339636 -0.335338
932.000000 19.000000 0.283891 -0.330736
1048.000000 19.000000 0.410794 -0.342575
1066.000000 19.000000 0.431805 -0.344890
1083.000000 19.000000 0.452038 -0.347201
1119.000000 19.000000 0.496223 -0.352507
1151.000000 19.000000 0.537129 -0.357682
1175.000000 19.000000 0.568859 -0.361826
52.000000 20.000000 -0.640409 -0.369916
117.000000 20.000000 -0.551580 -0.358187
807.000000 20.000000 0.158636 -0.322049
900.000000 20.000000 0.250880 -0.327262
962.000000 20.000000 0.315392 -0.332242
1019.000000 20.000000 0.377658 -0.338032
1103.000000 20.000000 0.476205 -0.348943
1144.000000 20.000000 0.527880 -0.355356
282.000000 21.000000 -0.353616 -0.334482
744.000000 21.000000 0.098166 -0.318863
1060.000000 21.000000 0.424497 -0.341873
1084.000000 21.000000 0.452962 -0.345088
1150.000000 21.000000 0.535492 -0.355191
1228.000000 21.000000 0.641667 -0.369185
59.000000 22.000000 -0.630178 -0.366218
128.000000 22.000000 -0.536851 -0.354011
385.000000 22.000000 -0.245198 -0.324694
1049.000000 22.000000 0.411577 -0.339372
1073.000000 22.000000 0.439686 -0.342464
1108.000000 22.000000 0.482073 -0.347411
1143.000000 22.000000 0.526261 -0.352878
81.000000 23.000000 -0.599462 -0.360998
149.000000 23.000000 -0.509749 -0.349474
281.000000 23.000000 -0.354508 -0.332414
1022.000000 23.000000 0.380688 -0.335082
1037.000000 23.000000 0.397674 -0.336813
1079.000000 23.000000 0.446695 -0.342153
1099.000000 23.000000 0.470863 -0.344957
1134.000000 23.000000 0.514559 -0.350273
1157.000000 23.000000 0.544298 -0.354042
126.000000 24.000000 -0.539122 -0.352025
267.000000 24.000000 -0.369862 -0.332799
652.000000 24.000000 0.011420 -0.314474
993.000000 24.000000 0.348449 -0.330901
1051.000000 24.000000 0.413643 -0.337404
1074.000000 24.000000 0.440605 -0.340360
1032.000000 25.000000 0.391751 -0.334029
1089.000000 25.000000 0.458429 -0.341283
1135.000000 25.000000 0.515517 -0.348134
1140.000000 25.000000 0.521915 -0.348932
149.000000 26.000000 -0.509281 -0.346038
268.000000 26.000000 -0.368538 -0.330515
470.000000 26.000000 -0.160901 -0.315908
1132.000000 26.000000 0.511539 -0.346514
1167.000000 26.000000 0.556975 -0.352246
1174.000000 26.000000 0.566295 -0.353448
295.000000 27.000000 -0.338856 -0.326701
988.000000 27.000000 0.342702 -0.327164
1038.000000 27.000000 0.398343 -0.332531
1040.000000 27.000000 0.400627 -0.332766
1052.000000 27.000000 0.414430 -0.334210
1095.000000 27.000000 0.465417 -0.339873
1147.000000 27.000000 0.530612 -0.347759
1228.000000 27.000000 0.640545 -0.362004
149.000000 28.000000 -0.508972 -0.343753
976.000000 28.000000 0.329636 -0.324942
1021.000000 28.000000 0.379010 -0.329507
1085.000000 28.000000 0.453200 -0.337367
1155.000000 28.000000 0.540848 -0.347913
985.000000 29.000000 0.339253 -0.324720
1000.000000 29.000000 0.355611 -0.326202
1064.000000 29.000000 0.428158 -0.333494
1104.000000 29.000000 0.476123 -0.338899
1174.000000 29.000000 0.565778 -0.349948
294.000000 30.000000 -0.339651 -0.323572
1054.000000 30.000000 0.416379 -0.331144
1108.000000 30.000000 0.480899 -0.338347
1153.000000 30.000000 0.537912 -0.345276
464.000000 31.000000 -0.166505 -0.311017
699.000000 31.000000 0.055460 -0.307763
985.000000 31.000000 0.339062 -0.322572
1144.000000 31.000000 0.526098 -0.342677
1047.000000 32.000000 0.408059 -0.328102
1073.000000 32.000000 0.438371 -0.331319
1094.000000 32.000000 0.463507 -0.334120
1110.000000 32.000000 0.483077 -0.336378
1114.000000 32.000000 0.488028 -0.336960
1117.000000 32.000000 0.491757 -0.337400
1134.000000 32.000000 0.513147 -0.339966
1176.000000 32.000000 0.567940 -0.346797
137.000000 33.000000 -0.523469 -0.339902
283.000000 33.000000 -0.351315 -0.321413
295.000000 33.000000 -0.338286 -0.320262
983.000000 33.000000 0.336710 -0.320239
1132.000000 33.000000 0.510455 -0.338519
815.000000 34.000000 0.165796 -0.307964
1002.000000 34.000000 0.357302 -0.321010
1043.000000 34.000000 0.403238 -0.325441
1065.000000 34.000000 0.428701 -0.328090
1118.000000 34.000000 0.492709 -0.335285
1181.000000 34.000000 0.574307 -0.345323
719.000000 35.000000 0.074208 -0.304034
1038.000000 35.000000 0.397420 -0.323775
1041.000000 35.000000 0.400838 -0.324117
1048.000000 35.000000 0.408855 -0.324930
1150.000000 35.000000 0.533210 -0.339044
1094.000000 36.000000 0.462960 -0.329648
1121.000000 36.000000 0.496158 -0.333465
1229.000000 36.000000 0.640308 -0.351475
118.000000 37.000000 -0.547443 -0.338334
291.000000 37.000000 -0.342235 -0.316359
511.000000 37.000000 -0.121138 -0.303179
1049.000000 37.000000 0.409770 -0.322859
1084.000000 37.000000 0.450799 -0.327200
1092.000000 37.000000 0.460408 -0.328263
1208.000000 37.000000 0.610675 -0.346520
757.000000 38.000000 0.110058 -0.301866
1131.000000 38.000000 0.508431 -0.332687
1162.000000 38.000000 0.548380 -0.337528
92.000000 39.000000 -0.581689 -0.340322
98.000000 39.000000 -0.573616 -0.339313
508.000000 39.000000 -0.123935 -0.301239
1038.000000 39.000000 0.396969 -0.319419
1073.000000 39.000000 0.437479 -0.323574
1139.000000 39.000000 0.518441 -0.332762
1161.000000 40.000000 0.546745 -0.335068
604.000000 41.000000 -0.033459 -0.297388
1044.000000 41.000000 0.403579 -0.317920
1054.000000 41.000000 0.415062 -0.319072
1074.000000 41.000000 0.438408 -0.321495
1091.000000 41.000000 0.458670 -0.323681
1125.000000 41.000000 0.500433 -0.328407
1165.000000 41.000000 0.551840 -0.334565
1185.000000 41.000000 0.578508 -0.337868
258.000000 42.000000 -0.377975 -0.314254
385.000000 42.000000 -0.243901 -0.303822
1149.000000 42.000000 0.530816 -0.330887
114.000000 43.000000 -0.551726 -0.332089
332.000000 43.000000 -0.298149 -0.306491
1079.000000 43.000000 0.444073 -0.319920
1183.000000 43.000000 0.575477 -0.335217
118.000000 44.000000 -0.546326 -0.330310
133.000000 44.000000 -0.526902 -0.327989
1050.000000 44.000000 0.410109 -0.315339
1099.000000 44.000000 0.467940 -0.321413
1226.000000 44.000000 0.634626 -0.341476
1228.000000 44.000000 0.637453 -0.341831
137.000000 45.000000 -0.521633 -0.326252
261.000000 45.000000 -0.374331 -0.310722
268.000000 45.000000 -0.366587 -0.310021
314.000000 45.000000 -0.316912 -0.305839
1073.000000 45.000000 0.436733 -0.316973
1129.000000 45.000000 0.504874 -0.324484
1182.000000 45.000000 0.573801 -0.332739
1122.000000 46.000000 0.495961 -0.322354
1180.000000 46.000000 0.570952 -0.331256
1224.000000 46.000000 0.631451 -0.338769
134.000000 47.000000 -0.525168 -0.324438
261.000000 47.000000 -0.374129 -0.308578
271.000000 47.000000 -0.363089 -0.307589
323.000000 47.000000 -0.307259 -0.303004
1078.000000 47.000000 0.442388 -0.315394
1086.000000 47.000000 0.451898 -0.316398
1106.000000 47.000000 0.476065 -0.319020
1110.000000 47.000000 0.480967 -0.319563
1132.000000 47.000000 0.508363 -0.322670
1178.000000 47.000000 0.568113 -0.329778
1230.000000 47.000000 0.639754 -0.338650
332.000000 48.000000 -0.297762 -0.301254
625.000000 48.000000 -0.013817 -0.290249
985.000000 48.000000 0.337494 -0.304457
1062.000000 48.000000 0.423507 -0.312372
1118.000000 48.000000 0.490705 -0.319553
119.000000 49.000000 -0.544241 -0.324452
270.000000 49.000000 -0.363994 -0.305553
280.000000 49.000000 -0.353055 -0.304604
1070.000000 49.000000 0.432724 -0.312229
1105.000000 49.000000 0.474574 -0.316664
335.000000 50.000000 -0.294487 -0.298939
1064.000000 50.000000 0.425599 -0.310428
1078.000000 50.000000 0.442018 -0.312104
1107.000000 50.000000 0.476884 -0.315822
1115.000000 50.000000 0.486715 -0.316907
332.000000 51.000000 -0.297534 -0.298122
115.000000 52.000000 -0.549002 -0.321657
269.000000 52.000000 -0.364804 -0.302454
329.000000 52.000000 -0.300587 -0.297307
1226.000000 52.000000 0.633222 -0.332078
1230.000000 52.000000 0.638877 -0.332773
112.000000 53.000000 -0.552780 -0.320983
762.000000 53.000000 0.114392 -0.286867
1062.000000 53.000000 0.422927 -0.306935
1095.000000 53.000000 0.461927 -0.310936
1160.000000 53.000000 0.543396 -0.320074
1184.000000 53.000000 0.575179 -0.323856
110.000000 54.000000 -0.555255 -0.320155
257.000000 54.000000 -0.377870 -0.301494
281.000000 54.000000 -0.351507 -0.299212
332.000000 54.000000 -0.297309 -0.294997
1100.000000 54.000000 0.467837 -0.310476
1102.000000 54.000000 0.470263 -0.310736
1114.000000 54.000000 0.484938 -0.312324
1140.000000 54.000000 0.517482 -0.315962
1178.000000 54.000000 0.566985 -0.321747
112.000000 55.000000 -0.552472 -0.318709
117.000000 55.000000 -0.545929 -0.317945
261.000000 55.000000 -0.373336 -0.300035
287.000000 55.000000 -0.344918 -0.297618
297.000000 55.000000 -0.334166 -0.296748
498.000000 55.000000 -0.132966 -0.285391
1093.000000 55.000000 0.459268 -0.308483
1120.000000 55.000000 0.492219 -0.312027
1163.000000 55.000000 0.547009 -0.318264
1230.000000 55.000000 0.638356 -0.329257
289.000000 56.000000 -0.342672 -0.296388
761.000000 56.000000 0.113365 -0.283833
1063.000000 56.000000 0.423744 -0.303797
1099.000000 56.000000 0.466370 -0.308145
1108.000000 56.000000 0.477310 -0.309311
1125.000000 56.000000 0.498302 -0.311601
117.000000 57.000000 -0.545626 -0.315680
126.000000 57.000000 -0.533958 -0.314336
128.000000 57.000000 -0.531383 -0.314042
143.000000 57.000000 -0.512271 -0.311883
263.000000 57.000000 -0.370933 -0.297715
272.000000 57.000000 -0.361043 -0.296865
1092.000000 57.000000 0.457818 -0.306164
1118.000000 57.000000 0.489470 -0.309535
1121.000000 57.000000 0.493187 -0.309941
1148.000000 57.000000 0.527267 -0.313756
1219.000000 57.000000 0.622529 -0.325040
113.000000 58.000000 -0.550702 -0.315153
115.000000 58.000000 -0.548085 -0.314850
241.000000 58.000000 -0.395374 -0.298841
283.000000 58.000000 -0.348978 -0.294810
1135.000000 58.000000 0.510574 -0.310766
1163.000000 58.000000 0.546552 -0.314864
1169.000000 58.000000 0.554427 -0.315780
1188.000000 58.000000 0.579759 -0.318765
1202.000000 58.000000 0.598806 -0.321040
1208.000000 58.000000 0.607066 -0.322033
1217.000000 58.000000 0.619565 -0.323539
132.000000 59.000000 -0.525962 -0.311213
461.000000 59.000000 -0.168260 -0.282660
1092.000000 59.000000 0.457569 -0.303974
1228.000000 59.000000 0.634842 -0.324239
1265.000000 59.000000 0.688046 -0.330622
113.000000 60.000000 -0.550399 -0.312889
179.000000 60.000000 -0.467437 -0.303762
239.000000 60.000000 -0.397424 -0.296908
262.000000 60.000000 -0.371750 -0.294628
1162.000000 60.000000 0.544943 -0.312451
1164.000000 60.000000 0.547557 -0.312752
1188.000000 60.000000 0.579440 -0.316475
1192.000000 60.000000 0.584846 -0.317115
115.000000 61.000000 -0.547634 -0.311458
1092.000000 61.000000 0.457323 -0.301787
1124.000000 61.000000 0.496373 -0.305910
1136.000000 61.000000 0.511415 -0.307559
1159.000000 61.000000 0.540886 -0.310874
1180.000000 61.000000 0.568550 -0.314073
1200.000000 61.000000 0.595576 -0.317258
1222.000000 61.000000 0.626057 -0.320896
19.000000 62.000000 -0.680123 -0.325944
245.000000 62.000000 -0.390468 -0.294163
290.000000 62.000000 -0.341078 -0.289998
1094.000000 62.000000 0.459597 -0.300940
1189.000000 62.000000 0.580471 -0.314347
1090.000000 63.000000 0.454689 -0.299361
1125.000000 63.000000 0.497348 -0.303828
1129.000000 63.000000 0.502340 -0.304369
1157.000000 63.000000 0.537995 -0.308327
1169.000000 63.000000 0.553665 -0.310114
1215.000000 63.000000 0.615943 -0.317411
1219.000000 63.000000 0.621521 -0.318074
239.000000 64.000000 -0.397015 -0.292638
243.000000 64.000000 -0.392513 -0.292234
1099.000000 64.000000 0.465363 -0.299371
1134.000000 65.000000 0.508341 -0.302832
1152.000000 65.000000 0.531247 -0.305357
1155.000000 65.000000 0.535115 -0.305790
50.000000 66.000000 -0.635095 -0.316036
123.000000 66.000000 -0.536516 -0.304661
131.000000 66.000000 -0.526242 -0.303522
138.000000 67.000000 -0.517198 -0.301434
140.000000 67.000000 -0.514669 -0.301159
243.000000 67.000000 -0.392214 -0.289045
1109.000000 67.000000 0.477114 -0.297338
1122.000000 67.000000 0.493091 -0.299011
1229.000000 67.000000 0.634907 -0.315100
1112.000000 68.000000 0.480651 -0.296621
1134.000000 68.000000 0.507932 -0.299504
1261.000000 68.000000 0.680668 -0.319319
645.000000 69.000000 0.004799 -0.269371
1100.000000 69.000000 0.465955 -0.294037
1128.000000 69.000000 0.500285 -0.297595
1144.000000 69.000000 0.520444 -0.299763
1148.000000 69.000000 0.525547 -0.300321
1169.000000 69.000000 0.552768 -0.303343
56.000000 70.000000 -0.626016 -0.310425
654.000000 70.000000 0.013145 -0.268404
1087.000000 70.000000 0.450288 -0.291403
1108.000000 70.000000 0.475520 -0.293930
1140.000000 70.000000 0.515229 -0.298103
1152.000000 70.000000 0.530535 -0.299768
59.000000 71.000000 -0.621665 -0.308787
1129.000000 71.000000 0.501269 -0.295521
1144.000000 71.000000 0.520168 -0.297541
1159.000000 71.000000 0.539428 -0.299645
1223.000000 71.000000 0.625804 -0.309484
38.000000 72.000000 -0.651108 -0.311054
51.000000 72.000000 -0.632703 -0.308928
242.000000 72.000000 -0.392846 -0.283843
1125.000000 72.000000 0.496159 -0.293897
1169.000000 72.000000 0.552328 -0.299970
1218.000000 72.000000 0.618651 -0.307522
1246.000000 72.000000 0.658294 -0.312117
25.000000 73.000000 -0.669590 -0.312036
65.000000 73.000000 -0.613012 -0.305530
84.000000 73.000000 -0.587014 -0.302566
1137.000000 73.000000 0.511035 -0.294376
1144.000000 73.000000 0.519894 -0.295321
1249.000000 73.000000 0.662443 -0.311451
145.000000 74.000000 -0.507440 -0.292745
1039.000000 74.000000 0.394438 -0.281998
1133.000000 74.000000 0.505876 -0.292741
1221.000000 74.000000 0.622517 -0.305704
1233.000000 74.000000 0.639412 -0.307650
292.000000 75.000000 -0.337861 -0.276279
1111.000000 75.000000 0.478555 -0.288844
1147.000000 75.000000 0.523440 -0.293513
1169.000000 75.000000 0.551892 -0.296604
1213.000000 75.000000 0.611223 -0.303280
107.000000 76.000000 -0.555908 -0.295760
1128.000000 76.000000 0.499371 -0.289890
1218.000000 76.000000 0.618010 -0.302927
1250.000000 76.000000 0.663388 -0.308122
28.000000 77.000000 -0.664609 -0.306884
30.000000 77.000000 -0.661735 -0.306558
249.000000 77.000000 -0.384553 -0.277903
460.000000 77.000000 -0.168545 -0.264683
1112.000000 77.000000 0.479530 -0.286788
1168.000000 77.000000 0.550294 -0.294221
1214.000000 77.000000 0.612293 -0.301148
1224.000000 77.000000 0.626237 -0.302736
1272.000000 77.000000 0.695253 -0.310589
10.000000 78.000000 -0.690551 -0.308662
259.000000 78.000000 -0.373397 -0.275944
991.000000 78.000000 0.341397 -0.273547
1103.000000 78.000000 0.468491 -0.284618
1125.000000 78.000000 0.495389 -0.287314
1155.000000 78.000000 0.533278 -0.291281
1164.000000 78.000000 0.544930 -0.292536
1251.000000 78.000000 0.664501 -0.305959
107.000000 79.000000 -0.555478 -0.292401
1111.000000 79.000000 0.478068 -0.284490
14.000000 80.000000 -0.684389 -0.305672
702.000000 80.000000 0.057622 -0.258936
747.000000 80.000000 0.099614 -0.259679
1120.000000 80.000000 0.488964 -0.284503
1152.000000 80.000000 0.529152 -0.288653
1168.000000 80.000000 0.549867 -0.290869
1231.000000 80.000000 0.635612 -0.300405
1242.000000 80.000000 0.651248 -0.302174
17.000000 81.000000 -0.679862 -0.304019
56.000000 81.000000 -0.624262 -0.297785
254.000000 81.000000 -0.378644 -0.273250
267.000000 81.000000 -0.364365 -0.272112
305.000000 81.000000 -0.323591 -0.269080
1124.000000 81.000000 0.493774 -0.283909
1149.000000 81.000000 0.525180 -0.287143
1177.000000 81.000000 0.561563 -0.291035
1251.000000 81.000000 0.664011 -0.302474
59.000000 82.000000 -0.619925 -0.296174
1131.000000 82.000000 0.502341 -0.283696
1165.000000 82.000000 0.545671 -0.288219
1168.000000 82.000000 0.549586 -0.288639
1181.000000 82.000000 0.566723 -0.290491
21.000000 83.000000 -0.673739 -0.301047
42.000000 83.000000 -0.643646 -0.297693
174.000000 83.000000 -0.470688 -0.279338
1129.000000 83.000000 0.499724 -0.282350
1274.000000 83.000000 0.697211 -0.303884
56.000000 84.000000 -0.623795 -0.294355
58.000000 84.000000 -0.621007 -0.294046
1112.000000 84.000000 0.478686 -0.279185
1134.000000 84.000000 0.505835 -0.281888
1168.000000 84.000000 0.549306 -0.286412
1230.000000 84.000000 0.633565 -0.295650
747.000000 85.000000 0.099511 -0.254766
1110.000000 85.000000 0.476136 -0.277866
1125.000000 85.000000 0.494515 -0.279671
1115.000000 86.000000 0.482105 -0.277375
1134.000000 86.000000 0.505582 -0.279700
1162.000000 86.000000 0.541223 -0.283366
1209.000000 86.000000 0.603999 -0.290126
12.000000 87.000000 -0.686177 -0.297840
41.000000 87.000000 -0.644435 -0.293253
627.000000 87.000000 -0.011857 -0.251732
1086.000000 87.000000 0.447197 -0.273010
1130.000000 87.000000 0.500469 -0.278110
1158.000000 87.000000 0.535919 -0.281720
1168.000000 87.000000 0.548891 -0.283077
1248.000000 87.000000 0.658727 -0.295047
72.000000 88.000000 -0.601075 -0.287382
1135.000000 88.000000 0.506582 -0.277641
1227.000000 88.000000 0.628718 -0.290603
272.000000 89.000000 -0.358260 -0.263392
1119.000000 89.000000 0.486643 -0.274602
1130.000000 89.000000 0.500222 -0.275931
1140.000000 89.000000 0.512731 -0.277178
1155.000000 89.000000 0.531795 -0.279115
1181.000000 89.000000 0.565724 -0.282660
247.000000 90.000000 -0.385597 -0.264471
251.000000 90.000000 -0.381165 -0.264120
1134.000000 90.000000 0.505083 -0.275335
1213.000000 90.000000 0.608910 -0.286194
1222.000000 90.000000 0.621408 -0.287555
1183.000000 91.000000 0.568099 -0.280710
1231.000000 91.000000 0.633886 -0.287793
1132.000000 92.000000 0.502343 -0.272913
1135.000000 92.000000 0.506085 -0.273280
1139.000000 92.000000 0.511097 -0.273776
1150.000000 92.000000 0.525012 -0.275167
1154.000000 92.000000 0.530121 -0.275683
1188.000000 92.000000 0.574627 -0.280298
17.000000 93.000000 -0.677953 -0.290094
22.000000 93.000000 -0.670709 -0.289315
266.000000 93.000000 -0.364453 -0.259744
286.000000 93.000000 -0.342874 -0.258173
1123.000000 93.000000 0.491082 -0.270747
1126.000000 93.000000 0.494781 -0.271104
1152.000000 93.000000 0.527434 -0.274327
1156.000000 93.000000 0.532555 -0.274844
1159.000000 93.000000 0.536412 -0.275236
1177.000000 93.000000 0.559876 -0.277651
1217.000000 93.000000 0.613997 -0.283394
241.000000 94.000000 -0.391920 -0.260833
247.000000 94.000000 -0.385246 -0.260306
1129.000000 94.000000 0.498374 -0.270379
1148.000000 94.000000 0.522213 -0.272721
280.000000 95.000000 -0.349153 -0.256576
285.000000 95.000000 -0.343793 -0.256196
404.000000 95.000000 -0.222169 -0.249085
1119.000000 95.000000 0.485939 -0.268119
1186.000000 95.000000 0.571535 -0.276671
1190.000000 95.000000 0.576883 -0.277230
1219.000000 95.000000 0.616476 -0.281427
965.000000 96.000000 0.312559 -0.253160
1131.000000 96.000000 0.500616 -0.268451
1164.000000 96.000000 0.542479 -0.272589
1178.000000 96.000000 0.560785 -0.274459
1231.000000 96.000000 0.633124 -0.282091
31.000000 97.000000 -0.657143 -0.283329
241.000000 97.000000 -0.391655 -0.257709
250.000000 97.000000 -0.381668 -0.256934
278.000000 97.000000 -0.351150 -0.254676
1148.000000 97.000000 0.521835 -0.269443
35.000000 98.000000 -0.651275 -0.281576
165.000000 98.000000 -0.479862 -0.264220
1124.000000 98.000000 0.491727 -0.265464
1130.000000 98.000000 0.499137 -0.266167
1177.000000 98.000000 0.559196 -0.272109
1209.000000 98.000000 0.602225 -0.276575
1220.000000 98.000000 0.617422 -0.278180
281.000000 99.000000 -0.347776 -0.252398
1091.000000 99.000000 0.451826 -0.260760
1112.000000 99.000000 0.476958 -0.263024
1190.000000 99.000000 0.576325 -0.272771
1229.000000 99.000000 0.629859 -0.278381
252.000000 100.000000 -0.379210 -0.253660
1179.000000 100.000000 0.561565 -0.270164
1213.000000 100.000000 0.607437 -0.274903
1227.000000 100.000000 0.626902 -0.276950
1231.000000 100.000000 0.632524 -0.277544
1244.000000 100.000000 0.650974 -0.279496
41.000000 101.000000 -0.642300 -0.277256
1119.000000 101.000000 0.485252 -0.261663
1137.000000 101.000000 0.507495 -0.263751
1154.000000 101.000000 0.528973 -0.265826
1188.000000 101.000000 0.573377 -0.270273
19.000000 102.000000 -0.673668 -0.279416
252.000000 102.000000 -0.379045 -0.251594
269.000000 102.000000 -0.360480 -0.250236
1134.000000 102.000000 0.503635 -0.262314
1177.000000 102.000000 0.558663 -0.267688
12.000000 103.000000 -0.683691 -0.279325
17.000000 103.000000 -0.676417 -0.278569
37.000000 103.000000 -0.647678 -0.275574
46.000000 103.000000 -0.634945 -0.274247
250.000000 103.000000 -0.381166 -0.250726
1151.000000 104.000000 0.524779 -0.262186
1169.000000 104.000000 0.547933 -0.264444
1185.000000 104.000000 0.568975 -0.266542
258.000000 105.000000 -0.372218 -0.248017
1126.000000 105.000000 0.493385 -0.258159
1128.000000 105.000000 0.495851 -0.258386
36.000000 106.000000 -0.648658 -0.272309
249.000000 106.000000 -0.382023 -0.247713
1117.000000 106.000000 0.482257 -0.256084
1147.000000 106.000000 0.519466 -0.259529
1201.000000 106.000000 0.590183 -0.266493
11.000000 107.000000 -0.684548 -0.274874
45.000000 107.000000 -0.635771 -0.269864
246.000000 107.000000 -0.385255 -0.246927
279.000000 107.000000 -0.349328 -0.244371
1129.000000 107.000000 0.496858 -0.256350
1152.000000 107.000000 0.525685 -0.259046
248.000000 108.000000 -0.382963 -0.245733
728.000000 108.000000 0.081387 -0.232038
1135.000000 108.000000 0.504182 -0.255959
1173.000000 108.000000 0.552637 -0.260567
1176.000000 108.000000 0.556566 -0.260952
1178.000000 108.000000 0.559194 -0.261210
1204.000000 108.000000 0.593983 -0.264678
1214.000000 108.000000 0.607677 -0.266065
1258.000000 108.000000 0.669927 -0.272451
84.000000 109.000000 -0.581855 -0.262196
1153.000000 109.000000 0.526716 -0.256995
1163.000000 109.000000 0.539529 -0.258216
1145.000000 110.000000 0.516468 -0.254962
1147.000000 110.000000 0.518990 -0.255197
1177.000000 110.000000 0.557622 -0.258884
1213.000000 110.000000 0.606021 -0.263688
1270.000000 110.000000 0.687125 -0.271945
84.000000 111.000000 -0.581589 -0.259983
251.000000 111.000000 -0.379418 -0.242407
639.000000 111.000000 -0.000765 -0.228482
1132.000000 111.000000 0.500117 -0.252394
1151.000000 111.000000 0.523935 -0.254588
1160.000000 111.000000 0.535423 -0.255670
1167.000000 111.000000 0.544452 -0.256530
1173.000000 111.000000 0.552257 -0.257280
10.000000 113.000000 -0.685121 -0.268137
1144.000000 113.000000 0.514861 -0.251609
1173.000000 113.000000 0.552006 -0.255092
1126.000000 114.000000 0.492386 -0.248519
1135.000000 114.000000 0.503502 -0.249512
1156.000000 114.000000 0.529942 -0.251933
1206.000000 114.000000 0.595891 -0.258274
1123.000000 115.000000 0.488601 -0.247129
1153.000000 115.000000 0.526003 -0.250496
1142.000000 116.000000 0.512008 -0.248152
1145.000000 116.000000 0.515774 -0.248493
1148.000000 117.000000 0.519439 -0.247759
1160.000000 117.000000 0.534702 -0.249157
1176.000000 117.000000 0.555430 -0.251095
1192.000000 117.000000 0.576599 -0.253114
12.000000 118.000000 -0.681480 -0.262129
1135.000000 118.000000 0.503058 -0.245228
1154.000000 119.000000 0.526809 -0.246293
1159.000000 119.000000 0.533186 -0.246875
1162.000000 119.000000 0.537032 -0.247228
3.000000 120.000000 -0.694361 -0.261132
1122.000000 121.000000 0.486745 -0.240643
1179.000000 121.000000 0.558871 -0.247098
1187.000000 121.000000 0.569432 -0.248088
1200.000000 121.000000 0.586832 -0.249737
1182.000000 122.000000 0.562695 -0.246375
1142.000000 123.000000 0.511229 -0.240647
36.000000 125.000000 -0.645967 -0.250841
3.000000 126.000000 -0.693513 -0.254275
1129.000000 126.000000 0.494795 -0.236064
1142.000000 126.000000 0.510903 -0.237441
1117.000000 127.000000 0.480060 -0.233786
1147.000000 127.000000 0.517061 -0.236915
1177.000000 127.000000 0.555528 -0.240328
1143.000000 128.000000 0.511938 -0.235414
1150.000000 128.000000 0.520730 -0.236172
1153.000000 128.000000 0.524523 -0.236502
1185.000000 128.000000 0.565925 -0.240196
1199.000000 128.000000 0.584597 -0.241911
1196.000000 129.000000 0.580443 -0.240444
6.000000 130.000000 -0.688559 -0.249303
21.000000 130.000000 -0.666753 -0.247253
1149.000000 130.000000 0.519252 -0.233924
18.000000 131.000000 -0.670952 -0.246531
1138.000000 131.000000 0.505391 -0.231691
1186.000000 131.000000 0.566887 -0.237050
1190.000000 131.000000 0.572190 -0.237529
1200.000000 131.000000 0.585572 -0.238746
1250.000000 131.000000 0.655122 -0.245224
6.000000 132.000000 -0.688285 -0.247031
1005.000000 132.000000 0.352441 -0.219444
1144.000000 132.000000 0.512763 -0.231257
1195.000000 132.000000 0.578737 -0.237041
1242.000000 132.000000 0.643571 -0.243030
1259.000000 132.000000 0.667956 -0.245316
891.000000 134.000000 0.235637 -0.211429
1198.000000 134.000000 0.582516 -0.235219
1202.000000 134.000000 0.587901 -0.235705
1021.000000 135.000000 0.369499 -0.217500
1026.000000 135.000000 0.374945 -0.217849
3.000000 136.000000 -0.692142 -0.242897
6.000000 136.000000 -0.687744 -0.242494
704.000000 136.000000 0.058864 -0.204910
1196.000000 136.000000 0.579595 -0.232796
1201.000000 136.000000 0.586309 -0.233396
1009.000000 137.000000 0.356402 -0.214679
1200.000000 138.000000 0.584723 -0.231092
25.000000 139.000000 -0.659801 -0.236600
1184.000000 140.000000 0.563203 -0.227058
18.000000 141.000000 -0.669623 -0.235268
1205.000000 141.000000 0.591111 -0.228412
29.000000 142.000000 -0.653688 -0.232729
1194.000000 143.000000 0.576105 -0.224951
1196.000000 143.000000 0.578774 -0.225181
1249.000000 143.000000 0.652112 -0.231650
1058.000000 144.000000 0.409759 -0.211039
1171.000000 145.000000 0.545700 -0.220247
1182.000000 145.000000 0.560016 -0.221441
1188.000000 145.000000 0.567914 -0.222107
1241.000000 145.000000 0.640473 -0.228411
1247.000000 145.000000 0.649001 -0.229166
1251.000000 145.000000 0.654720 -0.229673
14.000000 146.000000 -0.674772 -0.230169
1253.000000 146.000000 0.657462 -0.228811
1255.000000 147.000000 0.660211 -0.227948
1221.000000 148.000000 0.612143 -0.222656
1264.000000 148.000000 0.673104 -0.227971
1138.000000 149.000000 0.503597 -0.212670
3.000000 150.000000 -0.690316 -0.227070
1036.000000 150.000000 0.384865 -0.203394
1190.000000 150.000000 0.570006 -0.216934
1197.000000 150.000000 0.579316 -0.217708
1266.000000 150.000000 0.675761 -0.225982
1247.000000 151.000000 0.648253 -0.222495
1249.000000 151.000000 0.651107 -0.222741
1222.000000 152.000000 0.613051 -0.218391
7.000000 153.000000 -0.684082 -0.223196
1136.000000 153.000000 0.500754 -0.208283
1260.000000 153.000000 0.666674 -0.221874
458.000000 154.000000 -0.168083 -0.189839
1250.000000 154.000000 0.652168 -0.219532
1254.000000 154.000000 0.657901 -0.220020
1276.000000 154.000000 0.689899 -0.222747
1224.000000 156.000000 0.615352 -0.214246
444.000000 157.000000 -0.181294 -0.187345
1196.000000 157.000000 0.577215 -0.210043
1241.000000 157.000000 0.639012 -0.215132
1265.000000 157.000000 0.673434 -0.218023
11.000000 158.000000 -0.677637 -0.217106
16.000000 158.000000 -0.670384 -0.216501
11.000000 160.000000 -0.677395 -0.214873
25.000000 160.000000 -0.657193 -0.213205
39.000000 160.000000 -0.637318 -0.211569
1185.000000 160.000000 0.562353 -0.205667
1187.000000 161.000000 0.564878 -0.204803
1231.000000 161.000000 0.624504 -0.209576
25.000000 163.000000 -0.656841 -0.209884
34.000000 163.000000 -0.644030 -0.208844
36.000000 163.000000 -0.641203 -0.208615
1184.000000 163.000000 0.560737 -0.202361
1191.000000 163.000000 0.569948 -0.203073
1196.000000 163.000000 0.576580 -0.203590
46.000000 164.000000 -0.627056 -0.206387
4.000000 166.000000 -0.686898 -0.209006
39.000000 166.000000 -0.636635 -0.204981
42.000000 166.000000 -0.632424 -0.204646
1208.000000 167.000000 0.592258 -0.200541
25.000000 168.000000 -0.656267 -0.204361
1202.000000 169.000000 0.583975 -0.197768
25.000000 170.000000 -0.656041 -0.202155
1205.000000 171.000000 0.587799 -0.195927
1191.000000 172.000000 0.569045 -0.193458
1201.000000 172.000000 0.582332 -0.194449
8.000000 173.000000 -0.680249 -0.200750
1211.000000 173.000000 0.595698 -0.194388
1201.000000 175.000000 0.582033 -0.191237
632.000000 176.000000 -0.007138 -0.166979
1276.000000 176.000000 0.687283 -0.198132
1274.000000 177.000000 0.684236 -0.196796
5.000000 178.000000 -0.684069 -0.195534
38.000000 178.000000 -0.636737 -0.191971
69.000000 178.000000 -0.594025 -0.188808
1174.000000 178.000000 0.546316 -0.185502
1201.000000 178.000000 0.581739 -0.188031
1267.000000 178.000000 0.673901 -0.194911
36.000000 179.000000 -0.639447 -0.191091
6.000000 180.000000 -0.682389 -0.193207
1202.000000 180.000000 0.582883 -0.185991
1204.000000 180.000000 0.585562 -0.186184
1090.000000 182.000000 0.443546 -0.174757
1203.000000 182.000000 0.584030 -0.183952
1217.000000 182.000000 0.602955 -0.185309
31.000000 183.000000 -0.646095 -0.187247
1223.000000 184.000000 0.610978 -0.183748
1276.000000 185.000000 0.686295 -0.188137
5.000000 187.000000 -0.683101 -0.185568
21.000000 187.000000 -0.659940 -0.183904
630.000000 187.000000 -0.008948 -0.156743
1215.000000 188.000000 0.599651 -0.178678
477.000000 190.000000 -0.149426 -0.155409
531.000000 190.000000 -0.099354 -0.154595
1093.000000 190.000000 0.446489 -0.166869
1218.000000 190.000000 0.603549 -0.176818
11.000000 191.000000 -0.673953 -0.180538
1249.000000 191.000000 0.646643 -0.178748
1275.000000 191.000000 0.684196 -0.181393
12.000000 194.000000 -0.672201 -0.177141
1244.000000 194.000000 0.639264 -0.174994
6.000000 195.000000 -0.680821 -0.176642
1219.000000 195.000000 0.604449 -0.171558
1247.000000 196.000000 0.643314 -0.173114
1276.000000 198.000000 0.684953 -0.173770
1270.000000 199.000000 0.676081 -0.172078
7.000000 201.000000 -0.678774 -0.169950
81.000000 203.000000 -0.575737 -0.161151
1131.000000 204.000000 0.490577 -0.155180
1236.000000 204.000000 0.627100 -0.163446
13.000000 206.000000 -0.669598 -0.163910
459.000000 206.000000 -0.166003 -0.140773
457.000000 207.000000 -0.167864 -0.139875
1249.000000 207.000000 0.645123 -0.161381
1256.000000 208.000000 0.655008 -0.160930
1072.000000 210.000000 0.421295 -0.145601
65.000000 211.000000 -0.596460 -0.154005
1231.000000 211.000000 0.619539 -0.155503
1258.000000 211.000000 0.657604 -0.157854
1234.000000 213.000000 0.623532 -0.153617
11.000000 214.000000 -0.671767 -0.155369
1250.000000 214.000000 0.645924 -0.153905
72.000000 215.000000 -0.586742 -0.149226
1259.000000 215.000000 0.658687 -0.153603
110.000000 216.000000 -0.537197 -0.145398
1234.000000 216.000000 0.623282 -0.150408
106.000000 217.000000 -0.542214 -0.144642
112.000000 217.000000 -0.534595 -0.144228
9.000000 220.000000 -0.674146 -0.149010
1249.000000 220.000000 0.643999 -0.147354
1226.000000 221.000000 0.611829 -0.144437
1060.000000 222.000000 0.407260 -0.133136
1250.000000 222.000000 0.645253 -0.145284
1259.000000 223.000000 0.658010 -0.144942
1143.000000 226.000000 0.503799 -0.133532
1262.000000 230.000000 0.661759 -0.137619
11.000000 233.000000 -0.670200 -0.134746
9.000000 234.000000 -0.673018 -0.133817
42.000000 235.000000 -0.626117 -0.130303
23.000000 236.000000 -0.652760 -0.130612
22.000000 238.000000 -0.654038 -0.128538
70.000000 238.000000 -0.587775 -0.125229
23.000000 240.000000 -0.652470 -0.126321
1085.000000 240.000000 0.434577 -0.116515
1099.000000 241.000000 0.450614 -0.116151
1275.000000 241.000000 0.679778 -0.126702
15.000000 242.000000 -0.663770 -0.124740
3.000000 244.000000 -0.681003 -0.123432
7.000000 245.000000 -0.675113 -0.122069
10.000000 245.000000 -0.670767 -0.121860
596.000000 245.000000 -0.039665 -0.103440
1273.000000 245.000000 0.676572 -0.122228
23.000000 246.000000 -0.652055 -0.119894
19.000000 247.000000 -0.657691 -0.119093
1039.000000 247.000000 0.383188 -0.107851
1099.000000 247.000000 0.450347 -0.110196
1156.000000 249.000000 0.518567 -0.110875
23.000000 252.000000 -0.651660 -0.113480
39.000000 252.000000 -0.629153 -0.112473
1200.000000 254.000000 0.574632 -0.108090
13.000000 255.000000 -0.665775 -0.110904
40.000000 255.000000 -0.627580 -0.109238
13.000000 257.000000 -0.665650 -0.108758
4.000000 258.000000 -0.678613 -0.108243
47.000000 258.000000 -0.617726 -0.105662
1099.000000 258.000000 0.449895 -0.099306
43.000000 259.000000 -0.623186 -0.104839
1058.000000 259.000000 0.403564 -0.096843
50.000000 260.000000 -0.613494 -0.103390
4.000000 262.000000 -0.678369 -0.103934
1219.000000 263.000000 0.599532 -0.099760
935.000000 264.000000 0.275053 -0.088840
5.000000 265.000000 -0.676739 -0.100648
21.000000 265.000000 -0.653723 -0.099733
23.000000 265.000000 -0.650879 -0.099620
48.000000 265.000000 -0.615964 -0.098250
59.000000 267.000000 -0.600873 -0.095584
1175.000000 267.000000 0.541590 -0.093471
6.000000 268.000000 -0.675116 -0.097367
1132.000000 268.000000 0.488386 -0.090653
1214.000000 268.000000 0.592532 -0.094292
49.000000 269.000000 -0.614383 -0.094002
69.000000 269.000000 -0.587349 -0.093008
1222.000000 269.000000 0.603290 -0.093650
17.000000 270.000000 -0.659156 -0.094623
45.000000 270.000000 -0.619830 -0.093156
60.000000 270.000000 -0.599372 -0.092407
3.000000 271.000000 -0.679310 -0.094310
49.000000 272.000000 -0.614233 -0.090859
21.000000 273.000000 -0.653290 -0.091217
1109.000000 273.000000 0.460961 -0.084841
53.000000 274.000000 -0.608671 -0.088573
1134.000000 274.000000 0.490565 -0.084732
12.000000 275.000000 -0.666069 -0.089549
48.000000 275.000000 -0.615459 -0.087765
65.000000 275.000000 -0.592412 -0.086972
39.000000 277.000000 -0.627786 -0.086095
50.000000 278.000000 -0.612579 -0.084533
65.000000 278.000000 -0.592277 -0.083860
20.000000 279.000000 -0.654415 -0.084889
59.000000 279.000000 -0.600303 -0.083086
63.000000 279.000000 -0.594916 -0.082910
1254.000000 279.000000 0.647233 -0.084705
5.000000 280.000000 -0.675938 -0.084550
1121.000000 281.000000 0.474803 -0.077315
39.000000 282.000000 -0.627555 -0.080838
362.000000 282.000000 -0.257557 -0.071691
1086.000000 282.000000 0.434199 -0.075271
35.000000 284.000000 -0.633034 -0.078912
37.000000 284.000000 -0.630247 -0.078824
16.000000 285.000000 -0.659847 -0.078697
48.000000 285.000000 -0.615010 -0.077305
11.000000 286.000000 -0.666981 -0.077856
1168.000000 286.000000 0.531973 -0.073886
50.000000 287.000000 -0.612190 -0.075134
911.000000 287.000000 0.251039 -0.066961
29.000000 288.000000 -0.641269 -0.074954
33.000000 288.000000 -0.635658 -0.074787
48.000000 288.000000 -0.614887 -0.074172
57.000000 288.000000 -0.602630 -0.073813
35.000000 290.000000 -0.632782 -0.072600
340.000000 290.000000 -0.279146 -0.064551
1014.000000 290.000000 0.355290 -0.065838
1152.000000 290.000000 0.511931 -0.069322
1241.000000 290.000000 0.628472 -0.072523
1088.000000 292.000000 0.436207 -0.065547
1241.000000 292.000000 0.628392 -0.070423
44.000000 293.000000 -0.620188 -0.069103
244.000000 294.000000 -0.378088 -0.062416
1242.000000 294.000000 0.629709 -0.068362
247.000000 295.000000 -0.374849 -0.061399
1083.000000 295.000000 0.430464 -0.062499
1095.000000 296.000000 0.444102 -0.061805
1141.000000 297.000000 0.498286 -0.061993
16.000000 298.000000 -0.659313 -0.064888
1133.000000 301.000000 0.488532 -0.057801
1151.000000 302.000000 0.510357 -0.057261
1136.000000 303.000000 0.492089 -0.055886
1237.000000 304.000000 0.622413 -0.057710
1155.000000 305.000000 0.515205 -0.054356
1145.000000 312.000000 0.502784 -0.047126
1141.000000 313.000000 0.497905 -0.046047
1266.000000 316.000000 0.662993 -0.045927
1152.000000 317.000000 0.511246 -0.042274
1163.000000 317.000000 0.524861 -0.042489
1003.000000 318.000000 0.343321 -0.039071
1149.000000 318.000000 0.507548 -0.041218
360.000000 319.000000 -0.259098 -0.037336
1188.000000 319.000000 0.556531 -0.040972
1136.000000 321.000000 0.491721 -0.038003
1176.000000 321.000000 0.541136 -0.038709
1269.000000 321.000000 0.667192 -0.040695
1157.000000 322.000000 0.517318 -0.037361
1272.000000 322.000000 0.671510 -0.039703
968.000000 323.000000 0.307293 -0.034014
1200.000000 323.000000 0.572066 -0.037131
78.000000 326.000000 -0.573583 -0.034064
1053.000000 329.000000 0.396566 -0.029114
1275.000000 331.000000 0.675683 -0.030187
45.000000 332.000000 -0.617769 -0.028428
1133.000000 332.000000 0.487964 -0.027055
1235.000000 333.000000 0.618967 -0.027420
1050.000000 334.000000 0.393246 -0.024286
1156.000000 336.000000 0.515886 -0.023335
1158.000000 338.000000 0.518337 -0.021354
1218.000000 340.000000 0.595725 -0.019948
1210.000000 341.000000 0.585013 -0.018836
1013.000000 345.000000 0.353586 -0.013573
1200.000000 346.000000 0.571764 -0.013632
1208.000000 348.000000 0.582300 -0.011639
1214.000000 349.000000 0.590285 -0.010649
1205.000000 350.000000 0.578319 -0.009573
1174.000000 351.000000 0.538258 -0.008413
1216.000000 351.000000 0.592953 -0.008602
1190.000000 353.000000 0.558707 -0.006450
343.000000 356.000000 -0.275669 -0.003078
1223.000000 356.000000 0.602372 -0.003470
1057.000000 359.000000 0.400793 -0.000314
152.000000 361.000000 -0.481052 0.001639
1207.000000 362.000000 0.580939 0.002710
1062.000000 367.000000 0.406301 0.007385
1123.000000 367.000000 0.475911 0.007549
324.000000 368.000000 -0.294600 0.008103
546.000000 368.000000 -0.084718 0.007853
4.000000 371.000000 -0.675476 0.012356
3.000000 376.000000 -0.676969 0.017681
37.000000 376.000000 -0.628668 0.017356
298.000000 376.000000 -0.320951 0.015667
298.000000 378.000000 -0.320960 0.017546
546.000000 378.000000 -0.084726 0.016885
1079.000000 379.000000 0.425276 0.019051
1221.000000 379.000000 0.599763 0.020272
30.000000 382.000000 -0.638500 0.023707
1059.000000 382.000000 0.403071 0.021806
30.000000 384.000000 -0.638527 0.025803
321.000000 384.000000 -0.297670 0.023052
1074.000000 385.000000 0.419721 0.024821
1091.000000 385.000000 0.438896 0.024974
1122.000000 386.000000 0.474859 0.026263
8.000000 387.000000 -0.669874 0.029303
234.000000 392.000000 -0.388375 0.031279
236.000000 392.000000 -0.386210 0.031259
537.000000 392.000000 -0.092930 0.029553
66.000000 393.000000 -0.589440 0.034572
236.000000 394.000000 -0.386230 0.033174
1078.000000 394.000000 0.424294 0.033578
1095.000000 397.000000 0.443601 0.036716
1097.000000 399.000000 0.445922 0.038698
1245.000000 400.000000 0.633106 0.042516
1154.000000 402.000000 0.513696 0.042624
65.000000 403.000000 -0.590979 0.044886
315.000000 403.000000 -0.303862 0.040875
1109.000000 403.000000 0.459850 0.042805
1007.000000 404.000000 0.347531 0.042298
1249.000000 404.000000 0.638814 0.046811
1100.000000 407.000000 0.449501 0.046569
1081.000000 408.000000 0.427873 0.047211
1098.000000 408.000000 0.447218 0.047512
1100.000000 409.000000 0.449537 0.048527
1131.000000 411.000000 0.485960 0.051121
525.000000 419.000000 -0.103956 0.054051
1148.000000 419.000000 0.506717 0.059496
1150.000000 419.000000 0.509167 0.059549
1155.000000 420.000000 0.515347 0.060686
495.000000 425.000000 -0.131500 0.059660
524.000000 425.000000 -0.104896 0.059504
1096.000000 426.000000 0.445309 0.065091
1144.000000 427.000000 0.502058 0.067385
527.000000 428.000000 -0.102170 0.062215
312.000000 429.000000 -0.307239 0.065325
1097.000000 429.000000 0.446534 0.068057
1146.000000 431.000000 0.504620 0.071449
492.000000 432.000000 -0.134310 0.066059
1097.000000 432.000000 0.446614 0.071001
1136.000000 434.000000 0.492579 0.074131
1145.000000 436.000000 0.503562 0.076425
1172.000000 436.000000 0.537105 0.077374
1045.000000 439.000000 0.388696 0.076449
1148.000000 439.000000 0.507334 0.079538
208.000000 441.000000 -0.417877 0.079057
1006.000000 441.000000 0.347119 0.077445
1110.000000 441.000000 0.461946 0.080249
1264.000000 441.000000 0.661525 0.086522
1149.000000 443.000000 0.508706 0.083593
163.000000 444.000000 -0.469500 0.083390
491.000000 445.000000 -0.135330 0.077936
1023.000000 445.000000 0.365175 0.081669
1156.000000 445.000000 0.517415 0.085875
163.000000 447.000000 -0.469604 0.086364
344.000000 448.000000 -0.275480 0.082607
1158.000000 448.000000 0.520016 0.088984
1144.000000 449.000000 0.502817 0.089431
1153.000000 450.000000 0.513904 0.090799
143.000000 452.000000 -0.493610 0.092090
1162.000000 452.000000 0.525169 0.093200
308.000000 453.000000 -0.311767 0.088043
1174.000000 453.000000 0.540336 0.094746
144.000000 454.000000 -0.492484 0.094053
1153.000000 454.000000 0.514072 0.094836
178.000000 455.000000 -0.452400 0.093743
541.000000 455.000000 -0.089539 0.086712
164.000000 457.000000 -0.468798 0.096252
199.000000 458.000000 -0.428516 0.095943
1133.000000 458.000000 0.489850 0.098011
1172.000000 458.000000 0.538029 0.099752
155.000000 460.000000 -0.479561 0.099601
219.000000 460.000000 -0.406243 0.097213
1108.000000 460.000000 0.460290 0.098986
1056.000000 461.000000 0.401376 0.098076
1094.000000 462.000000 0.444153 0.100419
186.000000 463.000000 -0.443490 0.101338
1089.000000 463.000000 0.438463 0.101213
135.000000 464.000000 -0.503829 0.104486
476.000000 464.000000 -0.149403 0.095494
136.000000 466.000000 -0.502702 0.106456
1197.000000 466.000000 0.570702 0.109250
1088.000000 467.000000 0.437477 0.105116
1199.000000 467.000000 0.573388 0.110396
175.000000 468.000000 -0.456387 0.106726
395.000000 469.000000 -0.226023 0.101289
1134.000000 470.000000 0.491592 0.110099
179.000000 471.000000 -0.451876 0.109532
965.000000 471.000000 0.305547 0.104965
162.000000 472.000000 -0.471788 0.111275
295.000000 473.000000 -0.325601 0.107373
965.000000 473.000000 0.305600 0.106864
1083.000000 473.000000 0.432025 0.110828
1103.000000 473.000000 0.455008 0.111680
1206.000000 474.000000 0.583068 0.118079
1149.000000 475.000000 0.510134 0.115892
176.000000 476.000000 -0.455573 0.114626
292.000000 476.000000 -0.328788 0.110325
1078.000000 476.000000 0.426483 0.113576
1146.000000 476.000000 0.506497 0.116749
1085.000000 478.000000 0.434511 0.115846
168.000000 480.000000 -0.465099 0.118982
481.000000 480.000000 -0.144945 0.110166
190.000000 482.000000 -0.439706 0.119945
9.000000 483.000000 -0.672803 0.131905
162.000000 483.000000 -0.472314 0.122276
165.000000 484.000000 -0.468823 0.123127
167.000000 484.000000 -0.466469 0.123027
190.000000 484.000000 -0.439798 0.121926
1106.000000 485.000000 0.459065 0.123768
487.000000 486.000000 -0.139451 0.115627
1167.000000 489.000000 0.533392 0.131200
1162.000000 490.000000 0.527153 0.131918
1134.000000 491.000000 0.492686 0.131282
1276.000000 491.000000 0.682174 0.141153
16.000000 492.000000 -0.663397 0.141097
501.000000 493.000000 -0.126577 0.121918
1174.000000 496.000000 0.542739 0.138860
520.000000 498.000000 -0.109119 0.126320
1175.000000 498.000000 0.544152 0.140995
533.000000 502.000000 -0.097220 0.129881
1184.000000 502.000000 0.556024 0.145773
507.000000 503.000000 -0.121156 0.131091
1186.000000 503.000000 0.558693 0.146959
995.000000 507.000000 0.337645 0.140419
1097.000000 508.000000 0.449811 0.146295
1111.000000 508.000000 0.466191 0.147113
1019.000000 510.000000 0.363148 0.144336
6.000000 511.000000 -0.679490 0.162613
1020.000000 512.000000 0.364307 0.146332
1102.000000 512.000000 0.455865 0.150604
853.000000 513.000000 0.196623 0.141796
1095.000000 516.000000 0.447960 0.154207
1023.000000 517.000000 0.367754 0.151359
50.000000 518.000000 -0.617717 0.166201
996.000000 519.000000 0.339188 0.152094
1044.000000 520.000000 0.390700 0.155344
1145.000000 520.000000 0.508001 0.161578
1168.000000 522.000000 0.536977 0.165383
1183.000000 522.000000 0.556264 0.166588
41.000000 523.000000 -0.630665 0.172400
1180.000000 524.000000 0.552539 0.168438
1224.000000 525.000000 0.611325 0.173353
1143.000000 526.000000 0.505977 0.167608
252.000000 528.000000 -0.373107 0.162322
227.000000 529.000000 -0.400487 0.164651
1083.000000 529.000000 0.434929 0.166537
1259.000000 531.000000 0.661169 0.183282
1139.000000 534.000000 0.501667 0.175553
106.000000 535.000000 -0.544730 0.179302
1087.000000 536.000000 0.439979 0.173851
1197.000000 538.000000 0.576059 0.184719
1091.000000 540.000000 0.444873 0.178170
962.000000 542.000000 0.304964 0.172959
1090.000000 542.000000 0.443853 0.180128
1028.000000 543.000000 0.374494 0.177233
1194.000000 544.000000 0.572653 0.190822
1207.000000 544.000000 0.590017 0.192097
265.000000 545.000000 -0.360032 0.178400
259.000000 546.000000 -0.366523 0.179718
504.000000 546.000000 -0.124555 0.171233
1082.000000 546.000000 0.434906 0.183627
1189.000000 546.000000 0.566247 0.192469
1052.000000 547.000000 0.401080 0.182651
33.000000 548.000000 -0.644456 0.200406
256.000000 549.000000 -0.369926 0.182861
259.000000 549.000000 -0.366692 0.182690
357.000000 549.000000 -0.265431 0.178066
1128.000000 549.000000 0.489435 0.190174
1152.000000 549.000000 0.519032 0.192217
1179.000000 551.000000 0.553657 0.196818
3.000000 552.000000 -0.688139 0.208226
213.000000 552.000000 -0.417555 0.188544
508.000000 552.000000 -0.120939 0.176813
511.000000 552.000000 -0.118154 0.176763
869.000000 553.000000 0.213033 0.180090
1101.000000 555.000000 0.457649 0.194196
164.000000 556.000000 -0.474730 0.196273
1136.000000 557.000000 0.499887 0.199162
206.000000 558.000000 -0.425908 0.195104
215.000000 558.000000 -0.415712 0.194468
901.000000 558.000000 0.244409 0.185974
1200.000000 559.000000 0.582162 0.207499
4.000000 560.000000 -0.687621 0.217052
43.000000 561.000000 -0.631840 0.213545
5.000000 562.000000 -0.686400 0.219172
1201.000000 562.000000 0.583824 0.210842
1163.000000 565.000000 0.534436 0.210102
1076.000000 566.000000 0.429478 0.203525
5.000000 568.000000 -0.687141 0.225905
1240.000000 568.000000 0.638219 0.221873
1121.000000 571.000000 0.482849 0.212423
5.000000 573.000000 -0.687773 0.231532
999.000000 573.000000 0.345129 0.205358
1075.000000 575.000000 0.429032 0.212654
1099.000000 576.000000 0.457018 0.215675
1102.000000 576.000000 0.460562 0.215936
1003.000000 577.000000 0.349631 0.209596
1038.000000 580.000000 0.387798 0.214956
180.000000 582.000000 -0.457952 0.221829
978.000000 582.000000 0.323539 0.213081
1046.000000 582.000000 0.396812 0.217572
1202.000000 582.000000 0.587450 0.232672
1243.000000 583.000000 0.644354 0.238914
1179.000000 584.000000 0.557133 0.232152
1046.000000 586.000000 0.397113 0.221648
896.000000 587.000000 0.240629 0.213915
1213.000000 587.000000 0.603011 0.239507
256.000000 588.000000 -0.372414 0.221943
912.000000 589.000000 0.256589 0.216577
1135.000000 589.000000 0.501714 0.232716
412.000000 590.000000 -0.212936 0.215666
912.000000 591.000000 0.256681 0.218541
1123.000000 591.000000 0.487187 0.233610
972.000000 592.000000 0.317865 0.222697
1130.000000 592.000000 0.495858 0.235382
403.000000 593.000000 -0.221815 0.218932
1123.000000 594.000000 0.487491 0.236783
1209.000000 595.000000 0.598563 0.247825
1178.000000 596.000000 0.557233 0.245050
1179.000000 598.000000 0.558787 0.247350
1146.000000 599.000000 0.516507 0.244572
161.000000 600.000000 -0.482391 0.242534
158.000000 601.000000 -0.486139 0.243905
337.000000 601.000000 -0.287997 0.229912
406.000000 601.000000 -0.219205 0.226634
201.000000 602.000000 -0.435227 0.240754
409.000000 604.000000 -0.216398 0.229453
1026.000000 605.000000 0.376462 0.239531
1056.000000 605.000000 0.409882 0.241989
369.000000 606.000000 -0.255962 0.233210
157.000000 607.000000 -0.487993 0.250394
153.000000 610.000000 -0.493216 0.254035
957.000000 611.000000 0.303443 0.240827
258.000000 612.000000 -0.372020 0.246261
921.000000 612.000000 0.266749 0.239765
934.000000 612.000000 0.279912 0.240476
244.000000 613.000000 -0.387509 0.248420
1137.000000 613.000000 0.506832 0.258609
140.000000 614.000000 -0.509767 0.259811
147.000000 614.000000 -0.501062 0.259002
247.000000 614.000000 -0.384271 0.249204
446.000000 614.000000 -0.180976 0.237864
1117.000000 614.000000 0.482301 0.257423
1120.000000 614.000000 0.485959 0.257754
444.000000 615.000000 -0.182932 0.238914
469.000000 616.000000 -0.159061 0.239071
1042.000000 616.000000 0.395086 0.252183
1053.000000 616.000000 0.407457 0.253152
1121.000000 616.000000 0.487404 0.260009
1138.000000 616.000000 0.508432 0.261966
142.000000 617.000000 -0.507623 0.262817
137.000000 618.000000 -0.513997 0.264493
472.000000 619.000000 -0.156299 0.241913
1059.000000 619.000000 0.414544 0.256834
1145.000000 620.000000 0.517709 0.267146
1260.000000 620.000000 0.674048 0.283274
85.000000 621.000000 -0.581906 0.274515
139.000000 622.000000 -0.511970 0.268593
243.000000 622.000000 -0.389383 0.257826
950.000000 623.000000 0.296959 0.252490
1163.000000 624.000000 0.541226 0.273804
1134.000000 625.000000 0.504514 0.271240
960.000000 626.000000 0.307516 0.256180
29.000000 627.000000 -0.660637 0.289566
84.000000 627.000000 -0.584093 0.281358
244.000000 627.000000 -0.388708 0.262941
1173.000000 627.000000 0.554654 0.278451
89.000000 628.000000 -0.577524 0.281769
123.000000 628.000000 -0.533000 0.277158
304.000000 628.000000 -0.323884 0.259202
1106.000000 628.000000 0.470536 0.271203
1152.000000 628.000000 0.527606 0.276770
1066.000000 629.000000 0.423524 0.268023
95.000000 630.000000 -0.569805 0.283158
1227.000000 630.000000 0.628433 0.289664
116.000000 631.000000 -0.542408 0.281388
292.000000 631.000000 -0.336812 0.263155
1066.000000 631.000000 0.423724 0.270138
1108.000000 631.000000 0.473293 0.274659
1222.000000 631.000000 0.621586 0.290038
99.000000 632.000000 -0.564784 0.284828
114.000000 632.000000 -0.545134 0.282763
365.000000 632.000000 -0.261345 0.259382
940.000000 632.000000 0.287236 0.260972
292.000000 633.000000 -0.336964 0.265211
90.000000 634.000000 -0.577042 0.288345
96.000000 634.000000 -0.569042 0.287486
112.000000 634.000000 -0.548005 0.285252
115.000000 634.000000 -0.544108 0.284843
119.000000 634.000000 -0.538935 0.284302
248.000000 634.000000 -0.384885 0.269892
373.000000 634.000000 -0.253413 0.260951
940.000000 634.000000 0.287362 0.263002
1065.000000 634.000000 0.422875 0.273215
1087.000000 634.000000 0.448531 0.275528
110.000000 635.000000 -0.550749 0.286638
292.000000 635.000000 -0.337117 0.267271
1175.000000 635.000000 0.558392 0.287626
96.000000 636.000000 -0.569328 0.289725
99.000000 636.000000 -0.565349 0.289296
986.000000 636.000000 0.335617 0.268280
1017.000000 636.000000 0.369134 0.270813
105.000000 637.000000 -0.557577 0.289564
108.000000 637.000000 -0.553642 0.289142
115.000000 637.000000 -0.544518 0.288171
117.000000 638.000000 -0.542064 0.289007
1010.000000 638.000000 0.361651 0.272296
93.000000 639.000000 -0.573758 0.293526
99.000000 639.000000 -0.565778 0.292656
740.000000 639.000000 0.093049 0.259861
102.000000 640.000000 -0.561955 0.293345
117.000000 640.000000 -0.542339 0.291230
1096.000000 640.000000 0.459898 0.282983
1168.000000 640.000000 0.549908 0.292217
1173.000000 640.000000 0.556468 0.292929
348.000000 641.000000 -0.279130 0.269506
955.000000 641.000000 0.303337 0.271144
99.000000 642.000000 -0.566213 0.296023
1058.000000 642.000000 0.415648 0.280994
105.000000 643.000000 -0.558432 0.296275
111.000000 643.000000 -0.550565 0.295416
295.000000 643.000000 -0.334541 0.275300
1011.000000 643.000000 0.363173 0.277597
247.000000 644.000000 -0.386917 0.280479
1088.000000 644.000000 0.450830 0.286381
1267.000000 644.000000 0.688082 0.312267
100.000000 645.000000 -0.565327 0.299250
104.000000 646.000000 -0.560185 0.299788
1041.000000 646.000000 0.396734 0.283533
1154.000000 646.000000 0.532589 0.296940
181.000000 647.000000 -0.463491 0.290685
835.000000 648.000000 0.183606 0.271630
312.000000 649.000000 -0.317001 0.280199
1196.000000 649.000000 0.588566 0.306526
314.000000 650.000000 -0.314973 0.281082
1143.000000 650.000000 0.519079 0.299864
1230.000000 650.000000 0.635841 0.313131
486.000000 651.000000 -0.143972 0.273076
955.000000 651.000000 0.304050 0.281428
1063.000000 651.000000 0.422349 0.291131
313.000000 652.000000 -0.316176 0.283228
308.000000 656.000000 -0.321762 0.287769
796.000000 657.000000 0.146439 0.279188
865.000000 657.000000 0.213314 0.282057
1120.000000 658.000000 0.491322 0.305617
1005.000000 659.000000 0.358047 0.293864
1201.000000 659.000000 0.596974 0.318769
1100.000000 660.000000 0.467120 0.305227
1120.000000 660.000000 0.491589 0.307830
1160.000000 660.000000 0.542378 0.313503
1180.000000 660.000000 0.568744 0.316562
948.000000 661.000000 0.297488 0.291262
1030.000000 661.000000 0.385873 0.298381
869.000000 662.000000 0.217516 0.287338
1204.000000 663.000000 0.601747 0.323873
1240.000000 663.000000 0.652250 0.329980
870.000000 664.000000 0.218610 0.289428
984.000000 664.000000 0.335762 0.297270
1178.000000 664.000000 0.566705 0.320812
217.000000 665.000000 -0.423168 0.306016
997.000000 665.000000 0.349882 0.299473
983.000000 666.000000 0.334862 0.299288
202.000000 667.000000 -0.440920 0.309944
1076.000000 668.000000 0.439463 0.311022
1125.000000 668.000000 0.498906 0.317416
1135.000000 668.000000 0.511475 0.318838
1242.000000 668.000000 0.655983 0.336211
116.000000 669.000000 -0.547889 0.323992
1021.000000 669.000000 0.376636 0.306022
119.000000 670.000000 -0.544127 0.324667
278.000000 670.000000 -0.355185 0.305070
120.000000 672.000000 -0.543134 0.326788
1076.000000 672.000000 0.439951 0.315401
1042.000000 673.000000 0.400678 0.312536
1019.000000 674.000000 0.374919 0.311177
1156.000000 674.000000 0.539309 0.328771
1127.000000 676.000000 0.502553 0.326674
1130.000000 676.000000 0.506326 0.327111
347.000000 677.000000 -0.282610 0.306693
116.000000 679.000000 -0.549460 0.335415
447.000000 679.000000 -0.182613 0.302844
1044.000000 679.000000 0.403628 0.319270
1131.000000 679.000000 0.508030 0.330646
1184.000000 679.000000 0.577193 0.339051
486.000000 680.000000 -0.144953 0.302277
1012.000000 680.000000 0.367766 0.316911
1206.000000 680.000000 0.607400 0.343994
1010.000000 681.000000 0.365656 0.317783
1169.000000 681.000000 0.557488 0.338872
117.000000 682.000000 -0.548631 0.338699
145.000000 683.000000 -0.512708 0.335472
1091.000000 683.000000 0.459252 0.329483
1148.000000 683.000000 0.530350 0.337793
1040.000000 684.000000 0.399633 0.324263
1048.000000 684.000000 0.408787 0.325188
1003.000000 685.000000 0.358347 0.321382
964.000000 686.000000 0.316317 0.318800
1023.000000 688.000000 0.380863 0.326723
96.000000 690.000000 -0.577865 0.351472
422.000000 690.000000 -0.207710 0.315424
459.000000 691.000000 -0.171472 0.314625
982.000000 691.000000 0.336054 0.325781
431.000000 692.000000 -0.198930 0.317016
521.000000 692.000000 -0.111898 0.313387
1022.000000 693.000000 0.380291 0.332061
3.000000 694.000000 -0.709784 0.373109
94.000000 694.000000 -0.581257 0.356502
1165.000000 694.000000 0.554365 0.353261
1141.000000 696.000000 0.523405 0.351602
889.000000 698.000000 0.239624 0.325747
439.000000 699.000000 -0.191417 0.323872
887.000000 699.000000 0.237670 0.326667
1174.000000 699.000000 0.567201 0.360655
973.000000 700.000000 0.327209 0.334615
372.000000 701.000000 -0.258675 0.330111
270.000000 702.000000 -0.367228 0.340379
485.000000 702.000000 -0.146742 0.324895
238.000000 703.000000 -0.403455 0.345180
1174.000000 703.000000 0.567906 0.365355
91.000000 704.000000 -0.587103 0.368820
1051.000000 705.000000 0.414827 0.348766
237.000000 706.000000 -0.404973 0.348636
434.000000 706.000000 -0.196718 0.331449
477.000000 706.000000 -0.154646 0.329373
1179.000000 706.000000 0.575164 0.369790
106.000000 707.000000 -0.567432 0.369671
434.000000 708.000000 -0.196828 0.333547
479.000000 708.000000 -0.152791 0.331370
338.000000 709.000000 -0.294536 0.341344
352.000000 709.000000 -0.279908 0.340170
1181.000000 709.000000 0.578410 0.373707
354.000000 710.000000 -0.277911 0.341080
436.000000 710.000000 -0.194960 0.335538
439.000000 710.000000 -0.191998 0.335375
923.000000 710.000000 0.275305 0.340977
1005.000000 710.000000 0.363201 0.348811
1015.000000 710.000000 0.374361 0.349943
1061.000000 710.000000 0.427171 0.355685
946.000000 711.000000 0.299459 0.344004
1010.000000 711.000000 0.368881 0.350476
336.000000 712.000000 -0.296901 0.344752
438.000000 712.000000 -0.193093 0.337533
925.000000 712.000000 0.277545 0.343286
936.000000 712.000000 0.289027 0.344209
1142.000000 713.000000 0.527520 0.371515
439.000000 714.000000 -0.192215 0.339585
480.000000 714.000000 -0.152074 0.337593
1084.000000 714.000000 0.455156 0.363453
346.000000 715.000000 -0.286665 0.347125
441.000000 715.000000 -0.190294 0.340531
358.000000 716.000000 -0.274247 0.347202
387.000000 716.000000 -0.244454 0.344983
1006.000000 716.000000 0.364989 0.355551
1085.000000 716.000000 0.456660 0.365886
