901.000000 3.000000 0.253135 -0.345417
1080.000000 3.000000 0.450717 -0.364930
1117.000000 3.000000 0.496254 -0.370647
80.000000 4.000000 -0.604358 -0.383825
1094.000000 4.000000 0.467565 -0.365873
1110.000000 4.000000 0.487328 -0.368362
1151.000000 4.000000 0.539712 -0.375241
1226.000000 4.000000 0.642094 -0.389313
97.000000 5.000000 -0.580958 -0.379440
714.000000 5.000000 0.070055 -0.334686
997.000000 5.000000 0.354845 -0.352079
1079.000000 5.000000 0.449222 -0.362502
1097.000000 5.000000 0.471089 -0.365182
1248.000000 5.000000 0.673339 -0.392386
1265.000000 5.000000 0.697943 -0.395667
838.000000 6.000000 0.189642 -0.338170
902.000000 6.000000 0.253935 -0.342280
1042.000000 6.000000 0.405508 -0.356321
1073.000000 6.000000 0.441891 -0.360505
1071.000000 7.000000 0.439365 -0.359088
1082.000000 7.000000 0.452544 -0.360658
1172.000000 7.000000 0.566992 -0.375458
1193.000000 7.000000 0.595474 -0.379351
988.000000 8.000000 0.344631 -0.347813
997.000000 8.000000 0.354517 -0.348776
1065.000000 8.000000 0.432108 -0.357123
1084.000000 8.000000 0.454812 -0.359810
1108.000000 8.000000 0.484208 -0.363430
1119.000000 8.000000 0.497961 -0.365174
1137.000000 8.000000 0.520859 -0.368138
1160.000000 8.000000 0.550842 -0.372117
1189.000000 8.000000 0.589810 -0.377406
1199.000000 8.000000 0.603542 -0.379287
1266.000000 8.000000 0.698825 -0.392186
109.000000 9.000000 -0.564110 -0.372505
969.000000 9.000000 0.323921 -0.344797
1013.000000 9.000000 0.372185 -0.349461
1054.000000 9.000000 0.419049 -0.354516
1122.000000 9.000000 0.501581 -0.364500
1152.000000 9.000000 0.540146 -0.369536
81.000000 10.000000 -0.601851 -0.376449
88.000000 10.000000 -0.592262 -0.375147
113.000000 10.000000 -0.558610 -0.370611
152.000000 10.000000 -0.508022 -0.363979
965.000000 10.000000 0.319530 -0.343324
986.000000 10.000000 0.342237 -0.345415
1085.000000 10.000000 0.455730 -0.357678
1116.000000 10.000000 0.493874 -0.362384
1148.000000 10.000000 0.534751 -0.367672
14.000000 11.000000 -0.696592 -0.387984
156.000000 11.000000 -0.502804 -0.362177
173.000000 11.000000 -0.481582 -0.359517
995.000000 11.000000 0.351991 -0.345267
1011.000000 11.000000 0.369721 -0.347026
1173.000000 11.000000 0.567607 -0.370902
1220.000000 11.000000 0.632261 -0.379687
100.000000 12.000000 -0.575629 -0.370577
121.000000 12.000000 -0.547695 -0.366856
137.000000 12.000000 -0.526867 -0.364129
140.000000 12.000000 -0.523006 -0.363628
672.000000 12.000000 0.030279 -0.326873
970.000000 12.000000 0.324705 -0.341634
1053.000000 12.000000 0.417489 -0.351020
1080.000000 12.000000 0.449420 -0.354691
1153.000000 12.000000 0.540934 -0.366192
12.000000 13.000000 -0.699118 -0.385922
156.000000 13.000000 -0.502485 -0.359869
174.000000 13.000000 -0.480043 -0.357075
995.000000 13.000000 0.351779 -0.343077
1011.000000 13.000000 0.369495 -0.344823
1014.000000 13.000000 0.372847 -0.345161
1027.000000 13.000000 0.387488 -0.346671
1059.000000 13.000000 0.424370 -0.350686
1105.000000 13.000000 0.479721 -0.357227
1171.000000 13.000000 0.564571 -0.368180
1197.000000 13.000000 0.599845 -0.372933
1202.000000 13.000000 0.606745 -0.373869
1276.000000 13.000000 0.712467 -0.387959
6.000000 14.000000 -0.707656 -0.385823
1048.000000 14.000000 0.411423 -0.348141
1057.000000 14.000000 0.421897 -0.349302
1074.000000 14.000000 0.441963 -0.351589
1080.000000 14.000000 0.449138 -0.352427
1131.000000 14.000000 0.512185 -0.360172
79.000000 15.000000 -0.603673 -0.370857
161.000000 15.000000 -0.495890 -0.356780
900.000000 15.000000 0.251234 -0.332552
993.000000 15.000000 0.349373 -0.340682
1011.000000 15.000000 0.369271 -0.342624
1085.000000 15.000000 0.455011 -0.352003
1123.000000 15.000000 0.501882 -0.357731
1174.000000 15.000000 0.568229 -0.366358
1194.000000 15.000000 0.595352 -0.369995
1212.000000 15.000000 0.620274 -0.373358
113.000000 16.000000 -0.557555 -0.363556
961.000000 16.000000 0.314692 -0.336457
978.000000 16.000000 0.332941 -0.338075
1038.000000 16.000000 0.399659 -0.344671
1203.000000 16.000000 0.607568 -0.370474
1220.000000 16.000000 0.631308 -0.373673
118.000000 17.000000 -0.550777 -0.361520
1014.000000 17.000000 0.372397 -0.340763
1020.000000 17.000000 0.379121 -0.341441
1040.000000 17.000000 0.401829 -0.343806
1104.000000 17.000000 0.477883 -0.352507
1191.000000 17.000000 0.590878 -0.367068
1199.000000 17.000000 0.601857 -0.368540
80.000000 18.000000 -0.601745 -0.367105
163.000000 18.000000 -0.492927 -0.353031
984.000000 18.000000 0.339246 -0.336500
988.000000 18.000000 0.343599 -0.336902
1026.000000 18.000000 0.385768 -0.341031
1029.000000 18.000000 0.389164 -0.341382
1174.000000 18.000000 0.567696 -0.362825
1185.000000 18.000000 0.582527 -0.364794
1204.000000 18.000000 0.608580 -0.368277
1248.000000 18.000000 0.670839 -0.376589
1250.000000 18.000000 0.673724 -0.376969
10.000000 19.000000 -0.700906 -0.378999
107.000000 19.000000 -0.565005 -0.361085
1007.000000 19.000000 0.364384 -0.337802
1073.000000 19.000000 0.440089 -0.345827
1131.000000 19.000000 0.511378 -0.354398
4.000000 20.000000 -0.709462 -0.378892
77.000000 20.000000 -0.605508 -0.365280
887.000000 20.000000 0.237701 -0.326378
985.000000 20.000000 0.340133 -0.334431
1054.000000 20.000000 0.417625 -0.342219
1061.000000 20.000000 0.425797 -0.343117
1161.000000 20.000000 0.550068 -0.358216
1217.000000 20.000000 0.626336 -0.368316
1255.000000 20.000000 0.680574 -0.375495
80.000000 21.000000 -0.601197 -0.363547
112.000000 21.000000 -0.558014 -0.357876
127.000000 21.000000 -0.538318 -0.355337
1028.000000 21.000000 0.387682 -0.337961
1142.000000 21.000000 0.525135 -0.353870
1149.000000 21.000000 0.534192 -0.355025
1171.000000 21.000000 0.563157 -0.358776
1203.000000 21.000000 0.606641 -0.364523
106.000000 22.000000 -0.565816 -0.357744
893.000000 22.000000 0.243635 -0.324673
904.000000 22.000000 0.254815 -0.325433
1052.000000 22.000000 0.415050 -0.339745
1056.000000 22.000000 0.419699 -0.340249
1068.000000 22.000000 0.433768 -0.341800
1075.000000 22.000000 0.442062 -0.342732
1137.000000 22.000000 0.518552 -0.351905
1179.000000 22.000000 0.573703 -0.359008
1253.000000 22.000000 0.677302 -0.372699
161.000000 23.000000 -0.494660 -0.347624
916.000000 23.000000 0.267030 -0.325248
978.000000 23.000000 0.332262 -0.330507
1029.000000 23.000000 0.388583 -0.335878
1168.000000 23.000000 0.558816 -0.355916
1219.000000 23.000000 0.628585 -0.365106
4.000000 24.000000 -0.708729 -0.374039
76.000000 24.000000 -0.606158 -0.360720
78.000000 24.000000 -0.603403 -0.360358
1008.000000 24.000000 0.364956 -0.332457
1019.000000 24.000000 0.377211 -0.333652
1059.000000 24.000000 0.422944 -0.338407
1137.000000 24.000000 0.518231 -0.349602
107.000000 25.000000 -0.563966 -0.354065
117.000000 25.000000 -0.550732 -0.352366
121.000000 25.000000 -0.545483 -0.351696
1098.000000 25.000000 0.469354 -0.342553
1120.000000 25.000000 0.496554 -0.345802
1132.000000 25.000000 0.511696 -0.347660
1153.000000 25.000000 0.538734 -0.351054
69.000000 26.000000 -0.615481 -0.359622
918.000000 26.000000 0.268863 -0.322227
1087.000000 26.000000 0.455879 -0.339883
1090.000000 26.000000 0.459498 -0.340298
1105.000000 26.000000 0.477785 -0.342432
1276.000000 26.000000 0.710062 -0.372139
984.000000 27.000000 0.338363 -0.326775
995.000000 27.000000 0.350334 -0.327858
1060.000000 27.000000 0.423732 -0.335205
1073.000000 27.000000 0.439022 -0.336879
1178.000000 27.000000 0.571482 -0.352973
1203.000000 27.000000 0.605546 -0.357413
88.000000 28.000000 -0.589009 -0.353859
825.000000 28.000000 0.175784 -0.314580
1068.000000 28.000000 0.432986 -0.335115
1080.000000 28.000000 0.447214 -0.336692
1082.000000 28.000000 0.449604 -0.336961
1096.000000 28.000000 0.466492 -0.338889
1119.000000 28.000000 0.494848 -0.342235
1161.000000 28.000000 0.548713 -0.348910
76.000000 29.000000 -0.605257 -0.354813
86.000000 29.000000 -0.591555 -0.353037
918.000000 29.000000 0.268642 -0.319064
992.000000 29.000000 0.346859 -0.325401
1033.000000 29.000000 0.392426 -0.329760
1037.000000 29.000000 0.396971 -0.330220
1055.000000 29.000000 0.417662 -0.332370
1088.000000 29.000000 0.456671 -0.336656
1125.000000 29.000000 0.502223 -0.342005
1140.000000 29.000000 0.521277 -0.344336
1142.000000 29.000000 0.523844 -0.344654
1192.000000 29.000000 0.590083 -0.353085
104.000000 30.000000 -0.567109 -0.348751
110.000000 30.000000 -0.559133 -0.347736
957.000000 30.000000 0.309201 -0.321106
1013.000000 30.000000 0.369866 -0.326468
1022.000000 30.000000 0.379911 -0.327438
1028.000000 30.000000 0.386658 -0.328102
1039.000000 30.000000 0.399134 -0.329356
1073.000000 30.000000 0.438630 -0.333540
1080.000000 30.000000 0.446947 -0.334460
1105.000000 30.000000 0.477207 -0.337914
1161.000000 30.000000 0.548379 -0.346593
1197.000000 30.000000 0.596746 -0.352798
1214.000000 30.000000 0.620287 -0.355860
121.000000 31.000000 -0.544493 -0.344756
918.000000 31.000000 0.268496 -0.316960
938.000000 31.000000 0.289178 -0.318478
1064.000000 31.000000 0.427906 -0.331280
1086.000000 31.000000 0.453994 -0.334148
1099.000000 31.000000 0.469723 -0.335937
1156.000000 31.000000 0.541661 -0.344613
1217.000000 31.000000 0.624303 -0.355221
128.000000 32.000000 -0.535222 -0.342472
986.000000 32.000000 0.340049 -0.321595
1014.000000 32.000000 0.370766 -0.324406
1074.000000 32.000000 0.439554 -0.331448
1102.000000 32.000000 0.473246 -0.335236
1124.000000 32.000000 0.500511 -0.338442
1142.000000 32.000000 0.523368 -0.341214
1267.000000 32.000000 0.695792 -0.363234
108.000000 33.000000 -0.561282 -0.344593
186.000000 33.000000 -0.462519 -0.332735
965.000000 33.000000 0.317424 -0.318607
1098.000000 33.000000 0.468226 -0.333553
1118.000000 33.000000 0.492856 -0.336416
1159.000000 33.000000 0.545259 -0.342797
122.000000 34.000000 -0.542699 -0.341138
128.000000 34.000000 -0.534902 -0.340176
167.000000 34.000000 -0.485585 -0.334270
1011.000000 34.000000 0.367228 -0.321928
1021.000000 34.000000 0.378357 -0.322984
1069.000000 34.000000 0.433397 -0.328592
1141.000000 34.000000 0.521772 -0.338770
859.000000 35.000000 0.208820 -0.309060
958.000000 35.000000 0.309832 -0.315881
1098.000000 35.000000 0.467949 -0.331313
1102.000000 35.000000 0.472824 -0.331868
1118.000000 35.000000 0.492562 -0.334155
1181.000000 35.000000 0.574136 -0.344159
1274.000000 35.000000 0.705489 -0.360895
65.000000 36.000000 -0.619244 -0.348524
747.000000 36.000000 0.100629 -0.303632
932.000000 36.000000 0.282560 -0.312744
1122.000000 36.000000 0.497409 -0.333612
1266.000000 36.000000 0.693601 -0.358237
100.000000 37.000000 -0.571272 -0.341296
849.000000 37.000000 0.198849 -0.306472
999.000000 37.000000 0.353716 -0.317488
1020.000000 37.000000 0.376920 -0.319629
1030.000000 37.000000 0.388138 -0.320706
1035.000000 37.000000 0.393789 -0.321259
1104.000000 37.000000 0.474991 -0.329906
1108.000000 37.000000 0.479898 -0.330467
1142.000000 37.000000 0.522586 -0.335501
1186.000000 37.000000 0.580539 -0.342686
1215.000000 37.000000 0.620421 -0.347767
1128.000000 38.000000 0.504645 -0.332238
1140.000000 38.000000 0.519872 -0.334053
1182.000000 38.000000 0.574972 -0.340843
1268.000000 38.000000 0.696159 -0.356198
74.000000 39.000000 -0.606247 -0.343415
132.000000 39.000000 -0.528954 -0.333830
994.000000 39.000000 0.348066 -0.314862
1090.000000 39.000000 0.457731 -0.325770
1126.000000 39.000000 0.501981 -0.330811
1160.000000 39.000000 0.545595 -0.336056
1210.000000 39.000000 0.613098 -0.344524
1250.000000 39.000000 0.669815 -0.351728
1252.000000 39.000000 0.672705 -0.352092
985.000000 40.000000 0.338219 -0.312951
1027.000000 40.000000 0.384437 -0.317130
1040.000000 40.000000 0.399131 -0.318556
1095.000000 40.000000 0.463630 -0.325325
1167.000000 40.000000 0.554640 -0.336039
943.000000 41.000000 0.293604 -0.308335
989.000000 41.000000 0.342450 -0.312255
1070.000000 41.000000 0.433697 -0.320998
1073.000000 41.000000 0.437228 -0.321370
1112.000000 41.000000 0.484262 -0.326544
1203.000000 41.000000 0.603060 -0.340953
66.000000 42.000000 -0.616795 -0.341296
181.000000 42.000000 -0.467353 -0.323377
898.000000 42.000000 0.247381 -0.304116
1055.000000 42.000000 0.416100 -0.318097
1146.000000 42.000000 0.526950 -0.330424
1213.000000 42.000000 0.616743 -0.341530
1246.000000 42.000000 0.663505 -0.347429
1273.000000 42.000000 0.702760 -0.352297
1026.000000 43.000000 0.382996 -0.313784
1064.000000 43.000000 0.426429 -0.318072
1073.000000 43.000000 0.436980 -0.319170
1087.000000 43.000000 0.453606 -0.320942
1164.000000 43.000000 0.550202 -0.332109
1207.000000 43.000000 0.608236 -0.339309
132.000000 44.000000 -0.528186 -0.328141
544.000000 44.000000 -0.089700 -0.295250
1160.000000 44.000000 0.544797 -0.330327
1195.000000 44.000000 0.591572 -0.336079
1211.000000 44.000000 0.613609 -0.338836
1257.000000 44.000000 0.679046 -0.347030
63.000000 45.000000 -0.620447 -0.338304
93.000000 45.000000 -0.579335 -0.333204
1004.000000 45.000000 0.358412 -0.309412
1028.000000 45.000000 0.385028 -0.311839
1031.000000 45.000000 0.388399 -0.312157
1034.000000 45.000000 0.391781 -0.312479
1040.000000 45.000000 0.398576 -0.313132
1109.000000 45.000000 0.480013 -0.321656
1169.000000 45.000000 0.556474 -0.330617
1193.000000 45.000000 0.588676 -0.334579
1205.000000 45.000000 0.605125 -0.336627
1266.000000 45.000000 0.691975 -0.347451
1114.000000 46.000000 0.486033 -0.321230
1116.000000 46.000000 0.488506 -0.321509
982.000000 47.000000 0.334357 -0.305249
1031.000000 47.000000 0.388187 -0.310001
1039.000000 47.000000 0.397222 -0.310860
1041.000000 47.000000 0.399492 -0.311078
1148.000000 47.000000 0.528759 -0.325050
1162.000000 47.000000 0.546942 -0.327215
1202.000000 47.000000 0.600649 -0.333783
1220.000000 47.000000 0.625652 -0.336893
82.000000 48.000000 -0.593741 -0.331565
999.000000 48.000000 0.352660 -0.305738
1127.000000 48.000000 0.501928 -0.320824
1141.000000 48.000000 0.519637 -0.322866
1151.000000 48.000000 0.532476 -0.324373
1177.000000 48.000000 0.566615 -0.328465
1207.000000 48.000000 0.607373 -0.333473
1217.000000 48.000000 0.621277 -0.335198
1245.000000 48.000000 0.660991 -0.340130
815.000000 49.000000 0.165177 -0.292670
1049.000000 49.000000 0.408397 -0.309799
1123.000000 49.000000 0.496784 -0.319136
1166.000000 49.000000 0.551879 -0.325561
1251.000000 49.000000 0.669461 -0.340012
1256.000000 49.000000 0.676700 -0.340901
1274.000000 49.000000 0.702983 -0.344093
98.000000 50.000000 -0.571808 -0.326627
1031.000000 50.000000 0.387871 -0.306774
1071.000000 50.000000 0.433776 -0.311256
1224.000000 50.000000 0.630751 -0.334073
1265.000000 50.000000 0.689624 -0.341308
62.000000 51.000000 -0.620806 -0.331463
132.000000 51.000000 -0.527133 -0.320215
153.000000 51.000000 -0.500559 -0.317182
1000.000000 51.000000 0.353469 -0.302645
1060.000000 51.000000 0.420839 -0.308876
1094.000000 51.000000 0.460979 -0.313011
1106.000000 51.000000 0.475528 -0.314579
1162.000000 51.000000 0.546317 -0.322656
89.000000 52.000000 -0.583579 -0.325788
138.000000 52.000000 -0.519324 -0.318206
848.000000 52.000000 0.197127 -0.291071
1046.000000 52.000000 0.404637 -0.306224
1117.000000 52.000000 0.488913 -0.314954
1142.000000 52.000000 0.520322 -0.318503
1241.000000 52.000000 0.654545 -0.334698
60.000000 53.000000 -0.623255 -0.329472
87.000000 53.000000 -0.586121 -0.324963
142.000000 53.000000 -0.514105 -0.316504
948.000000 53.000000 0.297897 -0.296166
1033.000000 53.000000 0.389807 -0.303762
1035.000000 53.000000 0.392059 -0.303971
1137.000000 53.000000 0.513817 -0.316651
1257.000000 53.000000 0.677444 -0.336331
152.000000 54.000000 -0.501389 -0.313971
1006.000000 54.000000 0.359744 -0.300023
1061.000000 54.000000 0.421654 -0.305736
1065.000000 54.000000 0.426297 -0.306195
140.000000 55.000000 -0.516351 -0.314548
926.000000 55.000000 0.275010 -0.292509
1088.000000 55.000000 0.453281 -0.307858
1091.000000 55.000000 0.456869 -0.308232
1109.000000 55.000000 0.478665 -0.310549
1118.000000 55.000000 0.489741 -0.311755
1170.000000 55.000000 0.556211 -0.319346
1180.000000 55.000000 0.569496 -0.320922
1182.000000 55.000000 0.572173 -0.321241
1244.000000 55.000000 0.658321 -0.331688
60.000000 56.000000 -0.622746 -0.325979
118.000000 56.000000 -0.544474 -0.316660
657.000000 56.000000 0.015980 -0.282278
947.000000 56.000000 0.296630 -0.292970
1008.000000 56.000000 0.361748 -0.298090
1112.000000 56.000000 0.482210 -0.309840
1130.000000 56.000000 0.504560 -0.312297
1146.000000 56.000000 0.524849 -0.314588
1151.000000 56.000000 0.531273 -0.315324
1168.000000 56.000000 0.553419 -0.317898
1206.000000 56.000000 0.604639 -0.324014
1223.000000 56.000000 0.628309 -0.326886
1071.000000 57.000000 0.432949 -0.303633
1094.000000 57.000000 0.460218 -0.306414
1107.000000 57.000000 0.475958 -0.308076
1110.000000 57.000000 0.479625 -0.308469
1116.000000 57.000000 0.487000 -0.309266
1160.000000 57.000000 0.542787 -0.315541
1261.000000 57.000000 0.682559 -0.332294
1269.000000 57.000000 0.694246 -0.333688
126.000000 58.000000 -0.533810 -0.313210
923.000000 58.000000 0.271736 -0.289210
987.000000 58.000000 0.338769 -0.294088
994.000000 58.000000 0.346318 -0.294699
1041.000000 58.000000 0.398313 -0.299237
1050.000000 58.000000 0.408552 -0.300195
1189.000000 58.000000 0.581109 -0.318926
1267.000000 58.000000 0.691144 -0.332154
1274.000000 58.000000 0.701409 -0.333368
1028.000000 59.000000 0.383590 -0.296839
1151.000000 59.000000 0.530831 -0.311946
1185.000000 59.000000 0.575561 -0.317142
1103.000000 60.000000 0.470704 -0.304257
1122.000000 60.000000 0.494022 -0.306748
1153.000000 60.000000 0.533262 -0.311114
926.000000 61.000000 0.274605 -0.286320
1018.000000 61.000000 0.372283 -0.293737
1067.000000 61.000000 0.427823 -0.298841
1090.000000 61.000000 0.454932 -0.301542
1100.000000 61.000000 0.466945 -0.302780
1110.000000 61.000000 0.479102 -0.304057
1159.000000 61.000000 0.540886 -0.310874
1200.000000 61.000000 0.595576 -0.317258
68.000000 62.000000 -0.610638 -0.317697
1036.000000 62.000000 0.392257 -0.294445
1076.000000 62.000000 0.438230 -0.298790
1096.000000 62.000000 0.461999 -0.301186
1132.000000 62.000000 0.506238 -0.305890
1178.000000 62.000000 0.565729 -0.312624
1225.000000 62.000000 0.630104 -0.320238
101.000000 63.000000 -0.565765 -0.311313
1082.000000 63.000000 0.445185 -0.298406
1129.000000 63.000000 0.502340 -0.304369
1134.000000 63.000000 0.508616 -0.305054
1164.000000 63.000000 0.547107 -0.309363
1175.000000 63.000000 0.561590 -0.311026
1203.000000 63.000000 0.599361 -0.315445
1269.000000 63.000000 0.693209 -0.326578
1112.000000 64.000000 0.481163 -0.301013
1141.000000 64.000000 0.517327 -0.304913
99.000000 65.000000 -0.568117 -0.309350
102.000000 65.000000 -0.564133 -0.308893
215.000000 65.000000 -0.424319 -0.294101
1030.000000 65.000000 0.385231 -0.290655
1079.000000 65.000000 0.441411 -0.295887
1083.000000 65.000000 0.446133 -0.296353
1087.000000 65.000000 0.450876 -0.296825
1126.000000 65.000000 0.498325 -0.301749
1164.000000 65.000000 0.546810 -0.307108
1216.000000 65.000000 0.617005 -0.315265
1222.000000 65.000000 0.625389 -0.316256
1269.000000 65.000000 0.692867 -0.324214
1028.000000 66.000000 0.382902 -0.289400
1048.000000 66.000000 0.405423 -0.291408
1131.000000 66.000000 0.504438 -0.301314
1213.000000 66.000000 0.612671 -0.313619
70.000000 67.000000 -0.607067 -0.311617
1014.000000 67.000000 0.367312 -0.287022
1078.000000 67.000000 0.440004 -0.293609
1081.000000 67.000000 0.443537 -0.293954
1095.000000 67.000000 0.460187 -0.295608
1099.000000 67.000000 0.464994 -0.296095
1142.000000 67.000000 0.518178 -0.301711
1157.000000 67.000000 0.537413 -0.303836
1188.000000 67.000000 0.578338 -0.308488
1011.000000 68.000000 0.363929 -0.285696
1069.000000 68.000000 0.429367 -0.291517
1093.000000 68.000000 0.457671 -0.294280
1126.000000 68.000000 0.497926 -0.298434
1161.000000 68.000000 0.542458 -0.303294
1205.000000 68.000000 0.601301 -0.310027
95.000000 69.000000 -0.572839 -0.305425
130.000000 69.000000 -0.527099 -0.300317
1058.000000 69.000000 0.416541 -0.289252
1061.000000 69.000000 0.419994 -0.289572
1076.000000 69.000000 0.437429 -0.291223
1088.000000 69.000000 0.451592 -0.292603
1139.000000 69.000000 0.514101 -0.299075
1146.000000 69.000000 0.522992 -0.300041
1185.000000 69.000000 0.574000 -0.305752
1202.000000 69.000000 0.597028 -0.308404
1267.000000 69.000000 0.689259 -0.319158
761.000000 70.000000 0.113007 -0.269880
1017.000000 70.000000 0.370338 -0.284139
1023.000000 70.000000 0.376965 -0.284694
1204.000000 70.000000 0.599610 -0.307577
1264.000000 70.000000 0.684705 -0.317475
58.000000 71.000000 -0.623060 -0.308948
974.000000 71.000000 0.323833 -0.279458
987.000000 71.000000 0.337677 -0.280494
1009.000000 71.000000 0.361472 -0.282367
1077.000000 71.000000 0.438377 -0.289180
1079.000000 71.000000 0.440725 -0.289405
1148.000000 71.000000 0.525268 -0.298094
131.000000 72.000000 -0.525406 -0.296841
1007.000000 72.000000 0.359201 -0.281143
1019.000000 72.000000 0.372359 -0.282218
1036.000000 72.000000 0.391264 -0.283822
1072.000000 72.000000 0.432419 -0.287549
25.000000 73.000000 -0.669590 -0.312036
214.000000 73.000000 -0.424610 -0.285630
1025.000000 73.000000 0.378901 -0.281720
1033.000000 73.000000 0.387808 -0.282475
1079.000000 73.000000 0.440500 -0.287251
1100.000000 73.000000 0.465472 -0.289685
1122.000000 73.000000 0.492313 -0.292412
1162.000000 73.000000 0.543037 -0.297837
1178.000000 73.000000 0.564059 -0.300171
27.000000 74.000000 -0.666541 -0.310540
80.000000 74.000000 -0.592284 -0.302044
991.000000 74.000000 0.341722 -0.277700
1020.000000 74.000000 0.373279 -0.280207
1035.000000 74.000000 0.389950 -0.281611
1158.000000 74.000000 0.537707 -0.296151
1160.000000 74.000000 0.540297 -0.296434
1222.000000 74.000000 0.623917 -0.305865
92.000000 75.000000 -0.575946 -0.299088
644.000000 75.000000 0.003865 -0.263464
1022.000000 75.000000 0.375396 -0.279339
1038.000000 75.000000 0.393217 -0.280844
1091.000000 75.000000 0.454462 -0.286460
1117.000000 75.000000 0.485898 -0.289588
1122.000000 75.000000 0.492057 -0.290219
1129.000000 75.000000 0.500746 -0.291118
1147.000000 75.000000 0.523440 -0.293513
1192.000000 75.000000 0.582500 -0.300017
90.000000 76.000000 -0.578476 -0.298258
1082.000000 76.000000 0.443693 -0.284360
1143.000000 76.000000 0.518218 -0.291864
1151.000000 76.000000 0.528416 -0.292951
1162.000000 76.000000 0.542610 -0.294485
1214.000000 76.000000 0.612451 -0.302293
18.000000 77.000000 -0.679062 -0.308521
24.000000 77.000000 -0.670375 -0.307538
26.000000 77.000000 -0.667489 -0.307211
929.000000 77.000000 0.276633 -0.270134
932.000000 77.000000 0.279700 -0.270325
967.000000 77.000000 0.315993 -0.272731
989.000000 77.000000 0.339334 -0.274423
998.000000 77.000000 0.349011 -0.275158
1019.000000 77.000000 0.371906 -0.276970
1091.000000 77.000000 0.454232 -0.284301
1115.000000 77.000000 0.483196 -0.287156
1123.000000 77.000000 0.493040 -0.288156
1128.000000 77.000000 0.499242 -0.288792
1210.000000 77.000000 0.606761 -0.300520
69.000000 78.000000 -0.606709 -0.299188
212.000000 78.000000 -0.426392 -0.280502
980.000000 78.000000 0.329655 -0.272680
1036.000000 78.000000 0.390687 -0.277486
1073.000000 78.000000 0.432932 -0.281228
1094.000000 78.000000 0.457692 -0.283567
1131.000000 78.000000 0.502853 -0.288081
1138.000000 78.000000 0.511632 -0.288992
1141.000000 78.000000 0.515418 -0.289388
1166.000000 78.000000 0.547537 -0.292818
1168.000000 78.000000 0.550151 -0.293103
932.000000 79.000000 0.279573 -0.268288
982.000000 79.000000 0.331704 -0.271802
1023.000000 79.000000 0.376137 -0.275234
1040.000000 79.000000 0.395079 -0.276813
1075.000000 79.000000 0.435156 -0.280374
1112.000000 79.000000 0.479286 -0.284611
1162.000000 79.000000 0.542189 -0.291140
761.000000 80.000000 0.112763 -0.259992
927.000000 80.000000 0.274406 -0.266958
1081.000000 80.000000 0.442074 -0.279955
1095.000000 80.000000 0.458656 -0.281524
1165.000000 80.000000 0.545951 -0.290447
1185.000000 80.000000 0.572347 -0.293322
8.000000 81.000000 -0.692986 -0.305479
70.000000 81.000000 -0.604872 -0.295619
993.000000 81.000000 0.343302 -0.270600
1002.000000 81.000000 0.353003 -0.271332
1127.000000 81.000000 0.497491 -0.284285
1133.000000 81.000000 0.504966 -0.285047
1171.000000 81.000000 0.553657 -0.290177
491.000000 82.000000 -0.138807 -0.258717
1054.000000 82.000000 0.410629 -0.275009
1100.000000 82.000000 0.464413 -0.279942
808.000000 83.000000 0.157213 -0.258368
1041.000000 83.000000 0.395822 -0.272696
1075.000000 83.000000 0.434728 -0.276102
1087.000000 83.000000 0.448814 -0.277400
1089.000000 83.000000 0.451181 -0.277621
1135.000000 83.000000 0.507214 -0.283110
1186.000000 83.000000 0.573245 -0.290095
1204.000000 83.000000 0.597594 -0.292771
1059.000000 84.000000 0.416141 -0.273391
1104.000000 84.000000 0.468994 -0.278246
1110.000000 84.000000 0.476254 -0.278948
1143.000000 84.000000 0.517159 -0.283044
1155.000000 84.000000 0.532461 -0.284633
988.000000 85.000000 0.337634 -0.266075
1023.000000 85.000000 0.375603 -0.268960
1026.000000 85.000000 0.378917 -0.269225
1041.000000 85.000000 0.395634 -0.270593
1237.000000 85.000000 0.643319 -0.295606
73.000000 86.000000 -0.600005 -0.289495
1053.000000 86.000000 0.409098 -0.270686
1070.000000 86.000000 0.428605 -0.272387
1092.000000 86.000000 0.454407 -0.274736
1118.000000 86.000000 0.485776 -0.277734
1163.000000 86.000000 0.542520 -0.283502
1168.000000 86.000000 0.549029 -0.284188
1243.000000 86.000000 0.651716 -0.295406
888.000000 87.000000 0.234815 -0.257717
1040.000000 87.000000 0.394326 -0.268401
1043.000000 87.000000 0.397695 -0.268680
1134.000000 87.000000 0.505457 -0.278608
1160.000000 87.000000 0.538500 -0.281988
1189.000000 87.000000 0.576682 -0.286040
1204.000000 87.000000 0.596993 -0.288243
119.000000 88.000000 -0.538626 -0.280745
761.000000 88.000000 0.112576 -0.252128
1025.000000 88.000000 0.377547 -0.266008
1049.000000 88.000000 0.404369 -0.268195
1061.000000 88.000000 0.418033 -0.269360
1100.000000 88.000000 0.463729 -0.273482
1124.000000 88.000000 0.492913 -0.276287
1229.000000 88.000000 0.631531 -0.290913
1038.000000 89.000000 0.391903 -0.266123
120.000000 90.000000 -0.537072 -0.278406
1077.000000 90.000000 0.436326 -0.268862
1084.000000 90.000000 0.444521 -0.269595
1129.000000 90.000000 0.498858 -0.274721
1149.000000 90.000000 0.523996 -0.277232
1173.000000 90.000000 0.555025 -0.280433
1226.000000 90.000000 0.627006 -0.288166
1234.000000 90.000000 0.638280 -0.289400
164.000000 91.000000 -0.481875 -0.271864
905.000000 91.000000 0.251551 -0.254591
119.000000 92.000000 -0.538097 -0.276334
1110.000000 92.000000 0.475325 -0.270315
1131.000000 92.000000 0.501099 -0.272791
1148.000000 92.000000 0.522467 -0.274911
1151.000000 92.000000 0.526287 -0.275295
1198.000000 92.000000 0.588092 -0.281728
162.000000 93.000000 -0.484081 -0.269939
167.000000 93.000000 -0.478001 -0.269365
969.000000 93.000000 0.316949 -0.256486
971.000000 93.000000 0.319048 -0.256625
991.000000 93.000000 0.340228 -0.258076
996.000000 93.000000 0.345580 -0.258456
1049.000000 93.000000 0.403899 -0.262947
1085.000000 93.000000 0.445380 -0.266508
1095.000000 93.000000 0.457206 -0.267574
1232.000000 93.000000 0.634991 -0.285663
836.000000 94.000000 0.183687 -0.248487
1117.000000 94.000000 0.483609 -0.268966
1124.000000 94.000000 0.492195 -0.269784
1129.000000 94.000000 0.498374 -0.270379
1148.000000 94.000000 0.522213 -0.272721
1156.000000 94.000000 0.532425 -0.273746
121.000000 95.000000 -0.535135 -0.272776
834.000000 95.000000 0.181723 -0.247426
917.000000 95.000000 0.263391 -0.251231
1023.000000 95.000000 0.374744 -0.258563
1038.000000 95.000000 0.391363 -0.259859
1071.000000 95.000000 0.428852 -0.262959
1091.000000 95.000000 0.452246 -0.265013
103.000000 96.000000 -0.558375 -0.274044
1025.000000 96.000000 0.376861 -0.257695
1028.000000 96.000000 0.380171 -0.257950
1188.000000 96.000000 0.574066 -0.275835
1192.000000 96.000000 0.579426 -0.276394
1037.000000 97.000000 0.390072 -0.257688
1085.000000 97.000000 0.444964 -0.262260
1132.000000 97.000000 0.501739 -0.267487
1161.000000 97.000000 0.538470 -0.271098
1154.000000 98.000000 0.529351 -0.269105
1178.000000 98.000000 0.560514 -0.272243
1183.000000 98.000000 0.567130 -0.272921
1189.000000 98.000000 0.575125 -0.273746
157.000000 99.000000 -0.489503 -0.264051
1035.000000 99.000000 0.387672 -0.255437
1091.000000 99.000000 0.451826 -0.260760
1249.000000 99.000000 0.658294 -0.281400
133.000000 100.000000 -0.519231 -0.265806
1030.000000 100.000000 0.382042 -0.253974
1109.000000 100.000000 0.473219 -0.261621
1124.000000 100.000000 0.491495 -0.263308
1144.000000 100.000000 0.516404 -0.265680
1021.000000 101.000000 0.372052 -0.252196
1051.000000 101.000000 0.405425 -0.254768
1099.000000 101.000000 0.461113 -0.259475
1115.000000 101.000000 0.480377 -0.261215
1133.000000 101.000000 0.502508 -0.263277
1139.000000 101.000000 0.509997 -0.263990
91.000000 102.000000 -0.573437 -0.269015
163.000000 102.000000 -0.481845 -0.260155
830.000000 102.000000 0.177627 -0.240397
900.000000 102.000000 0.245991 -0.243346
999.000000 102.000000 0.348118 -0.249455
1044.000000 102.000000 0.397458 -0.253103
1055.000000 102.000000 0.409862 -0.254087
1154.000000 102.000000 0.528849 -0.264735
1156.000000 102.000000 0.531406 -0.264985
1158.000000 102.000000 0.533970 -0.265236
475.000000 103.000000 -0.153371 -0.238565
1007.000000 103.000000 0.356659 -0.249036
1072.000000 103.000000 0.429225 -0.254632
1083.000000 103.000000 0.442011 -0.255710
1116.000000 103.000000 0.481371 -0.259183
1123.000000 103.000000 0.489924 -0.259968
1243.000000 103.000000 0.649094 -0.275921
92.000000 104.000000 -0.571837 -0.266665
100.000000 104.000000 -0.561256 -0.265606
1096.000000 104.000000 0.457229 -0.255974
1173.000000 104.000000 0.553153 -0.264961
1183.000000 104.000000 0.566321 -0.266276
105.000000 105.000000 -0.554569 -0.263856
997.000000 105.000000 0.345753 -0.246243
1008.000000 105.000000 0.357587 -0.247063
1145.000000 105.000000 0.517060 -0.260373
1169.000000 105.000000 0.547805 -0.263347
102.000000 106.000000 -0.558368 -0.263144
1000.000000 106.000000 0.348895 -0.245443
1004.000000 106.000000 0.353195 -0.245739
1019.000000 106.000000 0.369464 -0.246889
1121.000000 106.000000 0.487137 -0.256525
1141.000000 106.000000 0.511910 -0.258815
1155.000000 106.000000 0.529631 -0.260499
61.000000 107.000000 -0.613449 -0.267580
1095.000000 107.000000 0.455734 -0.252693
1103.000000 107.000000 0.465258 -0.253519
1159.000000 107.000000 0.534630 -0.259902
106.000000 108.000000 -0.552880 -0.260435
989.000000 108.000000 0.337008 -0.242618
1009.000000 108.000000 0.358441 -0.244069
1122.000000 108.000000 0.488139 -0.254495
1134.000000 108.000000 0.502938 -0.255844
1136.000000 108.000000 0.505427 -0.256074
103.000000 109.000000 -0.556673 -0.259720
829.000000 109.000000 0.176429 -0.233508
1059.000000 109.000000 0.413771 -0.247152
1149.000000 109.000000 0.521638 -0.256516
1166.000000 109.000000 0.543405 -0.258589
1181.000000 109.000000 0.563018 -0.260498
1007.000000 110.000000 0.356132 -0.241877
1097.000000 110.000000 0.457801 -0.249724
1104.000000 110.000000 0.466142 -0.250440
1133.000000 110.000000 0.501469 -0.253580
54.000000 111.000000 -0.622597 -0.264074
951.000000 111.000000 0.297099 -0.237140
1000.000000 111.000000 0.348532 -0.240348
1041.000000 111.000000 0.393334 -0.243524
1053.000000 112.000000 0.406710 -0.243509
1067.000000 112.000000 0.422632 -0.244749
1099.000000 112.000000 0.459975 -0.247813
1121.000000 112.000000 0.486480 -0.250112
1144.000000 112.000000 0.514976 -0.252687
1150.000000 112.000000 0.522549 -0.253388
3.000000 113.000000 -0.695374 -0.269161
928.000000 113.000000 0.273521 -0.233847
1029.000000 113.000000 0.379877 -0.240491
1234.000000 113.000000 0.634861 -0.263271
50.000000 114.000000 -0.627759 -0.261265
52.000000 114.000000 -0.624965 -0.260986
54.000000 114.000000 -0.622178 -0.260709
891.000000 114.000000 0.236497 -0.231036
987.000000 114.000000 0.334475 -0.236400
1001.000000 114.000000 0.349389 -0.237369
1097.000000 114.000000 0.457400 -0.245503
1124.000000 114.000000 0.489933 -0.248303
1145.000000 114.000000 0.516003 -0.250646
1161.000000 114.000000 0.536344 -0.252531
1164.000000 114.000000 0.540205 -0.252893
1186.000000 114.000000 0.568992 -0.255643
1005.000000 115.000000 0.353613 -0.236639
1030.000000 115.000000 0.380820 -0.238518
1070.000000 115.000000 0.425802 -0.241896
1139.000000 115.000000 0.508370 -0.248888
1183.000000 115.000000 0.564890 -0.254161
48.000000 116.000000 -0.630280 -0.259297
110.000000 116.000000 -0.546688 -0.251202
889.000000 116.000000 0.234433 -0.228976
1050.000000 116.000000 0.402990 -0.239115
1053.000000 116.000000 0.406368 -0.239369
1135.000000 116.000000 0.503279 -0.247369
1170.000000 116.000000 0.547728 -0.251447
1172.000000 116.000000 0.550330 -0.251693
992.000000 117.000000 0.339576 -0.233705
999.000000 117.000000 0.347037 -0.234185
1036.000000 117.000000 0.387289 -0.236941
1068.000000 117.000000 0.423328 -0.239636
1083.000000 117.000000 0.440658 -0.241004
1118.000000 117.000000 0.482293 -0.244471
1161.000000 117.000000 0.535985 -0.249276
46.000000 118.000000 -0.632809 -0.257329
205.000000 118.000000 -0.430569 -0.239061
990.000000 118.000000 0.337386 -0.232560
994.000000 118.000000 0.341635 -0.232829
1093.000000 118.000000 0.452281 -0.240905
1184.000000 118.000000 0.565833 -0.250998
111.000000 119.000000 -0.545034 -0.247821
1051.000000 119.000000 0.403864 -0.236104
1091.000000 119.000000 0.449832 -0.239665
1107.000000 119.000000 0.468818 -0.241227
1000.000000 120.000000 0.347899 -0.231217
1066.000000 120.000000 0.420776 -0.236346
1112.000000 120.000000 0.474725 -0.240675
1244.000000 120.000000 0.648057 -0.256788
826.000000 121.000000 0.173173 -0.221728
950.000000 121.000000 0.295492 -0.227090
1045.000000 121.000000 0.396977 -0.233554
1123.000000 121.000000 0.487966 -0.240747
1147.000000 121.000000 0.517725 -0.243344
113.000000 122.000000 -0.542098 -0.244333
953.000000 122.000000 0.298517 -0.226264
1061.000000 122.000000 0.414910 -0.233847
1132.000000 122.000000 0.498912 -0.240633
1154.000000 122.000000 0.526465 -0.243060
1237.000000 122.000000 0.637839 -0.253564
48.000000 123.000000 -0.629322 -0.251455
884.000000 123.000000 0.229212 -0.221889
887.000000 123.000000 0.232160 -0.222015
965.000000 123.000000 0.310852 -0.225962
1000.000000 123.000000 0.347694 -0.228184
1082.000000 123.000000 0.438942 -0.234651
1087.000000 123.000000 0.444769 -0.235108
968.000000 124.000000 0.313908 -0.225141
998.000000 124.000000 0.345491 -0.227040
1025.000000 124.000000 0.374646 -0.228941
1098.000000 124.000000 0.457613 -0.235092
1162.000000 124.000000 0.536448 -0.241821
1164.000000 124.000000 0.539018 -0.242053
948.000000 125.000000 0.293221 -0.223000
1027.000000 125.000000 0.376761 -0.228071
1172.000000 125.000000 0.549245 -0.241907
1177.000000 125.000000 0.555766 -0.242501
1243.000000 125.000000 0.645939 -0.251017
946.000000 126.000000 0.291121 -0.221898
950.000000 126.000000 0.295214 -0.222116
988.000000 126.000000 0.334745 -0.224372
1081.000000 126.000000 0.437512 -0.231441
1183.000000 126.000000 0.563526 -0.242134
51.000000 127.000000 -0.624598 -0.246592
1077.000000 127.000000 0.432796 -0.230050
1104.000000 127.000000 0.464451 -0.232519
1211.000000 127.000000 0.601006 -0.244531
134.000000 128.000000 -0.514763 -0.235529
986.000000 128.000000 0.332508 -0.222239
1080.000000 128.000000 0.436176 -0.229276
1142.000000 128.000000 0.510688 -0.235307
1169.000000 128.000000 0.545005 -0.238309
1247.000000 128.000000 0.651234 -0.248191
52.000000 129.000000 -0.622942 -0.244236
1102.000000 129.000000 0.461883 -0.230234
1125.000000 129.000000 0.489587 -0.232477
1148.000000 129.000000 0.518101 -0.234885
1211.000000 129.000000 0.600750 -0.242323
1056.000000 130.000000 0.408594 -0.225198
1085.000000 130.000000 0.441804 -0.227642
1109.000000 130.000000 0.470136 -0.229850
1156.000000 130.000000 0.528109 -0.234689
1179.000000 130.000000 0.557792 -0.237309
959.000000 131.000000 0.304187 -0.217648
999.000000 131.000000 0.346096 -0.220057
1006.000000 131.000000 0.353579 -0.220518
1053.000000 131.000000 0.405139 -0.223934
1071.000000 131.000000 0.425554 -0.225400
1087.000000 131.000000 0.444046 -0.226780
1141.000000 131.000000 0.509123 -0.232005
1145.000000 131.000000 0.514120 -0.232428
84.000000 132.000000 -0.578937 -0.236911
93.000000 132.000000 -0.566993 -0.235839
948.000000 132.000000 0.292843 -0.216060
984.000000 132.000000 0.330154 -0.218110
991.000000 132.000000 0.337537 -0.218543
1047.000000 132.000000 0.398344 -0.222444
1057.000000 132.000000 0.409562 -0.223226
1101.000000 132.000000 0.460417 -0.227005
1111.000000 132.000000 0.472342 -0.227944
1155.000000 132.000000 0.526620 -0.232436
1179.000000 132.000000 0.557558 -0.235141
153.000000 133.000000 -0.490768 -0.228265
1103.000000 133.000000 0.462698 -0.226146
1114.000000 133.000000 0.475852 -0.227181
1185.000000 133.000000 0.565329 -0.234758
1194.000000 133.000000 0.577280 -0.235829
960.000000 134.000000 0.305052 -0.214727
994.000000 134.000000 0.340589 -0.216727
1009.000000 134.000000 0.356600 -0.217696
1053.000000 134.000000 0.404904 -0.220864
1077.000000 134.000000 0.432194 -0.222809
1108.000000 134.000000 0.468561 -0.225566
803.000000 135.000000 0.150956 -0.207573
1047.000000 135.000000 0.398114 -0.219382
1091.000000 135.000000 0.448367 -0.222981
1100.000000 135.000000 0.458958 -0.223785
129.000000 136.000000 -0.520186 -0.227531
926.000000 136.000000 0.270346 -0.211015
1056.000000 136.000000 0.408120 -0.219052
1070.000000 136.000000 0.423996 -0.220168
120.000000 137.000000 -0.531459 -0.227417
125.000000 137.000000 -0.525122 -0.226886
961.000000 137.000000 0.305919 -0.211808
1044.000000 137.000000 0.394625 -0.217120
1074.000000 137.000000 0.428494 -0.219467
1185.000000 137.000000 0.564863 -0.230419
1267.000000 137.000000 0.678912 -0.240748
1068.000000 138.000000 0.421552 -0.217951
1139.000000 138.000000 0.505914 -0.224371
1146.000000 138.000000 0.514640 -0.225085
1154.000000 138.000000 0.524709 -0.225919
890.000000 139.000000 0.234452 -0.206521
1072.000000 139.000000 0.426039 -0.217247
1082.000000 139.000000 0.437548 -0.218070
1085.000000 139.000000 0.441026 -0.218323
1128.000000 139.000000 0.492263 -0.222226
1171.000000 139.000000 0.546351 -0.226682
1192.000000 139.000000 0.573904 -0.229061
128.000000 140.000000 -0.521027 -0.223380
136.000000 140.000000 -0.511019 -0.222565
1137.000000 140.000000 0.503236 -0.222056
1141.000000 140.000000 0.508197 -0.222456
1176.000000 140.000000 0.552730 -0.226160
1008.000000 141.000000 0.355071 -0.210599
1043.000000 141.000000 0.393222 -0.212982
1070.000000 141.000000 0.423593 -0.215034
1078.000000 141.000000 0.432764 -0.215679
1123.000000 141.000000 0.485975 -0.219645
1186.000000 141.000000 0.565724 -0.226204
126.000000 142.000000 -0.523339 -0.221460
979.000000 142.000000 0.324323 -0.207852
1013.000000 142.000000 0.360378 -0.209917
1129.000000 142.000000 0.493197 -0.219167
1160.000000 142.000000 0.531905 -0.222286
135.000000 143.000000 -0.511963 -0.219491
1016.000000 143.000000 0.363547 -0.209108
1139.000000 143.000000 0.505416 -0.219086
1173.000000 143.000000 0.548503 -0.222606
1182.000000 143.000000 0.560238 -0.223595
1185.000000 143.000000 0.564180 -0.223931
1187.000000 143.000000 0.566818 -0.224155
748.000000 144.000000 0.099378 -0.197865
1048.000000 144.000000 0.398561 -0.210300
1095.000000 144.000000 0.452275 -0.214004
1125.000000 144.000000 0.488125 -0.216689
154.000000 145.000000 -0.488399 -0.215560
1112.000000 145.000000 0.472339 -0.214452
1122.000000 145.000000 0.484387 -0.215363
1165.000000 145.000000 0.537979 -0.219611
91.000000 146.000000 -0.568031 -0.220913
1073.000000 146.000000 0.426626 -0.210148
1114.000000 146.000000 0.474647 -0.213590
1054.000000 147.000000 0.405045 -0.207691
1100.000000 147.000000 0.457902 -0.211328
1129.000000 147.000000 0.492723 -0.213920
1132.000000 147.000000 0.496397 -0.214202
1155.000000 147.000000 0.525044 -0.216451
1193.000000 147.000000 0.574319 -0.220506
821.000000 148.000000 0.167642 -0.195583
1018.000000 148.000000 0.365385 -0.204222
1057.000000 148.000000 0.408337 -0.206895
1061.000000 148.000000 0.412841 -0.207191
1196.000000 148.000000 0.578205 -0.219761
151.000000 149.000000 -0.491680 -0.211652
154.000000 149.000000 -0.488031 -0.211378
1098.000000 149.000000 0.455377 -0.209091
1157.000000 149.000000 0.527373 -0.214531
1193.000000 149.000000 0.574096 -0.218344
1076.000000 150.000000 0.429749 -0.206289
1140.000000 150.000000 0.505977 -0.211809
1150.000000 150.000000 0.518446 -0.212776
1165.000000 150.000000 0.537460 -0.214281
1167.000000 150.000000 0.540024 -0.214487
1055.000000 151.000000 0.405876 -0.203705
1074.000000 151.000000 0.427382 -0.205113
1103.000000 151.000000 0.461106 -0.207445
1115.000000 151.000000 0.475403 -0.208477
1136.000000 151.000000 0.500940 -0.210381
1161.000000 151.000000 0.532251 -0.212811
1171.000000 151.000000 0.545068 -0.213834
1188.000000 151.000000 0.567253 -0.215639
1198.000000 151.000000 0.580542 -0.216738
278.000000 152.000000 -0.347442 -0.199148
817.000000 152.000000 0.163752 -0.191659
994.000000 152.000000 0.339510 -0.198782
1065.000000 152.000000 0.417065 -0.203417
1081.000000 152.000000 0.435341 -0.204632
1119.000000 152.000000 0.480127 -0.207790
1139.000000 152.000000 0.504550 -0.209612
1166.000000 152.000000 0.538536 -0.212255
1040.000000 153.000000 0.389066 -0.200642
1121.000000 153.000000 0.482453 -0.206926
1128.000000 153.000000 0.490950 -0.207551
1194.000000 153.000000 0.574985 -0.214137
981.000000 154.000000 0.325748 -0.196081
984.000000 155.000000 0.328830 -0.195256
987.000000 155.000000 0.331973 -0.195419
1068.000000 155.000000 0.420245 -0.200587
1082.000000 155.000000 0.436262 -0.201640
1119.000000 155.000000 0.479864 -0.204671
1155.000000 155.000000 0.524251 -0.207981
274.000000 156.000000 -0.351463 -0.195406
1128.000000 156.000000 0.490681 -0.204422
1152.000000 156.000000 0.520376 -0.206637
1236.000000 156.000000 0.632083 -0.215644
954.000000 157.000000 0.297716 -0.191765
1042.000000 157.000000 0.391005 -0.196749
1070.000000 157.000000 0.422371 -0.198701
1087.000000 157.000000 0.441888 -0.199981
1192.000000 157.000000 0.571899 -0.209615
272.000000 158.000000 -0.353478 -0.193535
990.000000 158.000000 0.334960 -0.192618
1055.000000 158.000000 0.405383 -0.196621
1124.000000 158.000000 0.485645 -0.201988
1167.000000 158.000000 0.539216 -0.205982
981.000000 159.000000 0.325482 -0.191151
1024.000000 159.000000 0.371188 -0.193595
1073.000000 159.000000 0.425641 -0.196887
1172.000000 159.000000 0.545544 -0.205416
1176.000000 159.000000 0.550716 -0.205817
1195.000000 159.000000 0.575670 -0.207783
275.000000 160.000000 -0.350169 -0.191379
287.000000 160.000000 -0.337480 -0.190715
1060.000000 160.000000 0.410851 -0.194947
1085.000000 160.000000 0.439343 -0.196761
1107.000000 160.000000 0.465098 -0.198488
1165.000000 160.000000 0.536461 -0.203666
270.000000 161.000000 -0.355439 -0.190672
1074.000000 161.000000 0.426636 -0.194927
1228.000000 161.000000 0.620327 -0.209236
1249.000000 161.000000 0.649902 -0.211659
292.000000 162.000000 -0.332126 -0.188476
1047.000000 162.000000 0.396205 -0.192052
1050.000000 162.000000 0.399536 -0.192250
1100.000000 162.000000 0.456672 -0.195871
1115.000000 162.000000 0.474467 -0.197081
1128.000000 162.000000 0.490156 -0.198177
1152.000000 162.000000 0.519811 -0.200322
1198.000000 162.000000 0.579351 -0.204874
137.000000 163.000000 -0.507598 -0.198284
272.000000 163.000000 -0.353192 -0.188576
1005.000000 163.000000 0.350548 -0.188501
1166.000000 163.000000 0.537448 -0.200589
1202.000000 163.000000 0.584599 -0.204220
299.000000 164.000000 -0.324716 -0.186148
1003.000000 164.000000 0.348366 -0.187400
1058.000000 164.000000 0.408332 -0.190771
1072.000000 164.000000 0.424142 -0.191739
1140.000000 164.000000 0.504691 -0.197142
98.000000 165.000000 -0.556876 -0.199832
110.000000 165.000000 -0.541386 -0.198670
137.000000 165.000000 -0.507421 -0.196196
1068.000000 165.000000 0.419531 -0.190446
1088.000000 165.000000 0.442439 -0.191884
1125.000000 165.000000 0.486259 -0.194810
1137.000000 165.000000 0.500906 -0.195836
1168.000000 165.000000 0.539816 -0.198665
302.000000 166.000000 -0.321498 -0.184035
68.000000 167.000000 -0.596497 -0.200743
119.000000 167.000000 -0.529745 -0.195719
1056.000000 167.000000 0.405894 -0.187617
1076.000000 167.000000 0.428490 -0.188981
1086.000000 167.000000 0.439978 -0.189699
1110.000000 167.000000 0.468098 -0.191524
1201.000000 167.000000 0.582841 -0.199813
288.000000 168.000000 -0.336006 -0.182778
472.000000 168.000000 -0.154550 -0.176217
1002.000000 168.000000 0.347086 -0.183393
1171.000000 168.000000 0.543381 -0.195779
274.000000 169.000000 -0.350734 -0.182531
305.000000 169.000000 -0.318244 -0.180952
1063.000000 169.000000 0.413613 -0.186067
1069.000000 169.000000 0.420388 -0.186472
1152.000000 169.000000 0.519175 -0.192980
1183.000000 169.000000 0.558834 -0.195871
1203.000000 169.000000 0.585316 -0.197870
56.000000 170.000000 -0.612555 -0.198765
1065.000000 170.000000 0.415799 -0.185193
1103.000000 170.000000 0.459583 -0.187904
1142.000000 170.000000 0.506639 -0.191060
1169.000000 171.000000 0.540533 -0.192423
1180.000000 171.000000 0.554731 -0.193458
279.000000 172.000000 -0.345277 -0.179309
285.000000 172.000000 -0.338953 -0.179000
1056.000000 172.000000 0.405569 -0.182593
23.000000 173.000000 -0.658569 -0.199072
1134.000000 173.000000 0.496548 -0.187270
131.000000 174.000000 -0.514079 -0.187331
304.000000 174.000000 -0.319041 -0.176113
1072.000000 174.000000 0.423453 -0.181628
1112.000000 174.000000 0.469932 -0.184492
1184.000000 174.000000 0.559660 -0.190657
1203.000000 174.000000 0.584810 -0.192507
1242.000000 174.000000 0.638496 -0.196574
26.000000 175.000000 -0.654059 -0.196542
118.000000 175.000000 -0.530290 -0.187412
134.000000 175.000000 -0.510272 -0.186036
290.000000 175.000000 -0.333558 -0.175806
1063.000000 175.000000 0.413219 -0.180030
1198.000000 175.000000 0.578030 -0.190943
28.000000 176.000000 -0.651099 -0.195226
286.000000 176.000000 -0.337701 -0.175023
617.000000 176.000000 -0.020802 -0.167005
1091.000000 176.000000 0.445119 -0.180909
1096.000000 176.000000 0.450935 -0.181264
149.000000 177.000000 -0.491718 -0.182742
333.000000 177.000000 -0.289253 -0.171927
339.000000 177.000000 -0.283198 -0.171684
1109.000000 177.000000 0.466144 -0.181194
1114.000000 177.000000 0.472085 -0.181569
1157.000000 177.000000 0.524753 -0.185050
1246.000000 177.000000 0.643834 -0.193723
1061.000000 178.000000 0.410782 -0.176892
1097.000000 178.000000 0.451960 -0.179301
1112.000000 178.000000 0.469630 -0.180394
1116.000000 178.000000 0.474396 -0.180695
1182.000000 178.000000 0.556677 -0.186232
131.000000 179.000000 -0.513659 -0.182128
147.000000 179.000000 -0.493991 -0.180836
332.000000 179.000000 -0.290183 -0.170033
341.000000 179.000000 -0.281106 -0.169674
345.000000 179.000000 -0.277091 -0.169519
1052.000000 179.000000 0.400679 -0.175336
1081.000000 179.000000 0.433385 -0.177184
1129.000000 179.000000 0.489973 -0.180668
1141.000000 179.000000 0.504651 -0.181626
1152.000000 179.000000 0.518308 -0.182536
1159.000000 179.000000 0.527102 -0.183131
140.000000 180.000000 -0.502466 -0.180359
1059.000000 180.000000 0.408418 -0.174764
1090.000000 180.000000 0.443682 -0.176782
1115.000000 180.000000 0.473052 -0.178571
1181.000000 180.000000 0.555192 -0.184026
1205.000000 180.000000 0.586904 -0.186281
24.000000 181.000000 -0.656270 -0.190169
1097.000000 181.000000 0.451748 -0.176252
1100.000000 181.000000 0.455255 -0.176463
1135.000000 181.000000 0.497125 -0.179076
1250.000000 181.000000 0.649095 -0.189771
1267.000000 181.000000 0.673573 -0.191593
46.000000 182.000000 -0.625138 -0.186797
131.000000 182.000000 -0.513413 -0.179012
338.000000 182.000000 -0.284008 -0.166898
1124.000000 182.000000 0.483693 -0.177196
1176.000000 182.000000 0.548537 -0.181469
299.000000 183.000000 -0.323806 -0.167568
342.000000 183.000000 -0.279947 -0.165781
1122.000000 183.000000 0.481210 -0.176019
1172.000000 183.000000 0.543301 -0.180066
1097.000000 184.000000 0.451541 -0.173208
1110.000000 184.000000 0.466818 -0.174118
1134.000000 184.000000 0.495669 -0.175903
1136.000000 184.000000 0.498113 -0.176058
1156.000000 184.000000 0.522904 -0.177662
1176.000000 184.000000 0.548360 -0.179365
30.000000 185.000000 -0.647307 -0.185167
115.000000 185.000000 -0.533229 -0.177209
146.000000 185.000000 -0.494743 -0.174731
1114.000000 185.000000 0.471495 -0.173385
1138.000000 185.000000 0.500485 -0.175182
1179.000000 185.000000 0.552150 -0.178576
1181.000000 185.000000 0.554744 -0.178752
1228.000000 185.000000 0.617778 -0.183164
1239.000000 185.000000 0.633116 -0.184268
143.000000 186.000000 -0.498323 -0.173931
1110.000000 186.000000 0.466676 -0.172080
1133.000000 186.000000 0.494297 -0.173767
1184.000000 186.000000 0.558559 -0.177963
1246.000000 186.000000 0.642890 -0.183893
41.000000 187.000000 -0.631609 -0.181880
63.000000 187.000000 -0.601279 -0.179741
1119.000000 187.000000 0.477317 -0.171703
1205.000000 187.000000 0.586240 -0.178808
1220.000000 187.000000 0.606568 -0.180228
69.000000 188.000000 -0.593067 -0.178109
1098.000000 188.000000 0.452436 -0.169222
1127.000000 188.000000 0.486866 -0.171263
1148.000000 188.000000 0.512591 -0.172863
1159.000000 188.000000 0.526349 -0.173744
1167.000000 188.000000 0.536483 -0.174403
1208.000000 188.000000 0.590179 -0.178020
1239.000000 188.000000 0.632815 -0.181011
135.000000 189.000000 -0.507911 -0.171450
1096.000000 189.000000 0.450039 -0.168076
1138.000000 189.000000 0.500178 -0.171058
1154.000000 189.000000 0.519991 -0.172302
1164.000000 189.000000 0.532588 -0.173111
1201.000000 189.000000 0.580706 -0.176312
14.000000 190.000000 -0.669711 -0.181331
68.000000 190.000000 -0.594230 -0.176067
736.000000 190.000000 0.087710 -0.154465
1098.000000 190.000000 0.452302 -0.167197
1110.000000 190.000000 0.466396 -0.168008
1143.000000 190.000000 0.506248 -0.170408
1183.000000 190.000000 0.556907 -0.173661
1188.000000 190.000000 0.563434 -0.174095
1210.000000 190.000000 0.592690 -0.176072
21.000000 191.000000 -0.659533 -0.179526
1104.000000 191.000000 0.459257 -0.166584
1140.000000 191.000000 0.502480 -0.169149
1166.000000 191.000000 0.534963 -0.171188
1206.000000 191.000000 0.587214 -0.174639
1235.000000 191.000000 0.626919 -0.177369
1248.000000 191.000000 0.645222 -0.178648
17.000000 192.000000 -0.665180 -0.178833
24.000000 192.000000 -0.655140 -0.178133
38.000000 192.000000 -0.635320 -0.176757
41.000000 192.000000 -0.631119 -0.176466
272.000000 192.000000 -0.351690 -0.160034
1081.000000 192.000000 0.432548 -0.164093
1150.000000 192.000000 0.514765 -0.168879
1181.000000 192.000000 0.554139 -0.171388
1209.000000 192.000000 0.591158 -0.173847
20.000000 193.000000 -0.660767 -0.177438
45.000000 193.000000 -0.625447 -0.175003
49.000000 193.000000 -0.619901 -0.174624
61.000000 193.000000 -0.603438 -0.173506
130.000000 193.000000 -0.513788 -0.167701
1055.000000 193.000000 0.403194 -0.161563
1117.000000 193.000000 0.474503 -0.165438
1119.000000 193.000000 0.476891 -0.165577
1250.000000 193.000000 0.647867 -0.176669
52.000000 194.000000 -0.615667 -0.173267
262.000000 194.000000 -0.362238 -0.158555
1144.000000 194.000000 0.507179 -0.166358
1175.000000 194.000000 0.546224 -0.168791
1178.000000 194.000000 0.550089 -0.169038
1182.000000 194.000000 0.555268 -0.169372
18.000000 195.000000 -0.663442 -0.175450
61.000000 195.000000 -0.603255 -0.171368
76.000000 195.000000 -0.583053 -0.170031
136.000000 195.000000 -0.506227 -0.165189
266.000000 195.000000 -0.357922 -0.157383
1111.000000 195.000000 0.467240 -0.162996
1188.000000 195.000000 0.563004 -0.168826
1265.000000 195.000000 0.669211 -0.175973
79.000000 196.000000 -0.578976 -0.168711
1101.000000 196.000000 0.455413 -0.161326
1146.000000 196.000000 0.509500 -0.164446
1154.000000 196.000000 0.519445 -0.165048
4.000000 197.000000 -0.683541 -0.174640
268.000000 197.000000 -0.355701 -0.155333
279.000000 197.000000 -0.344068 -0.154832
1241.000000 197.000000 0.634749 -0.171457
16.000000 198.000000 -0.666027 -0.172365
66.000000 198.000000 -0.596209 -0.167722
128.000000 198.000000 -0.515894 -0.162689
1105.000000 198.000000 0.459970 -0.159562
1159.000000 198.000000 0.525561 -0.163359
1174.000000 198.000000 0.544615 -0.164530
1246.000000 198.000000 0.641706 -0.170849
1267.000000 198.000000 0.671815 -0.172881
290.000000 199.000000 -0.332462 -0.152411
1083.000000 199.000000 0.434411 -0.157193
1153.000000 199.000000 0.517970 -0.161871
1155.000000 199.000000 0.520468 -0.162021
1187.000000 199.000000 0.561363 -0.164536
1236.000000 199.000000 0.627556 -0.168829
127.000000 200.000000 -0.516989 -0.160700
285.000000 200.000000 -0.337641 -0.151653
739.000000 200.000000 0.090359 -0.145202
1127.000000 200.000000 0.486014 -0.158989
1183.000000 200.000000 0.556073 -0.163161
1234.000000 200.000000 0.624675 -0.167568
1130.000000 201.000000 0.489570 -0.158174
1179.000000 201.000000 0.550813 -0.161795
1239.000000 201.000000 0.631568 -0.166950
1246.000000 201.000000 0.641424 -0.167599
114.000000 202.000000 -0.533143 -0.159599
296.000000 202.000000 -0.326103 -0.149257
1122.000000 202.000000 0.479870 -0.156616
1128.000000 202.000000 0.487084 -0.157017
1142.000000 202.000000 0.504134 -0.157985
1164.000000 202.000000 0.531563 -0.159592
1167.000000 202.000000 0.535366 -0.159819
1186.000000 202.000000 0.559814 -0.161307
112.000000 203.000000 -0.535600 -0.158712
279.000000 203.000000 -0.343806 -0.148995
492.000000 203.000000 -0.135230 -0.143017
1105.000000 203.000000 0.459653 -0.154510
1171.000000 203.000000 0.540384 -0.159086
1236.000000 203.000000 0.627190 -0.164522
290.000000 204.000000 -0.332255 -0.147565
1135.000000 204.000000 0.495434 -0.155451
1183.000000 204.000000 0.555753 -0.158974
1187.000000 204.000000 0.560959 -0.159291
51.000000 205.000000 -0.616052 -0.161567
110.000000 205.000000 -0.537988 -0.156787
265.000000 205.000000 -0.358527 -0.147660
279.000000 205.000000 -0.343721 -0.147052
1138.000000 205.000000 0.499024 -0.154633
1147.000000 205.000000 0.510085 -0.155257
1154.000000 205.000000 0.518779 -0.155754
1229.000000 205.000000 0.617290 -0.161751
1232.000000 205.000000 0.621445 -0.162016
1247.000000 205.000000 0.642470 -0.163362
56.000000 206.000000 -0.609105 -0.160068
82.000000 206.000000 -0.574172 -0.157912
247.000000 206.000000 -0.377797 -0.147508
306.000000 206.000000 -0.315626 -0.145004
1238.000000 206.000000 0.629715 -0.161474
1259.000000 206.000000 0.659494 -0.163379
20.000000 207.000000 -0.659432 -0.162178
270.000000 207.000000 -0.353131 -0.145493
292.000000 207.000000 -0.330053 -0.144582
299.000000 207.000000 -0.322800 -0.144308
1147.000000 207.000000 0.509946 -0.153203
1153.000000 207.000000 0.517390 -0.153623
1190.000000 207.000000 0.564643 -0.156384
44.000000 208.000000 -0.625473 -0.158962
282.000000 208.000000 -0.340448 -0.144017
717.000000 208.000000 0.070152 -0.137598
1151.000000 208.000000 0.514832 -0.152454
1238.000000 208.000000 0.629539 -0.159323
1249.000000 208.000000 0.645033 -0.160299
31.000000 209.000000 -0.643600 -0.159024
33.000000 209.000000 -0.640778 -0.158848
35.000000 209.000000 -0.637963 -0.158672
64.000000 209.000000 -0.597974 -0.156206
1120.000000 209.000000 0.477026 -0.149381
1129.000000 209.000000 0.487829 -0.149954
1143.000000 209.000000 0.504879 -0.150879
1263.000000 209.000000 0.664981 -0.160480
61.000000 210.000000 -0.601956 -0.155392
252.000000 210.000000 -0.372216 -0.143361
1147.000000 210.000000 0.509740 -0.150125
1182.000000 210.000000 0.553995 -0.152632
41.000000 211.000000 -0.629390 -0.156003
98.000000 211.000000 -0.552907 -0.151444
1248.000000 211.000000 0.643349 -0.156969
246.000000 212.000000 -0.378601 -0.141676
1129.000000 212.000000 0.487637 -0.146904
1135.000000 212.000000 0.494903 -0.147287
1143.000000 212.000000 0.504679 -0.147809
1226.000000 212.000000 0.612555 -0.154015
1009.000000 213.000000 0.352356 -0.139688
1139.000000 213.000000 0.499713 -0.146526
1266.000000 213.000000 0.668958 -0.156393
20.000000 214.000000 -0.658808 -0.154580
488.000000 214.000000 -0.138783 -0.132851
1136.000000 214.000000 0.495991 -0.145314
1169.000000 214.000000 0.537027 -0.147529
1185.000000 214.000000 0.557587 -0.148685
1245.000000 214.000000 0.638849 -0.153476
16.000000 215.000000 -0.664463 -0.153843
22.000000 215.000000 -0.655862 -0.153324
1194.000000 215.000000 0.569277 -0.148311
1198.000000 215.000000 0.574552 -0.148613
1232.000000 215.000000 0.620589 -0.151311
1237.000000 215.000000 0.627542 -0.151726
1153.000000 216.000000 0.516774 -0.144375
1224.000000 216.000000 0.609482 -0.149593
17.000000 217.000000 -0.662853 -0.151587
252.000000 217.000000 -0.371908 -0.136527
277.000000 217.000000 -0.345334 -0.135503
1127.000000 217.000000 0.484918 -0.141706
1146.000000 217.000000 0.508043 -0.142894
1200.000000 217.000000 0.577049 -0.146666
1231.000000 217.000000 0.619041 -0.149094
1241.000000 217.000000 0.632971 -0.149916
1155.000000 218.000000 0.519132 -0.142455
14.000000 219.000000 -0.667000 -0.149673
42.000000 219.000000 -0.627333 -0.147354
57.000000 219.000000 -0.606676 -0.146164
289.000000 219.000000 -0.332713 -0.133116
1133.000000 219.000000 0.492037 -0.140042
1140.000000 219.000000 0.500554 -0.140474
1151.000000 219.000000 0.514094 -0.141170
1249.000000 219.000000 0.644082 -0.148431
27.000000 220.000000 -0.648323 -0.147504
1235.000000 220.000000 0.624347 -0.146215
1149.000000 221.000000 0.511490 -0.138997
1173.000000 221.000000 0.541638 -0.140568
1186.000000 221.000000 0.558381 -0.141466
88.000000 222.000000 -0.565090 -0.140710
1248.000000 222.000000 0.642420 -0.145121
13.000000 223.000000 -0.668108 -0.145417
44.000000 223.000000 -0.624238 -0.142926
49.000000 224.000000 -0.617251 -0.141475
51.000000 224.000000 -0.614500 -0.141322
348.000000 224.000000 -0.272604 -0.126437
1167.000000 224.000000 0.533812 -0.137074
1230.000000 224.000000 0.617105 -0.141559
1259.000000 224.000000 0.657928 -0.143861
53.000000 225.000000 -0.611682 -0.140110
1200.000000 225.000000 0.576464 -0.138283
1247.000000 225.000000 0.640766 -0.141819
15.000000 226.000000 -0.664981 -0.142004
1146.000000 226.000000 0.507483 -0.133711
1207.000000 226.000000 0.585706 -0.137734
1261.000000 226.000000 0.660638 -0.141862
1263.000000 226.000000 0.663518 -0.142024
1176.000000 227.000000 0.545074 -0.134568
1200.000000 227.000000 0.576323 -0.136191
1227.000000 227.000000 0.612745 -0.138145
36.000000 228.000000 -0.635001 -0.138206
1164.000000 228.000000 0.529768 -0.132771
1194.000000 228.000000 0.568345 -0.134733
1208.000000 228.000000 0.586901 -0.135706
18.000000 229.000000 -0.660434 -0.138525
20.000000 229.000000 -0.657570 -0.138368
263.000000 229.000000 -0.359668 -0.124428
1120.000000 229.000000 0.475858 -0.129191
1179.000000 229.000000 0.548793 -0.132697
1231.000000 229.000000 0.618107 -0.136321
1243.000000 229.000000 0.634822 -0.137224
469.000000 230.000000 -0.156245 -0.118294
473.000000 230.000000 -0.152513 -0.118237
1194.000000 230.000000 0.568209 -0.132650
1129.000000 231.000000 0.486515 -0.127665
1148.000000 231.000000 0.509650 -0.128739
1196.000000 231.000000 0.570770 -0.131742
1208.000000 231.000000 0.586691 -0.132560
15.000000 232.000000 -0.664509 -0.135519
1170.000000 232.000000 0.537107 -0.129034
1175.000000 232.000000 0.543475 -0.129345
1232.000000 232.000000 0.619269 -0.133209
3.000000 233.000000 -0.681819 -0.135363
8.000000 233.000000 -0.674544 -0.134976
11.000000 233.000000 -0.670200 -0.134746
1135.000000 233.000000 0.493649 -0.125974
1143.000000 233.000000 0.503393 -0.126420
1205.000000 233.000000 0.582550 -0.130260
262.000000 234.000000 -0.360546 -0.119629
1148.000000 234.000000 0.509477 -0.125687
1187.000000 235.000000 0.558745 -0.127001
1218.000000 235.000000 0.599884 -0.129047
38.000000 236.000000 -0.631614 -0.129525
1149.000000 236.000000 0.510597 -0.123710
1203.000000 236.000000 0.579690 -0.126992
7.000000 237.000000 -0.675692 -0.130720
263.000000 237.000000 -0.359377 -0.116695
1141.000000 237.000000 0.500727 -0.122254
1166.000000 237.000000 0.531744 -0.123663
1224.000000 237.000000 0.607916 -0.127352
715.000000 238.000000 0.068129 -0.109986
1133.000000 238.000000 0.490961 -0.120818
1175.000000 238.000000 0.543108 -0.123168
9.000000 239.000000 -0.672643 -0.128408
269.000000 239.000000 -0.352957 -0.114560
1145.000000 239.000000 0.505512 -0.120444
1149.000000 239.000000 0.510431 -0.120662
1155.000000 239.000000 0.517858 -0.120992
1168.000000 239.000000 0.534154 -0.121730
1179.000000 239.000000 0.548169 -0.122377
1230.000000 239.000000 0.616014 -0.125649
1181.000000 240.000000 0.550680 -0.121466
1196.000000 240.000000 0.570188 -0.122380
11.000000 241.000000 -0.669605 -0.126103
1169.000000 241.000000 0.535304 -0.119738
1193.000000 241.000000 0.566193 -0.121157
256.000000 242.000000 -0.366655 -0.112110
1150.000000 242.000000 0.511502 -0.117670
261.000000 243.000000 -0.361295 -0.110975
24.000000 244.000000 -0.650769 -0.121966
253.000000 244.000000 -0.369793 -0.110281
1191.000000 244.000000 0.563399 -0.117929
1145.000000 245.000000 0.505197 -0.114368
1150.000000 245.000000 0.511344 -0.114626
1159.000000 245.000000 0.522512 -0.115100
1230.000000 245.000000 0.615614 -0.119308
1140.000000 246.000000 0.499040 -0.113105
1168.000000 246.000000 0.533761 -0.114565
12.000000 247.000000 -0.667742 -0.119568
1191.000000 247.000000 0.563224 -0.114827
22.000000 248.000000 -0.653344 -0.117821
247.000000 248.000000 -0.376097 -0.106617
258.000000 248.000000 -0.364321 -0.106253
1158.000000 248.000000 0.521107 -0.111994
1162.000000 248.000000 0.526105 -0.112203
1231.000000 248.000000 0.616799 -0.116205
9.000000 249.000000 -0.671940 -0.117617
1233.000000 249.000000 0.619496 -0.115276
3.000000 250.000000 -0.680588 -0.116942
247.000000 250.000000 -0.376030 -0.104683
251.000000 250.000000 -0.371735 -0.104552
257.000000 250.000000 -0.365322 -0.104357
1159.000000 250.000000 0.522251 -0.110012
261.000000 251.000000 -0.361035 -0.103268
1124.000000 251.000000 0.479528 -0.107319
1202.000000 251.000000 0.577443 -0.111315
1204.000000 251.000000 0.580094 -0.111430
1156.000000 252.000000 0.518416 -0.107829
1172.000000 252.000000 0.538507 -0.108643
1180.000000 252.000000 0.548717 -0.109065
26.000000 253.000000 -0.647340 -0.112222
32.000000 253.000000 -0.638879 -0.111847
1175.000000 253.000000 0.542270 -0.107776
1200.000000 253.000000 0.574687 -0.109126
24.000000 254.000000 -0.650113 -0.111282
269.000000 254.000000 -0.352483 -0.100143
279.000000 254.000000 -0.341992 -0.099853
1135.000000 254.000000 0.492594 -0.104810
27.000000 255.000000 -0.645801 -0.110029
1213.000000 255.000000 0.591882 -0.107779
1132.000000 256.000000 0.488886 -0.102668
1139.000000 256.000000 0.497348 -0.102982
1162.000000 256.000000 0.525701 -0.104061
256.000000 257.000000 -0.366171 -0.097647
272.000000 257.000000 -0.349240 -0.097181
1192.000000 257.000000 0.563976 -0.104556
1266.000000 257.000000 0.665622 -0.108834
1214.000000 258.000000 0.593058 -0.104706
1274.000000 258.000000 0.677164 -0.108259
1132.000000 259.000000 0.488755 -0.099661
1212.000000 259.000000 0.590317 -0.103555
4.000000 260.000000 -0.678490 -0.106088
183.000000 260.000000 -0.446802 -0.097187
260.000000 260.000000 -0.361827 -0.094646
1136.000000 260.000000 0.493536 -0.098830
290.000000 261.000000 -0.330371 -0.092879
1217.000000 261.000000 0.596936 -0.101741
10.000000 262.000000 -0.669672 -0.103577
1153.000000 262.000000 0.514228 -0.097561
1201.000000 262.000000 0.575524 -0.099859
1206.000000 262.000000 0.582147 -0.100117
1215.000000 262.000000 0.594186 -0.100591
21.000000 264.000000 -0.653780 -0.100798
508.000000 264.000000 -0.119752 -0.086590
1210.000000 264.000000 0.587375 -0.098248
1217.000000 264.000000 0.596776 -0.098611
6.000000 265.000000 -0.675287 -0.100590
11.000000 265.000000 -0.668053 -0.100302
17.000000 265.000000 -0.659433 -0.099959
1154.000000 265.000000 0.515333 -0.094573
20.000000 266.000000 -0.655091 -0.098723
1156.000000 266.000000 0.517767 -0.093648
25.000000 267.000000 -0.647932 -0.097382
27.000000 267.000000 -0.645103 -0.097273
1211.000000 267.000000 0.588560 -0.095182
26.000000 269.000000 -0.646408 -0.095204
1215.000000 269.000000 0.593827 -0.093302
454.000000 271.000000 -0.169744 -0.080681
1219.000000 271.000000 0.599124 -0.091415
1260.000000 271.000000 0.656188 -0.093513
37.000000 272.000000 -0.630812 -0.091458
1247.000000 272.000000 0.637694 -0.091770
1254.000000 272.000000 0.647584 -0.092132
1265.000000 272.000000 0.663312 -0.092713
33.000000 273.000000 -0.636349 -0.090605
1211.000000 273.000000 0.588270 -0.088954
1269.000000 273.000000 0.669034 -0.091855
10.000000 274.000000 -0.669003 -0.090721
1206.000000 274.000000 0.581562 -0.087688
1253.000000 274.000000 0.646062 -0.089958
1270.000000 275.000000 0.670377 -0.089766
44.000000 276.000000 -0.620913 -0.086908
1185.000000 276.000000 0.554004 -0.084714
1203.000000 276.000000 0.577498 -0.085488
1210.000000 277.000000 0.586752 -0.084763
1236.000000 277.000000 0.622099 -0.085956
33.000000 278.000000 -0.636104 -0.085326
1200.000000 279.000000 0.573413 -0.082265
1211.000000 280.000000 0.587957 -0.081700
1274.000000 280.000000 0.675935 -0.084611
33.000000 281.000000 -0.635964 -0.082162
1196.000000 281.000000 0.568081 -0.080043
1264.000000 281.000000 0.661419 -0.083057
1151.000000 282.000000 0.510967 -0.077325
1203.000000 282.000000 0.577243 -0.079299
1205.000000 282.000000 0.579889 -0.079381
1235.000000 283.000000 0.620443 -0.079615
13.000000 284.000000 -0.664194 -0.079898
1241.000000 284.000000 0.628725 -0.078828
16.000000 285.000000 -0.659847 -0.078697
47.000000 285.000000 -0.616382 -0.077347
1238.000000 285.000000 0.624510 -0.077648
13.000000 287.000000 -0.664060 -0.076702
1149.000000 287.000000 0.508341 -0.072237
1241.000000 287.000000 0.628596 -0.075675
55.000000 288.000000 -0.605341 -0.073892
1209.000000 288.000000 0.584964 -0.073346
696.000000 289.000000 0.050686 -0.063471
1192.000000 289.000000 0.562558 -0.071686
1196.000000 289.000000 0.567773 -0.071831
1244.000000 289.000000 0.632700 -0.073697
1238.000000 290.000000 0.624302 -0.072403
1199.000000 292.000000 0.571596 -0.068860
1209.000000 292.000000 0.584815 -0.069217
1247.000000 292.000000 0.636783 -0.070660
45.000000 293.000000 -0.618811 -0.069066
1192.000000 293.000000 0.562418 -0.067593
1245.000000 293.000000 0.633939 -0.069529
29.000000 294.000000 -0.641027 -0.068626
1199.000000 295.000000 0.571492 -0.065781
1205.000000 295.000000 0.579400 -0.065985
1210.000000 296.000000 0.586006 -0.065125
1217.000000 296.000000 0.595382 -0.065366
39.000000 297.000000 -0.626951 -0.065101
1222.000000 297.000000 0.602101 -0.064503
8.000000 298.000000 -0.670815 -0.065187
164.000000 298.000000 -0.467670 -0.060306
29.000000 299.000000 -0.640842 -0.063359
1216.000000 299.000000 0.593935 -0.062227
32.000000 300.000000 -0.636598 -0.062201
20.000000 301.000000 -0.653499 -0.061565
28.000000 301.000000 -0.642179 -0.061287
34.000000 301.000000 -0.633768 -0.061082
48.000000 301.000000 -0.614411 -0.060612
81.000000 301.000000 -0.570253 -0.059569
1219.000000 301.000000 0.597910 -0.060255
36.000000 302.000000 -0.630946 -0.059965
46.000000 302.000000 -0.617120 -0.059636
1073.000000 302.000000 0.419071 -0.055474
1210.000000 302.000000 0.585811 -0.058938
1214.000000 302.000000 0.591155 -0.059062
44.000000 303.000000 -0.619838 -0.058657
48.000000 303.000000 -0.614346 -0.058529
1224.000000 303.000000 0.604617 -0.058340
26.000000 304.000000 -0.644896 -0.058193
19.000000 305.000000 -0.654787 -0.057367
29.000000 305.000000 -0.640639 -0.057043
36.000000 306.000000 -0.630817 -0.055772
1210.000000 306.000000 0.585692 -0.054816
1214.000000 306.000000 0.591035 -0.054932
1222.000000 306.000000 0.601812 -0.055167
39.000000 307.000000 -0.626620 -0.054633
14.000000 308.000000 -0.661835 -0.054349
1213.000000 308.000000 0.589639 -0.052840
1105.000000 309.000000 0.455343 -0.049280
29.000000 310.000000 -0.640486 -0.051784
33.000000 310.000000 -0.634881 -0.051668
1179.000000 311.000000 0.545165 -0.048894
1215.000000 311.000000 0.592236 -0.049799
1225.000000 311.000000 0.605742 -0.050066
31.000000 312.000000 -0.637623 -0.049626
1230.000000 313.000000 0.612513 -0.048122
1220.000000 314.000000 0.598888 -0.046828
16.000000 315.000000 -0.658769 -0.046875
1231.000000 315.000000 0.613833 -0.046068
462.000000 316.000000 -0.161929 -0.039442
1228.000000 317.000000 0.609678 -0.043915
18.000000 318.000000 -0.655837 -0.043650
1261.000000 318.000000 0.655771 -0.043679
22.000000 319.000000 -0.650126 -0.042496
1091.000000 320.000000 0.439069 -0.038285
1227.000000 321.000000 0.608222 -0.039741
15.000000 322.000000 -0.660026 -0.039492
17.000000 322.000000 -0.657167 -0.039446
1234.000000 322.000000 0.617792 -0.038852
1236.000000 322.000000 0.620549 -0.038895
1256.000000 322.000000 0.648553 -0.039337
1230.000000 323.000000 0.612278 -0.037728
1259.000000 323.000000 0.652798 -0.038349
21.000000 327.000000 -0.651369 -0.034085
1237.000000 327.000000 0.621830 -0.033703
211.000000 330.000000 -0.413562 -0.028294
545.000000 330.000000 -0.085650 -0.026470
15.000000 331.000000 -0.659845 -0.029973
17.000000 331.000000 -0.656988 -0.029938
22.000000 331.000000 -0.649877 -0.029852
30.000000 332.000000 -0.638583 -0.028668
11.000000 335.000000 -0.665517 -0.025804
99.000000 336.000000 -0.546307 -0.023594
4.000000 337.000000 -0.675599 -0.023783
15.000000 337.000000 -0.659752 -0.023630
124.000000 337.000000 -0.515003 -0.022316
1268.000000 338.000000 0.665434 -0.022642
13.000000 339.000000 -0.662590 -0.021542
15.000000 339.000000 -0.659726 -0.021517
10.000000 341.000000 -0.666876 -0.019460
81.000000 341.000000 -0.569455 -0.018709
1096.000000 341.000000 0.444553 -0.017869
1269.000000 341.000000 0.666840 -0.019474
3.000000 342.000000 -0.676988 -0.018477
18.000000 342.000000 -0.655408 -0.018315
12.000000 345.000000 -0.663960 -0.015204
16.000000 345.000000 -0.658232 -0.015169
21.000000 347.000000 -0.651097 -0.013019
7.000000 348.000000 -0.671138 -0.012066
4.000000 349.000000 -0.675475 -0.011025
1270.000000 350.000000 0.668205 -0.009939
1274.000000 354.000000 0.673982 -0.005711
24.000000 355.000000 -0.646808 -0.004589
26.000000 355.000000 -0.643985 -0.004583
5.000000 357.000000 -0.673991 -0.002521
14.000000 358.000000 -0.661027 -0.001448
18.000000 358.000000 -0.655314 -0.001444
1272.000000 358.000000 0.671071 -0.001457
1275.000000 359.000000 0.675426 -0.000397
1269.000000 360.000000 0.666731 0.000666
5.000000 361.000000 -0.673989 0.001728
1041.000000 364.000000 0.383385 0.004469
1099.000000 364.000000 0.447931 0.004553
26.000000 365.000000 -0.643986 0.005912
1179.000000 366.000000 0.544593 0.006719
1176.000000 367.000000 0.540785 0.007719
1070.000000 368.000000 0.415164 0.008370
25.000000 369.000000 -0.645413 0.010116
34.000000 370.000000 -0.632796 0.011113
1106.000000 370.000000 0.456024 0.010435
24.000000 371.000000 -0.646837 0.012223
1110.000000 371.000000 0.460673 0.011431
16.000000 372.000000 -0.658209 0.013331
28.000000 373.000000 -0.641214 0.014294
35.000000 373.000000 -0.631423 0.014241
1180.000000 374.000000 0.545907 0.014809
3.000000 375.000000 -0.676959 0.016618
16.000000 375.000000 -0.658234 0.016499
17.000000 377.000000 -0.656826 0.018600
40.000000 377.000000 -0.624522 0.018370
58.000000 378.000000 -0.599958 0.019230
44.000000 379.000000 -0.619028 0.020410
54.000000 380.000000 -0.605386 0.021338
58.000000 380.000000 -0.599979 0.021293
18.000000 382.000000 -0.655459 0.023864
15.000000 383.000000 -0.659755 0.024961
1179.000000 383.000000 0.544715 0.023898
30.000000 384.000000 -0.638527 0.025803
1199.000000 384.000000 0.570556 0.025152
1207.000000 384.000000 0.581093 0.025253
55.000000 385.000000 -0.604094 0.026495
535.000000 386.000000 -0.094740 0.024130
1096.000000 386.000000 0.444616 0.025996
31.000000 387.000000 -0.637170 0.028932
33.000000 387.000000 -0.634374 0.028901
31.000000 389.000000 -0.637203 0.031028
53.000000 389.000000 -0.606865 0.030664
56.000000 389.000000 -0.602800 0.030616
27.000000 391.000000 -0.642854 0.033196
74.000000 391.000000 -0.578798 0.032383
52.000000 392.000000 -0.608275 0.033788
1067.000000 392.000000 0.411997 0.031517
18.000000 393.000000 -0.655640 0.035473
31.000000 394.000000 -0.637295 0.036268
62.000000 394.000000 -0.594807 0.035674
74.000000 395.000000 -0.578867 0.036480
18.000000 396.000000 -0.655702 0.038641
78.000000 396.000000 -0.573626 0.037430
30.000000 397.000000 -0.638759 0.039435
26.000000 398.000000 -0.644405 0.040573
51.000000 398.000000 -0.609753 0.040028
71.000000 398.000000 -0.582890 0.039615
68.000000 399.000000 -0.586892 0.040703
1140.000000 401.000000 0.496589 0.041368
63.000000 402.000000 -0.593631 0.043901
65.000000 402.000000 -0.590956 0.043856
49.000000 403.000000 -0.612595 0.045264
1040.000000 403.000000 0.382591 0.041765
12.000000 404.000000 -0.664480 0.047253
16.000000 404.000000 -0.658748 0.047147
24.000000 404.000000 -0.647375 0.046937
62.000000 404.000000 -0.595018 0.045988
65.000000 404.000000 -0.591002 0.045916
1141.000000 404.000000 0.497854 0.044371
50.000000 406.000000 -0.611304 0.048356
24.000000 407.000000 -0.647456 0.050098
57.000000 407.000000 -0.601825 0.049212
1118.000000 407.000000 0.470455 0.046902
1143.000000 408.000000 0.500361 0.048395
8.000000 410.000000 -0.670413 0.053741
48.000000 410.000000 -0.614145 0.052568
17.000000 411.000000 -0.657519 0.054527
45.000000 411.000000 -0.618288 0.053695
42.000000 414.000000 -0.622509 0.056915
1181.000000 415.000000 0.547882 0.056349
4.000000 417.000000 -0.676435 0.061331
1176.000000 418.000000 0.541592 0.059253
1121.000000 419.000000 0.474252 0.058814
21.000000 420.000000 -0.652121 0.063918
1236.000000 420.000000 0.621172 0.063187
1255.000000 420.000000 0.647782 0.063853
29.000000 421.000000 -0.640851 0.064688
82.000000 421.000000 -0.569019 0.062907
9.000000 422.000000 -0.669378 0.066481
36.000000 422.000000 -0.631093 0.065489
1249.000000 422.000000 0.639375 0.065746
26.000000 426.000000 -0.645264 0.070072
1099.000000 426.000000 0.448758 0.065166
9.000000 427.000000 -0.669574 0.071810
16.000000 427.000000 -0.659515 0.071527
22.000000 428.000000 -0.651005 0.072345
1275.000000 429.000000 0.676895 0.074206
1145.000000 430.000000 0.503368 0.070417
1148.000000 430.000000 0.507034 0.070510
19.000000 434.000000 -0.655526 0.078833
1139.000000 434.000000 0.496204 0.074227
246.000000 437.000000 -0.376189 0.074219
1161.000000 437.000000 0.523329 0.077988
19.000000 439.000000 -0.655755 0.084143
3.000000 440.000000 -0.678853 0.085981
34.000000 440.000000 -0.634623 0.084500
1212.000000 440.000000 0.589308 0.083069
1264.000000 440.000000 0.661476 0.085456
1201.000000 441.000000 0.574744 0.083631
1274.000000 441.000000 0.675993 0.087017
265.000000 442.000000 -0.356083 0.078566
1156.000000 442.000000 0.517299 0.082849
19.000000 443.000000 -0.655948 0.088396
1224.000000 444.000000 0.605685 0.087767
1273.000000 447.000000 0.674847 0.093402
1016.000000 448.000000 0.357818 0.084368
1194.000000 449.000000 0.565915 0.091559
1202.000000 449.000000 0.576420 0.091929
1155.000000 450.000000 0.516377 0.090881
1144.000000 451.000000 0.502897 0.091440
1194.000000 452.000000 0.566055 0.094646
1132.000000 454.000000 0.488483 0.093965
1180.000000 454.000000 0.548037 0.096042
1136.000000 455.000000 0.493345 0.095129
1129.000000 456.000000 0.484964 0.095844
1239.000000 461.000000 0.627229 0.106406
1070.000000 463.000000 0.416987 0.100511
1184.000000 464.000000 0.553672 0.106490
26.000000 467.000000 -0.647354 0.113555
1115.000000 467.000000 0.468792 0.106235
1185.000000 467.000000 0.555122 0.109628
1193.000000 467.000000 0.565516 0.110063
906.000000 469.000000 0.246775 0.101719
19.000000 470.000000 -0.657504 0.117211
108.000000 471.000000 -0.537733 0.112932
1218.000000 471.000000 0.598996 0.115675
1229.000000 473.000000 0.614127 0.118464
21.000000 479.000000 -0.655263 0.126723
1029.000000 479.000000 0.372625 0.114609
1219.000000 479.000000 0.600858 0.124134
17.000000 480.000000 -0.661055 0.128083
19.000000 480.000000 -0.658191 0.127940
1257.000000 480.000000 0.653853 0.127811
8.000000 482.000000 -0.674178 0.130898
20.000000 482.000000 -0.656906 0.130017
485.000000 482.000000 -0.141257 0.111961
1226.000000 483.000000 0.610673 0.128820
6.000000 484.000000 -0.677231 0.133213
1032.000000 487.000000 0.376154 0.122483
1227.000000 487.000000 0.612326 0.133120
168.000000 489.000000 -0.465547 0.127980
46.000000 495.000000 -0.621334 0.141973
405.000000 497.000000 -0.216960 0.127243
1205.000000 500.000000 0.583498 0.145220
1068.000000 501.000000 0.416361 0.137785
1163.000000 501.000000 0.529117 0.143282
1107.000000 503.000000 0.461192 0.141847
316.000000 505.000000 -0.305093 0.137292
1222.000000 505.000000 0.606848 0.151828
8.000000 508.000000 -0.676308 0.159152
1092.000000 510.000000 0.444140 0.148013
10.000000 511.000000 -0.673678 0.162247
1165.000000 511.000000 0.532339 0.153742
1224.000000 511.000000 0.610083 0.158380
10.000000 513.000000 -0.673861 0.164432
1050.000000 513.000000 0.396942 0.148741
1084.000000 513.000000 0.435119 0.150559
1102.000000 513.000000 0.455925 0.151611
1218.000000 513.000000 0.602054 0.160002
554.000000 514.000000 -0.078098 0.140780
252.000000 517.000000 -0.372565 0.151515
1078.000000 517.000000 0.428503 0.154214
558.000000 518.000000 -0.074474 0.144450
1068.000000 518.000000 0.417251 0.154648
254.000000 520.000000 -0.370555 0.154361
276.000000 520.000000 -0.347120 0.153344
1170.000000 520.000000 0.539369 0.163458
1141.000000 522.000000 0.503222 0.163344
9.000000 523.000000 -0.676268 0.175482
1171.000000 523.000000 0.540883 0.166663
7.000000 524.000000 -0.679276 0.176778
340.000000 524.000000 -0.281498 0.154658
535.000000 524.000000 -0.095613 0.150240
994.000000 524.000000 0.337309 0.156869
956.000000 526.000000 0.298185 0.157233
1153.000000 526.000000 0.518380 0.168367
1082.000000 527.000000 0.433660 0.164465
1097.000000 527.000000 0.450971 0.165416
17.000000 528.000000 -0.665195 0.180169
325.000000 529.000000 -0.296822 0.160022
1074.000000 530.000000 0.424729 0.166983
1100.000000 531.000000 0.454735 0.169661
1071.000000 532.000000 0.421453 0.168804
339.000000 533.000000 -0.282832 0.163338
1070.000000 534.000000 0.420446 0.170747
1101.000000 534.000000 0.456110 0.172772
1180.000000 534.000000 0.553389 0.178942
1036.000000 536.000000 0.382805 0.170742
1070.000000 537.000000 0.420633 0.173757
974.000000 539.000000 0.317173 0.170574
1102.000000 539.000000 0.457632 0.177925
967.000000 540.000000 0.310005 0.171235
1083.000000 541.000000 0.435712 0.178636
1117.000000 541.000000 0.475549 0.181068
1085.000000 542.000000 0.438080 0.179783
1104.000000 545.000000 0.460420 0.184188
946.000000 546.000000 0.288846 0.176155
1185.000000 546.000000 0.560999 0.192086
1150.000000 547.000000 0.516355 0.189952
1201.000000 550.000000 0.582564 0.197930
1142.000000 553.000000 0.506935 0.195517
1147.000000 554.000000 0.513231 0.197004
1042.000000 555.000000 0.390518 0.190033
1044.000000 555.000000 0.392724 0.190161
1145.000000 555.000000 0.510832 0.197871
1119.000000 556.000000 0.479136 0.196671
1136.000000 556.000000 0.499799 0.198119
988.000000 557.000000 0.332621 0.188884
1047.000000 558.000000 0.396238 0.193368
1137.000000 562.000000 0.501564 0.204472
1172.000000 562.000000 0.545679 0.207815
332.000000 563.000000 -0.291162 0.192710
1092.000000 563.000000 0.447736 0.201695
1111.000000 563.000000 0.470140 0.203242
1147.000000 563.000000 0.514056 0.206443
969.000000 564.000000 0.313205 0.194789
366.000000 566.000000 -0.257155 0.194153
1148.000000 566.000000 0.515590 0.209695
1259.000000 566.000000 0.665121 0.221973
511.000000 567.000000 -0.118409 0.190936
1070.000000 567.000000 0.422703 0.204092
1128.000000 567.000000 0.490988 0.208882
534.000000 569.000000 -0.097112 0.192459
1150.000000 569.000000 0.518385 0.213053
549.000000 570.000000 -0.083273 0.193202
1007.000000 570.000000 0.353472 0.202850
208.000000 572.000000 -0.424670 0.209210
564.000000 572.000000 -0.069481 0.194922
206.000000 573.000000 -0.427029 0.210387
1142.000000 574.000000 0.508883 0.217549
187.000000 576.000000 -0.449218 0.215008
1159.000000 576.000000 0.530461 0.221386
199.000000 577.000000 -0.435379 0.215046
204.000000 577.000000 -0.429633 0.214643
1099.000000 577.000000 0.457105 0.216712
197.000000 578.000000 -0.437768 0.216238
1074.000000 580.000000 0.428287 0.217707
1262.000000 581.000000 0.671380 0.239166
213.000000 582.000000 -0.419764 0.219054
1035.000000 582.000000 0.384635 0.216768
1170.000000 583.000000 0.545317 0.230060
448.000000 584.000000 -0.178096 0.208658
1013.000000 584.000000 0.360807 0.217266
183.000000 585.000000 -0.454686 0.224681
208.000000 585.000000 -0.425704 0.222539
988.000000 588.000000 0.334401 0.219670
1071.000000 588.000000 0.425509 0.225695
1056.000000 589.000000 0.408552 0.225497
1163.000000 589.000000 0.536974 0.235732
1194.000000 589.000000 0.577556 0.239353
991.000000 590.000000 0.337697 0.221863
1090.000000 590.000000 0.447681 0.229418
1094.000000 590.000000 0.452375 0.229780
205.000000 591.000000 -0.429644 0.228980
184.000000 592.000000 -0.454144 0.231882
200.000000 592.000000 -0.435490 0.230447
182.000000 593.000000 -0.456594 0.233111
1029.000000 593.000000 0.378842 0.227505
12.000000 594.000000 -0.680357 0.254357
169.000000 594.000000 -0.472147 0.235399
186.000000 594.000000 -0.451977 0.233785
375.000000 595.000000 -0.249467 0.222076
379.000000 595.000000 -0.245500 0.221896
186.000000 596.000000 -0.452163 0.235874
171.000000 597.000000 -0.470046 0.238360
1061.000000 597.000000 0.414865 0.234142
1165.000000 597.000000 0.540461 0.244591
8.000000 598.000000 -0.686753 0.259471
1148.000000 598.000000 0.518913 0.243722
14.000000 599.000000 -0.678149 0.259762
20.000000 599.000000 -0.669455 0.258915
41.000000 599.000000 -0.639458 0.255991
313.000000 599.000000 -0.312575 0.229296
991.000000 599.000000 0.338281 0.230917
202.000000 602.000000 -0.434071 0.240663
191.000000 603.000000 -0.446957 0.242730
1101.000000 603.000000 0.461895 0.244073
1163.000000 603.000000 0.538596 0.250856
1198.000000 603.000000 0.584687 0.255235
164.000000 604.000000 -0.479173 0.246464
1205.000000 604.000000 0.594294 0.257264
17.000000 605.000000 -0.674652 0.266170
161.000000 605.000000 -0.482912 0.247840
1200.000000 605.000000 0.587649 0.257709
14.000000 606.000000 -0.679152 0.267746
494.000000 606.000000 -0.135133 0.228654
980.000000 606.000000 0.327121 0.237253
16.000000 607.000000 -0.676392 0.268598
170.000000 608.000000 -0.472356 0.250084
174.000000 609.000000 -0.467665 0.250731
228.000000 610.000000 -0.405127 0.246671
237.000000 610.000000 -0.395042 0.245905
990.000000 611.000000 0.338037 0.242994
1008.000000 611.000000 0.357324 0.244296
173.000000 612.000000 -0.469173 0.254017
313.000000 612.000000 -0.313380 0.242355
1233.000000 612.000000 0.634191 0.270116
195.000000 613.000000 -0.443244 0.252846
38.000000 614.000000 -0.645833 0.273357
224.000000 614.000000 -0.409994 0.251178
999.000000 614.000000 0.347860 0.246693
1007.000000 614.000000 0.356469 0.247289
1107.000000 614.000000 0.470204 0.256342
23.000000 615.000000 -0.667444 0.276713
1116.000000 615.000000 0.481194 0.258383
34.000000 616.000000 -0.651818 0.276220
1137.000000 616.000000 0.507183 0.261848
30.000000 617.000000 -0.657683 0.277956
1115.000000 621.000000 0.480646 0.264701
188.000000 622.000000 -0.452376 0.263071
499.000000 622.000000 -0.130824 0.244092
1110.000000 622.000000 0.474693 0.265213
502.000000 623.000000 -0.128023 0.244994
1180.000000 623.000000 0.563330 0.274968
188.000000 625.000000 -0.452691 0.266261
794.000000 625.000000 0.143542 0.247424
7.000000 626.000000 -0.692379 0.291830
375.000000 627.000000 -0.251034 0.253815
192.000000 628.000000 -0.448290 0.269032
508.000000 628.000000 -0.122497 0.249737
511.000000 630.000000 -0.119723 0.251624
1100.000000 632.000000 0.463775 0.274825
1119.000000 633.000000 0.486927 0.278114
1217.000000 634.000000 0.615084 0.292689
521.000000 636.000000 -0.110463 0.257280
537.000000 636.000000 -0.095464 0.256942
1217.000000 636.000000 0.615391 0.294968
10.000000 637.000000 -0.689734 0.304152
977.000000 638.000000 0.326208 0.269656
1021.000000 638.000000 0.373706 0.273250
523.000000 639.000000 -0.108652 0.260186
22.000000 640.000000 -0.672780 0.305708
1095.000000 640.000000 0.458703 0.282868
1000.000000 644.000000 0.351298 0.277699
1081.000000 645.000000 0.442674 0.286667
5.000000 646.000000 -0.698515 0.315504
3.000000 647.000000 -0.701613 0.317010
299.000000 647.000000 -0.330597 0.279130
972.000000 647.000000 0.321603 0.278564
1140.000000 647.000000 0.514867 0.296128
1076.000000 649.000000 0.437252 0.290412
1222.000000 649.000000 0.624425 0.310666
1078.000000 650.000000 0.439710 0.291715
1090.000000 650.000000 0.453902 0.293100
57.000000 652.000000 -0.624964 0.313914
59.000000 653.000000 -0.622336 0.314742
1123.000000 654.000000 0.494509 0.301595
27.000000 655.000000 -0.668046 0.322393
1191.000000 655.000000 0.582732 0.312585
6.000000 656.000000 -0.698720 0.327123
1170.000000 656.000000 0.554871 0.310484
19.000000 659.000000 -0.680288 0.328454
16.000000 660.000000 -0.684814 0.330147
19.000000 661.000000 -0.680631 0.330813
343.000000 661.000000 -0.285590 0.290349
936.000000 661.000000 0.285053 0.290398
1089.000000 661.000000 0.454031 0.304953
29.000000 662.000000 -0.666361 0.330273
340.000000 662.000000 -0.288758 0.291596
1088.000000 663.000000 0.453083 0.307018
68.000000 664.000000 -0.611654 0.325981
1108.000000 665.000000 0.477490 0.311768
1227.000000 665.000000 0.634131 0.330082
1058.000000 666.000000 0.418233 0.306743
232.000000 667.000000 -0.406156 0.306511
1027.000000 667.000000 0.383125 0.304489
254.000000 668.000000 -0.381456 0.305275
1024.000000 668.000000 0.379876 0.305255
1228.000000 668.000000 0.636061 0.333767
294.000000 669.000000 -0.337773 0.302560
1071.000000 671.000000 0.433946 0.313699
1229.000000 671.000000 0.637998 0.337463
230.000000 672.000000 -0.408992 0.312136
1028.000000 672.000000 0.384760 0.309956
5.000000 673.000000 -0.703113 0.347498
29.000000 673.000000 -0.668279 0.343264
290.000000 674.000000 -0.342530 0.308211
521.000000 674.000000 -0.111400 0.295108
1149.000000 674.000000 0.530244 0.327691
1097.000000 675.000000 0.465432 0.321390
962.000000 676.000000 0.313348 0.308044
1132.000000 676.000000 0.508849 0.327405
520.000000 678.000000 -0.112457 0.299175
1120.000000 678.000000 0.494088 0.327913
337.000000 679.000000 -0.293130 0.309541
1132.000000 679.000000 0.509293 0.330794
525.000000 680.000000 -0.107768 0.301066
527.000000 681.000000 -0.105899 0.302026
287.000000 683.000000 -0.346618 0.318082
291.000000 684.000000 -0.342374 0.318773
3.000000 685.000000 -0.708163 0.362244
904.000000 685.000000 0.253953 0.313127
1071.000000 685.000000 0.435676 0.329094
251.000000 686.000000 -0.386715 0.325005
487.000000 686.000000 -0.144209 0.308360
1067.000000 686.000000 0.431097 0.329694
1121.000000 686.000000 0.496502 0.337084
25.000000 687.000000 -0.676559 0.360667
434.000000 687.000000 -0.195720 0.311690
284.000000 688.000000 -0.350367 0.323738
1078.000000 690.000000 0.444615 0.335551
241.000000 691.000000 -0.398598 0.331591
771.000000 691.000000 0.123675 0.312776
861.000000 691.000000 0.211163 0.316720
996.000000 691.000000 0.351274 0.327148
188.000000 694.000000 -0.461116 0.341662
948.000000 697.000000 0.300347 0.329143
1036.000000 699.000000 0.396821 0.340255
497.000000 701.000000 -0.135144 0.323409
993.000000 701.000000 0.349006 0.337678
1036.000000 701.000000 0.397060 0.342464
25.000000 704.000000 -0.679711 0.381150
1126.000000 704.000000 0.505560 0.358416
21.000000 706.000000 -0.685860 0.384329
429.000000 706.000000 -0.201665 0.331725
1030.000000 706.000000 0.390825 0.347279
953.000000 707.000000 0.306506 0.340314
1025.000000 708.000000 0.385392 0.348899
186.000000 709.000000 -0.465687 0.358927
898.000000 710.000000 0.249591 0.339066
1020.000000 710.000000 0.379981 0.350525
1077.000000 710.000000 0.446158 0.357894
187.000000 711.000000 -0.464765 0.361062
318.000000 711.000000 -0.315895 0.345309
421.000000 711.000000 -0.209901 0.337448
857.000000 711.000000 0.208343 0.337429
905.000000 711.000000 0.256822 0.340647
1127.000000 711.000000 0.507959 0.366674
1141.000000 711.000000 0.525888 0.369006
400.000000 712.000000 -0.231010 0.339827
408.000000 712.000000 -0.222962 0.339307
449.000000 712.000000 -0.182254 0.336951
433.000000 713.000000 -0.198096 0.338864
934.000000 713.000000 0.287018 0.345116
1139.000000 714.000000 0.523816 0.372173
180.000000 715.000000 -0.473924 0.366696
788.000000 715.000000 0.140876 0.338213
988.000000 715.000000 0.344997 0.352463
426.000000 716.000000 -0.205219 0.342437
428.000000 716.000000 -0.203230 0.342320
