40.000000 3.000000 -0.660702 -0.392750
46.000000 3.000000 -0.652158 -0.391585
582.000000 3.000000 -0.054579 -0.336457
939.000000 3.000000 0.292571 -0.348521
1144.000000 3.000000 0.530760 -0.375193
1164.000000 3.000000 0.557041 -0.378748
1217.000000 3.000000 0.629585 -0.388771
1242.000000 3.000000 0.665105 -0.393658
1059.000000 4.000000 0.425580 -0.360824
1166.000000 4.000000 0.559521 -0.377925
1179.000000 4.000000 0.576968 -0.380315
1219.000000 4.000000 0.632205 -0.387950
1247.000000 4.000000 0.672094 -0.393413
597.000000 5.000000 -0.040374 -0.334189
1137.000000 5.000000 0.521367 -0.371643
1155.000000 5.000000 0.544783 -0.374769
42.000000 6.000000 -0.657268 -0.388714
637.000000 6.000000 -0.002654 -0.332924
1152.000000 6.000000 0.540670 -0.373062
1087.000000 7.000000 0.458589 -0.361390
1150.000000 7.000000 0.537879 -0.371536
1206.000000 7.000000 0.613431 -0.381820
1236.000000 7.000000 0.655736 -0.387618
50.000000 8.000000 -0.645517 -0.384747
655.000000 8.000000 0.014296 -0.330890
1031.000000 8.000000 0.392639 -0.352707
1184.000000 8.000000 0.583000 -0.376475
1241.000000 8.000000 0.662697 -0.387373
1177.000000 9.000000 0.573346 -0.373997
1254.000000 9.000000 0.681225 -0.388668
1264.000000 9.000000 0.695726 -0.390583
743.000000 10.000000 0.097505 -0.330177
1107.000000 10.000000 0.482656 -0.360975
1186.000000 10.000000 0.585349 -0.374464
58.000000 11.000000 -0.633652 -0.379594
71.000000 11.000000 -0.615483 -0.377130
181.000000 11.000000 -0.471741 -0.358308
47.000000 12.000000 -0.649004 -0.380486
56.000000 12.000000 -0.636276 -0.378771
76.000000 12.000000 -0.608369 -0.374994
1137.000000 12.000000 0.520189 -0.363479
1144.000000 12.000000 0.529216 -0.364654
1258.000000 12.000000 0.686442 -0.385779
64.000000 13.000000 -0.624860 -0.376052
86.000000 14.000000 -0.594255 -0.370756
88.000000 14.000000 -0.591525 -0.370389
90.000000 14.000000 -0.588800 -0.370023
96.000000 14.000000 -0.580663 -0.368933
109.000000 14.000000 -0.563219 -0.366608
696.000000 14.000000 0.052877 -0.325087
1066.000000 14.000000 0.432473 -0.350497
1256.000000 14.000000 0.683162 -0.382964
1009.000000 15.000000 0.367044 -0.342402
1192.000000 15.000000 0.592613 -0.369626
56.000000 16.000000 -0.635519 -0.373962
75.000000 16.000000 -0.609006 -0.370406
107.000000 16.000000 -0.565532 -0.364608
1268.000000 16.000000 0.700224 -0.382803
61.000000 17.000000 -0.628306 -0.371823
111.000000 17.000000 -0.560033 -0.362732
1131.000000 17.000000 0.511699 -0.356705
1147.000000 17.000000 0.532263 -0.359336
1015.000000 18.000000 0.373403 -0.339777
1252.000000 18.000000 0.676613 -0.377349
54.000000 19.000000 -0.637773 -0.370740
88.000000 19.000000 -0.590615 -0.364464
108.000000 19.000000 -0.563673 -0.360910
1038.000000 19.000000 0.399295 -0.341348
81.000000 20.000000 -0.600006 -0.364550
1011.000000 20.000000 0.368719 -0.337145
1141.000000 20.000000 0.524011 -0.354863
56.000000 21.000000 -0.634581 -0.367971
63.000000 21.000000 -0.624761 -0.366670
99.000000 21.000000 -0.575367 -0.360142
747.000000 21.000000 0.101018 -0.318942
1013.000000 21.000000 0.370837 -0.336270
1056.000000 21.000000 0.419826 -0.341361
75.000000 22.000000 -0.607902 -0.363272
109.000000 22.000000 -0.561822 -0.357225
114.000000 22.000000 -0.555196 -0.356366
121.000000 22.000000 -0.545985 -0.355180
126.000000 22.000000 -0.539453 -0.354343
131.000000 22.000000 -0.532960 -0.353516
912.000000 22.000000 0.262997 -0.326010
1225.000000 22.000000 0.637231 -0.367423
102.000000 23.000000 -0.570989 -0.357269
124.000000 23.000000 -0.541895 -0.353516
136.000000 23.000000 -0.526344 -0.351545
1193.000000 23.000000 0.592522 -0.360331
73.000000 24.000000 -0.610301 -0.361265
142.000000 24.000000 -0.518493 -0.349431
766.000000 24.000000 0.119038 -0.316413
104.000000 25.000000 -0.567966 -0.354581
1140.000000 25.000000 0.521915 -0.348932
1148.000000 25.000000 0.532234 -0.350230
1203.000000 25.000000 0.605909 -0.359779
42.000000 26.000000 -0.653478 -0.364592
133.000000 26.000000 -0.529724 -0.348571
746.000000 26.000000 0.099936 -0.313793
909.000000 26.000000 0.259636 -0.321572
1210.000000 26.000000 0.615438 -0.359872
139.000000 27.000000 -0.521852 -0.346461
153.000000 27.000000 -0.504079 -0.344280
805.000000 27.000000 0.156405 -0.314738
1150.000000 27.000000 0.534501 -0.348247
1198.000000 27.000000 0.598656 -0.356511
105.000000 28.000000 -0.566117 -0.350909
107.000000 28.000000 -0.563453 -0.350568
323.000000 28.000000 -0.308831 -0.323086
61.000000 29.000000 -0.626089 -0.357520
149.000000 29.000000 -0.508818 -0.342611
171.000000 29.000000 -0.481373 -0.339334
118.000000 30.000000 -0.548585 -0.346404
138.000000 30.000000 -0.522659 -0.343178
165.000000 30.000000 -0.488640 -0.339076
1105.000000 30.000000 0.477207 -0.337914
80.000000 31.000000 -0.599403 -0.351747
106.000000 31.000000 -0.564275 -0.347249
155.000000 31.000000 -0.500960 -0.339424
159.000000 31.000000 -0.495956 -0.338828
129.000000 32.000000 -0.533927 -0.342312
135.000000 32.000000 -0.526192 -0.341360
137.000000 32.000000 -0.523626 -0.341046
170.000000 32.000000 -0.482173 -0.336093
1117.000000 32.000000 0.491757 -0.337400
1256.000000 32.000000 0.679782 -0.361210
79.000000 33.000000 -0.600422 -0.349574
103.000000 33.000000 -0.567936 -0.345432
120.000000 33.000000 -0.545474 -0.342613
191.000000 33.000000 -0.456497 -0.332060
194.000000 33.000000 -0.452900 -0.331659
197.000000 33.000000 -0.449315 -0.331262
1262.000000 33.000000 0.688317 -0.361113
138.000000 34.000000 -0.522033 -0.338604
174.000000 34.000000 -0.476977 -0.333276
176.000000 34.000000 -0.474530 -0.332995
915.000000 34.000000 0.265204 -0.313596
1051.000000 34.000000 0.412428 -0.326382
1122.000000 34.000000 0.497705 -0.335875
50.000000 35.000000 -0.640473 -0.352399
99.000000 35.000000 -0.572948 -0.343785
121.000000 35.000000 -0.543843 -0.340149
1126.000000 35.000000 0.502575 -0.335338
1214.000000 35.000000 0.619382 -0.349947
45.000000 36.000000 -0.647376 -0.352116
190.000000 36.000000 -0.457297 -0.328851
193.000000 36.000000 -0.453700 -0.328453
445.000000 36.000000 -0.184770 -0.306733
1078.000000 36.000000 0.443780 -0.327528
177.000000 37.000000 -0.472893 -0.329496
815.000000 37.000000 0.165669 -0.304891
51.000000 38.000000 -0.638519 -0.348664
193.000000 38.000000 -0.453437 -0.326232
104.000000 39.000000 -0.565600 -0.338315
195.000000 39.000000 -0.450917 -0.324863
877.000000 39.000000 0.226481 -0.305940
20.000000 40.000000 -0.682535 -0.351871
109.000000 40.000000 -0.558801 -0.336341
1135.000000 40.000000 0.513198 -0.331021
189.000000 42.000000 -0.457707 -0.322320
111.000000 43.000000 -0.555674 -0.332569
118.000000 43.000000 -0.546484 -0.331453
744.000000 43.000000 0.097619 -0.296475
906.000000 43.000000 0.255416 -0.303596
7.000000 44.000000 -0.700742 -0.349411
191.000000 45.000000 -0.454922 -0.318743
1136.000000 47.000000 0.513424 -0.323255
1252.000000 48.000000 0.671084 -0.341376
341.000000 49.000000 -0.288336 -0.299537
814.000000 49.000000 0.164212 -0.292630
905.000000 49.000000 0.254013 -0.297320
1037.000000 49.000000 0.394741 -0.308486
1030.000000 50.000000 0.386748 -0.306670
1036.000000 51.000000 0.393397 -0.306226
1258.000000 52.000000 0.679072 -0.337693
1204.000000 53.000000 0.602386 -0.327154
1044.000000 54.000000 0.402142 -0.303852
1212.000000 54.000000 0.613279 -0.327342
1208.000000 55.000000 0.607568 -0.325507
1249.000000 56.000000 0.665341 -0.331382
1207.000000 57.000000 0.605852 -0.323023
1237.000000 57.000000 0.647958 -0.328122
703.000000 58.000000 0.058835 -0.280685
1240.000000 58.000000 0.652069 -0.327467
212.000000 59.000000 -0.428467 -0.300907
1204.000000 59.000000 0.601388 -0.320216
1022.000000 60.000000 0.376811 -0.295184
1201.000000 62.000000 0.596782 -0.316271
1218.000000 62.000000 0.620291 -0.319066
338.000000 63.000000 -0.290434 -0.285238
886.000000 63.000000 0.234094 -0.281838
1051.000000 63.000000 0.409159 -0.294934
1133.000000 63.000000 0.507357 -0.304916
1197.000000 63.000000 0.591158 -0.314478
740.000000 64.000000 0.093381 -0.275356
1043.000000 64.000000 0.399954 -0.293027
313.000000 65.000000 -0.316367 -0.285007
966.000000 68.000000 0.315616 -0.281951
1252.000000 68.000000 0.667610 -0.317796
337.000000 69.000000 -0.291051 -0.279130
1068.000000 69.000000 0.428094 -0.290332
244.000000 71.000000 -0.390702 -0.284707
1058.000000 71.000000 0.416329 -0.287113
1273.000000 71.000000 0.697722 -0.317812
430.000000 72.000000 -0.197762 -0.270881
1054.000000 72.000000 0.411643 -0.285629
1270.000000 73.000000 0.692982 -0.314955
469.000000 75.000000 -0.159987 -0.266353
1015.000000 75.000000 0.367687 -0.278708
1058.000000 75.000000 0.415911 -0.282846
1250.000000 75.000000 0.663553 -0.309286
141.000000 77.000000 -0.512067 -0.289965
145.000000 77.000000 -0.507048 -0.289442
163.000000 77.000000 -0.484769 -0.287165
459.000000 77.000000 -0.169505 -0.264719
429.000000 78.000000 -0.198475 -0.264916
92.000000 79.000000 -0.575351 -0.294576
1064.000000 79.000000 0.422396 -0.279209
1095.000000 79.000000 0.458771 -0.282603
109.000000 81.000000 -0.552574 -0.289885
160.000000 81.000000 -0.487955 -0.283176
468.000000 81.000000 -0.160738 -0.260430
1078.000000 81.000000 0.438447 -0.278559
1080.000000 81.000000 0.440791 -0.278775
1102.000000 81.000000 0.466933 -0.281254
84.000000 82.000000 -0.585657 -0.292377
94.000000 82.000000 -0.572242 -0.290909
80.000000 83.000000 -0.590921 -0.291842
87.000000 83.000000 -0.581468 -0.290807
132.000000 83.000000 -0.522653 -0.284538
160.000000 83.000000 -0.487711 -0.281000
908.000000 83.000000 0.255000 -0.262802
126.000000 84.000000 -0.530169 -0.284229
312.000000 84.000000 -0.316010 -0.265492
128.000000 86.000000 -0.527350 -0.281760
135.000000 86.000000 -0.518462 -0.280850
1081.000000 86.000000 0.441425 -0.273540
568.000000 87.000000 -0.066503 -0.252190
1098.000000 87.000000 0.461447 -0.274332
157.000000 88.000000 -0.490791 -0.275934
575.000000 88.000000 -0.059990 -0.251125
1109.000000 88.000000 0.474573 -0.274510
128.000000 89.000000 -0.526958 -0.278460
1104.000000 89.000000 0.468420 -0.272860
1119.000000 89.000000 0.486643 -0.274602
570.000000 90.000000 -0.064606 -0.249236
63.000000 91.000000 -0.613007 -0.285327
76.000000 91.000000 -0.595176 -0.283410
160.000000 91.000000 -0.486757 -0.272330
1111.000000 91.000000 0.476652 -0.271507
19.000000 92.000000 -0.675208 -0.290938
625.000000 92.000000 -0.013692 -0.246868
66.000000 93.000000 -0.608571 -0.282620
148.000000 93.000000 -0.501306 -0.271591
575.000000 93.000000 -0.059930 -0.246252
61.000000 94.000000 -0.615328 -0.282228
63.000000 94.000000 -0.612561 -0.281932
1064.000000 94.000000 0.420885 -0.263325
1131.000000 95.000000 0.500736 -0.269535
61.000000 96.000000 -0.615033 -0.279966
1127.000000 96.000000 0.495660 -0.267975
1098.000000 97.000000 0.460347 -0.263629
165.000000 98.000000 -0.479862 -0.264220
1225.000000 98.000000 0.624397 -0.278920
15.000000 99.000000 -0.679931 -0.283477
145.000000 99.000000 -0.504316 -0.265448
1101.000000 99.000000 0.463715 -0.261819
1105.000000 99.000000 0.468510 -0.262252
11.000000 100.000000 -0.685606 -0.282936
147.000000 100.000000 -0.501714 -0.264131
1136.000000 100.000000 0.506365 -0.264715
1142.000000 100.000000 0.513884 -0.265437
6.000000 101.000000 -0.692767 -0.282544
1100.000000 102.000000 0.462200 -0.258517
1124.000000 102.000000 0.491266 -0.261156
696.000000 103.000000 0.051808 -0.236471
1116.000000 103.000000 0.481371 -0.259183
145.000000 106.000000 -0.503499 -0.257891
1158.000000 106.000000 0.533471 -0.260869
1111.000000 107.000000 0.474874 -0.254366
1152.000000 107.000000 0.525685 -0.259046
1237.000000 107.000000 0.639969 -0.270487
1070.000000 108.000000 0.426445 -0.249202
1073.000000 108.000000 0.429904 -0.249483
1139.000000 108.000000 0.509171 -0.256421
1178.000000 109.000000 0.559065 -0.260110
1235.000000 109.000000 0.636847 -0.267932
694.000000 110.000000 0.049894 -0.229695
733.000000 110.000000 0.086000 -0.230183
710.000000 111.000000 0.064667 -0.228900
1066.000000 111.000000 0.421577 -0.245701
1162.000000 111.000000 0.537994 -0.255914
1170.000000 112.000000 0.548222 -0.255811
47.000000 113.000000 -0.632103 -0.262810
55.000000 113.000000 -0.620926 -0.261691
1142.000000 113.000000 0.512350 -0.251379
145.000000 114.000000 -0.502596 -0.249298
236.000000 114.000000 -0.395785 -0.240533
745.000000 114.000000 0.097091 -0.226525
1155.000000 114.000000 0.528666 -0.251814
732.000000 115.000000 0.084993 -0.225347
753.000000 115.000000 0.104525 -0.225706
1143.000000 115.000000 0.513376 -0.249341
1165.000000 115.000000 0.541375 -0.251927
1265.000000 115.000000 0.679074 -0.265476
431.000000 116.000000 -0.195037 -0.227311
771.000000 116.000000 0.121327 -0.225109
1111.000000 117.000000 0.473826 -0.243746
1123.000000 117.000000 0.488387 -0.244999
1129.000000 117.000000 0.495750 -0.245642
1154.000000 117.000000 0.527041 -0.248452
1157.000000 117.000000 0.530864 -0.248803
1172.000000 117.000000 0.550207 -0.250603
1163.000000 118.000000 0.538436 -0.248430
1194.000000 118.000000 0.579148 -0.252270
1110.000000 119.000000 0.472418 -0.241529
1120.000000 119.000000 0.484517 -0.242557
1117.000000 120.000000 0.480768 -0.241186
1178.000000 120.000000 0.557682 -0.248067
1197.000000 120.000000 0.582918 -0.250453
144.000000 121.000000 -0.503069 -0.241923
282.000000 121.000000 -0.345140 -0.229954
1152.000000 121.000000 0.524041 -0.243909
1159.000000 121.000000 0.532953 -0.244713
1186.000000 121.000000 0.568106 -0.247963
1191.000000 121.000000 0.574754 -0.248590
800.000000 122.000000 0.148458 -0.220014
1149.000000 124.000000 0.519910 -0.240348
1173.000000 124.000000 0.550665 -0.243110
1188.000000 124.000000 0.570387 -0.244928
1207.000000 126.000000 0.595677 -0.245122
1153.000000 127.000000 0.524634 -0.237574
1196.000000 127.000000 0.580691 -0.242635
143.000000 128.000000 -0.503563 -0.234575
202.000000 128.000000 -0.433142 -0.228945
1131.000000 128.000000 0.497048 -0.234150
1156.000000 128.000000 0.528331 -0.236835
1225.000000 128.000000 0.620194 -0.245243
1161.000000 129.000000 0.534597 -0.236320
1122.000000 130.000000 0.485828 -0.231120
1199.000000 130.000000 0.584349 -0.239718
1090.000000 131.000000 0.447551 -0.227047
1098.000000 131.000000 0.456958 -0.227773
1160.000000 131.000000 0.533095 -0.234058
1223.000000 131.000000 0.617022 -0.241651
1118.000000 132.000000 0.480777 -0.228618
1168.000000 132.000000 0.543256 -0.233879
1184.000000 132.000000 0.564128 -0.235726
280.000000 133.000000 -0.346480 -0.218004
1214.000000 133.000000 0.604351 -0.238291
1219.000000 133.000000 0.611230 -0.238924
1124.000000 134.000000 0.487868 -0.227100
1169.000000 134.000000 0.544322 -0.231838
1176.000000 134.000000 0.553407 -0.232631
1181.000000 134.000000 0.559948 -0.233206
1190.000000 134.000000 0.571832 -0.234261
1202.000000 134.000000 0.587901 -0.235705
1138.000000 135.000000 0.504978 -0.227447
1151.000000 135.000000 0.521237 -0.228801
1166.000000 135.000000 0.540343 -0.230428
1192.000000 135.000000 0.574374 -0.233410
735.000000 136.000000 0.087461 -0.205281
1114.000000 136.000000 0.475567 -0.224036
1177.000000 136.000000 0.554483 -0.230585
1208.000000 136.000000 0.595785 -0.234247
1102.000000 137.000000 0.461145 -0.221883
1133.000000 137.000000 0.498597 -0.224826
1160.000000 137.000000 0.532438 -0.227628
1164.000000 137.000000 0.537554 -0.228061
1174.000000 137.000000 0.550463 -0.229168
1182.000000 137.000000 0.560915 -0.230074
1237.000000 137.000000 0.635837 -0.236795
1137.000000 138.000000 0.503436 -0.224170
1140.000000 138.000000 0.507156 -0.224472
1153.000000 138.000000 0.523445 -0.225814
1210.000000 138.000000 0.598263 -0.232298
280.000000 139.000000 -0.346102 -0.211992
1120.000000 139.000000 0.482526 -0.221459
1133.000000 139.000000 0.498399 -0.222716
1142.000000 139.000000 0.509542 -0.223615
1164.000000 139.000000 0.537337 -0.225919
1185.000000 139.000000 0.564633 -0.228254
1194.000000 139.000000 0.576568 -0.229294
1204.000000 139.000000 0.589998 -0.230478
1233.000000 139.000000 0.629953 -0.234060
302.000000 140.000000 -0.322879 -0.209686
326.000000 140.000000 -0.298085 -0.208384
1127.000000 140.000000 0.490944 -0.221078
1166.000000 140.000000 0.539796 -0.225064
1168.000000 140.000000 0.542369 -0.225281
890.000000 141.000000 0.234373 -0.204577
1196.000000 141.000000 0.579006 -0.227354
1209.000000 141.000000 0.596538 -0.228890
1234.000000 141.000000 0.631103 -0.231969
1133.000000 142.000000 0.498105 -0.219554
1155.000000 142.000000 0.525556 -0.221764
1177.000000 142.000000 0.553811 -0.224118
1188.000000 142.000000 0.568253 -0.225350
1194.000000 142.000000 0.576220 -0.226036
907.000000 143.000000 0.251065 -0.203323
1131.000000 143.000000 0.495551 -0.218308
1186.000000 143.000000 0.565498 -0.224043
1220.000000 143.000000 0.611365 -0.228026
1163.000000 144.000000 0.535524 -0.220468
1165.000000 144.000000 0.538085 -0.220679
371.000000 145.000000 -0.252541 -0.201392
1139.000000 145.000000 0.505220 -0.216977
1171.000000 145.000000 0.545700 -0.220247
141.000000 146.000000 -0.504229 -0.215740
325.000000 146.000000 -0.298802 -0.202525
930.000000 146.000000 0.273903 -0.201404
1154.000000 146.000000 0.523881 -0.217411
1186.000000 146.000000 0.565164 -0.220805
1234.000000 146.000000 0.630480 -0.226433
1255.000000 146.000000 0.660338 -0.229065
141.000000 148.000000 -0.504038 -0.213636
1199.000000 148.000000 0.582218 -0.220099
1261.000000 148.000000 0.668750 -0.227590
66.000000 149.000000 -0.601200 -0.220490
1164.000000 149.000000 0.536283 -0.215243
1223.000000 149.000000 0.614788 -0.221797
1159.000000 150.000000 0.529809 -0.213671
1202.000000 150.000000 0.586020 -0.218270
1264.000000 150.000000 0.672850 -0.225729
1140.000000 151.000000 0.505882 -0.210757
380.000000 152.000000 -0.243368 -0.194239
417.000000 152.000000 -0.207313 -0.192932
1164.000000 152.000000 0.535977 -0.212052
1205.000000 152.000000 0.589838 -0.216438
1217.000000 152.000000 0.606170 -0.217809
1257.000000 152.000000 0.662466 -0.222617
1265.000000 152.000000 0.674053 -0.223615
1138.000000 153.000000 0.503220 -0.208469
1184.000000 153.000000 0.561773 -0.213060
1190.000000 153.000000 0.569679 -0.213703
1197.000000 153.000000 0.578984 -0.214466
1200.000000 153.000000 0.582998 -0.214797
1212.000000 153.000000 0.599219 -0.216145
905.000000 154.000000 0.248638 -0.192560
1162.000000 154.000000 0.533224 -0.209728
1207.000000 154.000000 0.592316 -0.214493
1266.000000 154.000000 0.675259 -0.221500
140.000000 155.000000 -0.504616 -0.206383
1194.000000 155.000000 0.574768 -0.211981
1211.000000 155.000000 0.597631 -0.213856
1227.000000 156.000000 0.619510 -0.214592
1275.000000 156.000000 0.688179 -0.220374
140.000000 157.000000 -0.504433 -0.204288
1205.000000 157.000000 0.589281 -0.211020
1220.000000 157.000000 0.609718 -0.212696
1269.000000 157.000000 0.679264 -0.218513
416.000000 158.000000 -0.208087 -0.187207
925.000000 158.000000 0.268361 -0.189493
1144.000000 158.000000 0.510189 -0.203781
1169.000000 158.000000 0.541782 -0.206180
1202.000000 158.000000 0.585134 -0.209612
1228.000000 158.000000 0.620669 -0.212517
1187.000000 159.000000 0.565085 -0.206944
1200.000000 159.000000 0.582344 -0.208317
1236.000000 159.000000 0.631732 -0.212345
1111.000000 160.000000 0.469854 -0.198816
1182.000000 160.000000 0.558425 -0.205360
1244.000000 160.000000 0.642907 -0.212177
1247.000000 160.000000 0.647170 -0.212529
1173.000000 161.000000 0.546635 -0.203391
1179.000000 161.000000 0.554411 -0.203989
1188.000000 161.000000 0.566195 -0.204906
1200.000000 161.000000 0.582130 -0.206162
1229.000000 161.000000 0.621717 -0.209349
1132.000000 162.000000 0.495035 -0.198524
1156.000000 162.000000 0.524844 -0.200695
1251.000000 162.000000 0.652642 -0.210788
1206.000000 163.000000 0.589981 -0.204644
1249.000000 163.000000 0.649669 -0.209450
1259.000000 163.000000 0.664020 -0.210621
1148.000000 164.000000 0.514622 -0.197857
1164.000000 164.000000 0.534800 -0.199341
1176.000000 164.000000 0.550218 -0.200500
1187.000000 164.000000 0.564572 -0.201596
1209.000000 164.000000 0.593929 -0.203885
1217.000000 164.000000 0.604822 -0.204748
454.000000 165.000000 -0.171595 -0.179473
1131.000000 165.000000 0.493554 -0.195318
1171.000000 165.000000 0.543667 -0.198953
1244.000000 165.000000 0.642328 -0.206669
1173.000000 166.000000 0.546147 -0.198086
1192.000000 166.000000 0.570964 -0.199965
1234.000000 166.000000 0.628132 -0.204443
1267.000000 166.000000 0.675266 -0.208228
518.000000 167.000000 -0.111670 -0.176311
1051.000000 167.000000 0.400320 -0.187290
1132.000000 167.000000 0.494605 -0.193326
1162.000000 167.000000 0.531974 -0.195990
1227.000000 167.000000 0.618271 -0.202579
1245.000000 167.000000 0.643519 -0.204583
1151.000000 168.000000 0.518012 -0.193938
1159.000000 168.000000 0.528078 -0.194661
1231.000000 168.000000 0.623721 -0.201927
1241.000000 168.000000 0.637746 -0.203035
512.000000 169.000000 -0.117200 -0.174523
1134.000000 169.000000 0.496882 -0.191419
1166.000000 169.000000 0.536882 -0.194254
1184.000000 169.000000 0.560141 -0.195968
1210.000000 169.000000 0.594756 -0.198594
1245.000000 169.000000 0.643294 -0.202385
276.000000 170.000000 -0.348558 -0.181437
1136.000000 170.000000 0.499248 -0.190549
1139.000000 170.000000 0.502937 -0.190803
1152.000000 170.000000 0.519086 -0.191933
1186.000000 170.000000 0.562663 -0.195100
1250.000000 170.000000 0.650295 -0.201847
1272.000000 170.000000 0.682101 -0.204356
920.000000 171.000000 0.262853 -0.176717
1149.000000 171.000000 0.515247 -0.190624
1189.000000 171.000000 0.566507 -0.194328
1209.000000 171.000000 0.593195 -0.196336
908.000000 172.000000 0.250924 -0.175310
1145.000000 172.000000 0.510184 -0.189234
1197.000000 172.000000 0.576995 -0.194050
1205.000000 172.000000 0.587697 -0.194853
560.000000 173.000000 -0.072896 -0.170155
923.000000 173.000000 0.265763 -0.174904
927.000000 173.000000 0.269755 -0.175058
1087.000000 173.000000 0.440701 -0.183672
1151.000000 173.000000 0.517571 -0.188709
1168.000000 173.000000 0.539069 -0.190224
1228.000000 173.000000 0.619010 -0.196161
1243.000000 173.000000 0.640018 -0.197777
921.000000 174.000000 0.263734 -0.173864
1170.000000 174.000000 0.541539 -0.189353
1214.000000 174.000000 0.599671 -0.193618
1219.000000 174.000000 0.606499 -0.194133
1251.000000 174.000000 0.651277 -0.197558
1084.000000 175.000000 0.437102 -0.181434
1089.000000 175.000000 0.442873 -0.181783
1158.000000 175.000000 0.526188 -0.187229
1092.000000 176.000000 0.446280 -0.180980
1160.000000 176.000000 0.528626 -0.186357
1171.000000 176.000000 0.542640 -0.187337
1208.000000 176.000000 0.591337 -0.190861
1254.000000 176.000000 0.655349 -0.195688
1185.000000 177.000000 0.560684 -0.187570
568.000000 178.000000 -0.065521 -0.165409
901.000000 178.000000 0.243823 -0.169312
1160.000000 178.000000 0.528452 -0.184264
1182.000000 178.000000 0.556677 -0.186232
1187.000000 178.000000 0.563209 -0.186697
559.000000 179.000000 -0.073756 -0.164556
1085.000000 179.000000 0.437979 -0.177453
1131.000000 179.000000 0.492404 -0.180825
1167.000000 179.000000 0.537254 -0.183827
1200.000000 179.000000 0.580308 -0.186866
1244.000000 179.000000 0.640787 -0.191323
1171.000000 180.000000 0.542282 -0.183129
1181.000000 180.000000 0.555192 -0.184026
1150.000000 181.000000 0.515644 -0.180288
1227.000000 181.000000 0.616795 -0.187387
1234.000000 181.000000 0.626523 -0.188101
1274.000000 181.000000 0.683794 -0.192355
610.000000 182.000000 -0.027161 -0.161435
1199.000000 182.000000 0.578689 -0.183573
230.000000 183.000000 -0.397598 -0.171126
720.000000 183.000000 0.073106 -0.160828
1148.000000 183.000000 0.512991 -0.178047
1160.000000 183.000000 0.528025 -0.179038
1164.000000 183.000000 0.533090 -0.179377
607.000000 184.000000 -0.029886 -0.159585
1121.000000 184.000000 0.479934 -0.174919
1173.000000 184.000000 0.544498 -0.179103
1231.000000 184.000000 0.622039 -0.184545
1116.000000 185.000000 0.473878 -0.173530
1157.000000 185.000000 0.524078 -0.176703
1162.000000 185.000000 0.530385 -0.177118
1186.000000 185.000000 0.561259 -0.179196
1196.000000 185.000000 0.574424 -0.180103
1235.000000 185.000000 0.627513 -0.183864
1129.000000 186.000000 0.489436 -0.173465
1254.000000 186.000000 0.654284 -0.184716
1265.000000 186.000000 0.670134 -0.185864
1267.000000 186.000000 0.673038 -0.186075
610.000000 187.000000 -0.027144 -0.156786
1232.000000 187.000000 0.623131 -0.181399
1184.000000 188.000000 0.558383 -0.175854
1154.000000 189.000000 0.519991 -0.172302
1186.000000 189.000000 0.560905 -0.174975
1144.000000 190.000000 0.507482 -0.170484
1161.000000 190.000000 0.528710 -0.171824
1163.000000 190.000000 0.531239 -0.171986
1183.000000 190.000000 0.556907 -0.173661
1197.000000 190.000000 0.575296 -0.174890
1209.000000 190.000000 0.591341 -0.175980
1250.000000 190.000000 0.648166 -0.179937
1146.000000 191.000000 0.509878 -0.169605
1180.000000 191.000000 0.552927 -0.172353
1186.000000 191.000000 0.560732 -0.172867
1218.000000 191.000000 0.603455 -0.175747
1260.000000 191.000000 0.662388 -0.179855
1153.000000 192.000000 0.518504 -0.169112
1212.000000 192.000000 0.595209 -0.174122
1236.000000 192.000000 0.628219 -0.176385
905.000000 193.000000 0.247265 -0.155122
1139.000000 193.000000 0.501104 -0.167015
1160.000000 193.000000 0.527208 -0.168624
1167.000000 193.000000 0.536073 -0.169184
1185.000000 193.000000 0.559255 -0.170676
1187.000000 193.000000 0.561867 -0.170846
1191.000000 193.000000 0.567110 -0.171190
1226.000000 193.000000 0.614241 -0.174352
1267.000000 193.000000 0.672314 -0.178370
1173.000000 194.000000 0.543655 -0.168627
1199.000000 194.000000 0.577597 -0.170829
1256.000000 194.000000 0.656338 -0.176172
1152.000000 195.000000 0.517025 -0.165930
1249.000000 195.000000 0.646249 -0.174394
1254.000000 195.000000 0.653376 -0.174883
1139.000000 196.000000 0.500883 -0.163931
1219.000000 196.000000 0.604358 -0.170488
1261.000000 196.000000 0.663329 -0.174480
192.000000 197.000000 -0.439562 -0.159394
1158.000000 197.000000 0.524380 -0.164318
1173.000000 197.000000 0.543413 -0.165494
1181.000000 197.000000 0.553722 -0.166142
1187.000000 197.000000 0.561529 -0.166638
1217.000000 197.000000 0.601541 -0.169238
1250.000000 197.000000 0.647476 -0.172317
1170.000000 198.000000 0.539496 -0.164213
1220.000000 198.000000 0.605543 -0.168440
1222.000000 198.000000 0.608280 -0.168621
1237.000000 198.000000 0.629046 -0.170000
1243.000000 198.000000 0.637470 -0.170564
1255.000000 198.000000 0.654514 -0.171711
1227.000000 199.000000 0.615065 -0.168003
1229.000000 199.000000 0.617827 -0.168185
165.000000 200.000000 -0.470869 -0.158068
1238.000000 200.000000 0.630260 -0.167936
1257.000000 200.000000 0.657187 -0.169724
1275.000000 200.000000 0.683289 -0.171469
1059.000000 201.000000 0.407203 -0.153839
1139.000000 201.000000 0.500525 -0.158799
1172.000000 201.000000 0.541816 -0.161244
1264.000000 201.000000 0.667175 -0.169304
1270.000000 201.000000 0.675886 -0.169883
1160.000000 202.000000 0.526516 -0.159292
1202.000000 202.000000 0.580902 -0.162622
1216.000000 202.000000 0.599739 -0.163819
1223.000000 202.000000 0.609293 -0.164432
1193.000000 203.000000 0.568901 -0.160824
1144.000000 204.000000 0.506454 -0.156073
1178.000000 204.000000 0.549287 -0.158584
1234.000000 204.000000 0.624313 -0.163267
1250.000000 204.000000 0.646816 -0.164720
1189.000000 205.000000 0.563492 -0.158402
1193.000000 205.000000 0.568740 -0.158721
1195.000000 205.000000 0.571374 -0.158883
1239.000000 205.000000 0.631204 -0.162639
717.000000 206.000000 0.070168 -0.139447
1198.000000 206.000000 0.575258 -0.158073
1200.000000 206.000000 0.577911 -0.158235
1220.000000 206.000000 0.604841 -0.159903
1248.000000 206.000000 0.643795 -0.162372
736.000000 207.000000 0.087539 -0.138685
1153.000000 207.000000 0.517390 -0.153623
1212.000000 207.000000 0.593896 -0.158165
1224.000000 207.000000 0.610230 -0.159180
1246.000000 207.000000 0.640874 -0.161111
1252.000000 207.000000 0.649387 -0.161652
4.000000 208.000000 -0.682487 -0.162557
14.000000 208.000000 -0.667969 -0.161637
1144.000000 208.000000 0.506177 -0.151971
1173.000000 208.000000 0.542563 -0.154039
1175.000000 208.000000 0.545125 -0.154189
1181.000000 208.000000 0.552853 -0.154642
1235.000000 208.000000 0.625352 -0.159061
1239.000000 208.000000 0.630938 -0.159411
1258.000000 208.000000 0.657875 -0.161112
1261.000000 208.000000 0.662188 -0.161386
60.000000 209.000000 -0.603398 -0.156537
93.000000 209.000000 -0.559532 -0.153906
1205.000000 209.000000 0.584329 -0.155476
1228.000000 209.000000 0.615563 -0.157386
1271.000000 209.000000 0.676587 -0.161213
1112.000000 210.000000 0.467464 -0.147875
1183.000000 210.000000 0.555291 -0.152707
1088.000000 211.000000 0.439452 -0.145475
1179.000000 211.000000 0.550045 -0.151366
1189.000000 211.000000 0.563025 -0.152118
1207.000000 211.000000 0.586845 -0.153525
1220.000000 211.000000 0.604420 -0.154582
1231.000000 211.000000 0.619539 -0.155503
1248.000000 211.000000 0.643349 -0.156969
1211.000000 212.000000 0.592139 -0.152789
1218.000000 212.000000 0.601614 -0.153356
1079.000000 213.000000 0.429062 -0.142991
1145.000000 213.000000 0.507072 -0.146919
1194.000000 213.000000 0.569428 -0.150405
1226.000000 213.000000 0.612472 -0.152949
1252.000000 213.000000 0.648854 -0.155159
1149.000000 214.000000 0.511944 -0.146160
292.000000 215.000000 -0.329745 -0.136860
1155.000000 215.000000 0.519331 -0.145535
1186.000000 215.000000 0.558813 -0.147716
1216.000000 215.000000 0.598656 -0.150014
1224.000000 215.000000 0.609563 -0.150656
1244.000000 215.000000 0.637355 -0.152315
1079.000000 216.000000 0.428904 -0.140008
1158.000000 216.000000 0.523013 -0.144709
1197.000000 216.000000 0.573155 -0.147489
1205.000000 216.000000 0.583777 -0.148097
1237.000000 216.000000 0.627459 -0.150655
1253.000000 216.000000 0.650019 -0.152003
1276.000000 216.000000 0.683262 -0.154006
1181.000000 217.000000 0.552188 -0.145271
1183.000000 217.000000 0.554774 -0.145414
1212.000000 217.000000 0.593091 -0.147584
1242.000000 217.000000 0.634374 -0.149999
1087.000000 218.000000 0.437925 -0.138437
1209.000000 218.000000 0.588979 -0.146297
1214.000000 218.000000 0.595713 -0.146683
1229.000000 218.000000 0.616197 -0.147867
1178.000000 220.000000 0.548111 -0.141946
1187.000000 220.000000 0.559753 -0.142578
1235.000000 220.000000 0.624347 -0.146215
1182.000000 221.000000 0.553198 -0.141186
1200.000000 221.000000 0.576752 -0.142471
1232.000000 221.000000 0.620104 -0.144909
1243.000000 221.000000 0.635451 -0.145790
1249.000000 221.000000 0.643917 -0.146278
1207.000000 222.000000 0.585998 -0.141936
1225.000000 222.000000 0.610379 -0.143298
1112.000000 223.000000 0.466711 -0.134785
1151.000000 223.000000 0.513840 -0.137079
1223.000000 223.000000 0.607563 -0.142084
1251.000000 223.000000 0.646591 -0.144289
1261.000000 223.000000 0.660883 -0.145107
1269.000000 223.000000 0.672447 -0.145770
1168.000000 224.000000 0.535078 -0.137140
1207.000000 224.000000 0.585851 -0.139835
1255.000000 224.000000 0.652204 -0.143536
1202.000000 226.000000 0.579045 -0.137378
1219.000000 226.000000 0.601884 -0.138609
1261.000000 226.000000 0.660638 -0.141862
1135.000000 227.000000 0.493987 -0.132047
1194.000000 227.000000 0.568413 -0.135775
1231.000000 228.000000 0.618182 -0.137383
1254.000000 228.000000 0.650459 -0.139148
1157.000000 229.000000 0.520930 -0.131314
1200.000000 229.000000 0.576184 -0.134101
1224.000000 229.000000 0.608483 -0.135805
1242.000000 229.000000 0.633419 -0.137148
1134.000000 230.000000 0.492604 -0.128953
1193.000000 230.000000 0.566898 -0.132583
1195.000000 230.000000 0.569522 -0.132717
1198.000000 230.000000 0.573473 -0.132920
1216.000000 231.000000 0.597454 -0.133119
1233.000000 231.000000 0.620726 -0.134344
1274.000000 231.000000 0.679079 -0.137481
1213.000000 232.000000 0.593334 -0.131857
1169.000000 233.000000 0.535777 -0.127945
1140.000000 234.000000 0.499671 -0.125238
1175.000000 234.000000 0.543350 -0.127285
1187.000000 234.000000 0.558808 -0.128037
1209.000000 234.000000 0.587824 -0.129484
1212.000000 234.000000 0.591851 -0.129688
1243.000000 234.000000 0.634448 -0.131883
1249.000000 234.000000 0.642902 -0.132326
1260.000000 234.000000 0.658576 -0.133150
898.000000 235.000000 0.239304 -0.115257
1225.000000 235.000000 0.609422 -0.129532
1229.000000 235.000000 0.614914 -0.129813
1246.000000 235.000000 0.638593 -0.131035
1094.000000 236.000000 0.445070 -0.120885
1186.000000 236.000000 0.557384 -0.125903
1211.000000 236.000000 0.590372 -0.127522
1218.000000 237.000000 0.599748 -0.126943
411.000000 238.000000 -0.210890 -0.111828
911.000000 238.000000 0.251933 -0.112735
1151.000000 239.000000 0.512900 -0.120771
1204.000000 239.000000 0.580824 -0.123926
1211.000000 239.000000 0.590173 -0.124379
1242.000000 239.000000 0.632687 -0.126481
1248.000000 239.000000 0.641125 -0.126905
897.000000 240.000000 0.238223 -0.110550
1148.000000 240.000000 0.509145 -0.119592
1173.000000 240.000000 0.540440 -0.120995
1251.000000 240.000000 0.645299 -0.126049
1255.000000 240.000000 0.650984 -0.126334
1159.000000 241.000000 0.522730 -0.119176
1192.000000 241.000000 0.564885 -0.121096
1194.000000 241.000000 0.567502 -0.121218
1244.000000 241.000000 0.635352 -0.124491
1253.000000 241.000000 0.648067 -0.125120
1272.000000 241.000000 0.675402 -0.126484
1174.000000 242.000000 0.541598 -0.118999
1219.000000 242.000000 0.600773 -0.121753
1225.000000 242.000000 0.608947 -0.122146
1235.000000 242.000000 0.622723 -0.122812
1255.000000 242.000000 0.650843 -0.124190
1257.000000 242.000000 0.653696 -0.124331
1275.000000 242.000000 0.679705 -0.125619
910.000000 243.000000 0.250841 -0.108018
920.000000 243.000000 0.260664 -0.108242
1242.000000 243.000000 0.632410 -0.122224
1273.000000 243.000000 0.676714 -0.124392
433.000000 244.000000 -0.189857 -0.105873
1120.000000 244.000000 0.475095 -0.114139
1269.000000 244.000000 0.670828 -0.123026
1148.000000 245.000000 0.508881 -0.114522
1205.000000 245.000000 0.581778 -0.117733
1249.000000 245.000000 0.642122 -0.120568
1271.000000 245.000000 0.673661 -0.122087
1164.000000 246.000000 0.528721 -0.114349
1201.000000 246.000000 0.576413 -0.116451
1209.000000 246.000000 0.587051 -0.116934
1223.000000 246.000000 0.605957 -0.117805
1229.000000 246.000000 0.614173 -0.118188
1274.000000 246.000000 0.677960 -0.121217
1233.000000 247.000000 0.619624 -0.117389
1247.000000 247.000000 0.639166 -0.118303
1258.000000 247.000000 0.654780 -0.119039
1276.000000 247.000000 0.680812 -0.120274
1137.000000 248.000000 0.495297 -0.110940
1147.000000 248.000000 0.507499 -0.111434
1254.000000 249.000000 0.648943 -0.116631
1232.000000 250.000000 0.618052 -0.114157
1274.000000 250.000000 0.677685 -0.116892
1148.000000 251.000000 0.508579 -0.108448
1155.000000 251.000000 0.517224 -0.108794
1175.000000 251.000000 0.542375 -0.109825
1181.000000 251.000000 0.550055 -0.110146
1197.000000 251.000000 0.570849 -0.111030
1211.000000 251.000000 0.589429 -0.111837
1276.000000 251.000000 0.680538 -0.115946
1153.000000 252.000000 0.514696 -0.107681
1191.000000 252.000000 0.562942 -0.109661
1220.000000 252.000000 0.601507 -0.111323
1265.000000 252.000000 0.664499 -0.114140
1240.000000 253.000000 0.628967 -0.111482
1269.000000 253.000000 0.670216 -0.113325
718.000000 254.000000 0.070769 -0.095373
1149.000000 254.000000 0.509664 -0.105463
1163.000000 254.000000 0.527052 -0.106145
1177.000000 254.000000 0.544770 -0.106856
1227.000000 254.000000 0.610933 -0.109640
1198.000000 255.000000 0.571942 -0.106944
1208.000000 255.000000 0.585189 -0.107497
1266.000000 255.000000 0.665748 -0.110982
1151.000000 256.000000 0.512033 -0.103535
1158.000000 256.000000 0.520707 -0.103868
1179.000000 256.000000 0.547226 -0.104910
1188.000000 256.000000 0.558827 -0.105376
1190.000000 256.000000 0.561424 -0.105482
1195.000000 256.000000 0.567950 -0.105748
1203.000000 256.000000 0.578487 -0.106181
1222.000000 256.000000 0.603991 -0.107248
540.000000 257.000000 -0.090497 -0.092754
1254.000000 257.000000 0.648434 -0.108092
1265.000000 257.000000 0.664179 -0.108772
1113.000000 258.000000 0.466208 -0.099864
1163.000000 258.000000 0.526856 -0.102077
1256.000000 258.000000 0.651219 -0.107148
1079.000000 259.000000 0.427012 -0.097572
1166.000000 259.000000 0.530575 -0.101203
1180.000000 259.000000 0.548356 -0.101886
1187.000000 259.000000 0.557376 -0.102238
1189.000000 259.000000 0.559969 -0.102340
1227.000000 259.000000 0.610644 -0.104387
1233.000000 259.000000 0.618894 -0.104729
1267.000000 259.000000 0.666942 -0.106749
1070.000000 260.000000 0.416863 -0.096276
1224.000000 260.000000 0.606488 -0.103170
1088.000000 261.000000 0.437154 -0.095934
1158.000000 261.000000 0.520473 -0.098798
1168.000000 261.000000 0.532999 -0.099262
1181.000000 261.000000 0.549540 -0.099886
1241.000000 262.000000 0.629830 -0.102019
1249.000000 262.000000 0.641057 -0.102476
540.000000 263.000000 -0.090460 -0.087278
1171.000000 263.000000 0.536696 -0.097365
1182.000000 263.000000 0.550728 -0.097886
1258.000000 263.000000 0.653775 -0.101932
12.000000 264.000000 -0.666670 -0.101315
19.000000 264.000000 -0.656631 -0.100912
1196.000000 264.000000 0.568848 -0.097541
554.000000 265.000000 -0.077696 -0.085377
1163.000000 265.000000 0.526533 -0.094968
1204.000000 265.000000 0.579340 -0.096906
1258.000000 265.000000 0.653660 -0.099799
1262.000000 265.000000 0.659386 -0.100027
1266.000000 266.000000 0.665084 -0.099186
128.000000 267.000000 -0.511904 -0.092391
1087.000000 267.000000 0.435803 -0.090002
1184.000000 267.000000 0.553112 -0.093882
1244.000000 267.000000 0.633748 -0.096899
1258.000000 267.000000 0.653547 -0.097667
58.000000 268.000000 -0.602175 -0.094592
1204.000000 268.000000 0.579192 -0.093801
1202.000000 269.000000 0.576498 -0.092671
1250.000000 269.000000 0.642079 -0.095104
1215.000000 270.000000 0.593778 -0.092261
1240.000000 270.000000 0.628001 -0.093520
1245.000000 270.000000 0.634990 -0.093781
1254.000000 270.000000 0.647689 -0.094257
1191.000000 271.000000 0.561989 -0.090100
1194.000000 271.000000 0.565899 -0.090236
1252.000000 271.000000 0.644801 -0.093089
1269.000000 271.000000 0.669141 -0.093997
1271.000000 271.000000 0.672040 -0.094106
1158.000000 272.000000 0.519999 -0.087667
1196.000000 272.000000 0.568468 -0.089298
1237.000000 272.000000 0.623729 -0.091261
1273.000000 272.000000 0.674892 -0.093141
1235.000000 273.000000 0.620910 -0.090109
1265.000000 273.000000 0.663259 -0.091644
1179.000000 274.000000 0.546386 -0.086505
1246.000000 274.000000 0.636188 -0.089604
1257.000000 274.000000 0.651747 -0.090162
1212.000000 275.000000 0.589516 -0.086926
1224.000000 276.000000 0.605671 -0.086440
1262.000000 276.000000 0.658793 -0.088288
1245.000000 277.000000 0.634637 -0.086387
1253.000000 277.000000 0.645912 -0.086776
1233.000000 278.000000 0.617908 -0.084766
1269.000000 278.000000 0.668776 -0.086505
158.000000 279.000000 -0.475280 -0.079274
1180.000000 279.000000 0.547460 -0.081446
1261.000000 279.000000 0.657211 -0.085043
1264.000000 279.000000 0.661515 -0.085189
698.000000 280.000000 0.052521 -0.071636
1222.000000 280.000000 0.602771 -0.082179
1229.000000 280.000000 0.612318 -0.082490
1235.000000 280.000000 0.620577 -0.082761
149.000000 281.000000 -0.485916 -0.077583
1189.000000 281.000000 0.558968 -0.079761
1204.000000 281.000000 0.578607 -0.080371
1237.000000 281.000000 0.623299 -0.081802
1254.000000 282.000000 0.647092 -0.081525
129.000000 283.000000 -0.510068 -0.076257
1208.000000 283.000000 0.583831 -0.078471
1244.000000 283.000000 0.632958 -0.080014
1264.000000 283.000000 0.661324 -0.080926
1271.000000 283.000000 0.671431 -0.081254
1190.000000 284.000000 0.560147 -0.076729
1267.000000 284.000000 0.665598 -0.079999
1158.000000 285.000000 0.519512 -0.074549
1199.000000 285.000000 0.571855 -0.076051
1253.000000 285.000000 0.645538 -0.078303
129.000000 286.000000 -0.509967 -0.073246
1244.000000 286.000000 0.632826 -0.076854
1250.000000 286.000000 0.641254 -0.077114
1273.000000 286.000000 0.674196 -0.078136
1209.000000 287.000000 0.585003 -0.074379
1226.000000 288.000000 0.607877 -0.074013
1261.000000 288.000000 0.656797 -0.075472
1185.000000 289.000000 0.553502 -0.071436
1195.000000 289.000000 0.566467 -0.071795
1224.000000 289.000000 0.605113 -0.072892
1263.000000 289.000000 0.659620 -0.074495
702.000000 291.000000 0.056111 -0.061675
1110.000000 291.000000 0.461577 -0.067099
1188.000000 291.000000 0.557302 -0.069500
1195.000000 292.000000 0.566360 -0.068720
1242.000000 292.000000 0.629786 -0.070463
1188.000000 293.000000 0.557234 -0.067458
1214.000000 293.000000 0.591458 -0.068365
1225.000000 293.000000 0.606321 -0.068768
1248.000000 293.000000 0.638148 -0.069646
1267.000000 293.000000 0.665207 -0.070405
1196.000000 294.000000 0.567597 -0.066705
1216.000000 294.000000 0.594108 -0.067402
1231.000000 294.000000 0.614488 -0.067948
1233.000000 294.000000 0.617238 -0.068023
1251.000000 294.000000 0.642336 -0.068709
1071.000000 295.000000 0.416985 -0.062225
1192.000000 295.000000 0.562351 -0.065548
1263.000000 295.000000 0.659374 -0.068118
1271.000000 295.000000 0.670910 -0.068433
1093.000000 296.000000 0.441812 -0.061757
1181.000000 296.000000 0.548134 -0.064174
1167.000000 297.000000 0.530361 -0.062734
1169.000000 298.000000 0.532845 -0.061782
1195.000000 298.000000 0.566160 -0.062576
1244.000000 298.000000 0.632353 -0.064235
1260.000000 298.000000 0.654965 -0.064820
1262.000000 298.000000 0.657826 -0.064895
1247.000000 299.000000 0.636519 -0.063291
305.000000 300.000000 -0.314207 -0.055680
1237.000000 300.000000 0.622545 -0.061893
1249.000000 300.000000 0.639295 -0.062310
1213.000000 301.000000 0.589848 -0.060063
1095.000000 302.000000 0.443965 -0.055932
1145.000000 302.000000 0.503017 -0.057107
1210.000000 302.000000 0.585811 -0.058938
1171.000000 303.000000 0.535224 -0.056786
1197.000000 303.000000 0.568620 -0.057519
1202.000000 303.000000 0.575183 -0.057667
1218.000000 303.000000 0.596499 -0.058152
1264.000000 303.000000 0.660515 -0.059660
1208.000000 304.000000 0.583090 -0.056817
1118.000000 305.000000 0.470610 -0.053487
1214.000000 305.000000 0.591064 -0.055964
1259.000000 305.000000 0.653293 -0.057372
1170.000000 306.000000 0.533884 -0.053729
1212.000000 306.000000 0.588360 -0.054874
1268.000000 306.000000 0.666172 -0.056607
1190.000000 308.000000 0.559373 -0.052218
1244.000000 308.000000 0.632022 -0.053739
1256.000000 308.000000 0.648927 -0.054105
1266.000000 308.000000 0.663226 -0.054417
1185.000000 309.000000 0.552896 -0.051071
1213.000000 309.000000 0.589612 -0.051808
1225.000000 309.000000 0.605798 -0.052142
1275.000000 309.000000 0.676223 -0.053635
1078.000000 310.000000 0.424523 -0.047803
1236.000000 310.000000 0.620849 -0.051413
1256.000000 310.000000 0.648867 -0.051994
1269.000000 310.000000 0.667490 -0.052385
1232.000000 311.000000 0.615311 -0.050258
1211.000000 312.000000 0.586861 -0.048664
1213.000000 312.000000 0.589532 -0.048715
1226.000000 312.000000 0.607077 -0.049056
1234.000000 312.000000 0.618035 -0.049271
1261.000000 312.000000 0.655933 -0.050026
392.000000 313.000000 -0.228101 -0.042634
1229.000000 313.000000 0.611145 -0.048096
1269.000000 313.000000 0.667401 -0.049195
1231.000000 314.000000 0.613858 -0.047108
1238.000000 314.000000 0.623506 -0.047290
894.000000 315.000000 0.234242 -0.040847
1206.000000 315.000000 0.580145 -0.045456
1229.000000 315.000000 0.611093 -0.046017
1271.000000 315.000000 0.670238 -0.047124
1152.000000 316.000000 0.511265 -0.043274
1215.000000 316.000000 0.592111 -0.044640
1197.000000 317.000000 0.568261 -0.043202
1264.000000 317.000000 0.660093 -0.044814
1271.000000 317.000000 0.670185 -0.044997
402.000000 319.000000 -0.218472 -0.037038
1094.000000 319.000000 0.442508 -0.039304
1179.000000 319.000000 0.544990 -0.040790
1216.000000 319.000000 0.593384 -0.041569
1219.000000 319.000000 0.597420 -0.041635
1271.000000 319.000000 0.670133 -0.042869
1273.000000 319.000000 0.673033 -0.042920
17.000000 320.000000 -0.657214 -0.041560
127.000000 320.000000 -0.511556 -0.039260
1202.000000 320.000000 0.574754 -0.040241
1231.000000 320.000000 0.613713 -0.040867
1235.000000 320.000000 0.619214 -0.040958
1071.000000 321.000000 0.416522 -0.037034
1150.000000 321.000000 0.508719 -0.038240
1215.000000 321.000000 0.591999 -0.039485
1233.000000 321.000000 0.616437 -0.039872
1251.000000 321.000000 0.641502 -0.040276
1095.000000 322.000000 0.443608 -0.036391
1264.000000 322.000000 0.659971 -0.039518
1271.000000 322.000000 0.670061 -0.039680
156.000000 323.000000 -0.476591 -0.035806
1072.000000 323.000000 0.417611 -0.035112
1202.000000 323.000000 0.574694 -0.037169
1250.000000 323.000000 0.640049 -0.038152
1262.000000 323.000000 0.657082 -0.038415
416.000000 324.000000 -0.205107 -0.032363
1146.000000 324.000000 0.503781 -0.035181
1179.000000 324.000000 0.544896 -0.035729
1237.000000 325.000000 0.621869 -0.035788
1276.000000 325.000000 0.677257 -0.036598
1201.000000 326.000000 0.573324 -0.034081
1218.000000 326.000000 0.595930 -0.034387
1253.000000 326.000000 0.644218 -0.035061
148.000000 327.000000 -0.486036 -0.031969
1125.000000 327.000000 0.478489 -0.031898
1198.000000 327.000000 0.569374 -0.033007
1256.000000 327.000000 0.648448 -0.034068
1217.000000 328.000000 0.594549 -0.032306
1223.000000 328.000000 0.602647 -0.032411
1231.000000 328.000000 0.613552 -0.032553
1239.000000 328.000000 0.624580 -0.032697
1253.000000 328.000000 0.644179 -0.032957
1275.000000 328.000000 0.675739 -0.033381
880.000000 329.000000 0.220694 -0.027859
1248.000000 329.000000 0.637118 -0.031815
1147.000000 330.000000 0.504914 -0.029216
1202.000000 330.000000 0.574572 -0.030006
1205.000000 330.000000 0.578527 -0.030053
1220.000000 330.000000 0.598556 -0.030293
1270.000000 330.000000 0.668448 -0.031160
1149.000000 331.000000 0.507344 -0.028245
1182.000000 331.000000 0.548615 -0.028691
1245.000000 331.000000 0.632880 -0.029667
1249.000000 331.000000 0.638487 -0.029735
1251.000000 331.000000 0.641303 -0.029769
431.000000 332.000000 -0.190885 -0.024967
145.000000 333.000000 -0.489548 -0.026068
147.000000 333.000000 -0.487155 -0.026045
1093.000000 333.000000 0.441191 -0.025641
1184.000000 333.000000 0.551149 -0.026692
1241.000000 333.000000 0.627272 -0.027512
1245.000000 333.000000 0.632848 -0.027574
181.000000 334.000000 -0.447353 -0.024708
1249.000000 334.000000 0.638439 -0.026588
127.000000 335.000000 -0.511339 -0.024281
1183.000000 335.000000 0.549842 -0.024652
1192.000000 335.000000 0.561441 -0.024764
1214.000000 335.000000 0.590420 -0.025049
1241.000000 335.000000 0.627243 -0.025424
1244.000000 335.000000 0.631421 -0.025467
184.000000 336.000000 -0.443900 -0.022730
1236.000000 336.000000 0.620303 -0.024311
1143.000000 337.000000 0.499966 -0.022203
1166.000000 337.000000 0.528302 -0.022440
1195.000000 337.000000 0.565315 -0.022764
1220.000000 337.000000 0.598455 -0.023066
1224.000000 337.000000 0.603867 -0.023116
1215.000000 338.000000 0.591721 -0.021974
1218.000000 338.000000 0.595748 -0.022010
1227.000000 338.000000 0.607934 -0.022118
1236.000000 338.000000 0.620277 -0.022229
1242.000000 338.000000 0.628593 -0.022304
1258.000000 338.000000 0.651110 -0.022510
901.000000 339.000000 0.240874 -0.018737
1144.000000 339.000000 0.501161 -0.020223
1163.000000 340.000000 0.524527 -0.019398
1238.000000 340.000000 0.623017 -0.020170
1126.000000 341.000000 0.479527 -0.018091
1185.000000 341.000000 0.552342 -0.018594
1236.000000 341.000000 0.620242 -0.019106
1254.000000 342.000000 0.645387 -0.018252
1260.000000 342.000000 0.653912 -0.018316
1266.000000 342.000000 0.662506 -0.018381
1170.000000 343.000000 0.533263 -0.016445
1184.000000 343.000000 0.551041 -0.016559
1215.000000 343.000000 0.591668 -0.016828
1271.000000 343.000000 0.669709 -0.017374
1253.000000 344.000000 0.643953 -0.016140
1170.000000 345.000000 0.533248 -0.014432
1069.000000 346.000000 0.414072 -0.012862
1205.000000 346.000000 0.578344 -0.013668
527.000000 347.000000 -0.102011 -0.011125
1242.000000 347.000000 0.628503 -0.012906
1189.000000 348.000000 0.557439 -0.011523
1263.000000 348.000000 0.658147 -0.012009
1233.000000 349.000000 0.616044 -0.010762
1250.000000 350.000000 0.639678 -0.009820
1130.000000 351.000000 0.484231 -0.008239
1262.000000 351.000000 0.656696 -0.008835
1145.000000 352.000000 0.502295 -0.007301
1197.000000 352.000000 0.567805 -0.007494
1134.000000 353.000000 0.489009 -0.006274
1249.000000 353.000000 0.638257 -0.006671
1051.000000 354.000000 0.394236 -0.005108
1198.000000 354.000000 0.569105 -0.005458
1228.000000 354.000000 0.609174 -0.005552
1245.000000 354.000000 0.632648 -0.005609
1274.000000 354.000000 0.673982 -0.005711
1169.000000 355.000000 0.531945 -0.004370
1171.000000 355.000000 0.534460 -0.004374
1240.000000 355.000000 0.625683 -0.004549
1235.000000 356.000000 0.618766 -0.003496
1244.000000 356.000000 0.631246 -0.003516
1260.000000 356.000000 0.653821 -0.003552
1196.000000 357.000000 0.566487 -0.002396
1198.000000 357.000000 0.569098 -0.002399
1232.000000 358.000000 0.614638 -0.001413
1209.000000 359.000000 0.583590 -0.000364
1260.000000 359.000000 0.653816 -0.000389
1275.000000 359.000000 0.675426 -0.000397
1191.000000 360.000000 0.559989 0.000659
1215.000000 360.000000 0.591592 0.000662
1231.000000 360.000000 0.613266 0.000663
1165.000000 361.000000 0.526931 0.001660
1226.000000 361.000000 0.606440 0.001697
1233.000000 361.000000 0.616011 0.001702
1244.000000 361.000000 0.631242 0.001709
1253.000000 361.000000 0.643879 0.001715
1193.000000 362.000000 0.562583 0.002694
1258.000000 362.000000 0.650969 0.002771
277.000000 363.000000 -0.342583 0.003475
1226.000000 363.000000 0.606443 0.003767
1168.000000 364.000000 0.530689 0.004677
1171.000000 364.000000 0.534459 0.004683
1271.000000 364.000000 0.669627 0.004910
280.000000 365.000000 -0.339467 0.005360
1239.000000 365.000000 0.624297 0.005874
1246.000000 365.000000 0.634044 0.005895
1266.000000 365.000000 0.662417 0.005956
1168.000000 366.000000 0.530694 0.006687
1217.000000 367.000000 0.594288 0.007870
1234.000000 367.000000 0.617400 0.007938
1246.000000 368.000000 0.634056 0.009033
1173.000000 369.000000 0.536997 0.009723
1201.000000 369.000000 0.573049 0.009852
1230.000000 369.000000 0.611921 0.009996
291.000000 370.000000 -0.328111 0.010050
1245.000000 370.000000 0.632668 0.011120
1040.000000 371.000000 0.382322 0.011157
1156.000000 371.000000 0.515786 0.011649
1200.000000 371.000000 0.571747 0.011889
1203.000000 371.000000 0.575689 0.011906
1234.000000 372.000000 0.617427 0.013134
1268.000000 372.000000 0.665333 0.013377
1173.000000 373.000000 0.537018 0.013753
1243.000000 373.000000 0.629897 0.014242
1251.000000 373.000000 0.641108 0.014303
1257.000000 373.000000 0.649597 0.014350
1264.000000 373.000000 0.659589 0.014405
1080.000000 374.000000 0.426370 0.014212
1210.000000 374.000000 0.584973 0.015026
11.000000 375.000000 -0.665399 0.016544
1174.000000 375.000000 0.538295 0.015776
1235.000000 375.000000 0.618827 0.016261
1266.000000 375.000000 0.662478 0.016537
1276.000000 375.000000 0.676951 0.016629
307.000000 376.000000 -0.311778 0.015632
1204.000000 376.000000 0.577043 0.017028
1274.000000 376.000000 0.674051 0.017674
1090.000000 377.000000 0.437696 0.017182
1205.000000 378.000000 0.578380 0.019084
1092.000000 380.000000 0.439993 0.020115
1271.000000 380.000000 0.669745 0.021890
1161.000000 381.000000 0.522052 0.021695
1205.000000 382.000000 0.578423 0.023180
1215.000000 382.000000 0.591725 0.023298
1154.000000 383.000000 0.513415 0.023626
1175.000000 383.000000 0.539635 0.023853
1218.000000 383.000000 0.595764 0.024365
1238.000000 383.000000 0.623058 0.024623
1269.000000 383.000000 0.666893 0.025047
694.000000 384.000000 0.048803 0.022262
1205.000000 385.000000 0.578460 0.026252
1256.000000 385.000000 0.648314 0.026972
1219.000000 386.000000 0.597151 0.027473
1242.000000 386.000000 0.628652 0.027811
1160.000000 388.000000 0.520890 0.028699
1213.000000 388.000000 0.589130 0.029445
1244.000000 388.000000 0.631471 0.029933
1272.000000 388.000000 0.671312 0.030403
1144.000000 389.000000 0.501254 0.029492
1221.000000 389.000000 0.599895 0.030600
1260.000000 389.000000 0.654070 0.031254
703.000000 391.000000 0.056942 0.028586
1078.000000 391.000000 0.424260 0.030670
1182.000000 391.000000 0.548651 0.032034
1245.000000 391.000000 0.632920 0.033089
1276.000000 391.000000 0.677179 0.033668
1198.000000 392.000000 0.569363 0.033306
1219.000000 393.000000 0.597265 0.034697
1203.000000 394.000000 0.575962 0.035438
1219.000000 395.000000 0.597302 0.036762
393.000000 397.000000 -0.227075 0.034682
1223.000000 397.000000 0.602748 0.038909
156.000000 399.000000 -0.476629 0.039085
1140.000000 399.000000 0.496554 0.039379
1143.000000 399.000000 0.500189 0.039430
1224.000000 399.000000 0.604147 0.041001
1145.000000 400.000000 0.502638 0.040461
1246.000000 400.000000 0.634506 0.042539
1131.000000 401.000000 0.485766 0.041209
1216.000000 401.000000 0.593391 0.042893
1273.000000 401.000000 0.673038 0.044252
1212.000000 402.000000 0.588059 0.043833
1218.000000 402.000000 0.596103 0.043970
1163.000000 403.000000 0.524870 0.043803
1220.000000 403.000000 0.598822 0.045050
1222.000000 403.000000 0.601526 0.045098
1242.000000 403.000000 0.628992 0.045585
1040.000000 404.000000 0.382604 0.042722
1158.000000 404.000000 0.518676 0.044706
1206.000000 404.000000 0.580130 0.045752
1209.000000 404.000000 0.584109 0.045822
1240.000000 404.000000 0.626236 0.046580
1118.000000 405.000000 0.470417 0.044930
1218.000000 405.000000 0.596174 0.047069
1234.000000 405.000000 0.617963 0.047471
1231.000000 406.000000 0.613866 0.048435
422.000000 407.000000 -0.199489 0.043686
1040.000000 407.000000 0.382647 0.045596
1236.000000 407.000000 0.620774 0.049609
1186.000000 408.000000 0.554118 0.049364
1218.000000 408.000000 0.596250 0.050169
1228.000000 409.000000 0.609840 0.051474
1110.000000 411.000000 0.461163 0.050683
422.000000 413.000000 -0.199532 0.049193
1152.000000 413.000000 0.511471 0.053592
1180.000000 413.000000 0.546551 0.054292
1219.000000 413.000000 0.597736 0.055368
1258.000000 413.000000 0.651810 0.056556
1178.000000 415.000000 0.544053 0.056268
1180.000000 415.000000 0.546604 0.056322
1184.000000 417.000000 0.551782 0.058465
1223.000000 419.000000 0.603334 0.061710
1192.000000 420.000000 0.562204 0.061759
1183.000000 421.000000 0.550616 0.062504
1216.000000 421.000000 0.593946 0.063552
1150.000000 422.000000 0.509248 0.062553
1221.000000 422.000000 0.600723 0.064756
396.000000 423.000000 -0.224408 0.058631
1187.000000 423.000000 0.555824 0.064665
1189.000000 424.000000 0.558441 0.065749
1214.000000 424.000000 0.591364 0.066587
1208.000000 425.000000 0.583391 0.067411
871.000000 426.000000 0.212363 0.061281
1205.000000 426.000000 0.579446 0.068337
1218.000000 426.000000 0.596812 0.068799
859.000000 427.000000 0.200954 0.062082
1238.000000 427.000000 0.624195 0.070587
1155.000000 428.000000 0.515581 0.068721
1232.000000 428.000000 0.615949 0.071402
1236.000000 428.000000 0.621465 0.071557
1240.000000 428.000000 0.627012 0.071713
1247.000000 428.000000 0.636793 0.071990
13.000000 429.000000 -0.663897 0.073776
1234.000000 429.000000 0.618742 0.072526
1205.000000 430.000000 0.579590 0.072457
1236.000000 431.000000 0.621584 0.074699
871.000000 432.000000 0.212427 0.066815
1240.000000 432.000000 0.627173 0.075912
881.000000 433.000000 0.222011 0.067853
272.000000 434.000000 -0.348549 0.070785
530.000000 435.000000 -0.099465 0.068563
1139.000000 436.000000 0.496269 0.076225
1222.000000 436.000000 0.602612 0.079341
1147.000000 437.000000 0.506040 0.077496
536.000000 438.000000 -0.094006 0.071260
1139.000000 438.000000 0.496336 0.078224
1222.000000 438.000000 0.602697 0.081423
1202.000000 440.000000 0.576021 0.082643
1233.000000 440.000000 0.617829 0.083999
373.000000 441.000000 -0.246866 0.075596
1133.000000 442.000000 0.489235 0.082013
1200.000000 443.000000 0.573513 0.085649
1223.000000 443.000000 0.604278 0.086678
372.000000 444.000000 -0.247886 0.078402
856.000000 444.000000 0.198294 0.077709
1195.000000 445.000000 0.567042 0.087490
1202.000000 445.000000 0.576237 0.087800
296.000000 446.000000 -0.323893 0.081678
556.000000 446.000000 -0.075837 0.078439
1200.000000 446.000000 0.573646 0.088741
867.000000 448.000000 0.208807 0.081543
1234.000000 448.000000 0.619591 0.092440
1193.000000 449.000000 0.564610 0.091513
1250.000000 450.000000 0.642039 0.095376
1270.000000 450.000000 0.670654 0.096458
1195.000000 451.000000 0.567315 0.093664
1252.000000 453.000000 0.645029 0.098668
1261.000000 455.000000 0.657963 0.101303
1263.000000 455.000000 0.660833 0.101418
1214.000000 456.000000 0.592753 0.099782
1250.000000 456.000000 0.642368 0.101742
1219.000000 457.000000 0.599549 0.101088
1197.000000 458.000000 0.570278 0.100980
1204.000000 459.000000 0.579562 0.102376
1271.000000 459.000000 0.672625 0.106179
1193.000000 460.000000 0.565144 0.102839
1255.000000 465.000000 0.649994 0.111621
671.000000 466.000000 0.028162 0.096465
1035.000000 466.000000 0.378642 0.102232
1229.000000 467.000000 0.613755 0.112142
1249.000000 467.000000 0.641614 0.113376
50.000000 469.000000 -0.614037 0.114182
1030.000000 469.000000 0.373355 0.104969
1123.000000 470.000000 0.478403 0.109586
1268.000000 470.000000 0.668978 0.117824
679.000000 471.000000 0.035414 0.101043
1030.000000 471.000000 0.373421 0.106902
384.000000 472.000000 -0.236713 0.104294
850.000000 472.000000 0.192996 0.103510
1227.000000 473.000000 0.611381 0.118337
1057.000000 475.000000 0.402981 0.111758
390.000000 476.000000 -0.230981 0.107913
1030.000000 476.000000 0.373593 0.111739
201.000000 478.000000 -0.427030 0.115515
10.000000 479.000000 -0.671063 0.127509
688.000000 479.000000 0.043594 0.108379
1058.000000 479.000000 0.404243 0.115706
690.000000 480.000000 0.045411 0.109301
1214.000000 482.000000 0.594295 0.126954
1189.000000 483.000000 0.561242 0.126381
405.000000 484.000000 -0.216690 0.115086
1055.000000 484.000000 0.401130 0.120477
414.000000 485.000000 -0.208090 0.115845
1229.000000 485.000000 0.614934 0.131145
54.000000 488.000000 -0.609821 0.133958
1057.000000 488.000000 0.403508 0.124480
1216.000000 488.000000 0.597405 0.133397
1229.000000 489.000000 0.615221 0.135383
1264.000000 489.000000 0.664577 0.138031
57.000000 491.000000 -0.605945 0.136912
1192.000000 491.000000 0.565679 0.134883
59.000000 494.000000 -0.603445 0.139935
1032.000000 494.000000 0.376434 0.129295
1117.000000 495.000000 0.472538 0.134365
1185.000000 495.000000 0.556831 0.138566
1032.000000 496.000000 0.376517 0.131243
392.000000 499.000000 -0.229546 0.129416
1045.000000 499.000000 0.390783 0.134737
1255.000000 500.000000 0.652550 0.149188
1259.000000 500.000000 0.658275 0.149523
69.000000 501.000000 -0.590475 0.146572
1051.000000 501.000000 0.397463 0.136973
1045.000000 502.000000 0.390919 0.137679
1204.000000 503.000000 0.582391 0.148299
1188.000000 504.000000 0.561371 0.148148
152.000000 505.000000 -0.485457 0.145001
526.000000 506.000000 -0.103688 0.133648
1271.000000 506.000000 0.676146 0.157085
155.000000 507.000000 -0.481983 0.146843
1206.000000 507.000000 0.585372 0.152667
1218.000000 507.000000 0.601556 0.153627
277.000000 509.000000 -0.345597 0.142611
1266.000000 509.000000 0.669152 0.159909
1276.000000 509.000000 0.683724 0.160819
119.000000 510.000000 -0.526290 0.152287
161.000000 510.000000 -0.475010 0.149510
1029.000000 510.000000 0.373890 0.144785
842.000000 511.000000 0.186122 0.139686
1260.000000 514.000000 0.660948 0.164808
519.000000 515.000000 -0.110232 0.142066
851.000000 515.000000 0.194761 0.143628
1233.000000 515.000000 0.622856 0.163439
167.000000 516.000000 -0.468275 0.155206
1042.000000 516.000000 0.388305 0.151298
1229.000000 516.000000 0.617401 0.164157
1260.000000 516.000000 0.661135 0.166987
1272.000000 516.000000 0.678527 0.168121
523.000000 517.000000 -0.106571 0.143875
1233.000000 517.000000 0.623034 0.165587
525.000000 518.000000 -0.104742 0.144780
1202.000000 518.000000 0.580929 0.163955
1221.000000 518.000000 0.606579 0.165590
851.000000 521.000000 0.194897 0.149267
1270.000000 521.000000 0.676094 0.173415
862.000000 523.000000 0.205461 0.151415
1016.000000 523.000000 0.360538 0.156903
1260.000000 524.000000 0.661904 0.175719
1264.000000 524.000000 0.667678 0.176114
989.000000 526.000000 0.332169 0.158594
176.000000 527.000000 -0.458400 0.165756
557.000000 529.000000 -0.075484 0.154668
178.000000 530.000000 -0.456260 0.168662
1272.000000 530.000000 0.679920 0.183523
1192.000000 532.000000 0.568895 0.177894
1266.000000 532.000000 0.671390 0.185104
186.000000 534.000000 -0.447216 0.172177
1254.000000 534.000000 0.654302 0.186053
1235.000000 535.000000 0.627536 0.185201
1240.000000 535.000000 0.634544 0.185707
1201.000000 536.000000 0.581196 0.182965
897.000000 537.000000 0.239756 0.165692
271.000000 538.000000 -0.353268 0.171190
1196.000000 538.000000 0.574732 0.184625
1200.000000 538.000000 0.580051 0.185002
520.000000 539.000000 -0.109623 0.164421
1248.000000 539.000000 0.646268 0.190898
523.000000 540.000000 -0.106866 0.165316
1006.000000 540.000000 0.350728 0.173088
1195.000000 540.000000 0.573595 0.186659
1199.000000 540.000000 0.578908 0.187039
1240.000000 540.000000 0.635060 0.191149
1274.000000 540.000000 0.683915 0.194802
1013.000000 541.000000 0.358237 0.174437
1201.000000 541.000000 0.581672 0.188298
1193.000000 542.000000 0.571138 0.188597
1260.000000 542.000000 0.663775 0.195481
1227.000000 543.000000 0.617231 0.193054
1244.000000 543.000000 0.641021 0.194847
1264.000000 543.000000 0.669669 0.197024
1202.000000 544.000000 0.583302 0.191602
22.000000 545.000000 -0.659799 0.198317
25.000000 545.000000 -0.655505 0.197988
1258.000000 545.000000 0.661222 0.198569
1217.000000 547.000000 0.603893 0.196344
1220.000000 547.000000 0.608001 0.196656
1268.000000 547.000000 0.675929 0.201901
1206.000000 548.000000 0.589073 0.196291
1011.000000 549.000000 0.356531 0.182227
232.000000 550.000000 -0.396204 0.185295
1207.000000 552.000000 0.590833 0.200697
387.000000 553.000000 -0.235973 0.180822
664.000000 553.000000 0.022038 0.176703
1267.000000 553.000000 0.675163 0.208453
656.000000 554.000000 0.014742 0.177619
1018.000000 554.000000 0.364320 0.187577
1239.000000 554.000000 0.635174 0.206343
257.000000 556.000000 -0.369254 0.189759
272.000000 556.000000 -0.353166 0.188894
284.000000 556.000000 -0.340452 0.188235
1016.000000 556.000000 0.362285 0.189448
1193.000000 556.000000 0.572524 0.203544
274.000000 557.000000 -0.351093 0.189772
278.000000 557.000000 -0.346847 0.189549
23.000000 558.000000 -0.659840 0.212563
282.000000 558.000000 -0.342670 0.190318
257.000000 559.000000 -0.369433 0.192747
1207.000000 559.000000 0.591576 0.208250
222.000000 560.000000 -0.407986 0.196005
1017.000000 560.000000 0.363597 0.193486
1030.000000 560.000000 0.377680 0.194281
1224.000000 561.000000 0.615036 0.212307
1228.000000 562.000000 0.620695 0.213857
274.000000 564.000000 -0.351493 0.196716
676.000000 564.000000 0.033043 0.187078
1028.000000 565.000000 0.375818 0.199161
1207.000000 565.000000 0.592235 0.214747
1241.000000 565.000000 0.639272 0.218679
272.000000 566.000000 -0.353743 0.198822
1234.000000 566.000000 0.629537 0.218949
1243.000000 566.000000 0.642223 0.220024
978.000000 567.000000 0.322702 0.198215
1039.000000 567.000000 0.387997 0.201891
1241.000000 567.000000 0.639512 0.220889
1257.000000 567.000000 0.662358 0.222842
385.000000 568.000000 -0.238474 0.195346
1208.000000 568.000000 0.593927 0.218117
1230.000000 569.000000 0.624301 0.221774
388.000000 571.000000 -0.235643 0.198135
272.000000 572.000000 -0.354105 0.204804
514.000000 572.000000 -0.115708 0.195628
275.000000 573.000000 -0.350964 0.205619
388.000000 573.000000 -0.235719 0.200071
1242.000000 573.000000 0.641662 0.227656
1224.000000 574.000000 0.616559 0.226553
1241.000000 576.000000 0.640621 0.230862
1206.000000 577.000000 0.592260 0.227688
523.000000 578.000000 -0.107448 0.201176
1208.000000 579.000000 0.595210 0.230111
1240.000000 579.000000 0.639586 0.234070
1090.000000 582.000000 0.446974 0.221112
818.000000 583.000000 0.165110 0.207341
1095.000000 583.000000 0.452922 0.222587
1002.000000 584.000000 0.349006 0.216545
1208.000000 584.000000 0.595816 0.235588
817.000000 586.000000 0.164244 0.210199
511.000000 588.000000 -0.118803 0.210943
1094.000000 588.000000 0.452193 0.227697
1201.000000 588.000000 0.586830 0.239115
1203.000000 589.000000 0.589653 0.240458
509.000000 590.000000 -0.120711 0.212900
513.000000 593.000000 -0.117036 0.215697
1201.000000 594.000000 0.587577 0.245701
1276.000000 594.000000 0.693628 0.255819
514.000000 595.000000 -0.116142 0.217598
1006.000000 596.000000 0.354090 0.228903
1022.000000 596.000000 0.371407 0.230042
1216.000000 596.000000 0.608288 0.249845
515.000000 597.000000 -0.115248 0.219501
518.000000 597.000000 -0.112448 0.219441
971.000000 597.000000 0.317124 0.227636
836.000000 598.000000 0.182725 0.222377
1027.000000 598.000000 0.377023 0.232451
1201.000000 598.000000 0.588087 0.250106
1258.000000 598.000000 0.667907 0.257836
1263.000000 598.000000 0.675162 0.258543
832.000000 600.000000 0.178959 0.224190
1256.000000 600.000000 0.665298 0.259822
835.000000 601.000000 0.181865 0.225260
1201.000000 601.000000 0.588475 0.253417
1271.000000 601.000000 0.687277 0.263108
1005.000000 602.000000 0.353435 0.234913
365.000000 603.000000 -0.259814 0.230437
461.000000 603.000000 -0.166280 0.226648
832.000000 603.000000 0.179057 0.227108
834.000000 604.000000 0.181006 0.228148
1201.000000 604.000000 0.588869 0.256734
1221.000000 605.000000 0.616413 0.260547
1257.000000 605.000000 0.667461 0.265651
1268.000000 605.000000 0.683463 0.267251
831.000000 606.000000 0.178198 0.229998
1218.000000 606.000000 0.612395 0.261252
1224.000000 606.000000 0.620724 0.262083
1262.000000 606.000000 0.674859 0.267519
1220.000000 607.000000 0.615303 0.262647
1201.000000 608.000000 0.589401 0.261167
1205.000000 608.000000 0.594831 0.261706
1215.000000 608.000000 0.608528 0.263073
1230.000000 608.000000 0.629397 0.265173
843.000000 609.000000 0.189831 0.233343
162.000000 610.000000 -0.482229 0.253055
513.000000 612.000000 -0.117432 0.234028
1275.000000 612.000000 0.694771 0.276331
1223.000000 614.000000 0.620462 0.270932
109.000000 615.000000 -0.549394 0.264686
514.000000 615.000000 -0.116561 0.236918
1229.000000 616.000000 0.629145 0.274059
517.000000 617.000000 -0.113794 0.238796
638.000000 617.000000 -0.001687 0.237489
1254.000000 619.000000 0.665205 0.281209
802.000000 621.000000 0.151014 0.243739
1257.000000 621.000000 0.669849 0.283965
1162.000000 622.000000 0.539672 0.271474
516.000000 623.000000 -0.114863 0.244662
878.000000 624.000000 0.224527 0.249569
643.000000 625.000000 0.002925 0.245238
990.000000 625.000000 0.339049 0.257276
1219.000000 625.000000 0.616503 0.282772
1219.000000 629.000000 0.617102 0.287308
511.000000 630.000000 -0.119723 0.251624
650.000000 630.000000 0.009395 0.250108
1220.000000 631.000000 0.618797 0.289733
512.000000 633.000000 -0.118855 0.254544
515.000000 634.000000 -0.116056 0.255454
1264.000000 635.000000 0.682230 0.301266
689.000000 636.000000 0.045516 0.256184
1010.000000 637.000000 0.361566 0.271256
1192.000000 637.000000 0.581335 0.292323
1202.000000 637.000000 0.594893 0.293816
1236.000000 637.000000 0.642234 0.299091
1253.000000 638.000000 0.666744 0.302976
1242.000000 639.000000 0.651100 0.302358
822.000000 640.000000 0.170752 0.263144
315.000000 641.000000 -0.313261 0.271732
484.000000 643.000000 -0.145624 0.265185
658.000000 643.000000 0.016832 0.262839
660.000000 643.000000 0.018685 0.262847
456.000000 644.000000 -0.172448 0.267139
1240.000000 644.000000 0.649055 0.307820
1247.000000 645.000000 0.659243 0.310130
664.000000 647.000000 0.022412 0.266797
1240.000000 649.000000 0.649878 0.313624
511.000000 650.000000 -0.120226 0.271356
491.000000 651.000000 -0.139212 0.272920
496.000000 652.000000 -0.134491 0.273765
680.000000 652.000000 0.037302 0.271832
1014.000000 652.000000 0.367265 0.287307
1255.000000 652.000000 0.671953 0.319639
512.000000 653.000000 -0.119360 0.274311
632.000000 653.000000 -0.007264 0.272657
654.000000 653.000000 0.013156 0.272674
13.000000 654.000000 -0.688160 0.323582
657.000000 654.000000 0.015945 0.273672
1257.000000 654.000000 0.675191 0.322325
24.000000 657.000000 -0.672712 0.325248
512.000000 657.000000 -0.119467 0.278296
520.000000 657.000000 -0.111906 0.278089
1155.000000 657.000000 0.535450 0.309386
702.000000 658.000000 0.057856 0.278009
1219.000000 658.000000 0.621710 0.320578
1257.000000 658.000000 0.675874 0.327030
515.000000 659.000000 -0.116682 0.280213
1257.000000 661.000000 0.676391 0.330568
1257.000000 664.000000 0.676912 0.334112
509.000000 665.000000 -0.122530 0.286383
1238.000000 666.000000 0.649914 0.333158
140.000000 667.000000 -0.516683 0.318144
1216.000000 667.000000 0.619040 0.330532
512.000000 668.000000 -0.119769 0.289312
751.000000 668.000000 0.104029 0.288907
1151.000000 668.000000 0.531914 0.321194
1233.000000 668.000000 0.643144 0.334637
791.000000 670.000000 0.142099 0.292092
1199.000000 670.000000 0.596054 0.331140
1256.000000 672.000000 0.676871 0.343420
1232.000000 674.000000 0.642779 0.341523
1179.000000 675.000000 0.569814 0.333596
981.000000 677.000000 0.333683 0.310741
998.000000 677.000000 0.352088 0.312315
1223.000000 678.000000 0.630766 0.344642
812.000000 679.000000 0.162625 0.302009
94.000000 680.000000 -0.578855 0.340175
92.000000 681.000000 -0.581720 0.341672
1223.000000 681.000000 0.631301 0.348182
81.000000 682.000000 -0.596836 0.344717
97.000000 682.000000 -0.575158 0.341991
94.000000 683.000000 -0.579362 0.343658
1266.000000 683.000000 0.693396 0.358359
89.000000 684.000000 -0.586289 0.345674
98.000000 684.000000 -0.574153 0.344143
992.000000 684.000000 0.346224 0.319227
92.000000 685.000000 -0.582401 0.346326
641.000000 685.000000 0.001102 0.304619
1264.000000 685.000000 0.690843 0.360397
76.000000 687.000000 -0.604568 0.351450
821.000000 687.000000 0.171688 0.310581
93.000000 688.000000 -0.581565 0.349654
1276.000000 689.000000 0.709112 0.367400
1225.000000 690.000000 0.635754 0.359214
318.000000 692.000000 -0.314167 0.324865
626.000000 693.000000 -0.012950 0.312748
87.000000 694.000000 -0.590750 0.357735
89.000000 694.000000 -0.588030 0.357381
596.000000 694.000000 -0.041097 0.313968
834.000000 694.000000 0.184703 0.318410
83.000000 696.000000 -0.596566 0.360805
89.000000 696.000000 -0.588385 0.359734
1230.000000 696.000000 0.643945 0.367302
1198.000000 697.000000 0.599403 0.362585
1152.000000 698.000000 0.537971 0.355722
1260.000000 699.000000 0.687613 0.376546
1152.000000 700.000000 0.538306 0.358045
429.000000 703.000000 -0.201498 0.328581
1266.000000 703.000000 0.697086 0.382524
1275.000000 704.000000 0.710400 0.385419
93.000000 706.000000 -0.584751 0.370826
1229.000000 706.000000 0.644415 0.379129
1187.000000 707.000000 0.586183 0.372432
1250.000000 710.000000 0.675232 0.388001
635.000000 712.000000 -0.004537 0.332194
1171.000000 713.000000 0.565685 0.376630
1276.000000 714.000000 0.713721 0.397827
1142.000000 715.000000 0.527863 0.373858
1218.000000 716.000000 0.630801 0.389092
1238.000000 716.000000 0.659165 0.392983
1247.000000 716.000000 0.672071 0.394733
