904.000000 3.000000 0.256211 -0.345643
913.000000 3.000000 0.265475 -0.346343
1016.000000 3.000000 0.376252 -0.356464
1065.000000 3.000000 0.432800 -0.362786
1198.000000 3.000000 0.603114 -0.385100
1210.000000 3.000000 0.619776 -0.387412
1195.000000 4.000000 0.598789 -0.383325
1229.000000 4.000000 0.646350 -0.389899
318.000000 5.000000 -0.316229 -0.348303
631.000000 5.000000 -0.008309 -0.333966
908.000000 5.000000 0.260167 -0.343805
1021.000000 5.000000 0.381652 -0.354835
1222.000000 5.000000 0.636241 -0.387322
733.000000 6.000000 0.088084 -0.334067
914.000000 6.000000 0.266271 -0.343200
1132.000000 6.000000 0.514783 -0.369632
1142.000000 6.000000 0.527649 -0.371326
1229.000000 6.000000 0.645960 -0.387471
972.000000 7.000000 0.327350 -0.347271
1023.000000 7.000000 0.383674 -0.352850
1047.000000 7.000000 0.411164 -0.355845
630.000000 8.000000 -0.009244 -0.330869
914.000000 8.000000 0.266114 -0.341056
1126.000000 8.000000 0.506807 -0.366310
1143.000000 8.000000 0.528601 -0.369156
1234.000000 8.000000 0.652688 -0.386016
1076.000000 10.000000 0.444910 -0.356391
587.000000 11.000000 -0.049741 -0.328112
630.000000 11.000000 -0.009237 -0.327777
1131.000000 11.000000 0.512676 -0.363649
914.000000 12.000000 0.265804 -0.336781
1010.000000 12.000000 0.368492 -0.345811
1027.000000 12.000000 0.387607 -0.347779
1050.000000 12.000000 0.413999 -0.350631
1102.000000 12.000000 0.476172 -0.357916
1147.000000 12.000000 0.533108 -0.365163
1151.000000 12.000000 0.538319 -0.365847
1206.000000 12.000000 0.612480 -0.375819
1211.000000 12.000000 0.619445 -0.376766
219.000000 13.000000 -0.425943 -0.350699
1145.000000 14.000000 0.530174 -0.362491
905.000000 15.000000 0.256340 -0.332913
1013.000000 15.000000 0.371504 -0.342848
1136.000000 15.000000 0.518410 -0.359832
1212.000000 15.000000 0.620274 -0.373358
920.000000 16.000000 0.271684 -0.332981
969.000000 16.000000 0.323247 -0.337205
1215.000000 16.000000 0.624284 -0.372727
114.000000 17.000000 -0.556057 -0.362210
967.000000 17.000000 0.321009 -0.335936
973.000000 17.000000 0.327450 -0.336506
1034.000000 17.000000 0.394967 -0.343080
1146.000000 17.000000 0.530966 -0.359169
1199.000000 17.000000 0.601857 -0.368540
1213.000000 17.000000 0.621295 -0.371153
1134.000000 18.000000 0.515362 -0.356035
1149.000000 18.000000 0.534693 -0.358509
1201.000000 18.000000 0.604431 -0.367720
1032.000000 19.000000 0.392453 -0.340632
1161.000000 19.000000 0.550239 -0.359383
1216.000000 19.000000 0.625121 -0.369324
966.000000 20.000000 0.319660 -0.332609
978.000000 20.000000 0.332551 -0.333745
1226.000000 20.000000 0.639022 -0.370008
1267.000000 20.000000 0.698016 -0.377752
738.000000 21.000000 0.092468 -0.318712
748.000000 21.000000 0.101969 -0.318969
1151.000000 21.000000 0.536793 -0.355358
983.000000 22.000000 0.337765 -0.332070
968.000000 23.000000 0.321521 -0.329568
1043.000000 23.000000 0.404542 -0.337531
1054.000000 23.000000 0.417246 -0.338886
1144.000000 23.000000 0.527387 -0.351886
1246.000000 23.000000 0.667012 -0.370174
971.000000 24.000000 0.324641 -0.328771
1118.000000 24.000000 0.494203 -0.346638
1127.000000 24.000000 0.505516 -0.348023
1132.000000 24.000000 0.511854 -0.348808
1151.000000 24.000000 0.536294 -0.351880
1158.000000 24.000000 0.545442 -0.353048
1218.000000 24.000000 0.626994 -0.363727
1224.000000 24.000000 0.635444 -0.364844
969.000000 25.000000 0.322407 -0.327513
1055.000000 25.000000 0.418158 -0.336794
1146.000000 25.000000 0.529644 -0.349903
1237.000000 25.000000 0.653728 -0.366078
1120.000000 26.000000 0.496402 -0.344662
1153.000000 26.000000 0.538568 -0.349896
1130.000000 27.000000 0.508845 -0.345057
1147.000000 27.000000 0.530612 -0.347759
1149.000000 27.000000 0.533203 -0.348084
1058.000000 28.000000 0.421274 -0.333847
1161.000000 28.000000 0.548713 -0.348910
1241.000000 28.000000 0.658892 -0.363227
1118.000000 29.000000 0.493449 -0.340949
1135.000000 29.000000 0.514887 -0.343549
1137.000000 29.000000 0.517438 -0.343863
1238.000000 29.000000 0.654411 -0.361471
897.000000 30.000000 0.247151 -0.316547
1077.000000 30.000000 0.443374 -0.334063
1041.000000 31.000000 0.401301 -0.328493
1126.000000 31.000000 0.503178 -0.339881
1151.000000 31.000000 0.535149 -0.343800
1168.000000 31.000000 0.557454 -0.346604
1276.000000 31.000000 0.709149 -0.366086
981.000000 33.000000 0.334553 -0.320052
1072.000000 33.000000 0.437060 -0.330081
1120.000000 33.000000 0.495352 -0.336711
1129.000000 33.000000 0.506658 -0.338061
1128.000000 35.000000 0.505094 -0.335638
1172.000000 35.000000 0.562095 -0.342638
1271.000000 36.000000 0.700911 -0.359147
329.000000 38.000000 -0.301684 -0.311989
1027.000000 38.000000 0.384652 -0.319295
1126.000000 38.000000 0.502129 -0.331942
1175.000000 38.000000 0.565591 -0.339667
1169.000000 39.000000 0.557449 -0.337518
1183.000000 39.000000 0.576149 -0.339851
1265.000000 39.000000 0.691595 -0.354454
316.000000 40.000000 -0.315213 -0.310948
745.000000 40.000000 0.098637 -0.299530
984.000000 40.000000 0.337140 -0.312859
1134.000000 40.000000 0.511929 -0.330870
1209.000000 41.000000 0.611357 -0.342001
1008.000000 42.000000 0.363102 -0.313014
1171.000000 42.000000 0.559609 -0.334390
1185.000000 43.000000 0.578172 -0.335551
1015.000000 44.000000 0.370635 -0.311571
1125.000000 46.000000 0.499709 -0.322782
1188.000000 46.000000 0.581723 -0.332581
1192.000000 46.000000 0.587147 -0.333250
1176.000000 47.000000 0.565444 -0.329452
108.000000 48.000000 -0.558835 -0.327318
1196.000000 48.000000 0.592260 -0.331605
1185.000000 49.000000 0.577177 -0.328620
97.000000 51.000000 -0.572984 -0.325640
103.000000 51.000000 -0.564983 -0.324679
111.000000 52.000000 -0.554250 -0.322277
136.000000 52.000000 -0.521871 -0.318498
1124.000000 52.000000 0.497610 -0.315923
1196.000000 53.000000 0.591425 -0.325820
992.000000 54.000000 0.344511 -0.298739
469.000000 56.000000 -0.160673 -0.285376
1224.000000 56.000000 0.629715 -0.327056
1122.000000 57.000000 0.494429 -0.310077
1199.000000 58.000000 0.594697 -0.320548
735.000000 59.000000 0.088788 -0.280230
997.000000 59.000000 0.349478 -0.293912
1101.000000 60.000000 0.468281 -0.304003
1201.000000 60.000000 0.597107 -0.318571
1108.000000 63.000000 0.476403 -0.301599
1237.000000 65.000000 0.646591 -0.318767
1064.000000 67.000000 0.423675 -0.292043
1243.000000 68.000000 0.654659 -0.316279
1040.000000 70.000000 0.395957 -0.286335
1229.000000 70.000000 0.634410 -0.311623
468.000000 71.000000 -0.161085 -0.270373
1122.000000 71.000000 0.492570 -0.294608
1220.000000 71.000000 0.621604 -0.308996
1235.000000 71.000000 0.642743 -0.311455
337.000000 72.000000 -0.290846 -0.276050
1190.000000 73.000000 0.580108 -0.301979
574.000000 74.000000 -0.061093 -0.264864
621.000000 74.000000 -0.017448 -0.264477
1122.000000 74.000000 0.492185 -0.291315
1223.000000 74.000000 0.625317 -0.306026
1231.000000 74.000000 0.636581 -0.307324
407.000000 75.000000 -0.220161 -0.268936
432.000000 75.000000 -0.195684 -0.267788
434.000000 75.000000 -0.193739 -0.267702
567.000000 75.000000 -0.067599 -0.263974
1229.000000 75.000000 0.633593 -0.305844
581.000000 76.000000 -0.054556 -0.262811
1026.000000 77.000000 0.379640 -0.277605
1094.000000 77.000000 0.457807 -0.284646
309.000000 78.000000 -0.319597 -0.271871
1193.000000 78.000000 0.583396 -0.296771
1028.000000 80.000000 0.381583 -0.274639
212.000000 81.000000 -0.426079 -0.277306
733.000000 81.000000 0.086492 -0.258422
1190.000000 81.000000 0.578904 -0.292934
208.000000 82.000000 -0.430603 -0.276658
804.000000 82.000000 0.153429 -0.259227
901.000000 82.000000 0.248032 -0.263422
1241.000000 82.000000 0.649496 -0.299701
745.000000 83.000000 0.097679 -0.256688
751.000000 83.000000 0.103302 -0.256814
1062.000000 83.000000 0.419683 -0.274753
1121.000000 84.000000 0.489703 -0.280269
1187.000000 84.000000 0.574437 -0.289117
1079.000000 85.000000 0.439188 -0.274394
1183.000000 85.000000 0.568952 -0.287417
1239.000000 85.000000 0.646165 -0.295923
1024.000000 86.000000 0.376619 -0.268005
1270.000000 86.000000 0.690848 -0.299733
70.000000 87.000000 -0.603964 -0.288811
84.000000 87.000000 -0.584922 -0.286745
694.000000 87.000000 0.050117 -0.251997
803.000000 87.000000 0.152315 -0.254255
1257.000000 87.000000 0.671723 -0.296482
1268.000000 88.000000 0.687596 -0.297081
76.000000 90.000000 -0.595322 -0.284536
860.000000 90.000000 0.207126 -0.253415
892.000000 92.000000 0.238535 -0.252916
1237.000000 92.000000 0.642224 -0.287574
894.000000 95.000000 0.240371 -0.250021
896.000000 95.000000 0.242360 -0.250121
1023.000000 96.000000 0.374660 -0.257527
165.000000 98.000000 -0.479862 -0.264220
891.000000 98.000000 0.237246 -0.246883
1267.000000 98.000000 0.684556 -0.285323
34.000000 99.000000 -0.652551 -0.280585
24.000000 100.000000 -0.666745 -0.280954
1032.000000 100.000000 0.384256 -0.254143
28.000000 101.000000 -0.660838 -0.279203
32.000000 101.000000 -0.655106 -0.278601
1257.000000 102.000000 0.669381 -0.279178
26.000000 103.000000 -0.663412 -0.277215
741.000000 104.000000 0.093543 -0.236123
38.000000 105.000000 -0.645962 -0.273152
730.000000 105.000000 0.083291 -0.234970
45.000000 106.000000 -0.635916 -0.270995
223.000000 106.000000 -0.411085 -0.249937
694.000000 106.000000 0.049931 -0.233552
1046.000000 106.000000 0.399352 -0.249124
57.000000 107.000000 -0.618990 -0.268145
42.000000 108.000000 -0.639858 -0.269166
62.000000 108.000000 -0.611928 -0.266318
95.000000 109.000000 -0.567200 -0.260749
731.000000 109.000000 0.084157 -0.231118
1046.000000 109.000000 0.399094 -0.246014
43.000000 110.000000 -0.638158 -0.266761
49.000000 110.000000 -0.629722 -0.265905
52.000000 110.000000 -0.625526 -0.265480
75.000000 110.000000 -0.593864 -0.262296
83.000000 110.000000 -0.583064 -0.261222
55.000000 111.000000 -0.621205 -0.263934
92.000000 111.000000 -0.570916 -0.258935
1049.000000 111.000000 0.402291 -0.244200
40.000000 112.000000 -0.642112 -0.264930
42.000000 112.000000 -0.639284 -0.264645
464.000000 112.000000 -0.163558 -0.230118
1067.000000 112.000000 0.422632 -0.244749
85.000000 113.000000 -0.579986 -0.257641
940.000000 113.000000 0.285712 -0.234504
1226.000000 113.000000 0.623628 -0.262141
94.000000 114.000000 -0.567880 -0.255378
1003.000000 114.000000 0.351535 -0.237512
1069.000000 114.000000 0.424744 -0.242847
1086.000000 114.000000 0.444445 -0.244430
40.000000 115.000000 -0.641686 -0.261543
100.000000 115.000000 -0.559848 -0.253525
307.000000 115.000000 -0.319160 -0.234369
67.000000 116.000000 -0.603959 -0.256702
96.000000 116.000000 -0.564985 -0.252931
108.000000 116.000000 -0.549282 -0.251445
113.000000 116.000000 -0.542811 -0.250840
562.000000 116.000000 -0.071689 -0.224167
1268.000000 116.000000 0.683312 -0.264769
101.000000 117.000000 -0.558288 -0.251214
123.000000 117.000000 -0.529878 -0.248572
62.000000 118.000000 -0.610556 -0.255148
88.000000 118.000000 -0.575335 -0.251748
108.000000 118.000000 -0.549039 -0.249268
130.000000 118.000000 -0.520893 -0.246688
1267.000000 118.000000 0.681559 -0.262337
123.000000 119.000000 -0.529646 -0.246412
141.000000 119.000000 -0.507008 -0.244386
1098.000000 119.000000 0.458094 -0.240339
1108.000000 119.000000 0.470017 -0.241328
91.000000 120.000000 -0.571096 -0.249175
110.000000 120.000000 -0.546207 -0.246855
120.000000 120.000000 -0.533354 -0.245680
168.000000 120.000000 -0.473901 -0.240487
1067.000000 120.000000 0.421919 -0.236434
67.000000 121.000000 -0.603295 -0.251151
126.000000 121.000000 -0.525608 -0.243914
63.000000 122.000000 -0.608648 -0.250568
136.000000 122.000000 -0.512912 -0.241724
1049.000000 122.000000 0.401372 -0.232850
1100.000000 122.000000 0.460175 -0.237381
28.000000 123.000000 -0.657651 -0.254194
92.000000 123.000000 -0.569399 -0.245768
142.000000 123.000000 -0.505332 -0.240005
152.000000 123.000000 -0.493006 -0.238947
1068.000000 123.000000 0.422802 -0.233412
1121.000000 123.000000 0.485320 -0.238419
184.000000 124.000000 -0.454476 -0.234730
1049.000000 124.000000 0.401210 -0.230795
48.000000 125.000000 -0.629053 -0.249221
157.000000 125.000000 -0.486697 -0.236314
178.000000 125.000000 -0.461473 -0.234249
1082.000000 125.000000 0.438762 -0.232570
1112.000000 125.000000 0.474224 -0.235399
1226.000000 125.000000 0.621985 -0.248715
93.000000 126.000000 -0.567710 -0.242370
115.000000 126.000000 -0.539064 -0.239780
125.000000 126.000000 -0.526313 -0.238652
152.000000 126.000000 -0.492696 -0.235766
166.000000 126.000000 -0.475709 -0.234359
1055.000000 126.000000 0.407790 -0.229226
1116.000000 126.000000 0.478950 -0.234742
61.000000 127.000000 -0.610745 -0.245285
91.000000 127.000000 -0.570234 -0.241522
107.000000 127.000000 -0.549269 -0.239622
160.000000 127.000000 -0.482853 -0.233899
181.000000 127.000000 -0.457734 -0.231873
1083.000000 127.000000 0.439745 -0.230580
1134.000000 127.000000 0.500854 -0.235524
59.000000 128.000000 -0.613372 -0.244436
70.000000 128.000000 -0.598300 -0.243027
177.000000 128.000000 -0.462375 -0.231202
1096.000000 128.000000 0.454874 -0.230720
92.000000 129.000000 -0.568670 -0.239221
111.000000 129.000000 -0.543867 -0.237001
87.000000 130.000000 -0.575180 -0.238732
109.000000 130.000000 -0.546334 -0.236150
181.000000 130.000000 -0.457456 -0.228740
1095.000000 130.000000 0.453512 -0.228541
1104.000000 130.000000 0.464167 -0.229376
1121.000000 130.000000 0.484612 -0.231020
1091.000000 131.000000 0.448722 -0.227137
1119.000000 131.000000 0.482086 -0.229769
1151.000000 131.000000 0.521666 -0.233072
1255.000000 131.000000 0.662312 -0.245901
87.000000 132.000000 -0.574940 -0.236551
728.000000 132.000000 0.081043 -0.208997
33.000000 133.000000 -0.649157 -0.242271
178.000000 133.000000 -0.460727 -0.225885
1104.000000 133.000000 0.463886 -0.226239
1130.000000 133.000000 0.495308 -0.228753
1142.000000 133.000000 0.510160 -0.229983
1150.000000 133.000000 0.520189 -0.230828
39.000000 134.000000 -0.640518 -0.240365
92.000000 134.000000 -0.568078 -0.233784
1081.000000 134.000000 0.436813 -0.223149
1106.000000 134.000000 0.466175 -0.225379
41.000000 135.000000 -0.637566 -0.238990
99.000000 135.000000 -0.558764 -0.231891
1090.000000 135.000000 0.447197 -0.222893
1167.000000 135.000000 0.541630 -0.230539
100.000000 137.000000 -0.557229 -0.229617
106.000000 137.000000 -0.549427 -0.228944
178.000000 137.000000 -0.460364 -0.221718
180.000000 137.000000 -0.458002 -0.221540
1101.000000 137.000000 0.459961 -0.221793
1132.000000 137.000000 0.497366 -0.224727
1155.000000 137.000000 0.526081 -0.227092
8.000000 138.000000 -0.684552 -0.239963
1159.000000 138.000000 0.531056 -0.226451
101.000000 139.000000 -0.555700 -0.227348
103.000000 139.000000 -0.553097 -0.227125
1056.000000 140.000000 0.407812 -0.214966
1141.000000 140.000000 0.508197 -0.222456
1159.000000 141.000000 0.530737 -0.223247
1140.000000 142.000000 0.506755 -0.220241
1146.000000 142.000000 0.514231 -0.220842
1163.000000 142.000000 0.535735 -0.222603
1064.000000 143.000000 0.416612 -0.212517
1109.000000 143.000000 0.468931 -0.216266
1120.000000 143.000000 0.482150 -0.217269
1187.000000 143.000000 0.566818 -0.224155
1123.000000 144.000000 0.485693 -0.216502
1182.000000 144.000000 0.560127 -0.222518
1177.000000 145.000000 0.553483 -0.220894
1121.000000 146.000000 0.483084 -0.214225
1130.000000 146.000000 0.494040 -0.215062
1135.000000 146.000000 0.500181 -0.215538
1084.000000 147.000000 0.439204 -0.209998
1114.000000 147.000000 0.474557 -0.212549
1119.000000 147.000000 0.480575 -0.212999
1180.000000 147.000000 0.557179 -0.219071
1108.000000 148.000000 0.467297 -0.210981
1143.000000 148.000000 0.509894 -0.214203
1157.000000 148.000000 0.527474 -0.215592
1198.000000 148.000000 0.580878 -0.219986
235.000000 149.000000 -0.394240 -0.204901
328.000000 149.000000 -0.295588 -0.199429
269.000000 150.000000 -0.357160 -0.201678
282.000000 150.000000 -0.343318 -0.200903
1108.000000 150.000000 0.467124 -0.208907
1188.000000 150.000000 0.567362 -0.216715
202.000000 151.000000 -0.431261 -0.205284
210.000000 151.000000 -0.422131 -0.204676
1163.000000 151.000000 0.534801 -0.213013
1106.000000 152.000000 0.464576 -0.206665
1167.000000 152.000000 0.539818 -0.212357
325.000000 153.000000 -0.298456 -0.195652
1141.000000 153.000000 0.506932 -0.208750
1146.000000 153.000000 0.513150 -0.209224
1191.000000 153.000000 0.571003 -0.213811
1208.000000 153.000000 0.593783 -0.215691
460.000000 154.000000 -0.166190 -0.189788
1210.000000 154.000000 0.596384 -0.214830
1128.000000 155.000000 0.490770 -0.205464
427.000000 156.000000 -0.197568 -0.188785
1117.000000 156.000000 0.477371 -0.203460
1136.000000 156.000000 0.500478 -0.205142
1145.000000 156.000000 0.511620 -0.205974
1153.000000 156.000000 0.521634 -0.206733
1165.000000 156.000000 0.536854 -0.207905
1176.000000 156.000000 0.551021 -0.209015
1193.000000 156.000000 0.573332 -0.210797
1229.000000 156.000000 0.622292 -0.214824
449.000000 157.000000 -0.176540 -0.187211
1097.000000 157.000000 0.453547 -0.200768
1123.000000 158.000000 0.484434 -0.201902
1151.000000 158.000000 0.518931 -0.204435
1160.000000 158.000000 0.530288 -0.205296
1184.000000 158.000000 0.561248 -0.207703
1199.000000 158.000000 0.581113 -0.209288
1172.000000 159.000000 0.545544 -0.205416
1180.000000 159.000000 0.555916 -0.206223
1196.000000 159.000000 0.577001 -0.207890
460.000000 160.000000 -0.166042 -0.184077
1113.000000 160.000000 0.472240 -0.198982
1161.000000 160.000000 0.531365 -0.203279
1226.000000 160.000000 0.617664 -0.210102
1083.000000 161.000000 0.436959 -0.195590
1089.000000 161.000000 0.443900 -0.196043
1174.000000 161.000000 0.547927 -0.203490
1156.000000 162.000000 0.524844 -0.200695
561.000000 163.000000 -0.072077 -0.179525
1090.000000 163.000000 0.444909 -0.194076
1106.000000 163.000000 0.463671 -0.195319
1108.000000 163.000000 0.466042 -0.195479
1115.000000 163.000000 0.474384 -0.196048
1167.000000 163.000000 0.538728 -0.200685
1201.000000 163.000000 0.583258 -0.204114
1153.000000 164.000000 0.520882 -0.198313
1157.000000 164.000000 0.525920 -0.198683
1197.000000 164.000000 0.577808 -0.202621
1248.000000 164.000000 0.648127 -0.208230
1251.000000 164.000000 0.652409 -0.208577
1254.000000 164.000000 0.656706 -0.208926
1116.000000 165.000000 0.475418 -0.194066
1130.000000 165.000000 0.492335 -0.195233
1132.000000 165.000000 0.494776 -0.195404
1145.000000 165.000000 0.510796 -0.196541
1106.000000 166.000000 0.463434 -0.192236
1158.000000 166.000000 0.526998 -0.196672
1160.000000 166.000000 0.529529 -0.196857
1200.000000 166.000000 0.581606 -0.200784
1253.000000 166.000000 0.655040 -0.206599
1169.000000 167.000000 0.540908 -0.196646
1180.000000 167.000000 0.555118 -0.197704
1194.000000 167.000000 0.573512 -0.199097
1159.000000 168.000000 0.528078 -0.194661
1257.000000 168.000000 0.660555 -0.204848
201.000000 169.000000 -0.431082 -0.187041
303.000000 169.000000 -0.320315 -0.181048
1120.000000 169.000000 0.479894 -0.190263
1250.000000 169.000000 0.650408 -0.202948
155.000000 170.000000 -0.485016 -0.189486
354.000000 170.000000 -0.268438 -0.177851
1148.000000 170.000000 0.514088 -0.191581
1157.000000 170.000000 0.525371 -0.192380
1178.000000 170.000000 0.552229 -0.194327
1191.000000 170.000000 0.569242 -0.195591
1194.000000 170.000000 0.573210 -0.195889
1214.000000 170.000000 0.600085 -0.197933
1225.000000 170.000000 0.615177 -0.199099
1271.000000 170.000000 0.680638 -0.204241
1163.000000 171.000000 0.532876 -0.191872
1234.000000 171.000000 0.627581 -0.198982
1275.000000 171.000000 0.686384 -0.203588
725.000000 172.000000 0.077801 -0.171157
1199.000000 172.000000 0.579660 -0.194249
1261.000000 172.000000 0.665869 -0.200879
1147.000000 173.000000 0.512582 -0.188364
1195.000000 173.000000 0.574239 -0.192784
1230.000000 173.000000 0.621788 -0.196374
1123.000000 174.000000 0.483108 -0.185348
1132.000000 174.000000 0.494023 -0.186071
1173.000000 174.000000 0.545393 -0.189628
1198.000000 174.000000 0.578129 -0.192011
1204.000000 174.000000 0.586152 -0.192606
1210.000000 174.000000 0.594241 -0.193211
82.000000 175.000000 -0.576921 -0.190745
151.000000 175.000000 -0.489451 -0.184647
1139.000000 175.000000 0.502517 -0.185610
1159.000000 175.000000 0.527450 -0.187317
100.000000 176.000000 -0.553231 -0.187980
743.000000 176.000000 0.094310 -0.167618
745.000000 176.000000 0.096153 -0.167643
1153.000000 176.000000 0.519815 -0.185750
1189.000000 176.000000 0.566024 -0.189008
1201.000000 176.000000 0.581935 -0.190168
1203.000000 176.000000 0.584612 -0.190365
1220.000000 176.000000 0.607663 -0.192076
1155.000000 177.000000 0.522238 -0.184877
1185.000000 177.000000 0.560684 -0.187570
84.000000 178.000000 -0.573983 -0.187356
1158.000000 178.000000 0.525927 -0.184091
1177.000000 178.000000 0.550188 -0.185774
1187.000000 178.000000 0.563209 -0.186697
1193.000000 178.000000 0.571107 -0.187262
1214.000000 178.000000 0.599265 -0.189312
1221.000000 178.000000 0.608831 -0.190019
1240.000000 178.000000 0.635248 -0.191991
1273.000000 178.000000 0.682659 -0.195574
1275.000000 178.000000 0.685591 -0.195796
76.000000 179.000000 -0.584525 -0.187055
124.000000 179.000000 -0.522392 -0.182713
152.000000 179.000000 -0.487926 -0.180446
288.000000 179.000000 -0.335457 -0.171987
796.000000 179.000000 0.143418 -0.165632
1149.000000 179.000000 0.514564 -0.182285
1271.000000 179.000000 0.679623 -0.194244
80.000000 180.000000 -0.579097 -0.185606
793.000000 180.000000 0.140597 -0.164636
1133.000000 180.000000 0.494762 -0.179951
1199.000000 180.000000 0.578879 -0.185704
1253.000000 180.000000 0.653484 -0.191186
127.000000 181.000000 -0.518473 -0.180379
144.000000 181.000000 -0.497490 -0.179009
148.000000 181.000000 -0.492619 -0.178696
1155.000000 181.000000 0.521898 -0.180704
1160.000000 181.000000 0.528194 -0.181127
1195.000000 181.000000 0.573470 -0.184261
1223.000000 181.000000 0.611277 -0.186983
1230.000000 181.000000 0.620953 -0.187691
119.000000 182.000000 -0.528425 -0.180005
1256.000000 182.000000 0.657570 -0.189311
1141.000000 183.000000 0.504330 -0.177484
1152.000000 183.000000 0.517976 -0.178373
1236.000000 183.000000 0.629114 -0.186135
120.000000 184.000000 -0.526998 -0.177835
1162.000000 184.000000 0.530469 -0.178162
1239.000000 185.000000 0.633116 -0.184268
1273.000000 185.000000 0.681897 -0.187816
141.000000 186.000000 -0.500769 -0.174084
886.000000 186.000000 0.228913 -0.161203
1138.000000 186.000000 0.500408 -0.174150
1203.000000 186.000000 0.583653 -0.179687
1215.000000 186.000000 0.599842 -0.180820
1228.000000 186.000000 0.617679 -0.182085
1241.000000 186.000000 0.635828 -0.183384
1266.000000 186.000000 0.671585 -0.185969
60.000000 187.000000 -0.605363 -0.180027
62.000000 187.000000 -0.602638 -0.179836
1259.000000 187.000000 0.661358 -0.184138
1276.000000 187.000000 0.686082 -0.185921
68.000000 188.000000 -0.594415 -0.178202
139.000000 188.000000 -0.503067 -0.172175
1211.000000 188.000000 0.594227 -0.178301
1225.000000 188.000000 0.613340 -0.179635
1237.000000 188.000000 0.630010 -0.180812
63.000000 189.000000 -0.601090 -0.177600
1150.000000 189.000000 0.514999 -0.171985
1180.000000 189.000000 0.553098 -0.174455
1195.000000 189.000000 0.572737 -0.175770
55.000000 190.000000 -0.611918 -0.177282
58.000000 190.000000 -0.607809 -0.176998
300.000000 190.000000 -0.322461 -0.160718
1158.000000 190.000000 0.524929 -0.171583
1160.000000 190.000000 0.527448 -0.171744
1170.000000 190.000000 0.540144 -0.172562
1185.000000 190.000000 0.559513 -0.173834
1272.000000 190.000000 0.679908 -0.182186
1274.000000 190.000000 0.682834 -0.182394
11.000000 191.000000 -0.673953 -0.180538
1204.000000 191.000000 0.584533 -0.174458
885.000000 192.000000 0.227766 -0.155474
900.000000 192.000000 0.242392 -0.155919
1142.000000 192.000000 0.504864 -0.168269
1199.000000 192.000000 0.577773 -0.172948
1220.000000 192.000000 0.606094 -0.174862
1237.000000 192.000000 0.629618 -0.176482
1239.000000 192.000000 0.632420 -0.176676
918.000000 193.000000 0.260085 -0.155539
1222.000000 193.000000 0.608740 -0.173977
1246.000000 193.000000 0.642189 -0.176275
137.000000 194.000000 -0.505071 -0.166144
924.000000 194.000000 0.266004 -0.154784
1133.000000 194.000000 0.493703 -0.165548
1179.000000 194.000000 0.551381 -0.169121
1203.000000 194.000000 0.582927 -0.171182
1249.000000 194.000000 0.646346 -0.175482
1184.000000 195.000000 0.557784 -0.168489
1200.000000 195.000000 0.578839 -0.169857
1214.000000 195.000000 0.597645 -0.171102
1153.000000 196.000000 0.518196 -0.164972
1157.000000 196.000000 0.523202 -0.165278
1208.000000 196.000000 0.589452 -0.169500
1268.000000 196.000000 0.673466 -0.175174
5.000000 197.000000 -0.682081 -0.174541
1141.000000 197.000000 0.503264 -0.163048
1146.000000 197.000000 0.509426 -0.163415
1159.000000 197.000000 0.525637 -0.164395
8.000000 198.000000 -0.677611 -0.173146
1127.000000 198.000000 0.486151 -0.161031
1130.000000 198.000000 0.489777 -0.161239
1148.000000 198.000000 0.511828 -0.162532
1239.000000 198.000000 0.631847 -0.170188
1133.000000 199.000000 0.493347 -0.160426
1202.000000 199.000000 0.581156 -0.165795
3.000000 200.000000 -0.684708 -0.171436
138.000000 200.000000 -0.503409 -0.159905
143.000000 200.000000 -0.497299 -0.159553
1140.000000 200.000000 0.501821 -0.159895
1160.000000 200.000000 0.526667 -0.161363
1163.000000 200.000000 0.530451 -0.161590
1212.000000 200.000000 0.594493 -0.165599
1222.000000 200.000000 0.608100 -0.166481
1145.000000 201.000000 0.507899 -0.159225
1210.000000 201.000000 0.591707 -0.164363
1228.000000 201.000000 0.616264 -0.165949
1273.000000 201.000000 0.680264 -0.170174
142.000000 202.000000 -0.498378 -0.157575
988.000000 202.000000 0.330761 -0.149487
1171.000000 202.000000 0.540461 -0.160126
1195.000000 202.000000 0.571619 -0.162040
1173.000000 203.000000 0.542941 -0.159239
1179.000000 203.000000 0.550655 -0.159705
1214.000000 203.000000 0.596939 -0.162582
1259.000000 203.000000 0.659774 -0.166645
1261.000000 203.000000 0.662653 -0.166834
900.000000 204.000000 0.242038 -0.144525
1170.000000 204.000000 0.539032 -0.157970
1225.000000 204.000000 0.611864 -0.162470
1235.000000 204.000000 0.625706 -0.163356
1155.000000 205.000000 0.520027 -0.155826
1186.000000 205.000000 0.559575 -0.158164
1194.000000 205.000000 0.570056 -0.158802
1245.000000 205.000000 0.639642 -0.163181
1249.000000 205.000000 0.645304 -0.163545
920.000000 206.000000 0.261651 -0.143215
1058.000000 206.000000 0.405825 -0.148832
1160.000000 206.000000 0.526222 -0.155155
138.000000 207.000000 -0.502923 -0.152733
1169.000000 207.000000 0.537533 -0.154780
1177.000000 207.000000 0.547769 -0.155380
1202.000000 207.000000 0.580489 -0.157343
1081.000000 208.000000 0.431610 -0.148081
1191.000000 208.000000 0.565875 -0.155414
1242.000000 208.000000 0.635147 -0.159676
1248.000000 208.000000 0.643615 -0.160209
161.000000 209.000000 -0.475045 -0.149205
277.000000 209.000000 -0.345657 -0.143253
1087.000000 209.000000 0.438416 -0.147418
1145.000000 209.000000 0.507340 -0.151014
1256.000000 209.000000 0.654918 -0.159845
49.000000 210.000000 -0.618379 -0.156394
157.000000 210.000000 -0.479750 -0.148442
1079.000000 210.000000 0.429223 -0.145977
1084.000000 210.000000 0.434924 -0.146252
1186.000000 210.000000 0.559188 -0.152935
1247.000000 210.000000 0.642021 -0.157961
1263.000000 210.000000 0.664890 -0.159391
1112.000000 211.000000 0.467404 -0.146866
1155.000000 211.000000 0.519604 -0.149646
1192.000000 211.000000 0.566954 -0.152348
1251.000000 212.000000 0.647519 -0.156152
1080.000000 213.000000 0.430199 -0.143044
1111.000000 213.000000 0.466104 -0.144789
1194.000000 213.000000 0.569428 -0.150405
1205.000000 213.000000 0.584011 -0.151257
1256.000000 213.000000 0.654562 -0.155508
1173.000000 214.000000 0.542125 -0.147813
1214.000000 214.000000 0.596028 -0.150913
1111.000000 215.000000 0.465986 -0.142774
1117.000000 215.000000 0.473087 -0.143128
1179.000000 215.000000 0.549752 -0.147206
1185.000000 215.000000 0.557514 -0.147642
1201.000000 215.000000 0.578528 -0.148842
1222.000000 215.000000 0.606825 -0.150495
1247.000000 215.000000 0.641588 -0.152570
1250.000000 215.000000 0.645838 -0.152826
138.000000 216.000000 -0.502332 -0.143540
142.000000 216.000000 -0.497455 -0.143288
1183.000000 216.000000 0.554847 -0.146455
1150.000000 217.000000 0.512984 -0.143153
1191.000000 217.000000 0.565191 -0.145996
1193.000000 217.000000 0.567814 -0.146143
1208.000000 217.000000 0.587714 -0.147275
1181.000000 218.000000 0.552117 -0.144232
1187.000000 218.000000 0.559896 -0.144661
1211.000000 218.000000 0.591667 -0.146451
1232.000000 218.000000 0.620344 -0.148108
1238.000000 218.000000 0.628690 -0.148597
1245.000000 218.000000 0.638512 -0.149174
1265.000000 218.000000 0.667073 -0.150866
1130.000000 219.000000 0.488411 -0.139861
1139.000000 219.000000 0.499332 -0.140411
1170.000000 219.000000 0.537951 -0.142430
1213.000000 219.000000 0.594285 -0.145549
1226.000000 219.000000 0.611987 -0.146563
915.000000 220.000000 0.256313 -0.129798
1056.000000 220.000000 0.402915 -0.134918
1146.000000 220.000000 0.507852 -0.139830
1148.000000 220.000000 0.510318 -0.139956
1156.000000 220.000000 0.520248 -0.140469
1232.000000 220.000000 0.620184 -0.145975
1234.000000 220.000000 0.622957 -0.146135
196.000000 221.000000 -0.433651 -0.135207
904.000000 221.000000 0.245491 -0.128565
923.000000 221.000000 0.264183 -0.129071
1134.000000 221.000000 0.493128 -0.138073
138.000000 222.000000 -0.501959 -0.137429
276.000000 222.000000 -0.346193 -0.130707
917.000000 222.000000 0.258229 -0.127962
1223.000000 222.000000 0.607640 -0.143144
1178.000000 223.000000 0.547906 -0.138838
1236.000000 223.000000 0.625500 -0.143091
1154.000000 224.000000 0.517502 -0.136244
1165.000000 224.000000 0.531284 -0.136945
1170.000000 224.000000 0.537616 -0.137271
1172.000000 224.000000 0.540161 -0.137402
1180.000000 225.000000 0.550344 -0.136902
1184.000000 225.000000 0.555510 -0.137172
1198.000000 225.000000 0.573819 -0.138141
1210.000000 225.000000 0.589798 -0.139002
1244.000000 225.000000 0.636537 -0.141582
1247.000000 225.000000 0.640766 -0.141819
1268.000000 225.000000 0.670830 -0.143515
1157.000000 226.000000 0.521115 -0.134384
1165.000000 226.000000 0.531155 -0.134888
1195.000000 226.000000 0.569796 -0.136887
897.000000 227.000000 0.238515 -0.122745
1168.000000 227.000000 0.534885 -0.134051
1210.000000 227.000000 0.589653 -0.136899
1220.000000 227.000000 0.603171 -0.137626
1237.000000 227.000000 0.626582 -0.138901
275.000000 228.000000 -0.347022 -0.124952
295.000000 228.000000 -0.326175 -0.124254
1231.000000 228.000000 0.618182 -0.137383
1142.000000 229.000000 0.502398 -0.130423
1174.000000 229.000000 0.542387 -0.132375
1209.000000 229.000000 0.588170 -0.134728
1225.000000 229.000000 0.609852 -0.135878
1228.000000 229.000000 0.613971 -0.136098
1165.000000 230.000000 0.530904 -0.130780
1187.000000 230.000000 0.559068 -0.132184
1199.000000 231.000000 0.574725 -0.131944
1250.000000 231.000000 0.644544 -0.135616
1266.000000 231.000000 0.667452 -0.136851
1197.000000 232.000000 0.572020 -0.130767
1218.000000 232.000000 0.600093 -0.132206
1273.000000 232.000000 0.677540 -0.136316
1140.000000 233.000000 0.499727 -0.126251
1178.000000 233.000000 0.547253 -0.128502
1242.000000 233.000000 0.633119 -0.132877
1170.000000 234.000000 0.536984 -0.126979
1204.000000 234.000000 0.581152 -0.129147
1207.000000 234.000000 0.585150 -0.129349
1211.000000 234.000000 0.590507 -0.129619
1250.000000 234.000000 0.644318 -0.132400
413.000000 235.000000 -0.209034 -0.114587
1223.000000 235.000000 0.606688 -0.129393
1141.000000 236.000000 0.500781 -0.123267
1233.000000 236.000000 0.620366 -0.129036
1272.000000 236.000000 0.675774 -0.131899
902.000000 237.000000 0.243156 -0.113470
1218.000000 237.000000 0.599748 -0.126943
138.000000 238.000000 -0.501045 -0.121197
1223.000000 238.000000 0.606482 -0.126229
1234.000000 238.000000 0.621610 -0.126985
1240.000000 238.000000 0.629959 -0.127405
1256.000000 238.000000 0.652555 -0.128552
1268.000000 238.000000 0.669813 -0.129434
1057.000000 239.000000 0.403196 -0.116321
1202.000000 239.000000 0.578170 -0.123798
1143.000000 240.000000 0.503009 -0.119324
1152.000000 240.000000 0.514082 -0.119809
1160.000000 240.000000 0.524036 -0.120252
1172.000000 240.000000 0.539168 -0.120937
1183.000000 240.000000 0.553258 -0.121586
1195.000000 240.000000 0.568875 -0.122318
1204.000000 240.000000 0.580760 -0.122883
1211.000000 240.000000 0.590108 -0.123332
1247.000000 240.000000 0.639644 -0.125767
137.000000 241.000000 -0.502105 -0.118216
1069.000000 241.000000 0.416464 -0.114849
1249.000000 241.000000 0.642397 -0.124839
1258.000000 241.000000 0.655196 -0.125475
1166.000000 242.000000 0.531458 -0.118545
1180.000000 242.000000 0.549276 -0.119347
1223.000000 242.000000 0.606215 -0.122014
1253.000000 242.000000 0.647997 -0.124050
1272.000000 242.000000 0.675330 -0.125402
1127.000000 243.000000 0.483491 -0.115481
1221.000000 243.000000 0.603425 -0.120832
1225.000000 243.000000 0.608881 -0.121092
913.000000 244.000000 0.253759 -0.107146
1153.000000 244.000000 0.515105 -0.115798
1208.000000 244.000000 0.585838 -0.118960
1216.000000 244.000000 0.596584 -0.119462
1251.000000 244.000000 0.645020 -0.121772
1259.000000 244.000000 0.656416 -0.122325
1086.000000 245.000000 0.435502 -0.111620
1202.000000 245.000000 0.577797 -0.117551
1276.000000 245.000000 0.680952 -0.122440
1185.000000 246.000000 0.555490 -0.115514
1220.000000 246.000000 0.601875 -0.117616
1180.000000 247.000000 0.548990 -0.114202
1252.000000 247.000000 0.646235 -0.118635
969.000000 248.000000 0.309630 -0.104734
1088.000000 248.000000 0.437659 -0.108742
1191.000000 248.000000 0.563166 -0.113793
1217.000000 248.000000 0.597686 -0.115333
1228.000000 248.000000 0.612672 -0.116016
1271.000000 248.000000 0.673453 -0.118848
137.000000 249.000000 -0.501701 -0.110135
1176.000000 249.000000 0.543758 -0.111928
1196.000000 249.000000 0.569650 -0.113045
1222.000000 250.000000 0.604346 -0.113541
565.000000 251.000000 -0.067765 -0.098089
1150.000000 251.000000 0.511041 -0.108546
1213.000000 251.000000 0.592113 -0.111954
1231.000000 251.000000 0.616611 -0.113040
1242.000000 251.000000 0.631886 -0.113727
1270.000000 251.000000 0.671798 -0.115545
14.000000 252.000000 -0.664528 -0.114060
136.000000 252.000000 -0.502776 -0.107157
550.000000 252.000000 -0.081410 -0.097259
568.000000 252.000000 -0.065034 -0.097161
1192.000000 252.000000 0.564246 -0.109717
1233.000000 252.000000 0.619310 -0.112108
3.000000 253.000000 -0.680389 -0.113701
557.000000 253.000000 -0.075030 -0.096305
1158.000000 253.000000 0.520854 -0.106913
1164.000000 253.000000 0.528356 -0.107213
1196.000000 253.000000 0.569424 -0.108904
1211.000000 253.000000 0.589313 -0.109751
1241.000000 253.000000 0.630363 -0.111544
1198.000000 254.000000 0.571997 -0.107979
1220.000000 254.000000 0.601390 -0.109228
1228.000000 254.000000 0.612304 -0.109699
1192.000000 255.000000 0.564083 -0.106620
1231.000000 255.000000 0.616369 -0.108825
1244.000000 255.000000 0.634439 -0.109608
1133.000000 256.000000 0.490090 -0.102713
1155.000000 256.000000 0.516980 -0.103724
1226.000000 257.000000 0.609389 -0.106430
1167.000000 258.000000 0.531882 -0.102269
1169.000000 258.000000 0.534405 -0.102366
1187.000000 258.000000 0.557427 -0.103267
1240.000000 258.000000 0.628665 -0.106191
1250.000000 258.000000 0.642704 -0.106785
1254.000000 258.000000 0.648373 -0.107026
1272.000000 258.000000 0.674252 -0.108134
1192.000000 259.000000 0.563872 -0.102494
1214.000000 259.000000 0.593003 -0.103664
1216.000000 259.000000 0.595696 -0.103773
1226.000000 259.000000 0.609275 -0.104331
1252.000000 259.000000 0.645475 -0.105841
1167.000000 260.000000 0.531786 -0.100233
1174.000000 260.000000 0.540645 -0.100568
1242.000000 260.000000 0.631341 -0.104192
1256.000000 260.000000 0.651099 -0.105014
1268.000000 260.000000 0.668327 -0.105737
665.000000 261.000000 0.022724 -0.088818
1185.000000 261.000000 0.554690 -0.100083
1194.000000 261.000000 0.566381 -0.100535
1210.000000 261.000000 0.587532 -0.101366
1216.000000 261.000000 0.595587 -0.101687
1233.000000 262.000000 0.618725 -0.101570
1236.000000 262.000000 0.622875 -0.101738
1138.000000 263.000000 0.495829 -0.095905
1224.000000 263.000000 0.606324 -0.100028
716.000000 264.000000 0.068902 -0.086246
1218.000000 264.000000 0.598127 -0.098664
1256.000000 264.000000 0.650865 -0.100751
1275.000000 264.000000 0.678258 -0.101856
1191.000000 265.000000 0.562270 -0.096266
1193.000000 265.000000 0.564876 -0.096363
1253.000000 265.000000 0.646545 -0.099516
1272.000000 265.000000 0.673830 -0.100604
1189.000000 266.000000 0.559623 -0.095143
1248.000000 266.000000 0.639422 -0.098176
1256.000000 266.000000 0.650752 -0.098621
1268.000000 266.000000 0.667973 -0.099300
1165.000000 267.000000 0.528952 -0.093026
1254.000000 267.000000 0.647852 -0.097446
1112.000000 268.000000 0.464648 -0.089897
1195.000000 268.000000 0.567345 -0.093370
1251.000000 268.000000 0.643546 -0.096219
1254.000000 269.000000 0.647743 -0.095320
1264.000000 269.000000 0.662035 -0.095864
734.000000 270.000000 0.085246 -0.080872
1076.000000 270.000000 0.423259 -0.086703
738.000000 271.000000 0.088886 -0.079983
1083.000000 271.000000 0.431128 -0.085948
1177.000000 271.000000 0.543960 -0.089479
1255.000000 271.000000 0.649057 -0.093247
1076.000000 272.000000 0.423197 -0.084749
1162.000000 272.000000 0.524983 -0.087830
1184.000000 272.000000 0.552887 -0.088763
1199.000000 272.000000 0.572405 -0.089434
1226.000000 272.000000 0.608590 -0.090714
1242.000000 272.000000 0.630688 -0.091514
1179.000000 273.000000 0.546428 -0.087525
1211.000000 273.000000 0.588270 -0.088954
1164.000000 274.000000 0.527404 -0.085886
1189.000000 274.000000 0.559260 -0.086933
1264.000000 274.000000 0.661767 -0.090524
1266.000000 274.000000 0.664647 -0.090628
766.000000 275.000000 0.114467 -0.076511
1153.000000 275.000000 0.513688 -0.084443
1180.000000 275.000000 0.547623 -0.085526
1198.000000 275.000000 0.570956 -0.086298
1227.000000 275.000000 0.609811 -0.087625
1222.000000 276.000000 0.602952 -0.086347
783.000000 277.000000 0.130086 -0.074808
1175.000000 277.000000 0.541163 -0.083283
1191.000000 277.000000 0.561727 -0.083942
1267.000000 277.000000 0.665936 -0.087473
1275.000000 277.000000 0.677542 -0.087879
1209.000000 278.000000 0.585374 -0.083684
185.000000 279.000000 -0.443864 -0.078423
1121.000000 279.000000 0.474868 -0.079300
1155.000000 279.000000 0.516009 -0.080488
1177.000000 279.000000 0.543629 -0.081327
1203.000000 279.000000 0.577369 -0.082392
1233.000000 279.000000 0.617862 -0.083718
1149.000000 280.000000 0.508580 -0.079264
1153.000000 280.000000 0.513501 -0.079408
1159.000000 280.000000 0.520932 -0.079627
1164.000000 280.000000 0.527171 -0.079813
1223.000000 280.000000 0.604129 -0.082223
1227.000000 280.000000 0.609581 -0.082400
1205.000000 281.000000 0.579931 -0.080413
1249.000000 281.000000 0.640069 -0.082352
1258.000000 281.000000 0.652828 -0.082773
1179.000000 282.000000 0.546064 -0.078350
1185.000000 282.000000 0.553762 -0.078581
1253.000000 282.000000 0.645674 -0.081479
1261.000000 282.000000 0.657067 -0.081851
1164.000000 283.000000 0.527061 -0.076779
1191.000000 283.000000 0.561484 -0.077792
1224.000000 283.000000 0.605359 -0.079140
1245.000000 283.000000 0.634358 -0.080058
1250.000000 283.000000 0.641387 -0.080284
1220.000000 284.000000 0.599889 -0.077931
1180.000000 285.000000 0.547230 -0.075333
1259.000000 285.000000 0.654070 -0.078570
1266.000000 285.000000 0.664110 -0.078887
1272.000000 285.000000 0.672789 -0.079161
296.000000 286.000000 -0.323642 -0.069034
1165.000000 286.000000 0.528207 -0.073782
1178.000000 286.000000 0.544639 -0.074242
1202.000000 286.000000 0.575764 -0.075139
1244.000000 286.000000 0.632826 -0.076854
911.000000 287.000000 0.251039 -0.066961
1140.000000 287.000000 0.497369 -0.071948
1250.000000 287.000000 0.641211 -0.076057
1167.000000 288.000000 0.530647 -0.071828
1203.000000 288.000000 0.577008 -0.073118
1254.000000 288.000000 0.646825 -0.075171
1268.000000 288.000000 0.666862 -0.075777
1272.000000 288.000000 0.672654 -0.075952
1141.000000 289.000000 0.498519 -0.069981
1159.000000 289.000000 0.520620 -0.070553
1184.000000 289.000000 0.552215 -0.071401
1240.000000 289.000000 0.627121 -0.073533
191.000000 290.000000 -0.436714 -0.067483
1099.000000 290.000000 0.448849 -0.067788
1171.000000 290.000000 0.535617 -0.069939
1268.000000 290.000000 0.666775 -0.073644
1276.000000 290.000000 0.678388 -0.073986
897.000000 291.000000 0.237378 -0.063070
1178.000000 291.000000 0.544465 -0.069159
1183.000000 291.000000 0.550861 -0.069328
1186.000000 291.000000 0.554720 -0.069431
920.000000 292.000000 0.259783 -0.062431
1203.000000 292.000000 0.576861 -0.069002
1214.000000 292.000000 0.591495 -0.069399
165.000000 293.000000 -0.466627 -0.065213
911.000000 293.000000 0.250962 -0.061386
1081.000000 293.000000 0.428252 -0.064401
1172.000000 293.000000 0.536783 -0.066933
1192.000000 293.000000 0.562418 -0.067593
1206.000000 293.000000 0.580794 -0.068079
1236.000000 293.000000 0.621415 -0.069182
1247.000000 293.000000 0.636743 -0.069607
1257.000000 293.000000 0.650880 -0.070002
1263.000000 293.000000 0.659454 -0.070243
1268.000000 293.000000 0.666651 -0.070446
1071.000000 295.000000 0.416985 -0.062225
1158.000000 295.000000 0.519191 -0.064482
1174.000000 295.000000 0.539251 -0.064970
1197.000000 295.000000 0.568871 -0.065714
1263.000000 295.000000 0.659374 -0.068118
1268.000000 296.000000 0.666531 -0.067249
1198.000000 297.000000 0.570115 -0.063697
1225.000000 297.000000 0.606177 -0.064607
1264.000000 297.000000 0.660732 -0.066032
1214.000000 298.000000 0.591285 -0.063195
1159.000000 299.000000 0.520316 -0.060488
1231.000000 299.000000 0.614309 -0.062732
1255.000000 299.000000 0.647810 -0.063579
973.000000 301.000000 0.312622 -0.054733
1145.000000 301.000000 0.503042 -0.058106
1230.000000 301.000000 0.612870 -0.060614
1239.000000 301.000000 0.625283 -0.060915
1265.000000 301.000000 0.662022 -0.061819
1160.000000 302.000000 0.521476 -0.057498
1223.000000 302.000000 0.603291 -0.059346
1245.000000 302.000000 0.633612 -0.060069
1269.000000 302.000000 0.667753 -0.060897
1272.000000 302.000000 0.672097 -0.061003
1275.000000 302.000000 0.676458 -0.061110
1211.000000 303.000000 0.587114 -0.057937
1247.000000 303.000000 0.636381 -0.059085
1255.000000 303.000000 0.647669 -0.059353
1097.000000 304.000000 0.446216 -0.054018
1182.000000 304.000000 0.549178 -0.056073
1206.000000 304.000000 0.580437 -0.056758
1210.000000 305.000000 0.585721 -0.055846
1252.000000 305.000000 0.643356 -0.057144
1263.000000 305.000000 0.659013 -0.057504
1274.000000 305.000000 0.674898 -0.057872
94.000000 306.000000 -0.553270 -0.054098
1064.000000 306.000000 0.408984 -0.051429
1163.000000 306.000000 0.525109 -0.053552
1191.000000 306.000000 0.560722 -0.054284
1248.000000 306.000000 0.637688 -0.055963
1264.000000 307.000000 0.660382 -0.055415
3.000000 308.000000 -0.677715 -0.054695
5.000000 308.000000 -0.674811 -0.054632
1212.000000 308.000000 0.588303 -0.052812
319.000000 309.000000 -0.299907 -0.047048
1063.000000 309.000000 0.407826 -0.048513
1193.000000 309.000000 0.563239 -0.051276
1202.000000 309.000000 0.575014 -0.051512
1269.000000 309.000000 0.667521 -0.053448
1226.000000 310.000000 0.607131 -0.051132
1271.000000 310.000000 0.670383 -0.052446
1184.000000 311.000000 0.551562 -0.049014
1212.000000 311.000000 0.588222 -0.049720
1172.000000 312.000000 0.536261 -0.047719
1216.000000 312.000000 0.593552 -0.048793
1195.000000 313.000000 0.565743 -0.047242
1199.000000 313.000000 0.570971 -0.047338
1239.000000 313.000000 0.624919 -0.048362
1241.000000 313.000000 0.627697 -0.048416
1252.000000 313.000000 0.643116 -0.048717
1273.000000 313.000000 0.673195 -0.049310
894.000000 314.000000 0.234250 -0.041770
1227.000000 314.000000 0.608387 -0.047005
1235.000000 314.000000 0.619360 -0.047212
1265.000000 314.000000 0.661610 -0.048021
360.000000 315.000000 -0.259130 -0.041046
407.000000 315.000000 -0.213724 -0.040683
1186.000000 315.000000 0.554039 -0.044996
1217.000000 315.000000 0.594820 -0.045720
1221.000000 315.000000 0.600214 -0.045818
1190.000000 316.000000 0.559179 -0.044068
1250.000000 316.000000 0.640215 -0.045507
1262.000000 316.000000 0.657253 -0.045821
1218.000000 317.000000 0.596118 -0.043679
1246.000000 317.000000 0.634572 -0.044356
1255.000000 317.000000 0.647254 -0.044583
1190.000000 318.000000 0.559136 -0.042031
1195.000000 318.000000 0.565629 -0.042137
1198.000000 318.000000 0.569547 -0.042202
1205.000000 318.000000 0.578753 -0.042355
1262.000000 318.000000 0.657201 -0.043704
1239.000000 319.000000 0.624768 -0.042093
1249.000000 320.000000 0.638709 -0.041280
1267.000000 320.000000 0.664331 -0.041709
415.000000 321.000000 -0.206073 -0.035121
1113.000000 323.000000 0.464414 -0.035670
1213.000000 323.000000 0.589282 -0.037384
1216.000000 323.000000 0.593300 -0.037443
1262.000000 323.000000 0.657082 -0.038415
1272.000000 323.000000 0.671487 -0.038639
887.000000 324.000000 0.227438 -0.032500
1171.000000 324.000000 0.534760 -0.035591
1270.000000 325.000000 0.668547 -0.036469
436.000000 326.000000 -0.186203 -0.030434
1204.000000 326.000000 0.577274 -0.034134
1259.000000 326.000000 0.652734 -0.035182
1144.000000 327.000000 0.501302 -0.032163
1208.000000 327.000000 0.582549 -0.033179
1210.000000 327.000000 0.585206 -0.033214
1225.000000 327.000000 0.605380 -0.033482
1159.000000 328.000000 0.519699 -0.031381
1174.000000 328.000000 0.538483 -0.031605
1216.000000 329.000000 0.593190 -0.031258
1265.000000 329.000000 0.661261 -0.032128
1230.000000 330.000000 0.612147 -0.030458
1272.000000 330.000000 0.671344 -0.031196
1176.000000 331.000000 0.540973 -0.028606
1220.000000 331.000000 0.598540 -0.029260
1237.000000 331.000000 0.621760 -0.029534
1239.000000 331.000000 0.624528 -0.029567
1147.000000 332.000000 0.504888 -0.027223
1194.000000 332.000000 0.564078 -0.027845
1205.000000 332.000000 0.578497 -0.028003
1216.000000 332.000000 0.593142 -0.028167
1253.000000 332.000000 0.644109 -0.028751
1275.000000 332.000000 0.675665 -0.029122
1230.000000 333.000000 0.612100 -0.027344
1238.000000 333.000000 0.623111 -0.027466
1261.000000 333.000000 0.655461 -0.027828
1061.000000 334.000000 0.405300 -0.024378
1215.000000 334.000000 0.591772 -0.026092
1217.000000 334.000000 0.594455 -0.026120
1241.000000 334.000000 0.627257 -0.026468
1267.000000 334.000000 0.664051 -0.026866
1234.000000 335.000000 0.617560 -0.025324
1081.000000 336.000000 0.427559 -0.022615
1209.000000 336.000000 0.583741 -0.023957
1060.000000 337.000000 0.404174 -0.021482
1243.000000 337.000000 0.629999 -0.023362
1219.000000 338.000000 0.597094 -0.022022
1275.000000 338.000000 0.675573 -0.022736
544.000000 339.000000 -0.086546 -0.018338
1210.000000 339.000000 0.585035 -0.020889
1238.000000 339.000000 0.623029 -0.021212
1241.000000 339.000000 0.627190 -0.021248
1254.000000 339.000000 0.645422 -0.021406
558.000000 340.000000 -0.073840 -0.017420
1202.000000 340.000000 0.574443 -0.019779
1223.000000 340.000000 0.602476 -0.020002
1235.000000 340.000000 0.618874 -0.020136
1250.000000 340.000000 0.639765 -0.020308
1267.000000 340.000000 0.663968 -0.020510
1239.000000 341.000000 0.624391 -0.019139
1221.000000 342.000000 0.599749 -0.017916
1230.000000 342.000000 0.611987 -0.018005
1254.000000 342.000000 0.645387 -0.018252
1271.000000 342.000000 0.669720 -0.018435
1154.000000 343.000000 0.513356 -0.016320
1156.000000 343.000000 0.515821 -0.016335
1183.000000 343.000000 0.549760 -0.016550
1194.000000 343.000000 0.563953 -0.016643
1207.000000 343.000000 0.581013 -0.016756
1219.000000 343.000000 0.597042 -0.016865
1065.000000 345.000000 0.409642 -0.013808
1183.000000 345.000000 0.549744 -0.014525
1228.000000 345.000000 0.609226 -0.014876
1243.000000 345.000000 0.629911 -0.015003
1207.000000 346.000000 0.580989 -0.013682
1252.000000 346.000000 0.642524 -0.014031
1261.000000 346.000000 0.655301 -0.014106
1244.000000 347.000000 0.631290 -0.012921
1254.000000 347.000000 0.645342 -0.012997
1274.000000 347.000000 0.674023 -0.013152
1235.000000 349.000000 0.618796 -0.010775
1251.000000 349.000000 0.641092 -0.010875
1187.000000 350.000000 0.554849 -0.009483
1194.000000 350.000000 0.563906 -0.009518
1256.000000 350.000000 0.648155 -0.009855
1260.000000 350.000000 0.653845 -0.009879
1204.000000 351.000000 0.576994 -0.008545
1225.000000 351.000000 0.605102 -0.008645
1246.000000 351.000000 0.634059 -0.008751
1151.000000 352.000000 0.509622 -0.007322
1195.000000 352.000000 0.565198 -0.007486
1211.000000 352.000000 0.586266 -0.007551
1207.000000 353.000000 0.580950 -0.006510
1254.000000 353.000000 0.645307 -0.006691
1139.000000 354.000000 0.495021 -0.005297
1213.000000 354.000000 0.588926 -0.005504
1249.000000 354.000000 0.638253 -0.005623
1101.000000 355.000000 0.450233 -0.004232
1247.000000 355.000000 0.635444 -0.004569
1268.000000 355.000000 0.665295 -0.004630
1251.000000 356.000000 0.641061 -0.003532
1190.000000 357.000000 0.558698 -0.002388
1220.000000 357.000000 0.598314 -0.002432
1242.000000 357.000000 0.628457 -0.002467
1247.000000 357.000000 0.635439 -0.002476
1232.000000 358.000000 0.614638 -0.001413
1239.000000 358.000000 0.624290 -0.001420
1252.000000 358.000000 0.642468 -0.001435
1154.000000 359.000000 0.513293 -0.000343
1187.000000 359.000000 0.554825 -0.000355
1189.000000 359.000000 0.557404 -0.000356
1197.000000 359.000000 0.567790 -0.000359
1230.000000 359.000000 0.611897 -0.000374
1244.000000 359.000000 0.631242 -0.000381
1071.000000 361.000000 0.416265 0.001613
1189.000000 361.000000 0.557404 0.001674
1201.000000 361.000000 0.573027 0.001681
1242.000000 361.000000 0.628455 0.001708
706.000000 362.000000 0.059635 0.002432
1151.000000 362.000000 0.509609 0.002650
1225.000000 362.000000 0.605082 0.002731
1257.000000 362.000000 0.649547 0.002770
1276.000000 362.000000 0.676882 0.002794
5.000000 363.000000 -0.673992 0.003852
18.000000 364.000000 -0.655318 0.004882
31.000000 364.000000 -0.636961 0.004850
725.000000 364.000000 0.076839 0.004239
1071.000000 364.000000 0.416268 0.004510
1170.000000 364.000000 0.533200 0.004681
1186.000000 364.000000 0.553543 0.004713
1242.000000 364.000000 0.628460 0.004839
1268.000000 364.000000 0.665293 0.004903
1149.000000 365.000000 0.507166 0.005636
1232.000000 365.000000 0.614645 0.005853
61.000000 366.000000 -0.595843 0.006840
63.000000 366.000000 -0.593162 0.006833
1083.000000 366.000000 0.429720 0.006468
1208.000000 366.000000 0.582273 0.006811
1221.000000 366.000000 0.599672 0.006854
1150.000000 367.000000 0.508395 0.007632
1170.000000 367.000000 0.533208 0.007698
1235.000000 367.000000 0.618777 0.007942
1250.000000 367.000000 0.639664 0.008004
1256.000000 368.000000 0.648146 0.009081
242.000000 369.000000 -0.379596 0.009235
1142.000000 369.000000 0.498659 0.009593
1195.000000 369.000000 0.565204 0.009824
1238.000000 369.000000 0.622929 0.010037
1177.000000 370.000000 0.542066 0.010751
1211.000000 370.000000 0.586277 0.010927
1195.000000 371.000000 0.565214 0.011860
1249.000000 371.000000 0.638279 0.012191
763.000000 372.000000 0.111441 0.011491
1252.000000 372.000000 0.642510 0.013261
1245.000000 373.000000 0.632688 0.014257
1266.000000 373.000000 0.662461 0.014421
163.000000 374.000000 -0.468123 0.014401
1213.000000 374.000000 0.588971 0.015049
1241.000000 375.000000 0.627131 0.016313
1265.000000 375.000000 0.661041 0.016528
156.000000 376.000000 -0.476369 0.016411
1133.000000 376.000000 0.487856 0.016484
1180.000000 376.000000 0.545922 0.016831
1250.000000 376.000000 0.639726 0.017441
1203.000000 377.000000 0.575733 0.018042
134.000000 378.000000 -0.502735 0.018551
1238.000000 378.000000 0.622999 0.019413
1252.000000 379.000000 0.642575 0.020611
1273.000000 379.000000 0.672632 0.020852
133.000000 380.000000 -0.503967 0.020549
290.000000 380.000000 -0.329179 0.019466
1201.000000 380.000000 0.573133 0.021089
1225.000000 380.000000 0.605193 0.021349
1230.000000 380.000000 0.612011 0.021406
1237.000000 380.000000 0.621638 0.021485
1259.000000 380.000000 0.652512 0.021744
1137.000000 381.000000 0.492699 0.021469
1203.000000 381.000000 0.575774 0.022133
1215.000000 381.000000 0.591713 0.022268
1231.000000 382.000000 0.613404 0.023493
1235.000000 382.000000 0.618902 0.023543
1273.000000 382.000000 0.672670 0.024041
134.000000 383.000000 -0.502780 0.023524
313.000000 383.000000 -0.305730 0.022161
1259.000000 383.000000 0.652551 0.024908
898.000000 384.000000 0.237985 0.022765
1242.000000 384.000000 0.628623 0.025721
1152.000000 385.000000 0.510977 0.025601
886.000000 386.000000 0.226428 0.024556
1161.000000 386.000000 0.522106 0.026707
1177.000000 386.000000 0.542207 0.026906
1201.000000 386.000000 0.573205 0.027222
1247.000000 386.000000 0.635636 0.027886
1260.000000 386.000000 0.654021 0.028087
1241.000000 387.000000 0.627277 0.028840
1253.000000 387.000000 0.644096 0.029030
1262.000000 387.000000 0.656894 0.029175
908.000000 389.000000 0.247707 0.027430
1179.000000 389.000000 0.544792 0.029965
1237.000000 389.000000 0.621764 0.030862
1253.000000 389.000000 0.644130 0.031132
1258.000000 389.000000 0.651221 0.031219
899.000000 390.000000 0.238981 0.028306
1264.000000 390.000000 0.659811 0.032382
1059.000000 391.000000 0.403150 0.030468
1160.000000 391.000000 0.520931 0.031707
1173.000000 391.000000 0.537210 0.031897
1176.000000 391.000000 0.541008 0.031942
1204.000000 391.000000 0.577229 0.032382
1267.000000 391.000000 0.664141 0.033497
1187.000000 392.000000 0.555084 0.033126
1218.000000 392.000000 0.595900 0.033647
1209.000000 393.000000 0.583883 0.034519
1241.000000 393.000000 0.627381 0.035107
1272.000000 393.000000 0.671405 0.035718
1067.000000 395.000000 0.412031 0.034414
1181.000000 395.000000 0.547437 0.036069
1218.000000 396.000000 0.595975 0.037775
1164.000000 398.000000 0.526022 0.038797
1181.000000 398.000000 0.547492 0.039108
1211.000000 399.000000 0.586660 0.040724
1219.000000 399.000000 0.597383 0.040894
1182.000000 400.000000 0.548809 0.041154
410.000000 402.000000 -0.210849 0.039175
965.000000 402.000000 0.304306 0.039954
1214.000000 402.000000 0.590733 0.043879
1260.000000 403.000000 0.654374 0.046042
415.000000 404.000000 -0.206107 0.040979
1223.000000 404.000000 0.602906 0.046157
1226.000000 404.000000 0.606982 0.046231
884.000000 405.000000 0.224620 0.042043
1190.000000 405.000000 0.559210 0.046405
1251.000000 405.000000 0.641657 0.047915
1268.000000 405.000000 0.665907 0.048374
1187.000000 406.000000 0.555359 0.047354
425.000000 407.000000 -0.196650 0.043666
1170.000000 407.000000 0.533726 0.047980
1252.000000 407.000000 0.643122 0.050047
1220.000000 408.000000 0.598947 0.050222
432.000000 409.000000 -0.190055 0.045453
1163.000000 409.000000 0.524999 0.049836
1254.000000 409.000000 0.646008 0.052211
1230.000000 410.000000 0.612603 0.052570
144.000000 411.000000 -0.491151 0.051190
1099.000000 411.000000 0.448424 0.050466
1171.000000 412.000000 0.535104 0.053051
136.000000 413.000000 -0.500852 0.053360
1100.000000 413.000000 0.449615 0.052444
157.000000 414.000000 -0.475733 0.053877
136.000000 416.000000 -0.500924 0.056351
1191.000000 416.000000 0.560788 0.057645
1206.000000 416.000000 0.580447 0.058081
165.000000 417.000000 -0.466392 0.056658
875.000000 417.000000 0.216097 0.053026
1146.000000 417.000000 0.504222 0.057445
1154.000000 417.000000 0.514034 0.057650
1228.000000 417.000000 0.610078 0.059793
1139.000000 418.000000 0.495745 0.058266
1213.000000 418.000000 0.589827 0.060355
1187.000000 419.000000 0.555702 0.060588
1217.000000 419.000000 0.595226 0.061516
1235.000000 419.000000 0.619757 0.062108
166.000000 421.000000 -0.465316 0.060576
1216.000000 421.000000 0.593946 0.063552
157.000000 422.000000 -0.475922 0.061787
1225.000000 422.000000 0.606153 0.064894
1251.000000 422.000000 0.642194 0.065819
537.000000 423.000000 -0.093025 0.057631
1215.000000 424.000000 0.592705 0.066622
1092.000000 425.000000 0.440705 0.064013
1152.000000 425.000000 0.511792 0.065618
1198.000000 425.000000 0.570193 0.067070
552.000000 426.000000 -0.079390 0.060294
157.000000 427.000000 -0.476054 0.066735
881.000000 427.000000 0.221942 0.062310
1156.000000 427.000000 0.516787 0.067747
1228.000000 427.000000 0.610426 0.070207
1241.000000 427.000000 0.628364 0.070703
1245.000000 427.000000 0.633949 0.070859
1249.000000 427.000000 0.639565 0.071016
1253.000000 427.000000 0.645212 0.071174
1150.000000 428.000000 0.509424 0.068567
1197.000000 428.000000 0.568987 0.070112
1238.000000 428.000000 0.624234 0.071635
1256.000000 428.000000 0.649507 0.072352
1271.000000 428.000000 0.671040 0.072969
192.000000 429.000000 -0.435566 0.067782
1173.000000 429.000000 0.538126 0.070310
892.000000 430.000000 0.232563 0.065210
1229.000000 430.000000 0.611910 0.073374
1151.000000 431.000000 0.510746 0.071608
1170.000000 432.000000 0.534437 0.073248
880.000000 433.000000 0.221051 0.067842
1194.000000 435.000000 0.565325 0.077180
1216.000000 435.000000 0.594465 0.078053
1229.000000 435.000000 0.612114 0.078593
1103.000000 436.000000 0.453650 0.075102
1183.000000 437.000000 0.551165 0.078804
1218.000000 437.000000 0.597242 0.080212
1254.000000 437.000000 0.647056 0.081797
1251.000000 438.000000 0.642856 0.082718
1190.000000 439.000000 0.560280 0.081123
1052.000000 440.000000 0.396359 0.077593
1164.000000 440.000000 0.527186 0.081130
1097.000000 441.000000 0.446875 0.079841
1233.000000 441.000000 0.617875 0.085047
1123.000000 442.000000 0.477288 0.081669
1228.000000 442.000000 0.611053 0.085864
1051.000000 443.000000 0.395344 0.080468
1233.000000 443.000000 0.617968 0.087144
1204.000000 444.000000 0.578837 0.086856
1253.000000 444.000000 0.645973 0.089169
697.000000 445.000000 0.051632 0.077433
1194.000000 445.000000 0.565736 0.087446
1201.000000 446.000000 0.574963 0.088786
1220.000000 446.000000 0.600349 0.089665
1225.000000 446.000000 0.607142 0.089903
1249.000000 446.000000 0.640421 0.091087
1108.000000 447.000000 0.459811 0.086113
1199.000000 447.000000 0.572375 0.089727
1232.000000 447.000000 0.616783 0.091290
1230.000000 448.000000 0.614083 0.092240
1249.000000 448.000000 0.640523 0.093204
707.000000 449.000000 0.060707 0.081102
1244.000000 449.000000 0.633549 0.094003
1161.000000 450.000000 0.523835 0.091131
1176.000000 450.000000 0.542747 0.091776
1181.000000 450.000000 0.549137 0.091997
286.000000 451.000000 -0.334331 0.086653
697.000000 451.000000 0.051651 0.082885
1116.000000 451.000000 0.469329 0.090361
1166.000000 451.000000 0.530139 0.092358
1173.000000 451.000000 0.538977 0.092663
1218.000000 451.000000 0.597887 0.094778
1251.000000 451.000000 0.643505 0.096490
1124.000000 452.000000 0.478838 0.091655
289.000000 453.000000 -0.331271 0.088483
1121.000000 454.000000 0.475351 0.093532
1157.000000 454.000000 0.519026 0.095008
1167.000000 454.000000 0.531528 0.095449
1174.000000 454.000000 0.540381 0.095765
715.000000 455.000000 0.067992 0.086595
1218.000000 456.000000 0.598143 0.099991
1235.000000 456.000000 0.621394 0.100905
311.000000 458.000000 -0.308827 0.092706
1235.000000 458.000000 0.621505 0.103012
1215.000000 460.000000 0.594311 0.104003
1235.000000 460.000000 0.621618 0.105120
1161.000000 461.000000 0.524326 0.102284
1190.000000 463.000000 0.561391 0.105775
1214.000000 463.000000 0.593131 0.107077
1235.000000 463.000000 0.621792 0.108284
1152.000000 464.000000 0.513287 0.104899
749.000000 465.000000 0.099039 0.095920
1212.000000 465.000000 0.590558 0.109050
1154.000000 467.000000 0.515906 0.108034
761.000000 468.000000 0.110059 0.098761
1213.000000 468.000000 0.592073 0.112238
1263.000000 468.000000 0.661631 0.115343
1177.000000 469.000000 0.544949 0.111253
1215.000000 469.000000 0.594824 0.113401
1265.000000 471.000000 0.664710 0.118698
168.000000 472.000000 -0.464729 0.111005
821.000000 472.000000 0.165683 0.103088
1216.000000 472.000000 0.596354 0.116600
1274.000000 473.000000 0.677901 0.121470
1209.000000 474.000000 0.587071 0.118262
1263.000000 474.000000 0.662033 0.121788
1228.000000 477.000000 0.613012 0.122620
885.000000 478.000000 0.226572 0.109713
1233.000000 478.000000 0.619971 0.124010
1210.000000 479.000000 0.588724 0.123550
1257.000000 479.000000 0.653782 0.126738
406.000000 480.000000 -0.215653 0.111335
1061.000000 480.000000 0.407608 0.116806
884.000000 483.000000 0.225707 0.114365
1207.000000 483.000000 0.584972 0.127539
414.000000 484.000000 -0.208071 0.114913
895.000000 484.000000 0.236379 0.115534
1261.000000 484.000000 0.659876 0.132406
84.000000 487.000000 -0.569599 0.130856
1215.000000 487.000000 0.595984 0.132275
1209.000000 488.000000 0.587983 0.132910
437.000000 489.000000 -0.186300 0.119150
1210.000000 491.000000 0.589533 0.136128
1255.000000 491.000000 0.651823 0.139485
1241.000000 492.000000 0.632112 0.139474
170.000000 493.000000 -0.463409 0.131881
1241.000000 494.000000 0.632267 0.141612
170.000000 495.000000 -0.463516 0.133885
1215.000000 495.000000 0.596558 0.140700
1220.000000 497.000000 0.603492 0.143187
1240.000000 497.000000 0.631102 0.144741
1172.000000 499.000000 0.540388 0.141825
1210.000000 499.000000 0.590118 0.144543
1169.000000 500.000000 0.536639 0.142655
1208.000000 502.000000 0.587662 0.147552
222.000000 503.000000 -0.404670 0.139190
1046.000000 503.000000 0.392061 0.138706
1049.000000 503.000000 0.395355 0.138846
1051.000000 504.000000 0.397604 0.139923
1263.000000 504.000000 0.664372 0.154202
171.000000 506.000000 -0.462958 0.144875
861.000000 506.000000 0.204106 0.135406
1244.000000 506.000000 0.637459 0.154726
1247.000000 507.000000 0.641779 0.156060
1045.000000 508.000000 0.391199 0.143571
862.000000 509.000000 0.205129 0.138243
1067.000000 509.000000 0.415644 0.145655
1244.000000 509.000000 0.637718 0.157955
546.000000 510.000000 -0.085383 0.137150
1045.000000 510.000000 0.391296 0.145538
1073.000000 511.000000 0.422504 0.147958
550.000000 512.000000 -0.081740 0.138964
860.000000 512.000000 0.203284 0.141014
1214.000000 513.000000 0.596625 0.159665
1208.000000 514.000000 0.588619 0.160225
1054.000000 517.000000 0.401569 0.152900
1274.000000 517.000000 0.681546 0.169410
1201.000000 518.000000 0.579597 0.163871
182.000000 519.000000 -0.450895 0.157298
868.000000 519.000000 0.211121 0.147792
581.000000 521.000000 -0.053502 0.147065
880.000000 521.000000 0.222743 0.149991
1068.000000 522.000000 0.417476 0.158632
288.000000 523.000000 -0.334658 0.155736
1216.000000 523.000000 0.600206 0.170483
867.000000 525.000000 0.210312 0.153430
1134.000000 525.000000 0.494878 0.165918
1236.000000 527.000000 0.628145 0.176640
1203.000000 528.000000 0.583133 0.174639
1208.000000 528.000000 0.589838 0.175091
295.000000 529.000000 -0.327627 0.161262
1054.000000 530.000000 0.402282 0.165799
311.000000 531.000000 -0.311190 0.162519
1050.000000 532.000000 0.397962 0.167560
1063.000000 534.000000 0.412562 0.170318
1225.000000 534.000000 0.613560 0.183126
697.000000 536.000000 0.052069 0.160991
1029.000000 536.000000 0.375190 0.170357
1269.000000 536.000000 0.676175 0.189832
311.000000 537.000000 -0.311445 0.168336
688.000000 537.000000 0.043861 0.161868
1062.000000 537.000000 0.411624 0.173259
1065.000000 537.000000 0.414993 0.173444
1067.000000 537.000000 0.417246 0.173568
1042.000000 538.000000 0.389488 0.173067
756.000000 540.000000 0.106257 0.165323
1210.000000 540.000000 0.593671 0.188104
706.000000 543.000000 0.060345 0.167585
653.000000 550.000000 0.011998 0.173869
848.000000 552.000000 0.192819 0.178523
1211.000000 554.000000 0.596457 0.203275
1262.000000 554.000000 0.668020 0.208981
741.000000 555.000000 0.092615 0.179198
753.000000 555.000000 0.103697 0.179365
1267.000000 555.000000 0.675397 0.210679
1253.000000 556.000000 0.655290 0.210149
750.000000 557.000000 0.100952 0.181205
195.000000 558.000000 -0.438509 0.195908
1260.000000 558.000000 0.665598 0.213189
410.000000 559.000000 -0.213805 0.185814
1213.000000 559.000000 0.599716 0.208903
412.000000 560.000000 -0.211904 0.186709
1219.000000 560.000000 0.608034 0.210654
1260.000000 560.000000 0.665837 0.215412
1262.000000 560.000000 0.668731 0.215652
1266.000000 560.000000 0.674538 0.216134
1276.000000 560.000000 0.689166 0.217345
410.000000 561.000000 -0.213869 0.187731
754.000000 561.000000 0.104713 0.185038
1216.000000 561.000000 0.604033 0.211407
1214.000000 562.000000 0.601412 0.212271
1246.000000 562.000000 0.646004 0.215960
1220.000000 563.000000 0.609746 0.214036
875.000000 564.000000 0.219201 0.190830
1212.000000 564.000000 0.598909 0.214221
1247.000000 564.000000 0.647665 0.218292
20.000000 565.000000 -0.664988 0.220697
1222.000000 565.000000 0.612731 0.216448
434.000000 566.000000 -0.190938 0.191785
1236.000000 566.000000 0.632344 0.219186
871.000000 567.000000 0.215421 0.193581
860.000000 568.000000 0.204818 0.194180
1044.000000 568.000000 0.393588 0.203239
1224.000000 568.000000 0.615844 0.219965
870.000000 570.000000 0.214553 0.196435
1045.000000 570.000000 0.394835 0.205329
23.000000 571.000000 -0.661413 0.227014
435.000000 572.000000 -0.190159 0.197507
871.000000 573.000000 0.215627 0.199363
25.000000 574.000000 -0.658920 0.230111
882.000000 574.000000 0.226372 0.200724
1034.000000 575.000000 0.383043 0.209617
30.000000 577.000000 -0.652152 0.232825
1027.000000 578.000000 0.375587 0.212164
1034.000000 579.000000 0.383322 0.213659
1227.000000 579.000000 0.621340 0.232432
1250.000000 580.000000 0.653948 0.236471
296.000000 581.000000 -0.329243 0.212338
693.000000 581.000000 0.048731 0.203253
1276.000000 581.000000 0.691846 0.241026
1263.000000 582.000000 0.672965 0.240425
1255.000000 583.000000 0.661523 0.240489
76.000000 584.000000 -0.589218 0.234845
1039.000000 584.000000 0.389193 0.219089
1228.000000 584.000000 0.623364 0.238091
75.000000 586.000000 -0.590809 0.237155
254.000000 586.000000 -0.374452 0.220059
911.000000 586.000000 0.255456 0.213590
922.000000 586.000000 0.266450 0.214096
533.000000 587.000000 -0.098315 0.209592
209.000000 588.000000 -0.424809 0.225546
1056.000000 588.000000 0.408473 0.224471
1264.000000 588.000000 0.675227 0.247336
541.000000 589.000000 -0.090929 0.211377
289.000000 590.000000 -0.337159 0.221757
80.000000 591.000000 -0.584691 0.242020
544.000000 591.000000 -0.088180 0.213244
1055.000000 591.000000 0.407586 0.227469
546.000000 592.000000 -0.086342 0.214171
1040.000000 592.000000 0.390901 0.227315
1220.000000 592.000000 0.613284 0.245931
1263.000000 592.000000 0.674322 0.251729
548.000000 593.000000 -0.084505 0.215099
408.000000 594.000000 -0.216978 0.219713
296.000000 595.000000 -0.330093 0.226332
545.000000 595.000000 -0.087313 0.217058
1051.000000 595.000000 0.403411 0.231255
1228.000000 595.000000 0.624803 0.250325
173.000000 597.000000 -0.467656 0.238164
409.000000 597.000000 -0.216120 0.222602
1039.000000 597.000000 0.390179 0.232351
1052.000000 597.000000 0.404698 0.233393
1275.000000 597.000000 0.692580 0.259106
185.000000 598.000000 -0.453527 0.238061
1229.000000 598.000000 0.626606 0.253812
297.000000 599.000000 -0.329295 0.230286
311.000000 599.000000 -0.314653 0.229416
676.000000 599.000000 0.033232 0.220292
178.000000 600.000000 -0.461995 0.240831
579.000000 601.000000 -0.055960 0.222391
183.000000 602.000000 -0.456268 0.242447
187.000000 602.000000 -0.451554 0.242062
676.000000 602.000000 0.033249 0.223166
1052.000000 602.000000 0.405112 0.238546
1061.000000 603.000000 0.415380 0.240350
1197.000000 603.000000 0.583341 0.255104
1230.000000 603.000000 0.628695 0.259551
36.000000 604.000000 -0.647235 0.262319
142.000000 604.000000 -0.506137 0.248826
1204.000000 604.000000 0.592935 0.257131
188.000000 605.000000 -0.450667 0.245115
267.000000 605.000000 -0.361702 0.238417
200.000000 606.000000 -0.436754 0.245023
189.000000 607.000000 -0.449686 0.247120
932.000000 608.000000 0.277658 0.236372
1225.000000 609.000000 0.622539 0.265591
1202.000000 610.000000 0.591026 0.263523
1276.000000 610.000000 0.695945 0.274175
296.000000 611.000000 -0.331139 0.242464
1263.000000 611.000000 0.677051 0.273388
408.000000 612.000000 -0.217704 0.237358
544.000000 613.000000 -0.088522 0.234404
680.000000 613.000000 0.037005 0.233770
1036.000000 614.000000 0.388228 0.249600
1239.000000 614.000000 0.642973 0.273257
298.000000 615.000000 -0.329301 0.246383
1223.000000 615.000000 0.620606 0.272059
200.000000 618.000000 -0.437906 0.257621
688.000000 618.000000 0.044429 0.238663
1224.000000 618.000000 0.622436 0.275590
1231.000000 618.000000 0.632250 0.276618
680.000000 619.000000 0.037048 0.239568
1257.000000 619.000000 0.669543 0.281665
200.000000 620.000000 -0.438104 0.259731
202.000000 621.000000 -0.435878 0.260587
1245.000000 622.000000 0.652724 0.283276
1025.000000 623.000000 0.376818 0.257990
1248.000000 623.000000 0.657177 0.284881
1243.000000 624.000000 0.650171 0.285260
1254.000000 625.000000 0.666127 0.288105
209.000000 626.000000 -0.428268 0.265170
295.000000 626.000000 -0.333253 0.257805
697.000000 626.000000 0.052831 0.246509
1233.000000 626.000000 0.636271 0.286017
1238.000000 626.000000 0.643355 0.286782
283.000000 627.000000 -0.346125 0.259728
297.000000 627.000000 -0.331206 0.258683
1226.000000 628.000000 0.626725 0.287232
298.000000 629.000000 -0.330293 0.260658
1255.000000 629.000000 0.668198 0.292875
1050.000000 630.000000 0.405355 0.267524
55.000000 631.000000 -0.624446 0.290149
297.000000 631.000000 -0.331499 0.262781
1244.000000 631.000000 0.652687 0.293450
1248.000000 632.000000 0.658580 0.295233
1253.000000 632.000000 0.665782 0.296025
413.000000 633.000000 -0.213728 0.257953
417.000000 633.000000 -0.209813 0.257774
102.000000 634.000000 -0.561103 0.286638
722.000000 634.000000 0.076156 0.254640
1030.000000 634.000000 0.383303 0.269872
412.000000 635.000000 -0.214799 0.259994
995.000000 635.000000 0.345171 0.267952
1046.000000 635.000000 0.401308 0.272402
275.000000 636.000000 -0.355458 0.269655
418.000000 636.000000 -0.208969 0.260721
1029.000000 637.000000 0.382464 0.272921
1243.000000 637.000000 0.652208 0.300208
254.000000 638.000000 -0.378597 0.273538
423.000000 638.000000 -0.204173 0.262496
727.000000 638.000000 0.080882 0.258642
995.000000 638.000000 0.345411 0.271055
432.000000 639.000000 -0.195453 0.263108
743.000000 639.000000 0.095858 0.259921
257.000000 640.000000 -0.375465 0.275363
732.000000 640.000000 0.085587 0.260694
1028.000000 640.000000 0.381627 0.275975
303.000000 641.000000 -0.325893 0.272618
86.000000 642.000000 -0.583590 0.297944
295.000000 642.000000 -0.334462 0.274265
297.000000 642.000000 -0.332333 0.274110
308.000000 642.000000 -0.320689 0.273274
1242.000000 642.000000 0.651585 0.305829
46.000000 643.000000 -0.638959 0.305308
308.000000 644.000000 -0.320838 0.275336
478.000000 645.000000 -0.151405 0.267363
742.000000 645.000000 0.095043 0.265813
540.000000 646.000000 -0.092852 0.266728
40.000000 648.000000 -0.648273 0.312065
409.000000 648.000000 -0.218364 0.273178
866.000000 648.000000 0.213855 0.273013
247.000000 649.000000 -0.387392 0.285756
300.000000 650.000000 -0.329771 0.282164
412.000000 650.000000 -0.215508 0.275047
545.000000 651.000000 -0.088264 0.271575
851.000000 651.000000 0.199295 0.275331
298.000000 652.000000 -0.332060 0.284404
548.000000 652.000000 -0.085473 0.272509
847.000000 652.000000 0.195437 0.276158
859.000000 652.000000 0.207172 0.276710
1268.000000 652.000000 0.690883 0.321835
1251.000000 653.000000 0.666339 0.320135
1262.000000 653.000000 0.682290 0.321997
415.000000 654.000000 -0.212752 0.278939
1026.000000 654.000000 0.380720 0.290547
48.000000 655.000000 -0.638097 0.318871
53.000000 655.000000 -0.631059 0.318041
1231.000000 655.000000 0.638086 0.319100
51.000000 656.000000 -0.634036 0.319533
292.000000 657.000000 -0.338888 0.290117
544.000000 657.000000 -0.089319 0.277549
1273.000000 657.000000 0.699063 0.328591
417.000000 658.000000 -0.210981 0.282889
541.000000 658.000000 -0.092156 0.278605
301.000000 659.000000 -0.329434 0.291461
575.000000 659.000000 -0.060339 0.279021
869.000000 660.000000 0.217413 0.285304
1266.000000 660.000000 0.689324 0.330941
1017.000000 661.000000 0.371415 0.297104
538.000000 662.000000 -0.095061 0.282656
218.000000 664.000000 -0.421898 0.304821
1017.000000 664.000000 0.371705 0.300292
395.000000 665.000000 -0.233139 0.291178
538.000000 665.000000 -0.095126 0.285654
535.000000 666.000000 -0.097974 0.286722
540.000000 666.000000 -0.093265 0.286612
310.000000 667.000000 -0.320529 0.299099
1264.000000 667.000000 0.687622 0.338892
414.000000 668.000000 -0.214445 0.293214
1246.000000 668.000000 0.661723 0.336913
86.000000 669.000000 -0.587835 0.328781
542.000000 670.000000 -0.091468 0.290578
1267.000000 670.000000 0.692530 0.342989
546.000000 671.000000 -0.087723 0.291498
904.000000 671.000000 0.253035 0.298588
1038.000000 671.000000 0.395920 0.309940
551.000000 672.000000 -0.083040 0.292402
920.000000 672.000000 0.269381 0.300682
419.000000 673.000000 -0.209769 0.298067
987.000000 673.000000 0.339783 0.307037
52.000000 676.000000 -0.636053 0.342745
681.000000 676.000000 0.038445 0.295749
574.000000 677.000000 -0.061528 0.297035
972.000000 677.000000 0.324049 0.309948
1021.000000 677.000000 0.377454 0.314607
389.000000 678.000000 -0.239911 0.304907
203.000000 679.000000 -0.441214 0.322986
335.000000 679.000000 -0.295214 0.309696
337.000000 680.000000 -0.293207 0.310591
1265.000000 681.000000 0.691575 0.355778
390.000000 682.000000 -0.239152 0.308991
1260.000000 682.000000 0.684476 0.356071
341.000000 683.000000 -0.289278 0.313436
393.000000 683.000000 -0.236201 0.309844
575.000000 683.000000 -0.060678 0.303073
1243.000000 683.000000 0.660100 0.354171
414.000000 685.000000 -0.215362 0.310687
542.000000 685.000000 -0.091800 0.305717
856.000000 686.000000 0.205937 0.311265
1268.000000 686.000000 0.696861 0.362329
394.000000 687.000000 -0.235443 0.313939
1042.000000 688.000000 0.402377 0.328867
1260.000000 688.000000 0.685572 0.363272
186.000000 689.000000 -0.462842 0.336329
543.000000 689.000000 -0.090945 0.309760
547.000000 689.000000 -0.087163 0.309671
697.000000 689.000000 0.053589 0.309060
855.000000 689.000000 0.205111 0.314315
1175.000000 689.000000 0.566808 0.349143
549.000000 690.000000 -0.085294 0.310645
833.000000 690.000000 0.183529 0.314226
1047.000000 691.000000 0.408467 0.332753
1179.000000 691.000000 0.572512 0.352162
850.000000 692.000000 0.200333 0.317157
1174.000000 692.000000 0.565986 0.352467
170.000000 693.000000 -0.482945 0.343097
832.000000 693.000000 0.182696 0.317278
1250.000000 693.000000 0.672016 0.367435
545.000000 694.000000 -0.089167 0.314813
679.000000 694.000000 0.036741 0.313934
1252.000000 696.000000 0.675464 0.371422
1268.000000 697.000000 0.698882 0.375614
380.000000 702.000000 -0.250585 0.330599
542.000000 703.000000 -0.092224 0.324114
687.000000 703.000000 0.044361 0.323219
422.000000 706.000000 -0.208612 0.332124
688.000000 706.000000 0.045339 0.326312
424.000000 707.000000 -0.206682 0.333059
526.000000 707.000000 -0.107564 0.328668
280.000000 708.000000 -0.356812 0.345868
428.000000 708.000000 -0.202769 0.333882
145.000000 710.000000 -0.516975 0.366484
690.000000 710.000000 0.047277 0.330459
1028.000000 711.000000 0.389153 0.352588
336.000000 712.000000 -0.296901 0.344752
689.000000 713.000000 0.046371 0.333545
1172.000000 713.000000 0.567024 0.376812
1233.000000 713.000000 0.651448 0.388365
685.000000 714.000000 0.042605 0.334531
1028.000000 714.000000 0.389519 0.355928
1227.000000 715.000000 0.643313 0.389628
1259.000000 715.000000 0.689199 0.395828
515.000000 716.000000 -0.118372 0.338360
