1072.000000 3.000000 0.441124 -0.363774
1186.000000 3.000000 0.586656 -0.382820
966.000000 4.000000 0.321185 -0.349952
379.000000 5.000000 -0.252504 -0.343148
990.000000 5.000000 0.347141 -0.351319
1182.000000 5.000000 0.580844 -0.379680
950.000000 6.000000 0.303918 -0.346260
1066.000000 6.000000 0.433567 -0.359523
1222.000000 6.000000 0.636047 -0.386111
971.000000 7.000000 0.326271 -0.347172
1070.000000 7.000000 0.438175 -0.358948
949.000000 8.000000 0.302676 -0.344003
1017.000000 8.000000 0.376788 -0.351031
1020.000000 8.000000 0.380166 -0.351383
1023.000000 8.000000 0.383554 -0.351739
1176.000000 8.000000 0.572182 -0.375001
1213.000000 8.000000 0.623006 -0.381958
896.000000 9.000000 0.247587 -0.338640
979.000000 9.000000 0.334723 -0.345790
1060.000000 10.000000 0.425943 -0.354190
1074.000000 10.000000 0.442520 -0.356110
1078.000000 10.000000 0.447305 -0.356674
1178.000000 10.000000 0.574512 -0.372994
1210.000000 10.000000 0.618430 -0.378977
917.000000 11.000000 0.268975 -0.338082
984.000000 11.000000 0.339954 -0.344117
1227.000000 11.000000 0.642154 -0.381031
1242.000000 11.000000 0.663551 -0.383922
990.000000 12.000000 0.346400 -0.343645
1002.000000 12.000000 0.359606 -0.344926
1193.000000 12.000000 0.594538 -0.373381
955.000000 13.000000 0.308584 -0.339145
978.000000 13.000000 0.333238 -0.341332
1008.000000 13.000000 0.366153 -0.344488
1013.000000 13.000000 0.371729 -0.345048
1082.000000 13.000000 0.451682 -0.353842
1188.000000 13.000000 0.587519 -0.371266
959.000000 14.000000 0.312746 -0.338431
1004.000000 14.000000 0.361602 -0.342950
1020.000000 14.000000 0.379465 -0.344746
567.000000 15.000000 -0.068568 -0.324308
1000.000000 15.000000 0.357071 -0.341422
1193.000000 15.000000 0.593982 -0.369810
564.000000 16.000000 -0.071386 -0.323335
869.000000 16.000000 0.219866 -0.329438
1185.000000 16.000000 0.582889 -0.367159
1218.000000 16.000000 0.628494 -0.373294
1075.000000 17.000000 0.442742 -0.348347
1151.000000 17.000000 0.537466 -0.360010
888.000000 18.000000 0.238844 -0.328551
1069.000000 18.000000 0.435482 -0.346410
1143.000000 18.000000 0.526919 -0.357508
1194.000000 20.000000 0.594435 -0.364061
386.000000 21.000000 -0.244252 -0.325679
656.000000 21.000000 0.015183 -0.317548
550.000000 22.000000 -0.084510 -0.317464
658.000000 22.000000 0.017055 -0.316536
884.000000 22.000000 0.234544 -0.324080
1075.000000 22.000000 0.442062 -0.342732
1143.000000 22.000000 0.526261 -0.352878
1159.000000 22.000000 0.547093 -0.355543
1193.000000 22.000000 0.592702 -0.361513
1147.000000 23.000000 0.531266 -0.352378
1216.000000 23.000000 0.624374 -0.364548
634.000000 24.000000 -0.005457 -0.314457
922.000000 26.000000 0.272982 -0.322526
1146.000000 26.000000 0.529482 -0.348749
1217.000000 26.000000 0.625220 -0.361159
274.000000 27.000000 -0.361795 -0.328799
1177.000000 27.000000 0.570139 -0.352799
921.000000 28.000000 0.271802 -0.320340
1042.000000 28.000000 0.402797 -0.331903
917.000000 30.000000 0.267542 -0.317939
996.000000 30.000000 0.351127 -0.324720
927.000000 31.000000 0.277766 -0.317627
932.000000 31.000000 0.282942 -0.318009
1010.000000 31.000000 0.366432 -0.325069
1141.000000 31.000000 0.522243 -0.342202
914.000000 33.000000 0.264252 -0.314573
1018.000000 33.000000 0.375114 -0.323747
1056.000000 33.000000 0.418333 -0.328083
1062.000000 33.000000 0.425317 -0.328820
859.000000 34.000000 0.208875 -0.310094
1077.000000 34.000000 0.442851 -0.329617
854.000000 35.000000 0.203880 -0.308793
1229.000000 35.000000 0.640490 -0.352662
856.000000 36.000000 0.205801 -0.307867
923.000000 36.000000 0.273271 -0.312075
996.000000 36.000000 0.350536 -0.318267
925.000000 37.000000 0.275256 -0.311173
1035.000000 37.000000 0.393789 -0.321259
827.000000 38.000000 0.177276 -0.304389
852.000000 38.000000 0.201751 -0.305596
855.000000 38.000000 0.204708 -0.305753
918.000000 38.000000 0.267994 -0.309623
1031.000000 38.000000 0.389156 -0.319730
388.000000 39.000000 -0.241068 -0.306744
909.000000 39.000000 0.258732 -0.307956
830.000000 40.000000 0.180107 -0.302477
844.000000 40.000000 0.193789 -0.303138
1079.000000 40.000000 0.444454 -0.323230
288.000000 41.000000 -0.345110 -0.312371
825.000000 41.000000 0.175198 -0.301231
513.000000 42.000000 -0.119088 -0.298049
870.000000 43.000000 0.219284 -0.301415
88.000000 46.000000 -0.585922 -0.332878
856.000000 49.000000 0.205127 -0.294523
1080.000000 49.000000 0.444509 -0.313446
1023.000000 50.000000 0.378918 -0.305950
1225.000000 50.000000 0.632160 -0.334248
470.000000 51.000000 -0.159899 -0.290386
267.000000 52.000000 -0.367005 -0.302647
947.000000 54.000000 0.296780 -0.295050
1178.000000 54.000000 0.566985 -0.321747
1000.000000 56.000000 0.353008 -0.297349
525.000000 57.000000 -0.107321 -0.282639
755.000000 57.000000 0.107668 -0.282678
757.000000 57.000000 0.109557 -0.282729
1192.000000 57.000000 0.585330 -0.320557
527.000000 59.000000 -0.105386 -0.280592
950.000000 59.000000 0.299532 -0.290077
962.000000 61.000000 0.311945 -0.288909
1190.000000 61.000000 0.581980 -0.315649
422.000000 62.000000 -0.206043 -0.281325
852.000000 66.000000 0.200384 -0.277079
707.000000 71.000000 0.062391 -0.267855
862.000000 73.000000 0.209852 -0.270497
990.000000 73.000000 0.340730 -0.278659
700.000000 74.000000 0.055834 -0.264809
395.000000 77.000000 -0.231923 -0.267525
688.000000 77.000000 0.044649 -0.261730
392.000000 79.000000 -0.234797 -0.265666
688.000000 79.000000 0.044630 -0.259767
390.000000 80.000000 -0.236732 -0.264763
582.000000 80.000000 -0.053582 -0.258872
996.000000 85.000000 0.346206 -0.266702
1222.000000 85.000000 0.622177 -0.293255
1192.000000 86.000000 0.580859 -0.287599
1155.000000 87.000000 0.532060 -0.281319
1263.000000 87.000000 0.680449 -0.297443
1122.000000 88.000000 0.490448 -0.276045
1139.000000 88.000000 0.511599 -0.278145
1188.000000 88.000000 0.575198 -0.284774
1192.000000 88.000000 0.580568 -0.285351
1197.000000 88.000000 0.587320 -0.286080
1246.000000 88.000000 0.655696 -0.293576
1092.000000 89.000000 0.454077 -0.271523
1203.000000 89.000000 0.595330 -0.285836
1227.000000 89.000000 0.628564 -0.289461
1265.000000 89.000000 0.683048 -0.295439
1123.000000 90.000000 0.491439 -0.273996
1142.000000 90.000000 0.515125 -0.276337
1171.000000 90.000000 0.552402 -0.280159
1244.000000 90.000000 0.652515 -0.290959
1076.000000 91.000000 0.435058 -0.267697
1079.000000 91.000000 0.438557 -0.268007
1093.000000 91.000000 0.455047 -0.269494
1134.000000 91.000000 0.504959 -0.274246
1136.000000 91.000000 0.507460 -0.274493
1156.000000 91.000000 0.532816 -0.277044
1223.000000 91.000000 0.622653 -0.286569
1233.000000 91.000000 0.636711 -0.288101
1258.000000 91.000000 0.672538 -0.292010
1057.000000 92.000000 0.413072 -0.264753
1101.000000 92.000000 0.464480 -0.269302
1132.000000 92.000000 0.502343 -0.272913
1229.000000 92.000000 0.630915 -0.286345
1052.000000 93.000000 0.407293 -0.263228
1070.000000 93.000000 0.427895 -0.264972
1185.000000 93.000000 0.570481 -0.278760
1201.000000 93.000000 0.592020 -0.281039
1016.000000 94.000000 0.367154 -0.259016
1068.000000 94.000000 0.425487 -0.263717
1089.000000 94.000000 0.449988 -0.265865
1116.000000 94.000000 0.482389 -0.268850
1150.000000 94.000000 0.524756 -0.272975
1152.000000 94.000000 0.527306 -0.273231
1180.000000 94.000000 0.563702 -0.276953
1062.000000 95.000000 0.418495 -0.262078
1072.000000 95.000000 0.430009 -0.263058
1079.000000 95.000000 0.438145 -0.263764
1137.000000 95.000000 0.508219 -0.270262
1220.000000 95.000000 0.617867 -0.281576
1227.000000 95.000000 0.627649 -0.282625
1237.000000 95.000000 0.641763 -0.284144
1271.000000 95.000000 0.690886 -0.289422
585.000000 96.000000 -0.050635 -0.243229
1153.000000 96.000000 0.528327 -0.271167
1241.000000 96.000000 0.647300 -0.283612
1248.000000 96.000000 0.657317 -0.284687
1254.000000 96.000000 0.665962 -0.285615
172.000000 97.000000 -0.471512 -0.264514
1039.000000 97.000000 0.392303 -0.257864
1058.000000 97.000000 0.413736 -0.259597
1071.000000 97.000000 0.428654 -0.260849
1146.000000 97.000000 0.519301 -0.269193
1162.000000 97.000000 0.539761 -0.271228
1250.000000 97.000000 0.660039 -0.283848
165.000000 98.000000 -0.479862 -0.264220
979.000000 98.000000 0.327120 -0.252089
1106.000000 98.000000 0.469822 -0.263431
1165.000000 98.000000 0.543514 -0.270519
1167.000000 98.000000 0.546111 -0.270781
1188.000000 98.000000 0.573788 -0.273608
1263.000000 98.000000 0.678715 -0.284704
705.000000 99.000000 0.060180 -0.240441
1021.000000 99.000000 0.372215 -0.254260
1045.000000 99.000000 0.398846 -0.256314
1047.000000 99.000000 0.401095 -0.256493
1170.000000 99.000000 0.549887 -0.270073
1182.000000 99.000000 0.565668 -0.271676
1202.000000 99.000000 0.592519 -0.274451
1269.000000 99.000000 0.687329 -0.284476
1081.000000 100.000000 0.439974 -0.258677
1156.000000 100.000000 0.531657 -0.267170
1176.000000 100.000000 0.557613 -0.269764
1223.000000 100.000000 0.621307 -0.276360
1242.000000 100.000000 0.648118 -0.279193
1237.000000 101.000000 0.640856 -0.277302
587.000000 102.000000 -0.048729 -0.237395
1025.000000 102.000000 0.376362 -0.251490
1088.000000 102.000000 0.447978 -0.257270
1178.000000 102.000000 0.559979 -0.267821
1190.000000 102.000000 0.575913 -0.269435
1256.000000 102.000000 0.667933 -0.279026
1273.000000 102.000000 0.692739 -0.281622
59.000000 103.000000 -0.616786 -0.272360
63.000000 103.000000 -0.611255 -0.271788
698.000000 103.000000 0.053657 -0.236491
1234.000000 103.000000 0.636312 -0.274583
1254.000000 103.000000 0.664890 -0.277576
1262.000000 103.000000 0.676491 -0.278789
1070.000000 104.000000 0.426822 -0.253391
1108.000000 104.000000 0.471578 -0.257241
1140.000000 104.000000 0.510893 -0.260860
1144.000000 104.000000 0.515920 -0.261337
1162.000000 104.000000 0.538864 -0.263553
1180.000000 104.000000 0.562352 -0.265878
1212.000000 104.000000 0.605487 -0.270266
1232.000000 104.000000 0.633342 -0.273155
1251.000000 104.000000 0.660413 -0.275979
1026.000000 105.000000 0.377217 -0.248478
1066.000000 105.000000 0.422130 -0.251967
1079.000000 105.000000 0.437147 -0.253208
1081.000000 105.000000 0.439477 -0.253404
1094.000000 105.000000 0.454754 -0.254708
1120.000000 105.000000 0.486026 -0.257485
1127.000000 105.000000 0.494617 -0.258272
1173.000000 105.000000 0.553023 -0.263861
1209.000000 105.000000 0.601227 -0.268722
1214.000000 105.000000 0.608100 -0.269428
1256.000000 105.000000 0.667480 -0.275586
1023.000000 106.000000 0.373841 -0.247207
1107.000000 106.000000 0.470160 -0.255003
1110.000000 106.000000 0.473774 -0.255324
1077.000000 107.000000 0.434630 -0.250912
1090.000000 107.000000 0.449828 -0.252188
1175.000000 107.000000 0.555383 -0.261922
1204.000000 107.000000 0.594121 -0.265792
1225.000000 107.000000 0.623083 -0.268749
1247.000000 107.000000 0.654220 -0.271959
1026.000000 108.000000 0.376975 -0.245390
1112.000000 108.000000 0.475975 -0.253408
1120.000000 108.000000 0.485694 -0.254275
1158.000000 108.000000 0.533224 -0.258690
1179.000000 108.000000 0.560510 -0.261339
1223.000000 108.000000 0.620149 -0.267337
1267.000000 108.000000 0.683031 -0.273796
1274.000000 108.000000 0.693300 -0.274846
63.000000 109.000000 -0.610410 -0.265059
1065.000000 109.000000 0.420615 -0.247695
1151.000000 109.000000 0.524174 -0.256755
1219.000000 109.000000 0.614448 -0.265647
1253.000000 109.000000 0.662549 -0.270566
58.000000 110.000000 -0.617180 -0.264636
1099.000000 110.000000 0.460177 -0.249927
1131.000000 110.000000 0.498992 -0.253355
1137.000000 110.000000 0.506443 -0.254035
1086.000000 111.000000 0.444735 -0.247580
1120.000000 111.000000 0.485367 -0.251070
1153.000000 111.000000 0.526476 -0.254826
1200.000000 111.000000 0.588148 -0.260798
1245.000000 111.000000 0.650771 -0.267116
1108.000000 112.000000 0.470732 -0.248734
1131.000000 112.000000 0.498768 -0.251210
1138.000000 112.000000 0.507462 -0.251998
1147.000000 112.000000 0.518755 -0.253036
1057.000000 113.000000 0.411147 -0.242820
1088.000000 113.000000 0.446885 -0.245672
1202.000000 113.000000 0.590589 -0.258847
546.000000 114.000000 -0.086543 -0.226317
1098.000000 114.000000 0.458586 -0.245602
1120.000000 114.000000 0.485045 -0.247873
1141.000000 114.000000 0.510983 -0.250189
1156.000000 114.000000 0.529942 -0.251933
1160.000000 114.000000 0.535060 -0.252410
1180.000000 114.000000 0.561058 -0.254878
1218.000000 114.000000 0.612366 -0.259908
1260.000000 114.000000 0.671943 -0.265888
1129.000000 115.000000 0.495967 -0.247778
1172.000000 115.000000 0.550453 -0.252784
1192.000000 115.000000 0.576858 -0.255317
287.000000 116.000000 -0.340159 -0.234669
864.000000 116.000000 0.209952 -0.227934
977.000000 116.000000 0.323804 -0.233724
1029.000000 116.000000 0.379641 -0.237415
1094.000000 116.000000 0.453655 -0.243103
1137.000000 116.000000 0.505765 -0.247591
1139.000000 116.000000 0.508258 -0.247814
1158.000000 116.000000 0.532260 -0.250004
1195.000000 116.000000 0.580748 -0.254604
1204.000000 116.000000 0.592903 -0.255787
1220.000000 116.000000 0.614861 -0.257948
1223.000000 116.000000 0.619027 -0.258360
1251.000000 116.000000 0.658649 -0.262308
58.000000 117.000000 -0.616214 -0.256804
63.000000 117.000000 -0.609314 -0.256127
1033.000000 117.000000 0.383971 -0.236704
1175.000000 117.000000 0.554122 -0.250971
1177.000000 117.000000 0.556740 -0.251218
1179.000000 117.000000 0.559366 -0.251467
1185.000000 117.000000 0.567283 -0.252221
1262.000000 117.000000 0.674414 -0.262756
701.000000 118.000000 0.056277 -0.222072
1116.000000 118.000000 0.479763 -0.243202
1150.000000 118.000000 0.521851 -0.246911
1217.000000 118.000000 0.610438 -0.255307
63.000000 119.000000 -0.609046 -0.253901
535.000000 119.000000 -0.096679 -0.221683
1139.000000 119.000000 0.507924 -0.244598
1160.000000 119.000000 0.534466 -0.246992
1211.000000 119.000000 0.602052 -0.253390
1219.000000 119.000000 0.613067 -0.254463
1229.000000 119.000000 0.626992 -0.255827
1071.000000 120.000000 0.426503 -0.236785
1223.000000 120.000000 0.618480 -0.253889
1264.000000 120.000000 0.676894 -0.259624
1043.000000 121.000000 0.394746 -0.233394
1082.000000 121.000000 0.439124 -0.236735
1088.000000 121.000000 0.446124 -0.237289
1134.000000 121.000000 0.501492 -0.241914
1143.000000 121.000000 0.512701 -0.242898
1208.000000 121.000000 0.597687 -0.250776
1232.000000 121.000000 0.630927 -0.253998
1234.000000 121.000000 0.633742 -0.254273
277.000000 122.000000 -0.350410 -0.229283
1118.000000 122.000000 0.481776 -0.239170
1172.000000 122.000000 0.549602 -0.245162
1178.000000 122.000000 0.557437 -0.245886
1222.000000 122.000000 0.616821 -0.251523
275.000000 123.000000 -0.352484 -0.228409
1046.000000 123.000000 0.397934 -0.231581
1140.000000 123.000000 0.508732 -0.240429
1199.000000 123.000000 0.585227 -0.247406
1266.000000 123.000000 0.679383 -0.256491
1097.000000 124.000000 0.456430 -0.234997
1104.000000 124.000000 0.464740 -0.235667
1142.000000 124.000000 0.511120 -0.239578
1156.000000 124.000000 0.528780 -0.241135
1166.000000 124.000000 0.541594 -0.242285
1170.000000 124.000000 0.546767 -0.242755
1176.000000 124.000000 0.554578 -0.243468
1182.000000 124.000000 0.562451 -0.244193
1224.000000 124.000000 0.619332 -0.249563
1262.000000 124.000000 0.673415 -0.254790
64.000000 125.000000 -0.606882 -0.247111
277.000000 125.000000 -0.350207 -0.226252
1036.000000 125.000000 0.386664 -0.228750
1193.000000 125.000000 0.576923 -0.244454
1245.000000 125.000000 0.648789 -0.251292
1138.000000 126.000000 0.505918 -0.237012
1159.000000 126.000000 0.532379 -0.239322
1177.000000 126.000000 0.555646 -0.241414
1201.000000 126.000000 0.587544 -0.244359
1219.000000 126.000000 0.612134 -0.246677
1225.000000 126.000000 0.620458 -0.247468
1235.000000 126.000000 0.634470 -0.248807
1242.000000 126.000000 0.644379 -0.249757
1040.000000 127.000000 0.390940 -0.227013
1044.000000 127.000000 0.395386 -0.227323
1130.000000 127.000000 0.495921 -0.235107
1161.000000 127.000000 0.534823 -0.238472
1187.000000 127.000000 0.568692 -0.241528
1195.000000 127.000000 0.579350 -0.242510
1238.000000 127.000000 0.638571 -0.248092
1266.000000 127.000000 0.678821 -0.251942
1091.000000 128.000000 0.448994 -0.230260
1225.000000 128.000000 0.620194 -0.245243
1236.000000 129.000000 0.635477 -0.245586
1246.000000 129.000000 0.649670 -0.246931
1248.000000 129.000000 0.652528 -0.247202
866.000000 130.000000 0.211362 -0.214350
1088.000000 130.000000 0.445302 -0.227908
1112.000000 130.000000 0.473735 -0.230139
1165.000000 130.000000 0.539617 -0.235694
1182.000000 130.000000 0.561730 -0.237662
1037.000000 131.000000 0.387316 -0.222706
1098.000000 131.000000 0.456958 -0.227773
1142.000000 131.000000 0.510370 -0.232110
1163.000000 131.000000 0.536935 -0.234393
1178.000000 131.000000 0.556365 -0.236107
1188.000000 131.000000 0.569535 -0.237289
1242.000000 131.000000 0.643704 -0.244149
1244.000000 131.000000 0.646549 -0.244417
1092.000000 132.000000 0.449805 -0.226187
1107.000000 132.000000 0.467555 -0.227565
1130.000000 132.000000 0.495409 -0.229810
1185.000000 132.000000 0.565447 -0.235844
1232.000000 132.000000 0.629452 -0.241711
1250.000000 132.000000 0.654987 -0.244100
1265.000000 133.000000 0.676536 -0.245002
1172.000000 134.000000 0.548205 -0.232176
1190.000000 134.000000 0.571832 -0.234261
1196.000000 134.000000 0.579834 -0.234978
1215.000000 134.000000 0.605597 -0.237314
1263.000000 134.000000 0.673489 -0.243600
867.000000 135.000000 0.212150 -0.209532
1082.000000 135.000000 0.437886 -0.222201
1104.000000 135.000000 0.463702 -0.224150
1244.000000 135.000000 0.646017 -0.239939
1140.000000 136.000000 0.507360 -0.226591
1145.000000 136.000000 0.513595 -0.227106
1270.000000 136.000000 0.683433 -0.242283
1167.000000 137.000000 0.541409 -0.228390
1187.000000 137.000000 0.567504 -0.230651
1201.000000 137.000000 0.586189 -0.232303
1218.000000 137.000000 0.609347 -0.234383
1254.000000 137.000000 0.660067 -0.239017
1108.000000 138.000000 0.468191 -0.221387
1153.000000 138.000000 0.523445 -0.225814
1238.000000 138.000000 0.637120 -0.235811
281.000000 139.000000 -0.345039 -0.211930
1138.000000 139.000000 0.504574 -0.223212
1150.000000 139.000000 0.519557 -0.224436
1178.000000 139.000000 0.555450 -0.227461
1186.000000 139.000000 0.565952 -0.228368
1190.000000 139.000000 0.571246 -0.228829
1141.000000 140.000000 0.508197 -0.222456
1216.000000 140.000000 0.606226 -0.230835
1240.000000 140.000000 0.639691 -0.233842
1172.000000 141.000000 0.547426 -0.224644
1208.000000 141.000000 0.595179 -0.228770
1218.000000 141.000000 0.608853 -0.229980
1119.000000 142.000000 0.481034 -0.218223
1168.000000 142.000000 0.542152 -0.223138
1235.000000 142.000000 0.632383 -0.230986
1152.000000 143.000000 0.521664 -0.220391
1194.000000 143.000000 0.576105 -0.224951
1126.000000 144.000000 0.489343 -0.216783
1173.000000 144.000000 0.548395 -0.221534
1235.000000 144.000000 0.632133 -0.228770
1275.000000 144.000000 0.689708 -0.233896
1117.000000 145.000000 0.478344 -0.214904
1139.000000 145.000000 0.505220 -0.216977
1147.000000 145.000000 0.515181 -0.217766
1184.000000 145.000000 0.562642 -0.221662
1195.000000 145.000000 0.577210 -0.222897
1259.000000 145.000000 0.666238 -0.230695
778.000000 146.000000 0.127245 -0.196496
1111.000000 146.000000 0.471053 -0.213322
1125.000000 146.000000 0.487938 -0.214594
1137.000000 146.000000 0.502649 -0.215730
1142.000000 146.000000 0.508845 -0.216215
1193.000000 146.000000 0.574432 -0.221588
1173.000000 147.000000 0.548073 -0.218319
1212.000000 147.000000 0.599913 -0.222687
1216.000000 147.000000 0.605384 -0.223158
1228.000000 147.000000 0.621968 -0.224596
64.000000 148.000000 -0.604044 -0.221814
1273.000000 148.000000 0.686251 -0.229122
1276.000000 148.000000 0.690660 -0.229508
1223.000000 149.000000 0.614788 -0.221797
1238.000000 149.000000 0.635739 -0.223607
1241.000000 149.000000 0.639977 -0.223975
1149.000000 150.000000 0.517192 -0.212678
1164.000000 150.000000 0.536180 -0.214179
1169.000000 150.000000 0.542594 -0.214693
1205.000000 150.000000 0.590064 -0.218610
1225.000000 150.000000 0.617439 -0.220937
1228.000000 150.000000 0.621607 -0.221295
63.000000 151.000000 -0.605063 -0.218655
65.000000 151.000000 -0.602332 -0.218425
1167.000000 151.000000 0.539921 -0.213421
1265.000000 151.000000 0.674179 -0.224735
701.000000 152.000000 0.055964 -0.189730
1131.000000 152.000000 0.494706 -0.208870
1162.000000 152.000000 0.533425 -0.211850
1217.000000 152.000000 0.606170 -0.217809
1223.000000 152.000000 0.614433 -0.218508
1229.000000 152.000000 0.622762 -0.219215
1255.000000 152.000000 0.659585 -0.222370
1273.000000 152.000000 0.685742 -0.224620
1151.000000 153.000000 0.519409 -0.209705
1153.000000 153.000000 0.521924 -0.209900
1160.000000 153.000000 0.530779 -0.210589
1168.000000 153.000000 0.541000 -0.211394
1207.000000 153.000000 0.592429 -0.215578
1203.000000 154.000000 0.586918 -0.214047
1223.000000 154.000000 0.614200 -0.216318
702.000000 155.000000 0.056856 -0.186910
1081.000000 155.000000 0.435109 -0.201563
1136.000000 155.000000 0.500569 -0.206189
1138.000000 155.000000 0.503035 -0.206373
1157.000000 155.000000 0.526778 -0.208176
1181.000000 155.000000 0.557634 -0.210601
409.000000 156.000000 -0.214915 -0.189350
1123.000000 156.000000 0.484608 -0.203980
1177.000000 156.000000 0.552319 -0.209118
1186.000000 156.000000 0.564083 -0.210054
1204.000000 156.000000 0.588043 -0.211992
1238.000000 156.000000 0.634897 -0.215880
1271.000000 156.000000 0.682311 -0.219879
1132.000000 157.000000 0.495477 -0.203736
1159.000000 157.000000 0.529116 -0.206256
1193.000000 157.000000 0.573225 -0.209722
1230.000000 157.000000 0.623569 -0.213844
1246.000000 157.000000 0.646102 -0.215726
1135.000000 158.000000 0.499067 -0.202961
1147.000000 158.000000 0.513926 -0.204060
1192.000000 159.000000 0.571687 -0.207466
1215.000000 159.000000 0.602637 -0.209957
1225.000000 159.000000 0.616392 -0.211081
1246.000000 159.000000 0.645865 -0.213516
1115.000000 160.000000 0.474633 -0.199148
1132.000000 160.000000 0.495210 -0.200607
1136.000000 160.000000 0.500117 -0.200962
1186.000000 160.000000 0.563667 -0.205770
1222.000000 160.000000 0.612134 -0.209651
183.000000 161.000000 -0.452479 -0.196521
729.000000 161.000000 0.081600 -0.181531
1173.000000 161.000000 0.546635 -0.203391
1190.000000 161.000000 0.568833 -0.205112
1205.000000 161.000000 0.588847 -0.206696
1215.000000 161.000000 0.602416 -0.207785
1219.000000 161.000000 0.607894 -0.208227
1238.000000 161.000000 0.634313 -0.210378
1251.000000 161.000000 0.652760 -0.211894
1272.000000 161.000000 0.683165 -0.214402
1118.000000 162.000000 0.478065 -0.197330
1125.000000 162.000000 0.486513 -0.197920
1196.000000 162.000000 0.576685 -0.204664
173.000000 163.000000 -0.464077 -0.195254
180.000000 163.000000 -0.455835 -0.194704
710.000000 163.000000 0.064123 -0.179453
1225.000000 163.000000 0.615942 -0.206716
1167.000000 164.000000 0.538631 -0.199627
1175.000000 164.000000 0.548924 -0.200402
1243.000000 164.000000 0.641026 -0.207655
1119.000000 165.000000 0.479018 -0.194311
1249.000000 165.000000 0.649437 -0.207242
58.000000 166.000000 -0.610236 -0.202890
89.000000 166.000000 -0.568557 -0.199660
1139.000000 166.000000 0.503281 -0.194968
1148.000000 166.000000 0.514442 -0.195763
1151.000000 166.000000 0.518191 -0.196033
1193.000000 166.000000 0.572288 -0.200066
1229.000000 166.000000 0.621158 -0.203888
1236.000000 166.000000 0.630934 -0.204667
1255.000000 166.000000 0.657909 -0.206830
1268.000000 166.000000 0.676723 -0.208345
1185.000000 167.000000 0.561647 -0.198196
1207.000000 167.000000 0.590907 -0.200437
1212.000000 167.000000 0.597680 -0.200963
1243.000000 167.000000 0.640685 -0.204357
1245.000000 167.000000 0.643519 -0.204583
1249.000000 167.000000 0.649208 -0.205038
1276.000000 167.000000 0.688319 -0.208170
1146.000000 168.000000 0.511773 -0.193494
1191.000000 168.000000 0.569441 -0.197726
1219.000000 168.000000 0.607131 -0.200626
711.000000 169.000000 0.064986 -0.173832
1217.000000 169.000000 0.604285 -0.199330
1164.000000 170.000000 0.534240 -0.193016
1173.000000 170.000000 0.545766 -0.193853
1220.000000 170.000000 0.608290 -0.198566
1241.000000 170.000000 0.637523 -0.200843
1121.000000 171.000000 0.480937 -0.188281
1136.000000 171.000000 0.499164 -0.189511
1180.000000 171.000000 0.554731 -0.193458
1198.000000 171.000000 0.578427 -0.195219
1215.000000 171.000000 0.601343 -0.196958
63.000000 172.000000 -0.602766 -0.195869
1192.000000 172.000000 0.570365 -0.193556
1203.000000 172.000000 0.585011 -0.194650
1118.000000 173.000000 0.477175 -0.185984
1165.000000 173.000000 0.535240 -0.189951
1171.000000 173.000000 0.542914 -0.190499
1200.000000 173.000000 0.580895 -0.193278
1225.000000 173.000000 0.614858 -0.195843
58.000000 174.000000 -0.609390 -0.194226
1168.000000 174.000000 0.538978 -0.189171
1173.000000 174.000000 0.545393 -0.189628
1186.000000 174.000000 0.562277 -0.190847
1127.000000 175.000000 0.487864 -0.184635
1152.000000 175.000000 0.518649 -0.186708
1272.000000 175.000000 0.681530 -0.198794
1145.000000 176.000000 0.509844 -0.185071
1155.000000 176.000000 0.522324 -0.185922
1223.000000 176.000000 0.611786 -0.192385
1276.000000 176.000000 0.687283 -0.198132
62.000000 177.000000 -0.603618 -0.190580
1132.000000 177.000000 0.493781 -0.182969
1161.000000 177.000000 0.529804 -0.185397
1166.000000 177.000000 0.536155 -0.185838
1210.000000 177.000000 0.593939 -0.189987
1136.000000 178.000000 0.498588 -0.182257
1139.000000 178.000000 0.502270 -0.182500
1172.000000 178.000000 0.543743 -0.185322
1239.000000 178.000000 0.633841 -0.191885
1107.000000 179.000000 0.463631 -0.179003
1202.000000 179.000000 0.582980 -0.187059
1219.000000 179.000000 0.605988 -0.188738
1274.000000 179.000000 0.684013 -0.194575
1152.000000 180.000000 0.518224 -0.181495
1200.000000 180.000000 0.580212 -0.185799
1228.000000 180.000000 0.618281 -0.188570
1114.000000 181.000000 0.471787 -0.177473
1154.000000 181.000000 0.520644 -0.180621
1176.000000 181.000000 0.548626 -0.182521
1241.000000 181.000000 0.636341 -0.188826
1244.000000 181.000000 0.640576 -0.189139
1132.000000 182.000000 0.493386 -0.177810
1146.000000 182.000000 0.510589 -0.178922
1194.000000 182.000000 0.572053 -0.183104
1217.000000 182.000000 0.602955 -0.185309
1226.000000 182.000000 0.615312 -0.186205
1232.000000 182.000000 0.623633 -0.186812
1269.000000 182.000000 0.676376 -0.190705
1274.000000 182.000000 0.683685 -0.191247
552.000000 183.000000 -0.080136 -0.160890
1108.000000 183.000000 0.464523 -0.174995
1169.000000 183.000000 0.539459 -0.179806
1228.000000 183.000000 0.617977 -0.185325
1248.000000 183.000000 0.646038 -0.187373
1256.000000 183.000000 0.657464 -0.188213
1184.000000 184.000000 0.558737 -0.180073
1204.000000 184.000000 0.585180 -0.181913
1242.000000 184.000000 0.637441 -0.185662
1253.000000 184.000000 0.653061 -0.186801
1190.000000 185.000000 0.566503 -0.179556
1202.000000 185.000000 0.582409 -0.180659
1270.000000 185.000000 0.677513 -0.187496
1079.000000 186.000000 0.430640 -0.169998
1084.000000 186.000000 0.436365 -0.170319
1183.000000 186.000000 0.557256 -0.177874
1193.000000 186.000000 0.570364 -0.178769
1217.000000 186.000000 0.602565 -0.181012
1234.000000 186.000000 0.626017 -0.182680
1244.000000 186.000000 0.640060 -0.183689
1195.000000 187.000000 0.572917 -0.177890
1215.000000 187.000000 0.599746 -0.179749
1229.000000 187.000000 0.618965 -0.181103
1232.000000 187.000000 0.623131 -0.181399
1259.000000 187.000000 0.661358 -0.184138
1262.000000 187.000000 0.665686 -0.184450
1272.000000 187.000000 0.680222 -0.185499
1192.000000 188.000000 0.568866 -0.176561
1256.000000 188.000000 0.656943 -0.182732
1267.000000 188.000000 0.672828 -0.183871
1077.000000 189.000000 0.428171 -0.166857
1082.000000 189.000000 0.433880 -0.167171
1136.000000 189.000000 0.497730 -0.170906
1142.000000 189.000000 0.505093 -0.171363
1179.000000 189.000000 0.551803 -0.174369
1205.000000 189.000000 0.586055 -0.176677
1226.000000 189.000000 0.614622 -0.178655
1228.000000 189.000000 0.617385 -0.178849
1239.000000 189.000000 0.632715 -0.179927
1244.000000 189.000000 0.639757 -0.180425
1250.000000 189.000000 0.648266 -0.181028
1139.000000 190.000000 0.501328 -0.170103
1150.000000 190.000000 0.514920 -0.170949
1215.000000 190.000000 0.599463 -0.176537
1267.000000 190.000000 0.672621 -0.181669
1079.000000 191.000000 0.430326 -0.164974
1240.000000 191.000000 0.633922 -0.177857
1056.000000 192.000000 0.404362 -0.162613
1211.000000 192.000000 0.593857 -0.174030
1222.000000 192.000000 0.608833 -0.175050
1227.000000 192.000000 0.615715 -0.175522
1252.000000 192.000000 0.650816 -0.177957
292.000000 193.000000 -0.330637 -0.158151
1141.000000 193.000000 0.503559 -0.167164
1181.000000 193.000000 0.554054 -0.170338
1195.000000 193.000000 0.572383 -0.171537
1200.000000 193.000000 0.579015 -0.171977
1250.000000 193.000000 0.647867 -0.176669
1270.000000 193.000000 0.676680 -0.178674
1210.000000 194.000000 0.592325 -0.171807
1212.000000 194.000000 0.595027 -0.171988
1220.000000 194.000000 0.605908 -0.172720
1228.000000 194.000000 0.616908 -0.173465
288.000000 195.000000 -0.334721 -0.156381
1053.000000 195.000000 0.400863 -0.159465
1142.000000 195.000000 0.504640 -0.165179
1152.000000 196.000000 0.516949 -0.164896
1207.000000 196.000000 0.588108 -0.169412
1213.000000 196.000000 0.596200 -0.169946
1145.000000 197.000000 0.508190 -0.163341
1148.000000 197.000000 0.511902 -0.163563
1187.000000 197.000000 0.561529 -0.166638
1195.000000 197.000000 0.572038 -0.167312
1216.000000 197.000000 0.600180 -0.169149
1229.000000 198.000000 0.617919 -0.169259
1236.000000 198.000000 0.627649 -0.169907
1154.000000 199.000000 0.519219 -0.161946
1186.000000 200.000000 0.559976 -0.163405
1214.000000 200.000000 0.597200 -0.165774
1216.000000 200.000000 0.599914 -0.165949
549.000000 201.000000 -0.082712 -0.144182
1208.000000 201.000000 0.589016 -0.164191
1170.000000 202.000000 0.539185 -0.160049
1206.000000 202.000000 0.586247 -0.162960
1243.000000 202.000000 0.637096 -0.166239
1268.000000 202.000000 0.672879 -0.168594
1274.000000 202.000000 0.681630 -0.169172
552.000000 203.000000 -0.079948 -0.142301
554.000000 203.000000 -0.078118 -0.142284
1215.000000 203.000000 0.598295 -0.162668
1152.000000 204.000000 0.516358 -0.156641
1163.000000 205.000000 0.530075 -0.156409
1169.000000 205.000000 0.537682 -0.156856
1190.000000 205.000000 0.564801 -0.158481
1211.000000 205.000000 0.592714 -0.160203
1238.000000 205.000000 0.629805 -0.162550
1275.000000 205.000000 0.682806 -0.165972
1156.000000 206.000000 0.521205 -0.154867
1182.000000 206.000000 0.554301 -0.156806
1058.000000 207.000000 0.405773 -0.147842
1200.000000 207.000000 0.577830 -0.157181
1204.000000 207.000000 0.583156 -0.157506
1235.000000 207.000000 0.625439 -0.160134
1266.000000 207.000000 0.669504 -0.162937
1174.000000 208.000000 0.543843 -0.154114
1197.000000 208.000000 0.573775 -0.155888
1202.000000 208.000000 0.580408 -0.156288
1208.000000 208.000000 0.588429 -0.156776
269.000000 209.000000 -0.354104 -0.143590
986.000000 209.000000 0.328400 -0.142635
1161.000000 209.000000 0.527264 -0.152129
1217.000000 209.000000 0.600502 -0.156459
1230.000000 209.000000 0.618325 -0.157557
1263.000000 210.000000 0.664890 -0.159391
989.000000 211.000000 0.331441 -0.140820
1186.000000 211.000000 0.559112 -0.151890
1252.000000 212.000000 0.648941 -0.156240
1273.000000 212.000000 0.679231 -0.158114
1232.000000 213.000000 0.620756 -0.153449
1234.000000 213.000000 0.623532 -0.153617
1236.000000 213.000000 0.626316 -0.153785
1267.000000 213.000000 0.670408 -0.156482
1183.000000 214.000000 0.554992 -0.148537
1207.000000 214.000000 0.586607 -0.150360
1218.000000 214.000000 0.601452 -0.151234
1183.000000 216.000000 0.554847 -0.146455
1198.000000 216.000000 0.574476 -0.147564
1140.000000 217.000000 0.500679 -0.142511
1186.000000 217.000000 0.558667 -0.145631
1191.000000 217.000000 0.565191 -0.145996
1250.000000 217.000000 0.645668 -0.150669
1257.000000 217.000000 0.655647 -0.151264
1189.000000 218.000000 0.562504 -0.144806
1207.000000 218.000000 0.586298 -0.146145
1230.000000 218.000000 0.617577 -0.147947
1276.000000 218.000000 0.683086 -0.151819
1168.000000 219.000000 0.535411 -0.142294
1201.000000 219.000000 0.578226 -0.144642
1214.000000 219.000000 0.595636 -0.145626
925.000000 220.000000 0.266192 -0.130075
1147.000000 220.000000 0.509084 -0.139893
1156.000000 220.000000 0.520248 -0.140469
1258.000000 220.000000 0.656825 -0.148103
1159.000000 221.000000 0.523934 -0.139638
1191.000000 221.000000 0.564902 -0.141821
1246.000000 221.000000 0.639676 -0.146033
920.000000 222.000000 0.261189 -0.128043
925.000000 222.000000 0.266136 -0.128180
1151.000000 222.000000 0.513903 -0.138101
1162.000000 222.000000 0.527634 -0.138806
927.000000 223.000000 0.268091 -0.127289
1076.000000 223.000000 0.425150 -0.132912
1173.000000 223.000000 0.541503 -0.138501
1185.000000 224.000000 0.556875 -0.138278
1202.000000 224.000000 0.579187 -0.139473
1228.000000 224.000000 0.614347 -0.141405
1260.000000 224.000000 0.659364 -0.143943
1275.000000 224.000000 0.681110 -0.145183
1187.000000 225.000000 0.559404 -0.137376
1197.000000 225.000000 0.572499 -0.138071
1164.000000 226.000000 0.529894 -0.134825
1184.000000 226.000000 0.555443 -0.136134
1190.000000 226.000000 0.563245 -0.136542
1202.000000 226.000000 0.579045 -0.137378
1216.000000 226.000000 0.597814 -0.138388
1260.000000 226.000000 0.659201 -0.141781
1268.000000 226.000000 0.670748 -0.142430
1276.000000 226.000000 0.682407 -0.143085
145.000000 227.000000 -0.493156 -0.131942
1210.000000 227.000000 0.589653 -0.136899
1251.000000 227.000000 0.646271 -0.139988
1164.000000 228.000000 0.529768 -0.132771
1192.000000 228.000000 0.565723 -0.134597
1265.000000 228.000000 0.666243 -0.140020
1244.000000 229.000000 0.636227 -0.137301
1166.000000 230.000000 0.532166 -0.130842
79.000000 231.000000 -0.576287 -0.131945
81.000000 231.000000 -0.573650 -0.131811
1269.000000 231.000000 0.671799 -0.137087
932.000000 232.000000 0.272813 -0.118908
1226.000000 232.000000 0.611005 -0.132775
1196.000000 233.000000 0.570637 -0.129659
1199.000000 233.000000 0.574591 -0.129858
1238.000000 233.000000 0.627527 -0.132583
1161.000000 234.000000 0.525633 -0.126440
1207.000000 234.000000 0.585150 -0.129349
1169.000000 235.000000 0.535656 -0.125892
1176.000000 235.000000 0.544567 -0.126316
1210.000000 235.000000 0.589097 -0.128503
1212.000000 235.000000 0.591783 -0.128638
1181.000000 236.000000 0.550923 -0.125592
1185.000000 236.000000 0.556088 -0.125841
1215.000000 236.000000 0.595757 -0.127791
1259.000000 236.000000 0.656992 -0.130922
1167.000000 237.000000 0.533007 -0.123721
1271.000000 237.000000 0.674243 -0.130740
1187.000000 238.000000 0.558557 -0.123896
1175.000000 239.000000 0.543048 -0.122140
1257.000000 239.000000 0.653910 -0.127550
1134.000000 240.000000 0.492066 -0.118853
1178.000000 240.000000 0.546827 -0.121288
1188.000000 240.000000 0.559734 -0.121888
1226.000000 240.000000 0.610449 -0.124322
1237.000000 240.000000 0.625637 -0.125070
1263.000000 240.000000 0.662444 -0.126909
1266.000000 240.000000 0.666772 -0.127127
1221.000000 241.000000 0.603556 -0.122935
1251.000000 241.000000 0.645228 -0.124979
1259.000000 241.000000 0.656628 -0.125546
798.000000 242.000000 0.144307 -0.107058
1228.000000 243.000000 0.612994 -0.121289
1244.000000 243.000000 0.635215 -0.122361
1238.000000 244.000000 0.626758 -0.120893
1241.000000 244.000000 0.630944 -0.121094
1268.000000 244.000000 0.669379 -0.122955
796.000000 245.000000 0.142414 -0.104270
1197.000000 245.000000 0.571198 -0.117250
1266.000000 245.000000 0.666415 -0.121737
1157.000000 246.000000 0.519966 -0.113976
1208.000000 246.000000 0.585715 -0.116873
1229.000000 246.000000 0.614173 -0.118188
1247.000000 246.000000 0.639232 -0.119368
799.000000 247.000000 0.145176 -0.102464
924.000000 247.000000 0.264519 -0.104573
929.000000 247.000000 0.269465 -0.104686
1096.000000 247.000000 0.446882 -0.110067
1234.000000 247.000000 0.621007 -0.117453
1238.000000 247.000000 0.626560 -0.117712
927.000000 248.000000 0.267462 -0.103700
1211.000000 248.000000 0.589608 -0.114968
1161.000000 249.000000 0.524801 -0.111132
1177.000000 249.000000 0.545036 -0.111982
926.000000 250.000000 0.266428 -0.101798
1092.000000 250.000000 0.442156 -0.106932
1178.000000 251.000000 0.546207 -0.109984
1216.000000 251.000000 0.596154 -0.112132
1225.000000 251.000000 0.608377 -0.112673
1233.000000 251.000000 0.619371 -0.113164
1236.000000 251.000000 0.623526 -0.113350
914.000000 252.000000 0.254570 -0.099666
1184.000000 252.000000 0.553865 -0.109280
751.000000 253.000000 0.100879 -0.096498
1250.000000 253.000000 0.643012 -0.112106
1260.000000 253.000000 0.657247 -0.112743
729.000000 254.000000 0.080782 -0.095435
748.000000 254.000000 0.098127 -0.095561
1203.000000 254.000000 0.578598 -0.108257
1214.000000 254.000000 0.593283 -0.108880
1232.000000 254.000000 0.617808 -0.109938
1227.000000 255.000000 0.610874 -0.108589
1251.000000 255.000000 0.644302 -0.110039
1216.000000 257.000000 0.595807 -0.105861
1229.000000 257.000000 0.613501 -0.106603
1258.000000 257.000000 0.654133 -0.108338
1118.000000 258.000000 0.472102 -0.100069
1214.000000 258.000000 0.593058 -0.104706
1234.000000 258.000000 0.620334 -0.105840
1246.000000 258.000000 0.637066 -0.106546
1262.000000 258.000000 0.659801 -0.107515
1112.000000 259.000000 0.464994 -0.098829
1177.000000 259.000000 0.544517 -0.101737
1218.000000 259.000000 0.598396 -0.103884
1236.000000 259.000000 0.623045 -0.104901
1251.000000 259.000000 0.644059 -0.105781
1276.000000 259.000000 0.680021 -0.107306
1221.000000 260.000000 0.602406 -0.103004
1232.000000 261.000000 0.617401 -0.102567
1237.000000 261.000000 0.624318 -0.102849
1241.000000 261.000000 0.629887 -0.103076
1257.000000 261.000000 0.652465 -0.104007
1266.000000 261.000000 0.665377 -0.104543
1192.000000 262.000000 0.563720 -0.099403
1205.000000 262.000000 0.580819 -0.100065
1226.000000 263.000000 0.609054 -0.100136
1223.000000 264.000000 0.604908 -0.098928
1238.000000 264.000000 0.625539 -0.099740
1261.000000 265.000000 0.657951 -0.099970
1100.000000 266.000000 0.450752 -0.091441
1225.000000 266.000000 0.607529 -0.096940
1239.000000 266.000000 0.626821 -0.097685
1259.000000 266.000000 0.655032 -0.098789
1276.000000 267.000000 0.679543 -0.098684
1242.000000 268.000000 0.630896 -0.095735
1196.000000 269.000000 0.568607 -0.092387
1248.000000 269.000000 0.639259 -0.094998
1267.000000 269.000000 0.666359 -0.096030
1218.000000 270.000000 0.597822 -0.092408
1270.000000 271.000000 0.670590 -0.094052
1198.000000 272.000000 0.571091 -0.089389
1218.000000 272.000000 0.597724 -0.090325
1226.000000 272.000000 0.608590 -0.090714
918.000000 273.000000 0.258104 -0.080107
1253.000000 273.000000 0.646114 -0.091019
1274.000000 273.000000 0.676294 -0.092121
1126.000000 274.000000 0.480980 -0.084442
1234.000000 274.000000 0.619478 -0.089010
1245.000000 274.000000 0.634785 -0.089554
1261.000000 274.000000 0.657462 -0.090368
1214.000000 275.000000 0.592197 -0.087018
1184.000000 276.000000 0.552716 -0.084672
1227.000000 276.000000 0.609764 -0.086580
1258.000000 276.000000 0.653071 -0.088087
1273.000000 276.000000 0.674681 -0.088850
1220.000000 277.000000 0.600194 -0.085213
1230.000000 277.000000 0.613827 -0.085674
1233.000000 277.000000 0.617955 -0.085815
620.000000 278.000000 -0.017904 -0.073372
624.000000 280.000000 -0.014292 -0.071556
1215.000000 280.000000 0.593317 -0.081873
1275.000000 280.000000 0.677392 -0.084660
1175.000000 281.000000 0.541006 -0.079215
1234.000000 281.000000 0.619150 -0.081668
1243.000000 281.000000 0.631650 -0.082075
932.000000 282.000000 0.271756 -0.071930
1271.000000 282.000000 0.671478 -0.082323
1274.000000 282.000000 0.675838 -0.082467
934.000000 283.000000 0.273722 -0.071027
1103.000000 283.000000 0.453666 -0.074782
1262.000000 284.000000 0.658407 -0.079769
233.000000 285.000000 -0.390173 -0.071306
574.000000 285.000000 -0.059463 -0.067120
1232.000000 285.000000 0.616220 -0.077392
1236.000000 285.000000 0.621739 -0.077562
1239.000000 285.000000 0.625898 -0.077691
1259.000000 285.000000 0.654070 -0.078570
1140.000000 286.000000 0.497401 -0.072947
1210.000000 286.000000 0.586375 -0.075452
1250.000000 286.000000 0.641254 -0.077114
1221.000000 287.000000 0.601120 -0.074853
1246.000000 287.000000 0.635585 -0.075887
234.000000 288.000000 -0.389017 -0.068393
1250.000000 288.000000 0.641168 -0.075001
1255.000000 289.000000 0.648201 -0.074155
99.000000 290.000000 -0.547357 -0.070213
574.000000 290.000000 -0.059448 -0.062588
1217.000000 290.000000 0.595601 -0.071582
1261.000000 290.000000 0.656712 -0.073348
86.000000 292.000000 -0.564028 -0.068619
568.000000 292.000000 -0.064877 -0.060793
935.000000 292.000000 0.274579 -0.062634
1184.000000 292.000000 0.552112 -0.068343
1266.000000 292.000000 0.663807 -0.071429
1182.000000 293.000000 0.549511 -0.067258
1269.000000 293.000000 0.668095 -0.070486
1276.000000 293.000000 0.678262 -0.070774
1253.000000 294.000000 0.645163 -0.068786
1228.000000 295.000000 0.610341 -0.066795
1232.000000 296.000000 0.615788 -0.065897
206.000000 297.000000 -0.419650 -0.060312
1060.000000 297.000000 0.404740 -0.060051
1220.000000 297.000000 0.599394 -0.064434
1186.000000 298.000000 0.554492 -0.062295
1205.000000 298.000000 0.579300 -0.062898
1217.000000 299.000000 0.595280 -0.062260
1221.000000 299.000000 0.600679 -0.062393
1272.000000 299.000000 0.672206 -0.064204
1131.000000 301.000000 0.486135 -0.057751
1272.000000 301.000000 0.672133 -0.062070
1190.000000 302.000000 0.559539 -0.058337
1183.000000 303.000000 0.550488 -0.057117
1124.000000 304.000000 0.477723 -0.054611
739.000000 305.000000 0.089645 -0.049107
917.000000 305.000000 0.256690 -0.050312
1262.000000 306.000000 0.657547 -0.056411
1271.000000 306.000000 0.670510 -0.056706
1204.000000 307.000000 0.577706 -0.053618
1229.000000 307.000000 0.611312 -0.054336
1171.000000 308.000000 0.535094 -0.051734
1187.000000 308.000000 0.555496 -0.052140
1185.000000 309.000000 0.552896 -0.051071
1276.000000 309.000000 0.677680 -0.053667
1238.000000 310.000000 0.623616 -0.051470
185.000000 311.000000 -0.443094 -0.047102
1240.000000 311.000000 0.626362 -0.050481
1251.000000 312.000000 0.641732 -0.049741
1259.000000 312.000000 0.653077 -0.049969
1231.000000 313.000000 0.613884 -0.048149
937.000000 314.000000 0.276303 -0.042143
1239.000000 314.000000 0.624893 -0.047317
431.000000 315.000000 -0.190969 -0.040528
949.000000 316.000000 0.288231 -0.040391
1186.000000 316.000000 0.554017 -0.043980
1216.000000 316.000000 0.593453 -0.044664
439.000000 317.000000 -0.183428 -0.038650
928.000000 317.000000 0.267380 -0.039270
937.000000 317.000000 0.276276 -0.039349
1214.000000 317.000000 0.590748 -0.043586
1262.000000 318.000000 0.657201 -0.043704
13.000000 319.000000 -0.662962 -0.042716
1134.000000 319.000000 0.489351 -0.039953
1136.000000 319.000000 0.491755 -0.039988
926.000000 320.000000 0.265386 -0.036467
1215.000000 321.000000 0.591999 -0.039485
1240.000000 321.000000 0.626110 -0.040027
1256.000000 321.000000 0.648576 -0.040391
1268.000000 323.000000 0.665703 -0.038549
1247.000000 324.000000 0.635812 -0.037038
1251.000000 324.000000 0.641436 -0.037122
1257.000000 324.000000 0.649930 -0.037250
1156.000000 325.000000 0.516033 -0.034340
24.000000 326.000000 -0.647139 -0.035078
1212.000000 326.000000 0.587889 -0.034277
1234.000000 326.000000 0.617710 -0.034688
1250.000000 327.000000 0.639967 -0.033951
1144.000000 328.000000 0.501288 -0.031167
1191.000000 329.000000 0.560229 -0.030855
1264.000000 329.000000 0.659825 -0.032109
1267.000000 329.000000 0.664137 -0.032165
1172.000000 330.000000 0.535927 -0.029559
1211.000000 330.000000 0.586488 -0.030147
1269.000000 330.000000 0.667003 -0.031141
1115.000000 331.000000 0.466651 -0.027833
78.000000 332.000000 -0.573488 -0.027932
1167.000000 332.000000 0.529613 -0.027477
1217.000000 332.000000 0.594485 -0.028182
1219.000000 332.000000 0.597176 -0.028212
1255.000000 333.000000 0.646923 -0.027732
71.000000 334.000000 -0.582681 -0.025983
1175.000000 334.000000 0.539666 -0.025565
1262.000000 334.000000 0.656874 -0.026788
1192.000000 335.000000 0.561441 -0.024764
1222.000000 336.000000 0.601170 -0.024124
817.000000 338.000000 0.161241 -0.019396
1201.000000 338.000000 0.573150 -0.021813
1224.000000 339.000000 0.603843 -0.021048
1272.000000 339.000000 0.671204 -0.021633
193.000000 340.000000 -0.433636 -0.018767
320.000000 340.000000 -0.298653 -0.018042
333.000000 340.000000 -0.285638 -0.017986
343.000000 340.000000 -0.275707 -0.017944
1276.000000 340.000000 0.677003 -0.020620
324.000000 341.000000 -0.294631 -0.017091
814.000000 341.000000 0.158444 -0.016658
1206.000000 342.000000 0.579699 -0.017772
1208.000000 342.000000 0.582347 -0.017791
1217.000000 342.000000 0.594361 -0.017877
182.000000 343.000000 -0.446135 -0.015921
320.000000 343.000000 -0.298640 -0.015239
818.000000 343.000000 0.162160 -0.014845
1156.000000 343.000000 0.515821 -0.016335
191.000000 344.000000 -0.435875 -0.014894
1273.000000 344.000000 0.672597 -0.016332
747.000000 345.000000 0.096840 -0.012930
1229.000000 345.000000 0.610592 -0.014885
766.000000 346.000000 0.114187 -0.012045
768.000000 346.000000 0.116018 -0.012047
1271.000000 346.000000 0.669681 -0.014190
1232.000000 347.000000 0.614684 -0.012833
59.000000 348.000000 -0.598559 -0.011709
163.000000 348.000000 -0.468110 -0.011133
175.000000 348.000000 -0.454157 -0.011078
193.000000 348.000000 -0.433591 -0.010999
1215.000000 348.000000 0.591630 -0.011683
1262.000000 348.000000 0.656715 -0.012002
102.000000 349.000000 -0.542387 -0.010440
147.000000 350.000000 -0.487025 -0.009232
150.000000 350.000000 -0.483448 -0.009220
152.000000 350.000000 -0.481071 -0.009212
1238.000000 350.000000 0.622932 -0.009752
87.000000 351.000000 -0.561588 -0.008487
190.000000 351.000000 -0.436978 -0.008097
1217.000000 351.000000 0.594295 -0.008607
1275.000000 351.000000 0.675450 -0.008906
38.000000 352.000000 -0.627224 -0.007678
83.000000 352.000000 -0.566774 -0.007487
90.000000 352.000000 -0.557709 -0.007459
100.000000 352.000000 -0.544912 -0.007420
119.000000 352.000000 -0.521073 -0.007351
123.000000 352.000000 -0.516131 -0.007336
178.000000 352.000000 -0.450685 -0.007159
1207.000000 352.000000 0.580954 -0.007535
1240.000000 353.000000 0.625689 -0.006635
37.000000 354.000000 -0.628603 -0.005596
81.000000 354.000000 -0.569373 -0.005456
193.000000 354.000000 -0.433572 -0.005175
946.000000 354.000000 0.285034 -0.004949
1188.000000 354.000000 0.556122 -0.005429
1209.000000 354.000000 0.583599 -0.005492
1231.000000 354.000000 0.613276 -0.005562
1276.000000 354.000000 0.676892 -0.005718
56.000000 355.000000 -0.602574 -0.004501
95.000000 355.000000 -0.551279 -0.004403
100.000000 355.000000 -0.544903 -0.004391
137.000000 355.000000 -0.499031 -0.004310
1203.000000 355.000000 0.575662 -0.004451
31.000000 356.000000 -0.636961 -0.003523
33.000000 356.000000 -0.634166 -0.003518
45.000000 356.000000 -0.617555 -0.003492
50.000000 356.000000 -0.610715 -0.003481
59.000000 356.000000 -0.598525 -0.003462
75.000000 356.000000 -0.577231 -0.003429
102.000000 356.000000 -0.542362 -0.003378
1234.000000 356.000000 0.617390 -0.003494
128.000000 357.000000 -0.509979 -0.002335
1246.000000 357.000000 0.634039 -0.002474
1276.000000 357.000000 0.676884 -0.002526
30.000000 358.000000 -0.638358 -0.001430
32.000000 358.000000 -0.635559 -0.001428
101.000000 358.000000 -0.543628 -0.001361
115.000000 358.000000 -0.526028 -0.001349
40.000000 359.000000 -0.624438 -0.000378
77.000000 359.000000 -0.574599 -0.000361
1246.000000 359.000000 0.634037 -0.000382
101.000000 360.000000 -0.543627 0.000658
104.000000 360.000000 -0.539827 0.000657
41.000000 361.000000 -0.623057 0.001704
72.000000 361.000000 -0.581183 0.001684
123.000000 362.000000 -0.516119 0.002654
1202.000000 362.000000 0.574342 0.002704
1269.000000 362.000000 0.666732 0.002785
50.000000 363.000000 -0.610714 0.003770
105.000000 363.000000 -0.538567 0.003679
73.000000 364.000000 -0.579867 0.004754
130.000000 364.000000 -0.507536 0.004638
1197.000000 364.000000 0.567794 0.004737
104.000000 365.000000 -0.539834 0.005697
251.000000 365.000000 -0.369958 0.005403
219.000000 366.000000 -0.404586 0.006417
1226.000000 367.000000 0.606454 0.007906
1229.000000 367.000000 0.610544 0.007918
100.000000 368.000000 -0.544913 0.008736
1191.000000 368.000000 0.560006 0.008789
1224.000000 368.000000 0.603742 0.008931
77.000000 369.000000 -0.574621 0.009852
81.000000 369.000000 -0.569386 0.009833
83.000000 369.000000 -0.566780 0.009824
100.000000 370.000000 -0.544922 0.010756
106.000000 370.000000 -0.537327 0.010726
83.000000 371.000000 -0.566790 0.011860
112.000000 371.000000 -0.529800 0.011702
1276.000000 371.000000 0.676919 0.012372
61.000000 372.000000 -0.595873 0.013019
72.000000 372.000000 -0.581222 0.012948
81.000000 372.000000 -0.569403 0.012891
110.000000 372.000000 -0.532309 0.012717
1214.000000 372.000000 0.590293 0.013000
600.000000 373.000000 -0.035883 0.012339
1149.000000 373.000000 0.507199 0.013607
1243.000000 373.000000 0.629897 0.014242
1247.000000 373.000000 0.635487 0.014272
1257.000000 373.000000 0.649597 0.014350
117.000000 374.000000 -0.523586 0.014681
1150.000000 375.000000 0.508435 0.015607
60.000000 376.000000 -0.597247 0.017148
1207.000000 376.000000 0.581007 0.017053
1270.000000 376.000000 0.668254 0.017635
1273.000000 376.000000 0.672599 0.017664
39.000000 377.000000 -0.625905 0.018380
585.000000 377.000000 -0.049418 0.015951
1115.000000 377.000000 0.466545 0.017346
1204.000000 377.000000 0.577051 0.018051
1247.000000 377.000000 0.635522 0.018460
55.000000 378.000000 -0.604010 0.019259
1253.000000 378.000000 0.643976 0.019571
1271.000000 378.000000 0.669722 0.019767
748.000000 379.000000 0.097756 0.017807
1109.000000 379.000000 0.459557 0.019265
1198.000000 379.000000 0.569191 0.020038
1217.000000 381.000000 0.594396 0.022291
54.000000 382.000000 -0.605409 0.023406
1109.000000 382.000000 0.459582 0.022206
1116.000000 382.000000 0.467756 0.022267
1272.000000 382.000000 0.671219 0.024027
1276.000000 382.000000 0.677032 0.024082
49.000000 383.000000 -0.612225 0.024505
1117.000000 385.000000 0.468958 0.025226
1236.000000 386.000000 0.620336 0.027721
645.000000 387.000000 0.004641 0.024943
1232.000000 387.000000 0.614845 0.028700
1147.000000 388.000000 0.504894 0.028534
11.000000 391.000000 -0.665622 0.033493
24.000000 391.000000 -0.647086 0.033251
176.000000 391.000000 -0.453163 0.030948
178.000000 391.000000 -0.450858 0.030924
1272.000000 392.000000 0.671385 0.034655
1225.000000 394.000000 0.605404 0.035843
160.000000 396.000000 -0.471866 0.036067
176.000000 396.000000 -0.453227 0.035839
1271.000000 396.000000 0.670020 0.038886
158.000000 397.000000 -0.474236 0.037082
1268.000000 397.000000 0.665707 0.039881
156.000000 398.000000 -0.476613 0.038099
176.000000 398.000000 -0.453256 0.037797
162.000000 399.000000 -0.469562 0.038990
1267.000000 399.000000 0.664312 0.041980
178.000000 400.000000 -0.450980 0.039724
1250.000000 401.000000 0.640146 0.043684
1266.000000 401.000000 0.662921 0.044077
1182.000000 404.000000 0.548892 0.045211
165.000000 405.000000 -0.466148 0.044844
180.000000 405.000000 -0.448761 0.044582
1176.000000 406.000000 0.541289 0.047104
172.000000 407.000000 -0.458031 0.046682
1213.000000 407.000000 0.589515 0.049008
1271.000000 408.000000 0.670329 0.051649
155.000000 409.000000 -0.477993 0.048978
952.000000 409.000000 0.291291 0.046372
954.000000 409.000000 0.293297 0.046394
1021.000000 409.000000 0.362347 0.047234
1216.000000 411.000000 0.593642 0.053215
108.000000 412.000000 -0.535431 0.053028
110.000000 412.000000 -0.532917 0.052979
148.000000 412.000000 -0.486382 0.052095
168.000000 412.000000 -0.462780 0.051671
1270.000000 412.000000 0.669004 0.055876
955.000000 413.000000 0.294347 0.050149
151.000000 414.000000 -0.482849 0.054011
113.000000 415.000000 -0.529233 0.055928
103.000000 416.000000 -0.541853 0.057202
173.000000 416.000000 -0.457052 0.055497
312.000000 416.000000 -0.307048 0.053105
106.000000 417.000000 -0.538084 0.058133
108.000000 418.000000 -0.535589 0.059089
333.000000 418.000000 -0.285961 0.054709
100.000000 419.000000 -0.545749 0.060327
102.000000 419.000000 -0.543205 0.060269
190.000000 420.000000 -0.437626 0.059041
1113.000000 420.000000 0.464866 0.059609
132.000000 421.000000 -0.505920 0.061447
1079.000000 422.000000 0.425895 0.060786
174.000000 423.000000 -0.456055 0.062350
889.000000 423.000000 0.229591 0.058700
170.000000 424.000000 -0.460724 0.063432
173.000000 425.000000 -0.457263 0.064341
194.000000 427.000000 -0.433249 0.065780
92.000000 430.000000 -0.556347 0.071774
94.000000 431.000000 -0.553809 0.072723
98.000000 431.000000 -0.548682 0.072583
100.000000 431.000000 -0.546130 0.072513
174.000000 432.000000 -0.456290 0.071201
87.000000 433.000000 -0.562921 0.075020
90.000000 434.000000 -0.559073 0.075931
1241.000000 434.000000 0.628650 0.078056
87.000000 435.000000 -0.562996 0.077067
84.000000 436.000000 -0.566937 0.078208
196.000000 437.000000 -0.431246 0.075491
816.000000 437.000000 0.160625 0.070859
783.000000 438.000000 0.130054 0.071508
71.000000 439.000000 -0.584161 0.081821
77.000000 439.000000 -0.576228 0.081572
1274.000000 448.000000 0.676357 0.094530
21.000000 452.000000 -0.653568 0.097869
40.000000 452.000000 -0.626862 0.096848
44.000000 454.000000 -0.621432 0.098741
39.000000 455.000000 -0.628411 0.100065
34.000000 456.000000 -0.635440 0.101397
26.000000 459.000000 -0.646868 0.105036
660.000000 459.000000 0.018207 0.090073
21.000000 461.000000 -0.654085 0.107463
183.000000 464.000000 -0.446975 0.102442
1124.000000 472.000000 0.479687 0.111635
99.000000 473.000000 -0.549306 0.115473
1212.000000 475.000000 0.591153 0.119493
1147.000000 476.000000 0.507725 0.116801
472.000000 477.000000 -0.153279 0.107512
1124.000000 478.000000 0.479975 0.117651
1128.000000 478.000000 0.484761 0.117849
1145.000000 478.000000 0.505375 0.118722
1151.000000 480.000000 0.512868 0.121074
1153.000000 481.000000 0.515399 0.122201
1124.000000 485.000000 0.480331 0.124683
1126.000000 487.000000 0.482830 0.126802
954.000000 500.000000 0.295240 0.132234
252.000000 501.000000 -0.371845 0.135878
966.000000 501.000000 0.307465 0.133585
1133.000000 502.000000 0.492125 0.142377
1147.000000 503.000000 0.509303 0.144280
977.000000 504.000000 0.318849 0.136847
979.000000 504.000000 0.320911 0.136919
955.000000 505.000000 0.296415 0.137042
1135.000000 505.000000 0.494739 0.145552
1150.000000 505.000000 0.513143 0.146524
225.000000 506.000000 -0.401495 0.142002
966.000000 506.000000 0.307637 0.138376
1137.000000 506.000000 0.497236 0.146698
1148.000000 507.000000 0.510801 0.148440
968.000000 522.000000 0.310280 0.153844
789.000000 523.000000 0.136587 0.149927
1137.000000 524.000000 0.498466 0.165109
780.000000 526.000000 0.128271 0.152586
798.000000 526.000000 0.145025 0.152881
951.000000 532.000000 0.293343 0.162822
952.000000 535.000000 0.294476 0.165758
141.000000 542.000000 -0.501433 0.183674
636.000000 542.000000 -0.003495 0.166389
355.000000 546.000000 -0.267309 0.175250
523.000000 547.000000 -0.106964 0.171878
356.000000 549.000000 -0.266427 0.178104
1154.000000 551.000000 0.521719 0.194490
1126.000000 553.000000 0.487339 0.194149
1155.000000 554.000000 0.523249 0.197728
395.000000 561.000000 -0.228436 0.188233
1140.000000 562.000000 0.505267 0.204745
1214.000000 562.000000 0.601412 0.212271
796.000000 564.000000 0.143895 0.188651
1152.000000 564.000000 0.520413 0.207970
1155.000000 567.000000 0.524482 0.211429
1164.000000 567.000000 0.535912 0.212325
1140.000000 568.000000 0.505824 0.211039
1153.000000 569.000000 0.522157 0.213348
951.000000 579.000000 0.295470 0.208636
976.000000 580.000000 0.321336 0.210978
214.000000 581.000000 -0.418549 0.217950
983.000000 581.000000 0.328716 0.212378
247.000000 582.000000 -0.381824 0.216503
239.000000 586.000000 -0.390925 0.221142
976.000000 588.000000 0.321801 0.218942
271.000000 589.000000 -0.356267 0.221922
365.000000 589.000000 -0.259147 0.216640
988.000000 591.000000 0.334589 0.222677
967.000000 592.000000 0.312665 0.222402
990.000000 592.000000 0.336766 0.223807
1029.000000 592.000000 0.378768 0.226488
880.000000 593.000000 0.225150 0.219116
219.000000 595.000000 -0.414016 0.231929
221.000000 595.000000 -0.411754 0.231764
807.000000 598.000000 0.155096 0.221500
795.000000 604.000000 0.143910 0.226985
804.000000 605.000000 0.152449 0.228199
797.000000 606.000000 0.145853 0.228977
759.000000 607.000000 0.110176 0.229052
796.000000 609.000000 0.144988 0.231863
807.000000 609.000000 0.155408 0.232172
814.000000 610.000000 0.162092 0.233355
860.000000 612.000000 0.206401 0.236931
278.000000 617.000000 -0.350734 0.249853
231.000000 626.000000 -0.403176 0.263069
515.000000 627.000000 -0.115893 0.248592
263.000000 628.000000 -0.367848 0.262354
544.000000 629.000000 -0.088794 0.249958
232.000000 630.000000 -0.402419 0.267167
289.000000 630.000000 -0.339935 0.262354
389.000000 630.000000 -0.237244 0.256099
1137.000000 631.000000 0.509006 0.278145
1136.000000 634.000000 0.508131 0.281299
1138.000000 634.000000 0.510641 0.281553
1137.000000 637.000000 0.509768 0.284713
813.000000 639.000000 0.162082 0.261830
237.000000 643.000000 -0.398023 0.280379
1167.000000 650.000000 0.550039 0.303274
1136.000000 655.000000 0.510906 0.304457
1136.000000 657.000000 0.511183 0.306681
1100.000000 664.000000 0.467629 0.309624
999.000000 673.000000 0.352799 0.308145
955.000000 676.000000 0.305968 0.307471
675.000000 681.000000 0.032878 0.300728
536.000000 684.000000 -0.097451 0.304843
299.000000 685.000000 -0.333834 0.319098
707.000000 685.000000 0.062928 0.305151
775.000000 690.000000 0.127466 0.311883
754.000000 692.000000 0.107500 0.313291
670.000000 695.000000 0.028302 0.314877
675.000000 696.000000 0.033004 0.315936
534.000000 697.000000 -0.099672 0.318152
677.000000 700.000000 0.034919 0.320040
819.000000 701.000000 0.170375 0.324956
711.000000 702.000000 0.066983 0.322550
436.000000 703.000000 -0.194582 0.328201
