71.000000 3.000000 -0.617006 -0.386747
383.000000 3.000000 -0.248566 -0.344993
385.000000 3.000000 -0.246526 -0.344848
479.000000 3.000000 -0.153151 -0.339439
708.000000 3.000000 0.064403 -0.336649
843.000000 3.000000 0.194753 -0.341613
862.000000 3.000000 0.213668 -0.342740
910.000000 3.000000 0.262381 -0.346106
1005.000000 3.000000 0.363940 -0.355185
1021.000000 3.000000 0.381892 -0.357062
1032.000000 3.000000 0.394401 -0.358415
1067.000000 3.000000 0.435172 -0.363066
1071.000000 3.000000 0.439931 -0.363632
1078.000000 3.000000 0.448311 -0.364639
156.000000 4.000000 -0.503938 -0.370290
445.000000 4.000000 -0.186372 -0.340027
477.000000 4.000000 -0.155052 -0.338477
688.000000 4.000000 0.045457 -0.335303
823.000000 4.000000 0.174984 -0.339493
854.000000 4.000000 0.205621 -0.341192
908.000000 4.000000 0.260244 -0.344877
1010.000000 4.000000 0.369404 -0.354651
437.000000 5.000000 -0.194218 -0.339407
694.000000 5.000000 0.051116 -0.334348
813.000000 5.000000 0.165147 -0.337957
829.000000 5.000000 0.180827 -0.338746
836.000000 5.000000 0.187722 -0.339116
840.000000 5.000000 0.191673 -0.339333
885.000000 5.000000 0.236692 -0.342125
1008.000000 5.000000 0.367055 -0.353313
1022.000000 5.000000 0.382782 -0.354955
1050.000000 5.000000 0.414913 -0.358486
1068.000000 5.000000 0.436079 -0.360936
1070.000000 5.000000 0.438456 -0.361216
496.000000 6.000000 -0.136567 -0.335608
1035.000000 6.000000 0.397459 -0.355434
1056.000000 6.000000 0.421787 -0.358159
685.000000 7.000000 0.042587 -0.332161
816.000000 7.000000 0.167984 -0.336000
846.000000 7.000000 0.197500 -0.337558
1049.000000 7.000000 0.413486 -0.356106
1053.000000 7.000000 0.418146 -0.356632
337.000000 8.000000 -0.295805 -0.343313
678.000000 8.000000 0.035970 -0.331051
842.000000 8.000000 0.193485 -0.336282
850.000000 8.000000 0.201410 -0.336732
991.000000 8.000000 0.347917 -0.348131
1051.000000 8.000000 0.415682 -0.355245
378.000000 9.000000 -0.253232 -0.338952
725.000000 9.000000 0.080410 -0.330771
729.000000 9.000000 0.084209 -0.330862
809.000000 9.000000 0.161062 -0.333582
815.000000 9.000000 0.166913 -0.333858
817.000000 9.000000 0.168866 -0.333952
852.000000 9.000000 0.203338 -0.335793
869.000000 9.000000 0.220302 -0.336821
891.000000 9.000000 0.242500 -0.338286
948.000000 9.000000 0.301528 -0.342832
1023.000000 9.000000 0.383435 -0.350629
1053.000000 9.000000 0.417882 -0.354384
1057.000000 9.000000 0.422557 -0.354914
1086.000000 9.000000 0.457084 -0.358962
312.000000 10.000000 -0.322176 -0.343442
374.000000 10.000000 -0.257250 -0.338180
685.000000 10.000000 0.042551 -0.329063
687.000000 10.000000 0.044438 -0.329087
894.000000 10.000000 0.245479 -0.337434
1037.000000 10.000000 0.399252 -0.351219
1048.000000 10.000000 0.411936 -0.352612
720.000000 11.000000 0.075624 -0.328597
822.000000 11.000000 0.173659 -0.332099
825.000000 11.000000 0.176597 -0.332246
850.000000 11.000000 0.201238 -0.333573
861.000000 11.000000 0.212179 -0.334216
975.000000 11.000000 0.330192 -0.343210
463.000000 12.000000 -0.168325 -0.330739
699.000000 12.000000 0.055738 -0.327190
805.000000 12.000000 0.157039 -0.330274
834.000000 12.000000 0.185382 -0.331655
841.000000 12.000000 0.192279 -0.332025
857.000000 12.000000 0.208134 -0.332925
1032.000000 12.000000 0.393291 -0.348380
97.000000 13.000000 -0.579493 -0.369936
674.000000 13.000000 0.032154 -0.325861
701.000000 13.000000 0.057611 -0.326191
751.000000 13.000000 0.105049 -0.327294
924.000000 13.000000 0.276061 -0.336497
74.000000 14.000000 -0.610761 -0.372978
90.000000 14.000000 -0.588800 -0.370023
327.000000 14.000000 -0.305826 -0.337729
433.000000 14.000000 -0.197677 -0.330163
689.000000 14.000000 0.046275 -0.324993
836.000000 14.000000 0.187246 -0.329665
896.000000 14.000000 0.247231 -0.333328
906.000000 14.000000 0.257437 -0.334049
1073.000000 14.000000 0.440773 -0.351451
1157.000000 14.000000 0.545836 -0.364541
388.000000 15.000000 -0.242633 -0.331875
671.000000 15.000000 0.029314 -0.323781
699.000000 15.000000 0.055693 -0.324103
859.000000 15.000000 0.209949 -0.329889
973.000000 15.000000 0.327643 -0.338671
175.000000 16.000000 -0.478360 -0.353498
328.000000 16.000000 -0.304591 -0.335489
381.000000 16.000000 -0.249672 -0.331301
444.000000 16.000000 -0.186731 -0.327490
468.000000 16.000000 -0.163274 -0.326345
745.000000 16.000000 0.099249 -0.324032
843.000000 16.000000 0.194038 -0.327943
846.000000 16.000000 0.197000 -0.328105
862.000000 16.000000 0.212877 -0.329016
952.000000 16.000000 0.305134 -0.335644
962.000000 16.000000 0.315758 -0.336550
105.000000 17.000000 -0.568027 -0.363785
180.000000 17.000000 -0.472076 -0.351619
684.000000 17.000000 0.041529 -0.321854
696.000000 17.000000 0.052834 -0.322005
731.000000 17.000000 0.085922 -0.322654
828.000000 17.000000 0.179240 -0.326129
902.000000 17.000000 0.253131 -0.330576
679.000000 18.000000 0.036813 -0.320776
754.000000 18.000000 0.107767 -0.322221
802.000000 18.000000 0.153874 -0.323910
831.000000 18.000000 0.182131 -0.325235
835.000000 18.000000 0.186057 -0.325437
914.000000 18.000000 0.265347 -0.330396
951.000000 18.000000 0.303900 -0.333407
955.000000 18.000000 0.308133 -0.333761
1162.000000 18.000000 0.551732 -0.360725
771.000000 19.000000 0.123982 -0.321718
891.000000 19.000000 0.241812 -0.327698
947.000000 19.000000 0.299594 -0.331988
1012.000000 19.000000 0.369943 -0.338348
270.000000 20.000000 -0.366962 -0.336839
397.000000 20.000000 -0.233214 -0.326008
675.000000 20.000000 0.033033 -0.318692
789.000000 20.000000 0.141237 -0.321325
861.000000 20.000000 0.211647 -0.324765
915.000000 20.000000 0.266225 -0.328349
962.000000 20.000000 0.315392 -0.332242
1094.000000 20.000000 0.465197 -0.347631
443.000000 21.000000 -0.187459 -0.322331
473.000000 21.000000 -0.158204 -0.320945
481.000000 21.000000 -0.150464 -0.320617
751.000000 21.000000 0.104824 -0.319051
827.000000 21.000000 0.178067 -0.321920
838.000000 21.000000 0.188852 -0.322466
843.000000 21.000000 0.193772 -0.322725
952.000000 21.000000 0.304694 -0.330279
1048.000000 21.000000 0.410545 -0.340356
1154.000000 21.000000 0.540708 -0.355862
1167.000000 21.000000 0.557834 -0.358081
1190.000000 21.000000 0.588786 -0.362152
342.000000 22.000000 -0.289385 -0.327887
836.000000 22.000000 0.186836 -0.321324
861.000000 22.000000 0.211531 -0.322675
880.000000 22.000000 0.230520 -0.323824
891.000000 22.000000 0.241610 -0.324539
903.000000 22.000000 0.253795 -0.325362
920.000000 22.000000 0.271223 -0.326607
971.000000 22.000000 0.324827 -0.330922
1196.000000 22.000000 0.596813 -0.362057
738.000000 23.000000 0.092420 -0.316662
968.000000 23.000000 0.321521 -0.329568
669.000000 24.000000 0.027366 -0.314561
835.000000 24.000000 0.185755 -0.319198
837.000000 24.000000 0.187717 -0.319298
414.000000 25.000000 -0.215899 -0.319737
751.000000 25.000000 0.104714 -0.314949
791.000000 25.000000 0.142974 -0.316246
857.000000 25.000000 0.207390 -0.319320
861.000000 25.000000 0.211359 -0.319545
864.000000 25.000000 0.214341 -0.319718
892.000000 25.000000 0.242422 -0.321454
983.000000 25.000000 0.337473 -0.328833
1042.000000 25.000000 0.403154 -0.335205
176.000000 26.000000 -0.475665 -0.342002
712.000000 26.000000 0.067775 -0.313054
816.000000 26.000000 0.167113 -0.316237
877.000000 26.000000 0.227260 -0.319450
885.000000 26.000000 0.235295 -0.319951
1089.000000 26.000000 0.458290 -0.340159
793.000000 27.000000 0.144825 -0.314265
839.000000 27.000000 0.189529 -0.316289
991.000000 27.000000 0.345967 -0.327459
1085.000000 27.000000 0.453336 -0.338487
75.000000 28.000000 -0.606815 -0.356172
343.000000 28.000000 -0.287862 -0.321437
413.000000 28.000000 -0.216721 -0.316671
860.000000 28.000000 0.210197 -0.316368
887.000000 28.000000 0.237181 -0.317987
949.000000 28.000000 0.300934 -0.322555
993.000000 28.000000 0.348049 -0.326578
1136.000000 28.000000 0.516319 -0.344851
77.000000 29.000000 -0.603880 -0.354634
219.000000 29.000000 -0.423890 -0.332881
672.000000 29.000000 0.030143 -0.309498
684.000000 29.000000 0.041399 -0.309608
688.000000 29.000000 0.045153 -0.309652
693.000000 29.000000 0.049849 -0.309713
718.000000 29.000000 0.073378 -0.310107
723.000000 29.000000 0.078095 -0.310204
884.000000 29.000000 0.234099 -0.316752
895.000000 29.000000 0.245192 -0.317461
953.000000 29.000000 0.305062 -0.321828
1000.000000 29.000000 0.355611 -0.326202
1085.000000 29.000000 0.453064 -0.336248
50.000000 30.000000 -0.641383 -0.358341
770.000000 30.000000 0.122669 -0.310393
850.000000 30.000000 0.200198 -0.313750
988.000000 30.000000 0.342410 -0.323934
1033.000000 30.000000 0.392311 -0.328666
1068.000000 30.000000 0.432729 -0.332895
1088.000000 30.000000 0.456535 -0.335537
666.000000 31.000000 0.024507 -0.307427
680.000000 31.000000 0.037626 -0.307538
683.000000 31.000000 0.040440 -0.307568
836.000000 31.000000 0.186390 -0.312006
854.000000 31.000000 0.204093 -0.312927
886.000000 31.000000 0.235984 -0.314791
921.000000 31.000000 0.271579 -0.317180
948.000000 31.000000 0.299635 -0.319286
950.000000 31.000000 0.301735 -0.319452
1104.000000 31.000000 0.475837 -0.336645
211.000000 32.000000 -0.432874 -0.330566
741.000000 32.000000 0.095045 -0.307548
757.000000 32.000000 0.110225 -0.307965
800.000000 32.000000 0.151377 -0.309403
849.000000 32.000000 0.199107 -0.311628
861.000000 32.000000 0.210965 -0.312273
873.000000 32.000000 0.222900 -0.312959
877.000000 32.000000 0.226896 -0.313197
880.000000 32.000000 0.229899 -0.313378
889.000000 32.000000 0.238940 -0.313938
965.000000 32.000000 0.317511 -0.319672
77.000000 33.000000 -0.603170 -0.349927
689.000000 33.000000 0.046046 -0.305606
748.000000 33.000000 0.101653 -0.306705
946.000000 33.000000 0.297374 -0.317005
991.000000 33.000000 0.345380 -0.321002
1064.000000 33.000000 0.427655 -0.329069
403.000000 34.000000 -0.226338 -0.311021
504.000000 34.000000 -0.127907 -0.306450
678.000000 34.000000 0.035724 -0.304481
857.000000 34.000000 0.206896 -0.309985
940.000000 34.000000 0.291025 -0.315468
1044.000000 34.000000 0.404383 -0.325557
118.000000 35.000000 -0.547766 -0.340635
265.000000 35.000000 -0.370919 -0.321077
425.000000 35.000000 -0.204449 -0.308758
801.000000 35.000000 0.152225 -0.306372
864.000000 35.000000 0.213774 -0.309335
77.000000 36.000000 -0.602642 -0.346406
164.000000 36.000000 -0.489008 -0.332448
403.000000 36.000000 -0.226220 -0.308947
444.000000 36.000000 -0.185747 -0.306780
850.000000 36.000000 0.199885 -0.307553
877.000000 36.000000 0.226657 -0.309045
937.000000 36.000000 0.287746 -0.313126
1160.000000 36.000000 0.546080 -0.339504
1162.000000 36.000000 0.548705 -0.339830
342.000000 37.000000 -0.288200 -0.312020
376.000000 37.000000 -0.253318 -0.309592
840.000000 37.000000 0.190015 -0.306023
863.000000 37.000000 0.212672 -0.307213
883.000000 37.000000 0.232601 -0.308368
886.000000 37.000000 0.235610 -0.308551
888.000000 37.000000 0.237620 -0.308674
1000.000000 37.000000 0.354810 -0.317586
445.000000 38.000000 -0.184677 -0.304681
661.000000 38.000000 0.019789 -0.300323
691.000000 38.000000 0.047862 -0.300575
739.000000 38.000000 0.093012 -0.301412
768.000000 38.000000 0.120516 -0.302182
843.000000 38.000000 0.192906 -0.305142
935.000000 38.000000 0.285517 -0.310870
1139.000000 38.000000 0.518594 -0.333900
749.000000 39.000000 0.102447 -0.300641
1148.000000 39.000000 0.529993 -0.334153
80.000000 40.000000 -0.597832 -0.341207
187.000000 40.000000 -0.460374 -0.324801
341.000000 40.000000 -0.289009 -0.308945
409.000000 40.000000 -0.220016 -0.304469
689.000000 40.000000 0.045965 -0.298535
858.000000 40.000000 0.207564 -0.303852
987.000000 40.000000 0.340379 -0.313135
1097.000000 40.000000 0.466052 -0.325594
1103.000000 40.000000 0.473353 -0.326412
1145.000000 40.000000 0.525973 -0.332546
743.000000 41.000000 0.096722 -0.298471
806.000000 41.000000 0.156810 -0.300443
866.000000 41.000000 0.215426 -0.303254
885.000000 41.000000 0.234364 -0.304346
83.000000 42.000000 -0.593391 -0.338362
130.000000 42.000000 -0.531066 -0.330721
341.000000 42.000000 -0.288858 -0.306849
719.000000 42.000000 0.074080 -0.296961
855.000000 42.000000 0.204500 -0.301640
881.000000 42.000000 0.230301 -0.303075
990.000000 42.000000 0.343440 -0.311283
132.000000 43.000000 -0.528339 -0.329277
747.000000 43.000000 0.100455 -0.296547
795.000000 43.000000 0.146156 -0.297997
863.000000 43.000000 0.212346 -0.301034
867.000000 43.000000 0.216308 -0.301250
996.000000 43.000000 0.349863 -0.310780
1070.000000 43.000000 0.433451 -0.318800
350.000000 44.000000 -0.279406 -0.304094
671.000000 44.000000 0.029096 -0.294347
724.000000 44.000000 0.078744 -0.295039
811.000000 44.000000 0.161515 -0.297587
1002.000000 44.000000 0.356318 -0.310286
1015.000000 44.000000 0.370635 -0.311571
1122.000000 44.000000 0.496246 -0.324598
657.000000 45.000000 0.016022 -0.293267
742.000000 45.000000 0.095683 -0.294411
857.000000 45.000000 0.206316 -0.298666
926.000000 45.000000 0.275708 -0.302886
1048.000000 45.000000 0.407702 -0.314024
1102.000000 45.000000 0.471453 -0.320704
678.000000 46.000000 0.035618 -0.292396
687.000000 46.000000 0.044028 -0.292482
705.000000 46.000000 0.060875 -0.292709
733.000000 46.000000 0.087175 -0.293206
870.000000 46.000000 0.219119 -0.298332
1129.000000 46.000000 0.504728 -0.323359
813.000000 47.000000 0.163326 -0.294619
1054.000000 47.000000 0.414367 -0.312534
88.000000 48.000000 -0.585590 -0.330565
345.000000 48.000000 -0.284273 -0.300286
760.000000 48.000000 0.112632 -0.291841
872.000000 48.000000 0.220994 -0.296389
924.000000 48.000000 0.273442 -0.299625
1052.000000 48.000000 0.411952 -0.311220
1138.000000 48.000000 0.515817 -0.322422
75.000000 49.000000 -0.603155 -0.331582
673.000000 49.000000 0.030927 -0.289351
862.000000 49.000000 0.211041 -0.294830
954.000000 49.000000 0.304479 -0.300806
1033.000000 49.000000 0.390226 -0.308060
1039.000000 49.000000 0.397005 -0.308701
1042.000000 49.000000 0.400410 -0.309026
1059.000000 49.000000 0.419912 -0.310935
1100.000000 49.000000 0.468490 -0.316000
670.000000 50.000000 0.028121 -0.288330
799.000000 50.000000 0.149742 -0.291050
960.000000 50.000000 0.310706 -0.300235
982.000000 50.000000 0.334093 -0.302079
990.000000 50.000000 0.342708 -0.302788
997.000000 50.000000 0.350296 -0.303427
1000.000000 50.000000 0.353563 -0.303706
1013.000000 50.000000 0.367825 -0.304951
1016.000000 50.000000 0.371141 -0.305247
1037.000000 50.000000 0.394634 -0.307408
75.000000 51.000000 -0.602818 -0.329260
87.000000 51.000000 -0.586449 -0.327267
348.000000 51.000000 -0.280965 -0.296952
864.000000 51.000000 0.212911 -0.292890
958.000000 51.000000 0.308521 -0.299029
993.000000 51.000000 0.345863 -0.302001
1003.000000 51.000000 0.356744 -0.302926
1019.000000 51.000000 0.374368 -0.304477
1025.000000 51.000000 0.381047 -0.305082
1114.000000 51.000000 0.485344 -0.315657
390.000000 52.000000 -0.238277 -0.293212
625.000000 52.000000 -0.013805 -0.286252
630.000000 52.000000 -0.009149 -0.286239
731.000000 52.000000 0.085170 -0.287143
810.000000 52.000000 0.160238 -0.289437
914.000000 52.000000 0.262954 -0.294804
1035.000000 52.000000 0.392164 -0.305045
1045.000000 52.000000 0.403497 -0.306115
1051.000000 52.000000 0.410355 -0.306775
157.000000 53.000000 -0.495298 -0.314394
660.000000 53.000000 0.018785 -0.285279
1057.000000 53.000000 0.417143 -0.306365
1101.000000 53.000000 0.469179 -0.311709
1114.000000 53.000000 0.485073 -0.313434
865.000000 54.000000 0.213743 -0.289880
910.000000 54.000000 0.258760 -0.292482
932.000000 54.000000 0.281245 -0.293960
1008.000000 54.000000 0.361937 -0.300212
1011.000000 54.000000 0.365233 -0.300497
1042.000000 54.000000 0.399870 -0.303637
1061.000000 54.000000 0.421654 -0.305736
1063.000000 54.000000 0.423973 -0.305965
1106.000000 54.000000 0.475131 -0.311259
1162.000000 54.000000 0.545855 -0.319246
349.000000 55.000000 -0.279657 -0.292737
727.000000 55.000000 0.081354 -0.284065
743.000000 55.000000 0.096398 -0.284395
918.000000 55.000000 0.266831 -0.291971
940.000000 55.000000 0.289436 -0.293494
966.000000 55.000000 0.316635 -0.295482
1045.000000 55.000000 0.403173 -0.302883
1051.000000 55.000000 0.410023 -0.303535
1073.000000 55.000000 0.435528 -0.306042
96.000000 56.000000 -0.573523 -0.320070
139.000000 56.000000 -0.517476 -0.313570
155.000000 56.000000 -0.497373 -0.311329
352.000000 56.000000 -0.276509 -0.291497
809.000000 56.000000 0.159125 -0.285362
1020.000000 56.000000 0.374982 -0.299242
1040.000000 56.000000 0.397391 -0.301277
1093.000000 56.000000 0.459142 -0.307385
1137.000000 56.000000 0.513386 -0.313287
114.000000 57.000000 -0.549545 -0.316134
267.000000 57.000000 -0.366527 -0.297334
728.000000 57.000000 0.082255 -0.282087
827.000000 57.000000 0.176454 -0.285064
919.000000 57.000000 0.267719 -0.289975
990.000000 57.000000 0.342086 -0.295400
1005.000000 57.000000 0.358370 -0.296751
1024.000000 57.000000 0.379329 -0.298572
1096.000000 57.000000 0.462623 -0.306665
1110.000000 57.000000 0.479625 -0.308469
355.000000 58.000000 -0.273303 -0.289231
749.000000 58.000000 0.101983 -0.281534
814.000000 58.000000 0.163860 -0.283536
902.000000 58.000000 0.250421 -0.287872
935.000000 58.000000 0.284055 -0.290030
966.000000 58.000000 0.316395 -0.292348
1000.000000 58.000000 0.352826 -0.295236
1030.000000 58.000000 0.385927 -0.298106
1041.000000 58.000000 0.398313 -0.299237
1060.000000 58.000000 0.420045 -0.301295
1089.000000 58.000000 0.454105 -0.304698
104.000000 59.000000 -0.562402 -0.315396
109.000000 59.000000 -0.555802 -0.314628
401.000000 59.000000 -0.226917 -0.285438
726.000000 59.000000 0.080342 -0.280056
855.000000 59.000000 0.203652 -0.284297
1003.000000 59.000000 0.356003 -0.294453
1008.000000 59.000000 0.361468 -0.294913
101.000000 60.000000 -0.566227 -0.314723
707.000000 60.000000 0.062544 -0.278751
795.000000 60.000000 0.145564 -0.280843
897.000000 60.000000 0.245271 -0.285525
990.000000 60.000000 0.341825 -0.292246
995.000000 60.000000 0.347223 -0.292682
1006.000000 60.000000 0.359187 -0.293671
1011.000000 60.000000 0.364665 -0.294135
1037.000000 60.000000 0.393587 -0.296682
1139.000000 60.000000 0.515352 -0.309097
293.000000 61.000000 -0.337942 -0.290792
676.000000 61.000000 0.033632 -0.277419
819.000000 61.000000 0.168562 -0.280710
848.000000 61.000000 0.196705 -0.281943
941.000000 61.000000 0.290040 -0.287352
1085.000000 61.000000 0.448978 -0.300938
1106.000000 61.000000 0.474222 -0.303541
829.000000 62.000000 0.178183 -0.280105
951.000000 62.000000 0.300353 -0.287041
1126.000000 62.000000 0.498729 -0.305071
1165.000000 62.000000 0.548565 -0.310642
349.000000 63.000000 -0.279111 -0.284484
753.000000 63.000000 0.105635 -0.276642
800.000000 63.000000 0.150243 -0.278006
854.000000 63.000000 0.202481 -0.280201
904.000000 63.000000 0.252135 -0.282875
991.000000 63.000000 0.342644 -0.289184
252.000000 64.000000 -0.382449 -0.291347
257.000000 64.000000 -0.376897 -0.290867
844.000000 64.000000 0.192666 -0.278733
1101.000000 64.000000 0.467778 -0.299619
1105.000000 64.000000 0.472625 -0.300121
1153.000000 64.000000 0.532679 -0.306622
149.000000 65.000000 -0.503632 -0.302155
327.000000 65.000000 -0.301704 -0.283959
903.000000 65.000000 0.251008 -0.280773
932.000000 65.000000 0.280488 -0.282607
1028.000000 65.000000 0.382999 -0.290460
1032.000000 65.000000 0.387468 -0.290852
1126.000000 65.000000 0.498325 -0.301749
1178.000000 65.000000 0.565267 -0.309217
83.000000 66.000000 -0.589457 -0.310695
536.000000 66.000000 -0.096757 -0.273420
810.000000 66.000000 0.159717 -0.275355
1003.000000 66.000000 0.355374 -0.287082
243.000000 67.000000 -0.392214 -0.289045
247.000000 67.000000 -0.387734 -0.288652
389.000000 67.000000 -0.238424 -0.277957
993.000000 67.000000 0.344457 -0.285167
1014.000000 67.000000 0.367312 -0.287022
1066.000000 67.000000 0.425992 -0.292262
188.000000 68.000000 -0.455668 -0.293937
251.000000 68.000000 -0.383177 -0.287207
531.000000 68.000000 -0.101412 -0.271544
723.000000 68.000000 0.077373 -0.271065
834.000000 68.000000 0.182778 -0.274281
887.000000 68.000000 0.234816 -0.276813
955.000000 68.000000 0.304085 -0.281130
957.000000 68.000000 0.306174 -0.281276
148.000000 69.000000 -0.504347 -0.297865
997.000000 70.000000 0.348519 -0.282371
1107.000000 70.000000 0.474304 -0.293806
1204.000000 70.000000 0.599610 -0.307577
365.000000 71.000000 -0.262305 -0.275277
383.000000 71.000000 -0.244197 -0.274231
663.000000 71.000000 0.021491 -0.267453
825.000000 71.000000 0.173958 -0.270915
137.000000 72.000000 -0.517781 -0.296022
401.000000 72.000000 -0.226236 -0.272258
789.000000 72.000000 0.139461 -0.268670
833.000000 72.000000 0.181646 -0.270232
881.000000 72.000000 0.228640 -0.272446
1080.000000 72.000000 0.441788 -0.288440
404.000000 73.000000 -0.223219 -0.271098
602.000000 73.000000 -0.035077 -0.265565
669.000000 74.000000 0.027041 -0.264532
821.000000 74.000000 0.169991 -0.267767
835.000000 74.000000 0.183500 -0.268312
1069.000000 74.000000 0.428711 -0.285078
403.000000 75.000000 -0.224107 -0.269134
899.000000 75.000000 0.246416 -0.270382
980.000000 75.000000 0.329888 -0.275783
986.000000 75.000000 0.336284 -0.276257
1076.000000 75.000000 0.436761 -0.284769
1083.000000 75.000000 0.444983 -0.285548
137.000000 76.000000 -0.517244 -0.291597
983.000000 76.000000 0.333003 -0.274983
1079.000000 76.000000 0.440166 -0.284026
146.000000 77.000000 -0.505797 -0.289313
401.000000 77.000000 -0.225983 -0.267221
473.000000 77.000000 -0.156093 -0.264229
674.000000 77.000000 0.031659 -0.261616
731.000000 77.000000 0.084695 -0.262320
832.000000 77.000000 0.180480 -0.265197
835.000000 77.000000 0.183379 -0.265316
928.000000 77.000000 0.275612 -0.270071
988.000000 77.000000 0.338263 -0.274343
1067.000000 77.000000 0.426071 -0.281656
123.000000 79.000000 -0.534691 -0.290167
127.000000 79.000000 -0.529561 -0.289623
131.000000 79.000000 -0.524455 -0.289084
149.000000 79.000000 -0.501798 -0.286733
387.000000 79.000000 -0.239769 -0.265927
983.000000 79.000000 0.332768 -0.271879
996.000000 79.000000 0.346690 -0.272915
1074.000000 79.000000 0.433990 -0.280266
11.000000 80.000000 -0.688764 -0.306160
133.000000 80.000000 -0.521780 -0.287713
665.000000 80.000000 0.023301 -0.258621
669.000000 80.000000 0.027006 -0.258643
934.000000 80.000000 0.281557 -0.267397
274.000000 81.000000 -0.356749 -0.271520
384.000000 81.000000 -0.242653 -0.264072
677.000000 81.000000 0.034412 -0.257715
862.000000 81.000000 0.209481 -0.262476
986.000000 81.000000 0.335810 -0.270047
992.000000 81.000000 0.342229 -0.270520
245.000000 82.000000 -0.388544 -0.273021
742.000000 82.000000 0.094890 -0.257610
995.000000 82.000000 0.345371 -0.269725
1074.000000 82.000000 0.433669 -0.277062
149.000000 83.000000 -0.501293 -0.282356
274.000000 83.000000 -0.356583 -0.269444
707.000000 83.000000 0.062232 -0.256058
979.000000 83.000000 0.328213 -0.267448
682.000000 84.000000 0.039022 -0.254818
686.000000 84.000000 0.042729 -0.254852
1070.000000 84.000000 0.428812 -0.274512
151.000000 85.000000 -0.498562 -0.279925
1255.000000 85.000000 0.669146 -0.298480
382.000000 86.000000 -0.244383 -0.259150
464.000000 86.000000 -0.164394 -0.255617
681.000000 86.000000 0.038080 -0.252856
734.000000 86.000000 0.087336 -0.253536
872.000000 86.000000 0.219062 -0.257941
928.000000 86.000000 0.275058 -0.260936
1074.000000 86.000000 0.433248 -0.272801
926.000000 87.000000 0.272963 -0.259805
938.000000 87.000000 0.285213 -0.260539
1274.000000 87.000000 0.696565 -0.299209
462.000000 88.000000 -0.166240 -0.253709
140.000000 89.000000 -0.511782 -0.276930
241.000000 90.000000 -0.392278 -0.265007
715.000000 90.000000 0.069574 -0.249324
998.000000 90.000000 0.347962 -0.261699
146.000000 91.000000 -0.504035 -0.274007
1272.000000 91.000000 0.692985 -0.294227
241.000000 92.000000 -0.392098 -0.262919
462.000000 92.000000 -0.166104 -0.249764
807.000000 92.000000 0.155968 -0.249457
921.000000 92.000000 0.267600 -0.254470
496.000000 93.000000 -0.133770 -0.247759
764.000000 93.000000 0.115279 -0.247301
804.000000 93.000000 0.153080 -0.248379
1011.000000 93.000000 0.361784 -0.259641
1272.000000 93.000000 0.692669 -0.291901
391.000000 94.000000 -0.235036 -0.250692
394.000000 94.000000 -0.232069 -0.250547
767.000000 94.000000 0.118074 -0.246393
1149.000000 94.000000 0.523484 -0.272848
388.000000 95.000000 -0.237960 -0.249841
1115.000000 95.000000 0.481055 -0.267658
1234.000000 95.000000 0.637512 -0.283686
1256.000000 95.000000 0.669011 -0.287077
146.000000 96.000000 -0.503430 -0.268578
160.000000 96.000000 -0.486177 -0.266936
770.000000 96.000000 0.120846 -0.244510
1000.000000 96.000000 0.349647 -0.255681
1119.000000 96.000000 0.485823 -0.267041
1264.000000 96.000000 0.680484 -0.287169
399.000000 97.000000 -0.226995 -0.247327
879.000000 97.000000 0.225439 -0.247310
1272.000000 97.000000 0.692042 -0.287258
161.000000 98.000000 -0.484728 -0.264671
165.000000 98.000000 -0.479862 -0.264220
441.000000 98.000000 -0.186051 -0.244595
1077.000000 98.000000 0.435512 -0.260389
1254.000000 98.000000 0.665653 -0.283314
398.000000 99.000000 -0.227888 -0.245388
778.000000 99.000000 0.128301 -0.241777
1218.000000 99.000000 0.614497 -0.276757
443.000000 100.000000 -0.184052 -0.242554
776.000000 100.000000 0.126393 -0.240752
1123.000000 100.000000 0.490266 -0.263194
1236.000000 100.000000 0.639588 -0.278290
1255.000000 100.000000 0.666792 -0.281170
397.000000 101.000000 -0.228781 -0.243450
401.000000 101.000000 -0.224846 -0.243268
911.000000 101.000000 0.257034 -0.244904
61.000000 102.000000 -0.614161 -0.273199
240.000000 102.000000 -0.392336 -0.252603
1001.000000 102.000000 0.350267 -0.249605
1214.000000 102.000000 0.608528 -0.272798
856.000000 103.000000 0.202690 -0.240386
860.000000 103.000000 0.206580 -0.240547
415.000000 104.000000 -0.211014 -0.239701
918.000000 104.000000 0.263910 -0.242281
1240.000000 104.000000 0.644670 -0.274336
1255.000000 104.000000 0.666184 -0.276581
398.000000 105.000000 -0.227616 -0.239444
499.000000 105.000000 -0.130634 -0.235967
942.000000 105.000000 0.288216 -0.242626
1211.000000 105.000000 0.603971 -0.269004
1213.000000 105.000000 0.606722 -0.269286
766.000000 106.000000 0.116862 -0.234681
1241.000000 106.000000 0.645797 -0.272210
1199.000000 107.000000 0.587338 -0.265106
1235.000000 107.000000 0.637138 -0.270195
820.000000 108.000000 0.167855 -0.234191
921.000000 108.000000 0.266719 -0.238452
1003.000000 108.000000 0.351971 -0.243622
1201.000000 108.000000 0.589909 -0.264267
1217.000000 108.000000 0.611819 -0.266487
1221.000000 108.000000 0.617365 -0.267052
1225.000000 108.000000 0.622939 -0.267622
1228.000000 108.000000 0.627138 -0.268052
1265.000000 108.000000 0.680109 -0.273496
763.000000 109.000000 0.113987 -0.231707
1034.000000 109.000000 0.385721 -0.245009
1233.000000 109.000000 0.634024 -0.267643
1254.000000 109.000000 0.663992 -0.270714
289.000000 110.000000 -0.338446 -0.240609
772.000000 110.000000 0.122398 -0.230936
947.000000 110.000000 0.293047 -0.237906
1221.000000 110.000000 0.617083 -0.264806
1260.000000 110.000000 0.672532 -0.270459
189.000000 111.000000 -0.449839 -0.247889
385.000000 111.000000 -0.240169 -0.234105
400.000000 111.000000 -0.225388 -0.233436
1085.000000 111.000000 0.443564 -0.247483
1186.000000 111.000000 0.569380 -0.258945
1198.000000 111.000000 0.585446 -0.260530
1209.000000 111.000000 0.600395 -0.262020
396.000000 112.000000 -0.229273 -0.232624
775.000000 112.000000 0.125167 -0.229067
1195.000000 112.000000 0.581273 -0.259023
188.000000 113.000000 -0.450819 -0.245883
654.000000 113.000000 0.013029 -0.226578
1006.000000 113.000000 0.354834 -0.238746
1197.000000 113.000000 0.583832 -0.258181
1240.000000 113.000000 0.643356 -0.264128
1255.000000 113.000000 0.664848 -0.266299
219.000000 114.000000 -0.414914 -0.241976
250.000000 114.000000 -0.380281 -0.239407
402.000000 114.000000 -0.223299 -0.230399
929.000000 114.000000 0.274479 -0.232905
1200.000000 114.000000 0.587748 -0.257472
1227.000000 114.000000 0.624886 -0.261158
1246.000000 114.000000 0.651766 -0.263858
885.000000 115.000000 0.230537 -0.229785
1181.000000 115.000000 0.562250 -0.253908
128.000000 116.000000 -0.523649 -0.249072
374.000000 116.000000 -0.250852 -0.229682
826.000000 116.000000 0.173330 -0.226585
892.000000 116.000000 0.237394 -0.229110
992.000000 116.000000 0.339644 -0.234716
1088.000000 116.000000 0.446596 -0.242524
1003.000000 117.000000 0.351322 -0.234465
1194.000000 117.000000 0.579277 -0.253372
1207.000000 117.000000 0.596852 -0.255077
1218.000000 117.000000 0.611955 -0.256558
1232.000000 117.000000 0.631480 -0.258487
1262.000000 117.000000 0.674414 -0.262756
371.000000 118.000000 -0.253746 -0.227850
394.000000 118.000000 -0.230980 -0.226809
530.000000 118.000000 -0.101348 -0.222732
898.000000 118.000000 0.243241 -0.227412
906.000000 118.000000 0.251189 -0.227784
986.000000 118.000000 0.333151 -0.232294
1201.000000 118.000000 0.588573 -0.253178
1213.000000 118.000000 0.604929 -0.254768
1221.000000 118.000000 0.615974 -0.255850
1273.000000 118.000000 0.690353 -0.263206
329.000000 119.000000 -0.296149 -0.229047
912.000000 119.000000 0.257127 -0.227084
918.000000 119.000000 0.263136 -0.227379
1010.000000 119.000000 0.358713 -0.232933
1158.000000 119.000000 0.531907 -0.246758
1223.000000 119.000000 0.618616 -0.255006
1225.000000 119.000000 0.621401 -0.255279
1228.000000 119.000000 0.625591 -0.255690
173.000000 120.000000 -0.467909 -0.239988
755.000000 120.000000 0.106295 -0.220927
818.000000 120.000000 0.165579 -0.222454
824.000000 120.000000 0.171295 -0.222636
1171.000000 120.000000 0.548542 -0.247216
1188.000000 120.000000 0.570885 -0.249309
1219.000000 120.000000 0.612932 -0.253349
323.000000 121.000000 -0.302202 -0.227395
474.000000 121.000000 -0.153809 -0.221099
1213.000000 121.000000 0.604529 -0.251435
1221.000000 121.000000 0.615568 -0.252504
1230.000000 121.000000 0.628119 -0.253724
984.000000 122.000000 0.330780 -0.228136
1177.000000 122.000000 0.556127 -0.245765
1252.000000 122.000000 0.659235 -0.255651
1266.000000 122.000000 0.679525 -0.257630
1276.000000 122.000000 0.694193 -0.259057
333.000000 123.000000 -0.291831 -0.224842
1175.000000 123.000000 0.553392 -0.244435
1193.000000 123.000000 0.577173 -0.246647
1196.000000 123.000000 0.581192 -0.247025
1202.000000 123.000000 0.589277 -0.247789
1255.000000 123.000000 0.663417 -0.254940
1161.000000 124.000000 0.535166 -0.241706
1167.000000 124.000000 0.542885 -0.242402
1211.000000 124.000000 0.601394 -0.247848
1214.000000 124.000000 0.605507 -0.248240
1225.000000 124.000000 0.620724 -0.249696
195.000000 125.000000 -0.441511 -0.232677
261.000000 125.000000 -0.367441 -0.227363
381.000000 125.000000 -0.243495 -0.220503
1196.000000 125.000000 0.580940 -0.244828
1248.000000 125.000000 0.653076 -0.251706
1254.000000 125.000000 0.661695 -0.252537
187.000000 126.000000 -0.450763 -0.232362
1193.000000 126.000000 0.576799 -0.243358
1202.000000 126.000000 0.588895 -0.244485
1209.000000 126.000000 0.598402 -0.245378
1275.000000 126.000000 0.692152 -0.254342
327.000000 127.000000 -0.297754 -0.221197
1015.000000 127.000000 0.363549 -0.225174
1165.000000 127.000000 0.539959 -0.238929
1167.000000 127.000000 0.542536 -0.239159
1214.000000 127.000000 0.605117 -0.244917
1218.000000 127.000000 0.610623 -0.245437
1267.000000 127.000000 0.680281 -0.252082
1272.000000 127.000000 0.687602 -0.252781
769.000000 128.000000 0.119202 -0.213516
1197.000000 128.000000 0.581908 -0.241663
1158.000000 130.000000 0.530654 -0.234910
1196.000000 130.000000 0.580320 -0.239349
1229.000000 130.000000 0.625512 -0.243544
1234.000000 130.000000 0.632526 -0.244203
95.000000 131.000000 -0.564476 -0.236690
566.000000 131.000000 -0.067817 -0.209759
701.000000 131.000000 0.056151 -0.209641
1180.000000 131.000000 0.558985 -0.236341
317.000000 132.000000 -0.307766 -0.216786
482.000000 132.000000 -0.145973 -0.210291
1128.000000 132.000000 0.492955 -0.229608
1168.000000 132.000000 0.543256 -0.233879
1174.000000 132.000000 0.551031 -0.234563
1188.000000 132.000000 0.569416 -0.236200
1217.000000 132.000000 0.608600 -0.239774
146.000000 133.000000 -0.499347 -0.228965
563.000000 133.000000 -0.070560 -0.207887
1155.000000 133.000000 0.526511 -0.231366
1259.000000 133.000000 0.667820 -0.244188
130.000000 134.000000 -0.519139 -0.229556
143.000000 134.000000 -0.502945 -0.228210
569.000000 134.000000 -0.065019 -0.206868
1142.000000 134.000000 0.510056 -0.228920
1174.000000 134.000000 0.550802 -0.232403
1204.000000 134.000000 0.590604 -0.235950
1234.000000 134.000000 0.632001 -0.239745
1250.000000 134.000000 0.654720 -0.241854
132.000000 135.000000 -0.516526 -0.228281
146.000000 135.000000 -0.499146 -0.226850
491.000000 135.000000 -0.137442 -0.207201
678.000000 135.000000 0.034984 -0.205661
697.000000 135.000000 0.052435 -0.205798
754.000000 135.000000 0.105094 -0.206534
1263.000000 135.000000 0.673354 -0.242470
247.000000 136.000000 -0.381930 -0.217209
318.000000 136.000000 -0.306514 -0.212763
379.000000 136.000000 -0.244999 -0.209827
480.000000 136.000000 -0.147759 -0.206501
561.000000 136.000000 -0.072370 -0.205053
1206.000000 136.000000 0.593068 -0.234002
1214.000000 136.000000 0.603976 -0.234987
1260.000000 136.000000 0.668865 -0.240940
121.000000 137.000000 -0.530188 -0.227310
497.000000 137.000000 -0.131774 -0.205155
989.000000 137.000000 0.335116 -0.213418
1190.000000 137.000000 0.571479 -0.231000
453.000000 138.000000 -0.173258 -0.205293
597.000000 138.000000 -0.039248 -0.202833
599.000000 138.000000 -0.037414 -0.202821
1125.000000 138.000000 0.488696 -0.222987
1183.000000 138.000000 0.562115 -0.229107
1221.000000 138.000000 0.613363 -0.233655
86.000000 139.000000 -0.575445 -0.229055
475.000000 140.000000 -0.152373 -0.202790
930.000000 140.000000 0.274182 -0.207279
996.000000 140.000000 0.342338 -0.210849
1099.000000 140.000000 0.457329 -0.218496
1195.000000 140.000000 0.577786 -0.228324
1201.000000 140.000000 0.585831 -0.229029
967.000000 141.000000 0.311899 -0.208174
1147.000000 141.000000 0.515585 -0.222004
1167.000000 141.000000 0.540973 -0.224101
1208.000000 141.000000 0.595179 -0.228770
1210.000000 141.000000 0.597899 -0.229010
68.000000 142.000000 -0.599300 -0.227902
1101.000000 142.000000 0.459516 -0.216596
1157.000000 142.000000 0.528091 -0.221972
1180.000000 142.000000 0.557729 -0.224451
1274.000000 142.000000 0.688500 -0.236026
75.000000 143.000000 -0.589703 -0.225984
1151.000000 143.000000 0.520404 -0.220289
1168.000000 143.000000 0.542045 -0.222067
1245.000000 143.000000 0.646405 -0.231140
70.000000 144.000000 -0.596346 -0.225480
1145.000000 144.000000 0.512781 -0.218624
1212.000000 144.000000 0.600267 -0.225966
1261.000000 144.000000 0.669262 -0.232075
261.000000 145.000000 -0.366079 -0.207185
1096.000000 145.000000 0.453364 -0.213055
1169.000000 145.000000 0.543119 -0.220034
1202.000000 145.000000 0.586592 -0.223701
1220.000000 145.000000 0.611123 -0.225828
1244.000000 145.000000 0.644729 -0.228787
1248.000000 145.000000 0.650428 -0.229292
1268.000000 145.000000 0.679318 -0.231857
1275.000000 145.000000 0.689577 -0.232766
1126.000000 146.000000 0.489155 -0.214687
1147.000000 146.000000 0.515082 -0.216708
1211.000000 146.000000 0.598667 -0.223661
1224.000000 146.000000 0.616532 -0.225212
67.000000 147.000000 -0.600071 -0.222556
127.000000 147.000000 -0.521575 -0.216056
129.000000 147.000000 -0.519064 -0.215857
1106.000000 147.000000 0.465005 -0.211844
1162.000000 147.000000 0.533934 -0.217166
1216.000000 147.000000 0.605384 -0.223158
108.000000 148.000000 -0.545655 -0.216935
153.000000 148.000000 -0.489337 -0.212514
1097.000000 148.000000 0.454285 -0.210040
1157.000000 148.000000 0.527474 -0.215592
1178.000000 148.000000 0.554461 -0.217782
1236.000000 148.000000 0.633045 -0.224468
131.000000 149.000000 -0.516363 -0.213546
1105.000000 149.000000 0.463645 -0.209685
1142.000000 149.000000 0.508554 -0.213053
1163.000000 149.000000 0.535005 -0.215140
1167.000000 149.000000 0.540127 -0.215552
1170.000000 149.000000 0.543986 -0.215865
1172.000000 149.000000 0.546568 -0.216074
1226.000000 149.000000 0.618946 -0.222155
1234.000000 149.000000 0.630113 -0.223119
1250.000000 149.000000 0.652784 -0.225089
1256.000000 149.000000 0.661399 -0.225840
1268.000000 149.000000 0.678804 -0.227358
354.000000 150.000000 -0.269266 -0.197248
1094.000000 150.000000 0.450600 -0.207727
1110.000000 150.000000 0.469507 -0.209080
1121.000000 150.000000 0.482721 -0.210051
1155.000000 150.000000 0.524742 -0.213270
1192.000000 150.000000 0.572657 -0.217154
1259.000000 150.000000 0.665603 -0.225100
145.000000 151.000000 -0.498833 -0.210112
1078.000000 151.000000 0.431967 -0.205422
1112.000000 151.000000 0.471809 -0.208216
1138.000000 151.000000 0.503408 -0.210568
1157.000000 151.000000 0.527172 -0.212410
1163.000000 151.000000 0.534801 -0.213013
1178.000000 151.000000 0.554142 -0.214567
1190.000000 151.000000 0.569896 -0.215856
1254.000000 151.000000 0.658271 -0.223360
1261.000000 151.000000 0.668371 -0.224233
420.000000 152.000000 -0.204421 -0.192836
1096.000000 152.000000 0.452779 -0.205831
1145.000000 152.000000 0.511999 -0.210182
1180.000000 152.000000 0.556644 -0.213708
1225.000000 152.000000 0.617202 -0.218743
1150.000000 153.000000 0.518154 -0.209608
1157.000000 153.000000 0.526974 -0.210292
1168.000000 153.000000 0.541000 -0.211394
1212.000000 153.000000 0.599219 -0.216145
1218.000000 153.000000 0.607427 -0.216833
1245.000000 153.000000 0.645162 -0.220033
96.000000 154.000000 -0.560603 -0.211776
1064.000000 154.000000 0.415787 -0.201311
1118.000000 154.000000 0.478747 -0.205623
1123.000000 154.000000 0.484785 -0.206062
1192.000000 154.000000 0.572220 -0.212842
1209.000000 154.000000 0.595026 -0.214718
415.000000 155.000000 -0.209147 -0.190116
425.000000 155.000000 -0.199518 -0.189803
1066.000000 155.000000 0.417978 -0.200441
1075.000000 155.000000 0.428222 -0.201108
1100.000000 155.000000 0.457234 -0.203069
1120.000000 155.000000 0.481070 -0.204758
1150.000000 155.000000 0.517962 -0.207500
1184.000000 155.000000 0.561562 -0.210915
1261.000000 155.000000 0.667875 -0.219765
1072.000000 156.000000 0.424722 -0.199865
1172.000000 156.000000 0.545845 -0.208607
1243.000000 156.000000 0.641962 -0.216474
1252.000000 156.000000 0.654788 -0.217555
489.000000 157.000000 -0.138842 -0.186277
1058.000000 157.000000 0.408814 -0.197841
1080.000000 157.000000 0.433806 -0.199445
1145.000000 157.000000 0.511526 -0.204924
1191.000000 157.000000 0.570574 -0.209509
1235.000000 157.000000 0.630562 -0.214426
1239.000000 157.000000 0.636188 -0.214896
1270.000000 157.000000 0.680725 -0.218636
380.000000 158.000000 -0.243141 -0.188440
820.000000 158.000000 0.166440 -0.186017
1066.000000 158.000000 0.417761 -0.197396
1171.000000 158.000000 0.544355 -0.206379
1216.000000 158.000000 0.604116 -0.211156
1253.000000 158.000000 0.655981 -0.215456
434.000000 159.000000 -0.190777 -0.185713
851.000000 159.000000 0.195931 -0.185903
1069.000000 159.000000 0.421090 -0.196597
1076.000000 159.000000 0.429068 -0.197107
1128.000000 159.000000 0.490416 -0.201297
1140.000000 159.000000 0.505139 -0.202367
1155.000000 159.000000 0.523866 -0.203761
1165.000000 159.000000 0.536558 -0.204725
1226.000000 159.000000 0.617778 -0.211195
519.000000 160.000000 -0.110853 -0.182894
1160.000000 160.000000 0.530095 -0.203183
160.000000 161.000000 -0.479736 -0.198378
850.000000 161.000000 0.194914 -0.183963
1098.000000 161.000000 0.454402 -0.196740
1104.000000 161.000000 0.461466 -0.197216
1126.000000 161.000000 0.487811 -0.199044
1128.000000 161.000000 0.490242 -0.199217
1133.000000 161.000000 0.496347 -0.199653
852.000000 162.000000 0.196802 -0.183066
1180.000000 162.000000 0.555613 -0.203024
1192.000000 162.000000 0.571374 -0.204248
1196.000000 162.000000 0.576685 -0.204664
72.000000 163.000000 -0.591516 -0.204637
77.000000 163.000000 -0.584799 -0.204108
134.000000 163.000000 -0.511314 -0.198553
160.000000 163.000000 -0.479569 -0.196309
858.000000 163.000000 0.202534 -0.182288
1126.000000 163.000000 0.487640 -0.196968
107.000000 164.000000 -0.545331 -0.200016
120.000000 164.000000 -0.528758 -0.198783
1087.000000 164.000000 0.441355 -0.192830
1152.000000 164.000000 0.519627 -0.198222
1180.000000 164.000000 0.555413 -0.200895
1209.000000 164.000000 0.593929 -0.203885
1221.000000 164.000000 0.610312 -0.205185
1224.000000 164.000000 0.614449 -0.205516
1227.000000 164.000000 0.618602 -0.205848
536.000000 165.000000 -0.095061 -0.177935
1073.000000 165.000000 0.425210 -0.190797
1119.000000 165.000000 0.479018 -0.194311
1141.000000 165.000000 0.505838 -0.196186
1200.000000 165.000000 0.581710 -0.201858
1231.000000 165.000000 0.624053 -0.205202
1238.000000 165.000000 0.633856 -0.205988
1247.000000 165.000000 0.646588 -0.207013
433.000000 166.000000 -0.191537 -0.179067
1035.000000 166.000000 0.382736 -0.187281
1066.000000 166.000000 0.417199 -0.189297
1079.000000 166.000000 0.431994 -0.190209
1123.000000 166.000000 0.483756 -0.193608
1133.000000 166.000000 0.495913 -0.194450
1152.000000 166.000000 0.519444 -0.196123
1087.000000 167.000000 0.441134 -0.189773
1221.000000 167.000000 0.609985 -0.201926
1233.000000 167.000000 0.626622 -0.203239
1237.000000 167.000000 0.632226 -0.203684
1243.000000 167.000000 0.640685 -0.204357
1249.000000 167.000000 0.649208 -0.205038
1271.000000 167.000000 0.680987 -0.207583
154.000000 168.000000 -0.486387 -0.191634
1097.000000 168.000000 0.452692 -0.189496
1145.000000 168.000000 0.510531 -0.193406
1165.000000 168.000000 0.535699 -0.195215
1194.000000 168.000000 0.573411 -0.198027
1224.000000 168.000000 0.614011 -0.201164
1073.000000 169.000000 0.424930 -0.186747
1100.000000 169.000000 0.456132 -0.188700
1136.000000 169.000000 0.499333 -0.191588
1189.000000 169.000000 0.566703 -0.196460
1253.000000 169.000000 0.654697 -0.203287
129.000000 170.000000 -0.516915 -0.191677
133.000000 170.000000 -0.511938 -0.191329
135.000000 170.000000 -0.509459 -0.191156
1009.000000 170.000000 0.354421 -0.181798
1034.000000 170.000000 0.381400 -0.183230
1216.000000 170.000000 0.602812 -0.198143
1271.000000 170.000000 0.680638 -0.204241
321.000000 171.000000 -0.301705 -0.178261
1086.000000 171.000000 0.439689 -0.185632
1100.000000 171.000000 0.455981 -0.186655
1124.000000 171.000000 0.484555 -0.188522
1136.000000 171.000000 0.499164 -0.189511
1186.000000 171.000000 0.562566 -0.194036
1246.000000 171.000000 0.644490 -0.200301
1067.000000 172.000000 0.417923 -0.183311
1096.000000 172.000000 0.451225 -0.185338
1120.000000 172.000000 0.479654 -0.187171
1168.000000 172.000000 0.539160 -0.191277
1036.000000 173.000000 0.383407 -0.180360
1086.000000 173.000000 0.439547 -0.183602
1109.000000 173.000000 0.466445 -0.185288
1126.000000 173.000000 0.486813 -0.186619
1134.000000 173.000000 0.496548 -0.187270
1266.000000 173.000000 0.673005 -0.200337
1270.000000 173.000000 0.678833 -0.200790
1090.000000 174.000000 0.444102 -0.182870
1094.000000 174.000000 0.448748 -0.183156
1144.000000 174.000000 0.508773 -0.187067
1148.000000 174.000000 0.513741 -0.187407
1237.000000 174.000000 0.631459 -0.196034
124.000000 175.000000 -0.522734 -0.186888
137.000000 175.000000 -0.506565 -0.185786
318.000000 175.000000 -0.304594 -0.174503
1024.000000 175.000000 0.370247 -0.177681
1099.000000 175.000000 0.454514 -0.182500
1120.000000 175.000000 0.479418 -0.184083
1169.000000 175.000000 0.540167 -0.188209
1262.000000 175.000000 0.666979 -0.197674
132.000000 176.000000 -0.512667 -0.185164
135.000000 176.000000 -0.508951 -0.184914
892.000000 176.000000 0.235074 -0.170927
1014.000000 176.000000 0.359438 -0.176143
1068.000000 176.000000 0.418790 -0.179349
1162.000000 176.000000 0.531159 -0.186533
1182.000000 176.000000 0.556862 -0.188349
1231.000000 176.000000 0.622861 -0.193219
462.000000 177.000000 -0.163763 -0.167931
1086.000000 177.000000 0.439268 -0.179546
1139.000000 177.000000 0.502352 -0.183536
1145.000000 177.000000 0.509761 -0.184031
1226.000000 177.000000 0.615822 -0.191613
101.000000 178.000000 -0.551755 -0.185777
118.000000 178.000000 -0.530029 -0.184270
436.000000 178.000000 -0.188361 -0.167595
1017.000000 178.000000 0.362545 -0.174329
1026.000000 178.000000 0.372242 -0.174821
1053.000000 178.000000 0.401851 -0.176396
1066.000000 178.000000 0.416403 -0.177209
1079.000000 178.000000 0.431163 -0.178060
1135.000000 178.000000 0.497364 -0.182176
1157.000000 178.000000 0.524667 -0.184005
1160.000000 178.000000 0.528452 -0.184264
1181.000000 178.000000 0.555375 -0.186140
1263.000000 178.000000 0.668095 -0.194471
138.000000 179.000000 -0.505004 -0.181555
798.000000 179.000000 0.145288 -0.165670
1009.000000 179.000000 0.353942 -0.172921
1155.000000 179.000000 0.522067 -0.182790
1187.000000 179.000000 0.563116 -0.185636
1225.000000 179.000000 0.614235 -0.189346
1227.000000 179.000000 0.616999 -0.189550
1238.000000 179.000000 0.632331 -0.190691
1037.000000 180.000000 0.384093 -0.173457
1055.000000 180.000000 0.403954 -0.174519
1071.000000 180.000000 0.421925 -0.175520
1092.000000 180.000000 0.446000 -0.176920
1120.000000 180.000000 0.479034 -0.178946
1128.000000 180.000000 0.488682 -0.179559
1191.000000 180.000000 0.568280 -0.184948
1242.000000 180.000000 0.637856 -0.190020
1250.000000 180.000000 0.649201 -0.190866
461.000000 181.000000 -0.164619 -0.164181
1224.000000 181.000000 0.612653 -0.187084
131.000000 182.000000 -0.513413 -0.179012
793.000000 182.000000 0.140560 -0.162758
1048.000000 182.000000 0.396069 -0.172105
1085.000000 182.000000 0.437777 -0.174421
1175.000000 182.000000 0.547247 -0.181380
1184.000000 182.000000 0.558917 -0.182186
1201.000000 182.000000 0.581356 -0.183762
1220.000000 182.000000 0.607057 -0.185605
1245.000000 182.000000 0.641887 -0.188152
1261.000000 182.000000 0.664769 -0.189844
809.000000 183.000000 0.155516 -0.162124
993.000000 183.000000 0.336833 -0.168201
1037.000000 183.000000 0.383924 -0.170480
1096.000000 183.000000 0.450444 -0.174153
1187.000000 183.000000 0.562748 -0.181401
1223.000000 183.000000 0.611077 -0.184826
1239.000000 183.000000 0.633321 -0.186442
1242.000000 183.000000 0.637543 -0.186751
95.000000 184.000000 -0.558998 -0.179986
101.000000 184.000000 -0.551220 -0.179456
1029.000000 184.000000 0.375162 -0.169049
1142.000000 184.000000 0.505483 -0.176529
1166.000000 184.000000 0.535547 -0.178501
1171.000000 184.000000 0.541932 -0.178930
1176.000000 184.000000 0.548360 -0.179365
1192.000000 184.000000 0.569228 -0.180797
88.000000 185.000000 -0.568062 -0.179556
792.000000 185.000000 0.139574 -0.159925
795.000000 185.000000 0.142373 -0.159979
1202.000000 185.000000 0.582409 -0.180659
1209.000000 185.000000 0.591809 -0.181319
1232.000000 185.000000 0.623330 -0.183563
1240.000000 185.000000 0.634522 -0.184370
1252.000000 185.000000 0.651528 -0.185603
117.000000 186.000000 -0.530615 -0.175999
1130.000000 186.000000 0.490649 -0.173540
1166.000000 186.000000 0.535377 -0.176409
1206.000000 186.000000 0.587676 -0.179967
453.000000 187.000000 -0.172033 -0.158703
601.000000 187.000000 -0.035339 -0.156819
1018.000000 187.000000 0.363146 -0.165512
1088.000000 187.000000 0.440903 -0.169571
1172.000000 187.000000 0.542957 -0.175870
1178.000000 187.000000 0.550682 -0.176385
1197.000000 187.000000 0.575567 -0.178072
1236.000000 187.000000 0.628711 -0.181796
1263.000000 187.000000 0.667132 -0.184554
465.000000 188.000000 -0.160712 -0.157514
624.000000 188.000000 -0.014404 -0.155823
936.000000 188.000000 0.278196 -0.160957
1101.000000 188.000000 0.455942 -0.169424
1113.000000 188.000000 0.470092 -0.170253
1119.000000 188.000000 0.477245 -0.170680
1122.000000 188.000000 0.480842 -0.170897
1184.000000 188.000000 0.558383 -0.175854
1221.000000 188.000000 0.607842 -0.179250
1127.000000 189.000000 0.486792 -0.170238
1159.000000 189.000000 0.526268 -0.172703
100.000000 190.000000 -0.551994 -0.173237
174.000000 190.000000 -0.460916 -0.167612
193.000000 190.000000 -0.438848 -0.166369
457.000000 190.000000 -0.168197 -0.155798
509.000000 190.000000 -0.119659 -0.154885
786.000000 190.000000 0.133900 -0.155140
936.000000 190.000000 0.278123 -0.159036
1146.000000 190.000000 0.509955 -0.170638
1169.000000 190.000000 0.538867 -0.172479
1180.000000 190.000000 0.553013 -0.173404
1194.000000 190.000000 0.571326 -0.174623
1196.000000 190.000000 0.573971 -0.174800
1205.000000 190.000000 0.585963 -0.175613
1254.000000 190.000000 0.653874 -0.180341
195.000000 191.000000 -0.436491 -0.165237
1043.000000 191.000000 0.390053 -0.162883
1070.000000 191.000000 0.420111 -0.164426
1124.000000 191.000000 0.483030 -0.167972
1192.000000 191.000000 0.568600 -0.173389
1207.000000 191.000000 0.588557 -0.174730
102.000000 192.000000 -0.549247 -0.170972
1082.000000 192.000000 0.433692 -0.164155
1161.000000 192.000000 0.528549 -0.169743
1205.000000 192.000000 0.585782 -0.173485
1210.000000 192.000000 0.592506 -0.173939
1212.000000 192.000000 0.595209 -0.174122
1235.000000 192.000000 0.626823 -0.176288
1247.000000 192.000000 0.643704 -0.177461
1265.000000 192.000000 0.669513 -0.179266
1272.000000 192.000000 0.679701 -0.179980
768.000000 193.000000 0.117158 -0.152065
1044.000000 193.000000 0.391042 -0.160957
1122.000000 193.000000 0.480484 -0.165787
1164.000000 193.000000 0.532263 -0.168943
1181.000000 193.000000 0.554054 -0.170338
772.000000 194.000000 0.120845 -0.151189
1095.000000 194.000000 0.448551 -0.162960
1107.000000 194.000000 0.462584 -0.163743
1113.000000 194.000000 0.469677 -0.164146
1120.000000 194.000000 0.478018 -0.164627
1139.000000 194.000000 0.501030 -0.165986
1176.000000 194.000000 0.547511 -0.168873
1191.000000 194.000000 0.567024 -0.170135
1206.000000 194.000000 0.586943 -0.171448
1214.000000 194.000000 0.597736 -0.172170
1236.000000 194.000000 0.628027 -0.174224
1265.000000 194.000000 0.669311 -0.177070
127.000000 195.000000 -0.517363 -0.165863
472.000000 195.000000 -0.154013 -0.150818
991.000000 195.000000 0.334190 -0.156410
1035.000000 195.000000 0.381097 -0.158506
1041.000000 195.000000 0.387646 -0.158819
1053.000000 195.000000 0.400863 -0.159465
1056.000000 195.000000 0.404193 -0.159631
1098.000000 195.000000 0.451976 -0.162143
1102.000000 195.000000 0.456647 -0.162402
1162.000000 195.000000 0.529574 -0.166704
1232.000000 195.000000 0.622358 -0.172765
1275.000000 195.000000 0.683787 -0.176977
100.000000 196.000000 -0.551495 -0.166948
298.000000 196.000000 -0.324277 -0.154983
1111.000000 196.000000 0.467173 -0.161981
1138.000000 196.000000 0.499659 -0.163858
1172.000000 196.000000 0.542212 -0.166457
1234.000000 196.000000 0.625047 -0.171876
1253.000000 196.000000 0.651849 -0.173696
1255.000000 196.000000 0.654708 -0.173891
1266.000000 196.000000 0.670561 -0.174975
186.000000 197.000000 -0.446477 -0.159763
473.000000 197.000000 -0.153041 -0.148929
767.000000 197.000000 0.116178 -0.148324
1152.000000 197.000000 0.516873 -0.163863
1179.000000 197.000000 0.551134 -0.165979
1183.000000 197.000000 0.556317 -0.166306
1186.000000 197.000000 0.560223 -0.166555
1202.000000 197.000000 0.581329 -0.167913
1237.000000 197.000000 0.629140 -0.171079
1259.000000 197.000000 0.660350 -0.173191
1276.000000 197.000000 0.685053 -0.174872
106.000000 198.000000 -0.543627 -0.164376
109.000000 198.000000 -0.539797 -0.164140
1039.000000 198.000000 0.385303 -0.155754
1227.000000 198.000000 0.615156 -0.169076
1233.000000 198.000000 0.623468 -0.169628
1268.000000 198.000000 0.673268 -0.172979
1032.000000 199.000000 0.377635 -0.154415
1132.000000 199.000000 0.492132 -0.160356
1138.000000 199.000000 0.499443 -0.160779
1262.000000 199.000000 0.664478 -0.171298
108.000000 200.000000 -0.540915 -0.162136
1034.000000 200.000000 0.379756 -0.153531
1038.000000 200.000000 0.384110 -0.153731
1092.000000 200.000000 0.444701 -0.156731
1105.000000 200.000000 0.459842 -0.157540
1160.000000 200.000000 0.526667 -0.161363
1212.000000 200.000000 0.594493 -0.165599
1248.000000 200.000000 0.644350 -0.168870
1125.000000 201.000000 0.483537 -0.157834
1176.000000 201.000000 0.546947 -0.161557
1257.000000 201.000000 0.657092 -0.168635
1101.000000 202.000000 0.455034 -0.155270
1138.000000 202.000000 0.499232 -0.157704
1142.000000 202.000000 0.504134 -0.157985
1172.000000 202.000000 0.541739 -0.160203
1049.000000 203.000000 0.396017 -0.151333
1112.000000 203.000000 0.467900 -0.154951
1119.000000 203.000000 0.476217 -0.155402
1134.000000 203.000000 0.494285 -0.156404
1182.000000 203.000000 0.554535 -0.159941
1220.000000 203.000000 0.605100 -0.163101
1250.000000 203.000000 0.646909 -0.165804
975.000000 204.000000 0.317217 -0.147033
1045.000000 204.000000 0.391566 -0.150142
1176.000000 204.000000 0.546713 -0.158429
1052.000000 205.000000 0.399225 -0.149511
1117.000000 205.000000 0.473705 -0.153244
1130.000000 205.000000 0.489299 -0.154093
1214.000000 205.000000 0.596768 -0.160456
1217.000000 205.000000 0.600839 -0.160712
1220.000000 205.000000 0.604927 -0.160969
1229.000000 205.000000 0.617290 -0.161751
458.000000 206.000000 -0.166943 -0.140791
1092.000000 206.000000 0.444343 -0.150708
1144.000000 206.000000 0.506315 -0.154021
1205.000000 206.000000 0.584574 -0.158644
1258.000000 206.000000 0.658058 -0.163286
1094.000000 207.000000 0.446596 -0.149822
1117.000000 207.000000 0.473578 -0.151218
1142.000000 207.000000 0.503787 -0.152859
1174.000000 207.000000 0.543918 -0.155153
1202.000000 207.000000 0.580489 -0.157343
1209.000000 207.000000 0.589855 -0.157917
1211.000000 207.000000 0.592547 -0.158082
1228.000000 207.000000 0.615735 -0.159524
1261.000000 207.000000 0.662280 -0.162475
1047.000000 208.000000 0.393564 -0.146300
1105.000000 208.000000 0.459347 -0.149469
1130.000000 208.000000 0.489102 -0.151037
1183.000000 208.000000 0.555443 -0.154794
1220.000000 208.000000 0.604671 -0.157774
483.000000 209.000000 -0.143508 -0.137571
489.000000 209.000000 -0.137927 -0.137480
1075.000000 209.000000 0.424739 -0.146756
1083.000000 209.000000 0.433836 -0.147194
1137.000000 209.000000 0.497534 -0.150477
1152.000000 209.000000 0.516005 -0.151495
1181.000000 209.000000 0.552777 -0.153599
1232.000000 209.000000 0.621096 -0.157729
1102.000000 210.000000 0.455719 -0.147278
1132.000000 210.000000 0.491392 -0.149130
1164.000000 210.000000 0.530975 -0.151310
1183.000000 210.000000 0.555291 -0.152707
1189.000000 210.000000 0.563101 -0.153164
1192.000000 210.000000 0.567031 -0.153396
1216.000000 210.000000 0.599061 -0.155315
1247.000000 210.000000 0.642021 -0.157961
1262.000000 210.000000 0.663447 -0.159300
1265.000000 210.000000 0.667781 -0.159572
1268.000000 210.000000 0.672130 -0.159845
176.000000 211.000000 -0.457253 -0.146286
1073.000000 211.000000 0.422371 -0.144661
1116.000000 211.000000 0.472141 -0.147109
1136.000000 211.000000 0.496184 -0.148371
1256.000000 211.000000 0.654739 -0.157676
1113.000000 212.000000 0.468526 -0.145917
1120.000000 212.000000 0.476840 -0.146343
1151.000000 212.000000 0.514557 -0.148345
1153.000000 212.000000 0.517043 -0.148481
1181.000000 212.000000 0.552552 -0.150473
1192.000000 212.000000 0.566877 -0.151300
1206.000000 212.000000 0.585426 -0.152390
1212.000000 212.000000 0.593487 -0.152869
1218.000000 212.000000 0.601614 -0.153356
1248.000000 212.000000 0.643262 -0.155890
1133.000000 213.000000 0.492411 -0.146141
1161.000000 213.000000 0.526982 -0.148002
1171.000000 213.000000 0.539644 -0.148706
1197.000000 213.000000 0.573383 -0.150635
1221.000000 213.000000 0.605621 -0.152539
1046.000000 214.000000 0.392176 -0.140349
1089.000000 214.000000 0.440435 -0.142534
1110.000000 214.000000 0.464866 -0.143723
1180.000000 214.000000 0.551114 -0.148318
1188.000000 214.000000 0.561493 -0.148907
1190.000000 214.000000 0.564105 -0.149057
1248.000000 214.000000 0.643089 -0.153733
799.000000 215.000000 0.145605 -0.132048
1146.000000 215.000000 0.508173 -0.144939
1221.000000 215.000000 0.605459 -0.150414
1096.000000 216.000000 0.448400 -0.140919
1130.000000 216.000000 0.488594 -0.142904
1195.000000 216.000000 0.570518 -0.147339
1219.000000 216.000000 0.602652 -0.149193
1165.000000 217.000000 0.531749 -0.144153
1179.000000 217.000000 0.549609 -0.145128
1184.000000 217.000000 0.556070 -0.145486
1222.000000 217.000000 0.606664 -0.148370
1250.000000 217.000000 0.645668 -0.150669
1146.000000 218.000000 0.507979 -0.141872
1162.000000 218.000000 0.527899 -0.142920
1237.000000 218.000000 0.627294 -0.148515
600.000000 219.000000 -0.036124 -0.127249
1169.000000 219.000000 0.536680 -0.142362
1207.000000 219.000000 0.586222 -0.145092
1271.000000 219.000000 0.675695 -0.150294
1097.000000 220.000000 0.449341 -0.136974
1163.000000 220.000000 0.529024 -0.140929
1189.000000 220.000000 0.562359 -0.142721
1234.000000 220.000000 0.622957 -0.146135
1241.000000 220.000000 0.632725 -0.146699
174.000000 221.000000 -0.459024 -0.136364
1038.000000 221.000000 0.383124 -0.133126
1125.000000 221.000000 0.482279 -0.137539
1132.000000 222.000000 0.490647 -0.136939
1178.000000 222.000000 0.547974 -0.139873
1189.000000 222.000000 0.562217 -0.140637
1193.000000 222.000000 0.567451 -0.140920
1201.000000 222.000000 0.578005 -0.141496
1266.000000 222.000000 0.668180 -0.146606
1276.000000 222.000000 0.682742 -0.147449
995.000000 223.000000 0.337243 -0.129469
1091.000000 223.000000 0.442256 -0.133665
1138.000000 223.000000 0.497869 -0.136282
1231.000000 223.000000 0.618564 -0.142700
170.000000 224.000000 -0.463545 -0.133574
302.000000 224.000000 -0.319093 -0.127854
933.000000 224.000000 0.274027 -0.126510
1108.000000 224.000000 0.461951 -0.133563
1186.000000 224.000000 0.558173 -0.138347
1190.000000 224.000000 0.563383 -0.138624
1192.000000 224.000000 0.565999 -0.138763
297.000000 225.000000 -0.324211 -0.127064
1112.000000 225.000000 0.466601 -0.132776
1148.000000 225.000000 0.510007 -0.134852
1178.000000 225.000000 0.547771 -0.136768
170.000000 226.000000 -0.463437 -0.131570
1086.000000 226.000000 0.436372 -0.130429
1100.000000 226.000000 0.452505 -0.131138
1127.000000 226.000000 0.484390 -0.132602
1184.000000 226.000000 0.555443 -0.136134
1077.000000 227.000000 0.426088 -0.129002
1080.000000 227.000000 0.429488 -0.129145
1134.000000 227.000000 0.492775 -0.131990
1197.000000 227.000000 0.572360 -0.135982
1221.000000 227.000000 0.604533 -0.137700
1251.000000 227.000000 0.646271 -0.139988
1140.000000 228.000000 0.500012 -0.131323
1194.000000 228.000000 0.568345 -0.134733
1260.000000 228.000000 0.659041 -0.139621
1113.000000 229.000000 0.467566 -0.128816
1117.000000 229.000000 0.472295 -0.129029
1129.000000 229.000000 0.486626 -0.129684
1154.000000 229.000000 0.517194 -0.131133
1200.000000 229.000000 0.576184 -0.134101
1230.000000 229.000000 0.616727 -0.136246
1263.000000 229.000000 0.663278 -0.138779
1077.000000 230.000000 0.425947 -0.126035
1125.000000 230.000000 0.481770 -0.128455
1177.000000 230.000000 0.546161 -0.131535
1188.000000 230.000000 0.560368 -0.132250
1219.000000 230.000000 0.601593 -0.134386
1226.000000 230.000000 0.611150 -0.134892
256.000000 231.000000 -0.367054 -0.122755
1116.000000 231.000000 0.471005 -0.126968
1147.000000 231.000000 0.508418 -0.128680
1156.000000 231.000000 0.519563 -0.129210
1158.000000 231.000000 0.522058 -0.129329
1163.000000 231.000000 0.528324 -0.129632
1175.000000 231.000000 0.543537 -0.130376
1249.000000 231.000000 0.643128 -0.135540
705.000000 232.000000 0.059066 -0.115430
1090.000000 232.000000 0.440661 -0.124667
1108.000000 232.000000 0.461532 -0.125553
1135.000000 232.000000 0.493704 -0.126986
1234.000000 232.000000 0.622038 -0.133354
1245.000000 232.000000 0.637407 -0.134168
1274.000000 232.000000 0.679000 -0.136394
1057.000000 233.000000 0.403444 -0.122196
1082.000000 233.000000 0.431478 -0.123301
1158.000000 233.000000 0.521939 -0.127285
1269.000000 233.000000 0.671642 -0.134920
1272.000000 233.000000 0.676005 -0.135152
180.000000 234.000000 -0.451379 -0.123075
1113.000000 234.000000 0.467307 -0.123806
1180.000000 234.000000 0.549760 -0.127595
1254.000000 234.000000 0.649999 -0.132699
1260.000000 234.000000 0.658576 -0.133150
1152.000000 235.000000 0.514361 -0.124897
1160.000000 235.000000 0.524322 -0.125359
1207.000000 235.000000 0.585083 -0.128302
1220.000000 235.000000 0.602600 -0.129185
1229.000000 235.000000 0.614914 -0.129813
1272.000000 235.000000 0.675850 -0.132983
183.000000 236.000000 -0.447817 -0.120944
1223.000000 236.000000 0.606619 -0.128338
1252.000000 236.000000 0.647007 -0.130405
511.000000 237.000000 -0.117237 -0.111321
1137.000000 237.000000 0.495858 -0.122039
1203.000000 237.000000 0.579625 -0.125948
1245.000000 237.000000 0.637040 -0.128827
1262.000000 237.000000 0.661225 -0.130068
360.000000 238.000000 -0.260368 -0.112908
509.000000 238.000000 -0.119069 -0.110422
514.000000 238.000000 -0.114467 -0.110372
1226.000000 238.000000 0.610585 -0.126433
1235.000000 238.000000 0.622997 -0.127054
1107.000000 239.000000 0.460016 -0.118515
1175.000000 239.000000 0.543048 -0.122140
1198.000000 239.000000 0.572883 -0.123545
1247.000000 239.000000 0.639714 -0.126834
1110.000000 240.000000 0.463483 -0.117660
1145.000000 240.000000 0.505459 -0.119431
1149.000000 240.000000 0.510377 -0.119646
1154.000000 240.000000 0.516561 -0.119919
1097.000000 241.000000 0.448301 -0.116060
1132.000000 241.000000 0.489600 -0.117742
1165.000000 241.000000 0.530254 -0.119512
1179.000000 241.000000 0.548051 -0.120318
1203.000000 241.000000 0.579369 -0.121777
1220.000000 241.000000 0.602196 -0.122870
1228.000000 241.000000 0.613126 -0.123400
1265.000000 241.000000 0.665255 -0.125976
503.000000 242.000000 -0.124557 -0.106805
688.000000 242.000000 0.043588 -0.106199
1187.000000 242.000000 0.558315 -0.119760
1177.000000 243.000000 0.545372 -0.118144
1231.000000 243.000000 0.617123 -0.121487
1271.000000 243.000000 0.673803 -0.124248
1093.000000 244.000000 0.443558 -0.112908
1159.000000 244.000000 0.522566 -0.116119
1251.000000 244.000000 0.645020 -0.121772
1267.000000 244.000000 0.667931 -0.122885
1097.000000 245.000000 0.448123 -0.112092
1187.000000 245.000000 0.558138 -0.116661
1236.000000 245.000000 0.623910 -0.119701
348.000000 246.000000 -0.272040 -0.105660
1107.000000 246.000000 0.459693 -0.111542
1158.000000 246.000000 0.521212 -0.114029
1245.000000 246.000000 0.636417 -0.119234
1250.000000 246.000000 0.643468 -0.119569
179.000000 247.000000 -0.451942 -0.110207
1105.000000 247.000000 0.457314 -0.110459
1156.000000 247.000000 0.518670 -0.112907
1168.000000 247.000000 0.533707 -0.113543
219.000000 248.000000 -0.406649 -0.107613
1107.000000 248.000000 0.459604 -0.109552
1170.000000 248.000000 0.536183 -0.112628
1201.000000 248.000000 0.576295 -0.114372
1239.000000 248.000000 0.627888 -0.116717
1255.000000 248.000000 0.650432 -0.117767
1080.000000 249.000000 0.428522 -0.107432
1117.000000 249.000000 0.471309 -0.109002
1126.000000 249.000000 0.482007 -0.109413
1146.000000 249.000000 0.506222 -0.110372
1159.000000 249.000000 0.522302 -0.111029
1172.000000 249.000000 0.538665 -0.111712
1222.000000 249.000000 0.604407 -0.114591
1276.000000 249.000000 0.680674 -0.118109
81.000000 250.000000 -0.572473 -0.112068
1166.000000 250.000000 0.531025 -0.110373
1271.000000 250.000000 0.673317 -0.116690
1147.000000 251.000000 0.507350 -0.108400
1214.000000 251.000000 0.593458 -0.112013
1244.000000 251.000000 0.634688 -0.113854
1260.000000 251.000000 0.657376 -0.114885
1076.000000 252.000000 0.423888 -0.104329
1108.000000 252.000000 0.460599 -0.105619
1138.000000 252.000000 0.496318 -0.106960
1159.000000 252.000000 0.522150 -0.107979
1186.000000 252.000000 0.556449 -0.109388
1221.000000 252.000000 0.602865 -0.111382
1265.000000 252.000000 0.664499 -0.114140
218.000000 253.000000 -0.407573 -0.102770
1150.000000 253.000000 0.510943 -0.106522
1176.000000 253.000000 0.543545 -0.107828
1258.000000 253.000000 0.654385 -0.112615
1260.000000 253.000000 0.657247 -0.112743
1269.000000 253.000000 0.670216 -0.113325
120.000000 254.000000 -0.522393 -0.105904
221.000000 254.000000 -0.404222 -0.101688
1184.000000 254.000000 0.553758 -0.107223
1219.000000 254.000000 0.600034 -0.109169
1252.000000 254.000000 0.645781 -0.111167
1114.000000 255.000000 0.467509 -0.102890
1158.000000 255.000000 0.520756 -0.104883
1258.000000 255.000000 0.654258 -0.110476
1133.000000 256.000000 0.490090 -0.102713
1144.000000 256.000000 0.503439 -0.103210
1217.000000 256.000000 0.597213 -0.106962
1164.000000 257.000000 0.528159 -0.103142
1190.000000 257.000000 0.561372 -0.104451
1270.000000 257.000000 0.671410 -0.109085
1171.000000 258.000000 0.536935 -0.102464
1237.000000 258.000000 0.624491 -0.106015
1239.000000 258.000000 0.627272 -0.106132
1173.000000 259.000000 0.539423 -0.101541
1189.000000 259.000000 0.559969 -0.102340
1263.000000 259.000000 0.661177 -0.106505
1153.000000 260.000000 0.514318 -0.099583
1194.000000 260.000000 0.566432 -0.101566
1211.000000 260.000000 0.588923 -0.102459
1234.000000 260.000000 0.620219 -0.103732
1266.000000 260.000000 0.665437 -0.105616
1125.000000 261.000000 0.480288 -0.097366
1133.000000 261.000000 0.489874 -0.097700
1145.000000 261.000000 0.504437 -0.098216
1155.000000 261.000000 0.516748 -0.098662
1160.000000 261.000000 0.522965 -0.098890
1174.000000 261.000000 0.540597 -0.099547
1264.000000 261.000000 0.662494 -0.104423
113.000000 263.000000 -0.530718 -0.097094
477.000000 263.000000 -0.148393 -0.087786
1273.000000 263.000000 0.675402 -0.102813
328.000000 264.000000 -0.291594 -0.089156
1053.000000 264.000000 0.397898 -0.091822
1167.000000 264.000000 0.531600 -0.096163
1169.000000 264.000000 0.534122 -0.096255
1232.000000 264.000000 0.617235 -0.099412
1047.000000 265.000000 0.391301 -0.090669
1212.000000 265.000000 0.590000 -0.097311
1275.000000 265.000000 0.678199 -0.100779
1160.000000 266.000000 0.522741 -0.093822
1223.000000 266.000000 0.604803 -0.096836
1157.000000 267.000000 0.518965 -0.092680
1220.000000 267.000000 0.600678 -0.095637
205.000000 268.000000 -0.421548 -0.088570
1155.000000 268.000000 0.516442 -0.091585
1166.000000 268.000000 0.530165 -0.092055
1234.000000 268.000000 0.619782 -0.095313
645.000000 269.000000 0.004654 -0.081529
1163.000000 269.000000 0.526359 -0.090911
1226.000000 269.000000 0.608739 -0.093852
1116.000000 270.000000 0.469275 -0.088059
1167.000000 270.000000 0.531336 -0.090067
1179.000000 270.000000 0.546558 -0.090588
1188.000000 270.000000 0.558142 -0.090990
1191.000000 270.000000 0.562035 -0.091127
1201.000000 270.000000 0.575131 -0.091590
1236.000000 270.000000 0.622445 -0.093314
1147.000000 271.000000 0.506467 -0.088235
468.000000 272.000000 -0.156669 -0.079621
1048.000000 272.000000 0.392188 -0.083924
1165.000000 272.000000 0.528739 -0.087954
1173.000000 272.000000 0.538830 -0.088289
1204.000000 272.000000 0.579002 -0.089664
1215.000000 272.000000 0.593681 -0.090182
1258.000000 272.000000 0.653277 -0.092342
1133.000000 273.000000 0.489398 -0.085694
1135.000000 273.000000 0.491807 -0.085769
466.000000 274.000000 -0.158512 -0.077806
1164.000000 274.000000 0.527404 -0.085886
1171.000000 274.000000 0.536214 -0.086171
1203.000000 275.000000 0.577543 -0.086520
1240.000000 275.000000 0.627749 -0.088252
1242.000000 275.000000 0.630538 -0.088350
1117.000000 276.000000 0.470243 -0.082142
1139.000000 276.000000 0.496531 -0.082915
1208.000000 276.000000 0.584131 -0.085710
1214.000000 276.000000 0.592151 -0.085980
1237.000000 276.000000 0.623533 -0.087055
831.000000 277.000000 0.174700 -0.075238
1163.000000 277.000000 0.526034 -0.082810
1169.000000 277.000000 0.533568 -0.083044
1226.000000 277.000000 0.608351 -0.085488
1245.000000 277.000000 0.634637 -0.086387
102.000000 278.000000 -0.543978 -0.082310
1143.000000 278.000000 0.501318 -0.081056
1147.000000 278.000000 0.506201 -0.081201
1150.000000 278.000000 0.509881 -0.081310
1154.000000 278.000000 0.514809 -0.081458
1156.000000 279.000000 0.517246 -0.080525
1164.000000 279.000000 0.527209 -0.080825
1230.000000 279.000000 0.613735 -0.083581
1247.000000 279.000000 0.637349 -0.084371
1265.000000 279.000000 0.662954 -0.085238
1110.000000 280.000000 0.461899 -0.077954
1161.000000 280.000000 0.523423 -0.079701
1216.000000 280.000000 0.594662 -0.081916
1260.000000 280.000000 0.655731 -0.083931
1203.000000 281.000000 0.577285 -0.080330
1226.000000 281.000000 0.608171 -0.081312
1234.000000 281.000000 0.619150 -0.081668
1243.000000 281.000000 0.631650 -0.082075
1186.000000 282.000000 0.555051 -0.078620
1190.000000 282.000000 0.560225 -0.078777
1206.000000 282.000000 0.581215 -0.079422
1174.000000 283.000000 0.539661 -0.077145
1214.000000 283.000000 0.591847 -0.078719
1242.000000 283.000000 0.630163 -0.079925
1248.000000 283.000000 0.638570 -0.080193
1254.000000 283.000000 0.647046 -0.080465
1261.000000 283.000000 0.657021 -0.080787
1055.000000 284.000000 0.399534 -0.072505
1180.000000 284.000000 0.547267 -0.076351
1193.000000 284.000000 0.564046 -0.076845
1250.000000 285.000000 0.641298 -0.078170
1255.000000 285.000000 0.648375 -0.078392
670.000000 286.000000 0.027201 -0.066137
1259.000000 286.000000 0.654026 -0.077509
485.000000 287.000000 -0.140776 -0.065755
1171.000000 287.000000 0.535720 -0.072978
1196.000000 287.000000 0.567847 -0.073883
1202.000000 287.000000 0.575726 -0.074110
1212.000000 288.000000 0.588968 -0.073462
1216.000000 288.000000 0.594332 -0.073617
485.000000 289.000000 -0.140762 -0.063930
1171.000000 289.000000 0.535651 -0.070952
1219.000000 289.000000 0.598336 -0.072697
1257.000000 289.000000 0.651045 -0.074240
1259.000000 289.000000 0.653896 -0.074325
1182.000000 290.000000 0.549613 -0.070312
1190.000000 290.000000 0.559926 -0.070592
1197.000000 290.000000 0.569045 -0.070841
1207.000000 290.000000 0.582229 -0.071207
661.000000 291.000000 0.019075 -0.061601
1186.000000 291.000000 0.554720 -0.069431
1221.000000 291.000000 0.600964 -0.070697
1244.000000 291.000000 0.632619 -0.071593
1270.000000 291.000000 0.669625 -0.072661
1189.000000 292.000000 0.558561 -0.068513
1202.000000 292.000000 0.575542 -0.068966
1204.000000 292.000000 0.578182 -0.069037
1223.000000 292.000000 0.603639 -0.069733
1259.000000 292.000000 0.653771 -0.071142
1033.000000 293.000000 0.375449 -0.063348
1156.000000 293.000000 0.516774 -0.066432
1208.000000 293.000000 0.583449 -0.068150
1252.000000 293.000000 0.643788 -0.069803
1111.000000 294.000000 0.462665 -0.064168
1159.000000 294.000000 0.520462 -0.065518
1204.000000 294.000000 0.578112 -0.066979
1265.000000 294.000000 0.662287 -0.069260
1207.000000 295.000000 0.582051 -0.066053
1211.000000 295.000000 0.587375 -0.066191
1236.000000 295.000000 0.621340 -0.067089
540.000000 296.000000 -0.090294 -0.057265
1157.000000 296.000000 0.517922 -0.063447
1213.000000 296.000000 0.590013 -0.065228
1228.000000 296.000000 0.610304 -0.065754
1187.000000 297.000000 0.555812 -0.063345
1238.000000 297.000000 0.624036 -0.065068
1273.000000 297.000000 0.673734 -0.066377
1217.000000 298.000000 0.595314 -0.063295
1114.000000 299.000000 0.466050 -0.059314
1236.000000 299.000000 0.621197 -0.062905
1246.000000 299.000000 0.635117 -0.063256
1266.000000 299.000000 0.663534 -0.063981
1210.000000 300.000000 0.585874 -0.060999
1248.000000 300.000000 0.637888 -0.062275
1063.000000 301.000000 0.407972 -0.056245
1084.000000 301.000000 0.431462 -0.056673
1244.000000 301.000000 0.632247 -0.061085
1222.000000 302.000000 0.601935 -0.059314
1276.000000 302.000000 0.677915 -0.061146
1054.000000 303.000000 0.398028 -0.054143
1159.000000 303.000000 0.520208 -0.056466
1217.000000 303.000000 0.595152 -0.058121
1224.000000 303.000000 0.604617 -0.058340
1227.000000 303.000000 0.608702 -0.058435
1229.000000 303.000000 0.611436 -0.058498
1239.000000 303.000000 0.625217 -0.058821
1063.000000 304.000000 0.407915 -0.053344
1146.000000 304.000000 0.504186 -0.055134
1211.000000 304.000000 0.587084 -0.056906
1219.000000 305.000000 0.597786 -0.056113
1245.000000 305.000000 0.633514 -0.056918
1265.000000 305.000000 0.661884 -0.057570
1065.000000 306.000000 0.410092 -0.051447
1198.000000 306.000000 0.569844 -0.054477
1236.000000 306.000000 0.620968 -0.055589
1242.000000 306.000000 0.629293 -0.055775
1249.000000 306.000000 0.639094 -0.055994
1079.000000 307.000000 0.425702 -0.050735
1179.000000 307.000000 0.545264 -0.052949
1200.000000 307.000000 0.572439 -0.053508
1219.000000 307.000000 0.597727 -0.054043
1225.000000 307.000000 0.605855 -0.054218
1228.000000 307.000000 0.609945 -0.054306
1252.000000 307.000000 0.643292 -0.055036
1183.000000 308.000000 0.550353 -0.052037
1206.000000 308.000000 0.580323 -0.052646
1042.000000 309.000000 0.384861 -0.048169
1222.000000 309.000000 0.601725 -0.052057
1226.000000 309.000000 0.607159 -0.052170
1241.000000 309.000000 0.627810 -0.052602
561.000000 310.000000 -0.071173 -0.044518
1261.000000 311.000000 0.655962 -0.051085
551.000000 312.000000 -0.080240 -0.042734
1076.000000 312.000000 0.422245 -0.045828
1218.000000 312.000000 0.596242 -0.048845
1240.000000 312.000000 0.626334 -0.049435
1272.000000 312.000000 0.671773 -0.050346
1185.000000 313.000000 0.552799 -0.047006
1271.000000 314.000000 0.670266 -0.048188
247.000000 315.000000 -0.374521 -0.042271
384.000000 315.000000 -0.235793 -0.040851
1191.000000 315.000000 0.560497 -0.045109
1170.000000 316.000000 0.533652 -0.043638
1188.000000 316.000000 0.556595 -0.044023
1268.000000 316.000000 0.665875 -0.045980
554.000000 317.000000 -0.077505 -0.038204
1079.000000 317.000000 0.425533 -0.041024
1192.000000 317.000000 0.561749 -0.043093
748.000000 318.000000 0.097803 -0.037359
753.000000 319.000000 0.102361 -0.036468
1198.000000 319.000000 0.569526 -0.041180
1266.000000 319.000000 0.662916 -0.042745
382.000000 320.000000 -0.237689 -0.036249
544.000000 320.000000 -0.086580 -0.035514
1196.000000 320.000000 0.566891 -0.040117
1205.000000 320.000000 0.578710 -0.040303
1218.000000 320.000000 0.596051 -0.040580
542.000000 321.000000 -0.088396 -0.034614
1233.000000 322.000000 0.616416 -0.038831
1269.000000 322.000000 0.667169 -0.039633
1250.000000 323.000000 0.640049 -0.038152
1098.000000 324.000000 0.447020 -0.034480
1210.000000 324.000000 0.585261 -0.036297
679.000000 325.000000 0.035275 -0.030911
132.000000 327.000000 -0.505331 -0.032194
1251.000000 327.000000 0.641375 -0.033970
1209.000000 328.000000 0.583859 -0.032169
530.000000 329.000000 -0.099303 -0.027403
1254.000000 329.000000 0.645575 -0.031924
682.000000 330.000000 0.037977 -0.026405
14.000000 331.000000 -0.661277 -0.029990
232.000000 331.000000 -0.390510 -0.027132
1216.000000 331.000000 0.593157 -0.029197
1218.000000 331.000000 0.595845 -0.029229
365.000000 332.000000 -0.254125 -0.025261
1221.000000 332.000000 0.599875 -0.028243
1230.000000 332.000000 0.612115 -0.028382
232.000000 333.000000 -0.390492 -0.025215
561.000000 333.000000 -0.071130 -0.023735
1174.000000 334.000000 0.538400 -0.025552
1247.000000 334.000000 0.635632 -0.026558
1262.000000 334.000000 0.656874 -0.026788
522.000000 335.000000 -0.106590 -0.021989
1088.000000 335.000000 0.435481 -0.023647
1233.000000 335.000000 0.616185 -0.025310
230.000000 336.000000 -0.392642 -0.022355
360.000000 337.000000 -0.258989 -0.020656
1176.000000 337.000000 0.540898 -0.022548
1250.000000 337.000000 0.639803 -0.023455
358.000000 338.000000 -0.260943 -0.019738
518.000000 338.000000 -0.110239 -0.019280
1181.000000 338.000000 0.547250 -0.021592
1224.000000 338.000000 0.603855 -0.022082
1113.000000 339.000000 0.464232 -0.019955
1199.000000 339.000000 0.570516 -0.020769
706.000000 340.000000 0.059642 -0.017407
1252.000000 340.000000 0.642584 -0.020331
1129.000000 341.000000 0.483096 -0.018114
1199.000000 341.000000 0.570496 -0.018727
1242.000000 341.000000 0.628558 -0.019171
1262.000000 341.000000 0.656780 -0.019394
1176.000000 342.000000 0.540849 -0.017502
1259.000000 342.000000 0.652487 -0.018305
1198.000000 343.000000 0.569169 -0.016677
505.000000 344.000000 -0.122131 -0.013865
1114.000000 344.000000 0.465365 -0.015054
1205.000000 344.000000 0.578359 -0.015715
1247.000000 344.000000 0.635510 -0.016084
1269.000000 344.000000 0.666808 -0.016293
513.000000 345.000000 -0.114801 -0.012950
909.000000 345.000000 0.248621 -0.013222
1166.000000 345.000000 0.528231 -0.014404
689.000000 346.000000 0.044283 -0.011987
904.000000 346.000000 0.243760 -0.012286
1092.000000 346.000000 0.439953 -0.012975
693.000000 347.000000 0.047893 -0.011087
1083.000000 347.000000 0.429742 -0.011960
1181.000000 347.000000 0.547174 -0.012488
904.000000 348.000000 0.243756 -0.010440
1270.000000 349.000000 0.668211 -0.010999
77.000000 351.000000 -0.574619 -0.008532
692.000000 351.000000 0.046988 -0.007482
1164.000000 351.000000 0.525700 -0.008371
1205.000000 354.000000 0.578302 -0.005480
1225.000000 354.000000 0.605090 -0.005543
888.000000 355.000000 0.228295 -0.003966
1180.000000 355.000000 0.545863 -0.004395
1271.000000 355.000000 0.669629 -0.004639
575.000000 358.000000 -0.058446 -0.001174
912.000000 358.000000 0.251524 -0.001213
1161.000000 359.000000 0.521948 -0.000345
1271.000000 359.000000 0.669622 -0.000395
1212.000000 360.000000 0.587582 0.000661
1215.000000 360.000000 0.591592 0.000662
1227.000000 360.000000 0.607801 0.000663
1195.000000 361.000000 0.565183 0.001678
1276.000000 361.000000 0.676881 0.001730
1120.000000 362.000000 0.472360 0.002620
1213.000000 362.000000 0.588918 0.002717
1252.000000 362.000000 0.642468 0.002764
1263.000000 362.000000 0.658105 0.002778
875.000000 363.000000 0.215840 0.003388
1219.000000 363.000000 0.596967 0.003754
1265.000000 363.000000 0.660975 0.003838
1100.000000 364.000000 0.449081 0.004555
1119.000000 364.000000 0.471185 0.004586
1224.000000 364.000000 0.603728 0.004797
1230.000000 365.000000 0.611905 0.005848
247.000000 366.000000 -0.374229 0.006362
1186.000000 368.000000 0.553556 0.008768
1217.000000 369.000000 0.594297 0.009930
1235.000000 369.000000 0.618786 0.010022
921.000000 370.000000 0.260331 0.009898
1111.000000 371.000000 0.461838 0.011436
1192.000000 371.000000 0.561316 0.011843
1240.000000 371.000000 0.625712 0.012133
1271.000000 371.000000 0.669659 0.012338
1103.000000 372.000000 0.452563 0.012378
1209.000000 372.000000 0.583629 0.012967
1244.000000 372.000000 0.631285 0.013204
1258.000000 372.000000 0.651011 0.013304
1269.000000 372.000000 0.666775 0.013384
918.000000 373.000000 0.257400 0.012669
845.000000 375.000000 0.187424 0.014339
1135.000000 375.000000 0.490248 0.015507
1259.000000 375.000000 0.652459 0.016473
1219.000000 376.000000 0.597036 0.017158
1237.000000 376.000000 0.621596 0.017320
1249.000000 376.000000 0.638319 0.017432
844.000000 377.000000 0.186488 0.016165
907.000000 377.000000 0.246684 0.016336
1123.000000 379.000000 0.475976 0.019373
1252.000000 379.000000 0.642575 0.020611
1275.000000 379.000000 0.675538 0.020876
839.000000 380.000000 0.181796 0.018893
1112.000000 380.000000 0.463060 0.020269
1253.000000 381.000000 0.644011 0.022723
835.000000 382.000000 0.178050 0.020709
1263.000000 385.000000 0.658294 0.027077
904.000000 386.000000 0.243806 0.024638
710.000000 387.000000 0.063269 0.024985
1276.000000 387.000000 0.677107 0.029407
1255.000000 388.000000 0.646943 0.030114
275.000000 389.000000 -0.344780 0.028057
1248.000000 389.000000 0.637087 0.031047
1251.000000 389.000000 0.641307 0.031098
1261.000000 390.000000 0.655516 0.032328
1118.000000 391.000000 0.470202 0.031141
1231.000000 391.000000 0.613539 0.032840
1255.000000 391.000000 0.646996 0.033272
1102.000000 392.000000 0.451579 0.031923
1196.000000 392.000000 0.566751 0.033273
1243.000000 393.000000 0.630165 0.035145
1104.000000 394.000000 0.453915 0.033906
417.000000 395.000000 -0.204156 0.032708
1211.000000 395.000000 0.586580 0.036610
1115.000000 398.000000 0.466777 0.037987
1222.000000 399.000000 0.601436 0.040958
409.000000 400.000000 -0.211789 0.037343
1249.000000 400.000000 0.638715 0.042609
1240.000000 403.000000 0.626211 0.045535
1007.000000 404.000000 0.347531 0.042298
1225.000000 404.000000 0.605621 0.046206
1248.000000 404.000000 0.637409 0.046785
728.000000 405.000000 0.079617 0.041281
1251.000000 405.000000 0.641657 0.047915
796.000000 406.000000 0.141860 0.042429
1227.000000 406.000000 0.608395 0.048332
1200.000000 407.000000 0.572292 0.048684
396.000000 409.000000 -0.224280 0.045717
933.000000 409.000000 0.272378 0.046173
1010.000000 409.000000 0.350741 0.047081
1120.000000 409.000000 0.472850 0.048914
1241.000000 409.000000 0.627760 0.051837
388.000000 411.000000 -0.231989 0.047629
393.000000 411.000000 -0.227177 0.047586
1199.000000 411.000000 0.571082 0.052754
1209.000000 411.000000 0.584287 0.053023
1212.000000 411.000000 0.588285 0.053105
924.000000 413.000000 0.263543 0.049802
1236.000000 413.000000 0.620946 0.055873
1244.000000 413.000000 0.632061 0.056117
937.000000 414.000000 0.276393 0.050875
1130.000000 415.000000 0.484854 0.055066
1232.000000 416.000000 0.615527 0.058879
1239.000000 416.000000 0.625194 0.059103
1233.000000 419.000000 0.617000 0.062041
1252.000000 420.000000 0.643534 0.063746
544.000000 421.000000 -0.086645 0.055790
1162.000000 421.000000 0.524060 0.061887
1230.000000 421.000000 0.612948 0.064025
1164.000000 422.000000 0.526586 0.062952
751.000000 423.000000 0.100619 0.057671
723.000000 424.000000 0.075133 0.058469
43.000000 425.000000 -0.621502 0.068377
738.000000 425.000000 0.088774 0.059431
60.000000 426.000000 -0.598365 0.068798
927.000000 426.000000 0.266651 0.061937
1127.000000 427.000000 0.481581 0.066896
731.000000 428.000000 0.082417 0.062125
929.000000 428.000000 0.268651 0.063828
220.000000 429.000000 -0.404269 0.067111
956.000000 429.000000 0.295572 0.065159
1233.000000 429.000000 0.617364 0.072486
218.000000 430.000000 -0.406496 0.068124
741.000000 430.000000 0.091528 0.063983
946.000000 430.000000 0.285562 0.065943
50.000000 431.000000 -0.612122 0.074375
1230.000000 431.000000 0.613320 0.074457
1232.000000 432.000000 0.616107 0.075583
45.000000 433.000000 -0.619059 0.076667
733.000000 433.000000 0.084257 0.066672
945.000000 434.000000 0.284626 0.069673
1232.000000 434.000000 0.616190 0.077674
1234.000000 434.000000 0.618945 0.077758
938.000000 436.000000 0.277685 0.071434
53.000000 438.000000 -0.608321 0.081551
340.000000 440.000000 -0.279313 0.075184
1132.000000 443.000000 0.488068 0.082976
49.000000 447.000000 -0.614198 0.091140
814.000000 448.000000 0.158864 0.080923
322.000000 450.000000 -0.297517 0.084911
309.000000 454.000000 -0.310771 0.088967
181.000000 455.000000 -0.448938 0.093634
740.000000 458.000000 0.090767 0.089464
312.000000 459.000000 -0.307834 0.093629
888.000000 462.000000 0.229171 0.094851
300.000000 463.000000 -0.320186 0.097716
458.000000 466.000000 -0.166207 0.097547
294.000000 468.000000 -0.326493 0.102633
1184.000000 469.000000 0.553939 0.111632
290.000000 471.000000 -0.330711 0.105607
460.000000 471.000000 -0.164401 0.102132
762.000000 471.000000 0.111003 0.101519
754.000000 474.000000 0.103688 0.104201
936.000000 474.000000 0.276454 0.107075
90.000000 476.000000 -0.561088 0.119080
953.000000 476.000000 0.293533 0.109391
82.000000 480.000000 -0.571776 0.123708
632.000000 480.000000 -0.007094 0.109206
435.000000 481.000000 -0.188056 0.111752
636.000000 481.000000 -0.003476 0.110118
956.000000 481.000000 0.296695 0.114213
79.000000 482.000000 -0.575850 0.125977
433.000000 482.000000 -0.189965 0.112714
77.000000 485.000000 -0.578687 0.129232
68.000000 487.000000 -0.590806 0.131928
836.000000 487.000000 0.180002 0.117199
66.000000 488.000000 -0.593559 0.133115
833.000000 491.000000 0.177240 0.120864
70.000000 492.000000 -0.588476 0.137035
839.000000 492.000000 0.182920 0.121897
1047.000000 492.000000 0.392668 0.127970
601.000000 494.000000 -0.035195 0.122084
1157.000000 494.000000 0.521140 0.135706
589.000000 496.000000 -0.046094 0.123966
47.000000 497.000000 -0.620106 0.144025
1048.000000 497.000000 0.393982 0.132911
584.000000 498.000000 -0.050646 0.125827
1154.000000 499.000000 0.517718 0.140637
976.000000 500.000000 0.317678 0.132969
1245.000000 500.000000 0.638366 0.148360
591.000000 501.000000 -0.044299 0.128553
978.000000 502.000000 0.319807 0.134960
1156.000000 502.000000 0.520406 0.143844
586.000000 503.000000 -0.048853 0.130417
191.000000 506.000000 -0.439758 0.143749
792.000000 507.000000 0.139130 0.135076
193.000000 508.000000 -0.437576 0.145636
790.000000 508.000000 0.137286 0.135976
327.000000 514.000000 -0.294241 0.145533
773.000000 515.000000 0.121626 0.142240
983.000000 515.000000 0.325467 0.147678
994.000000 515.000000 0.336923 0.148126
1153.000000 518.000000 0.517778 0.160100
972.000000 519.000000 0.314269 0.151106
985.000000 520.000000 0.327747 0.152598
987.000000 520.000000 0.329827 0.152682
1189.000000 522.000000 0.564090 0.167084
975.000000 523.000000 0.317518 0.155091
1178.000000 523.000000 0.549873 0.167227
1183.000000 523.000000 0.556347 0.167637
1164.000000 526.000000 0.532214 0.169230
1026.000000 529.000000 0.371575 0.163291
1163.000000 529.000000 0.531189 0.172273
1165.000000 532.000000 0.533971 0.175565
1190.000000 532.000000 0.566264 0.177715
332.000000 534.000000 -0.289927 0.164570
111.000000 535.000000 -0.538341 0.178875
725.000000 535.000000 0.077676 0.160288
723.000000 536.000000 0.075852 0.161201
992.000000 536.000000 0.335763 0.168479
1152.000000 536.000000 0.517926 0.178661
326.000000 537.000000 -0.296125 0.167706
323.000000 539.000000 -0.299258 0.169766
100.000000 540.000000 -0.552899 0.185089
97.000000 542.000000 -0.556970 0.187474
927.000000 543.000000 0.269623 0.172497
1192.000000 545.000000 0.570105 0.191694
498.000000 547.000000 -0.130151 0.172276
1193.000000 547.000000 0.571621 0.193923
489.000000 548.000000 -0.138560 0.173381
184.000000 549.000000 -0.450590 0.187547
1179.000000 549.000000 0.553465 0.194696
478.000000 551.000000 -0.148910 0.176430
980.000000 552.000000 0.324009 0.183559
913.000000 554.000000 0.256114 0.182568
793.000000 555.000000 0.140897 0.180059
459.000000 556.000000 -0.166905 0.181589
468.000000 556.000000 -0.158415 0.181379
283.000000 557.000000 -0.341560 0.189276
674.000000 557.000000 0.031182 0.180491
989.000000 558.000000 0.333723 0.189923
678.000000 561.000000 0.034857 0.184266
992.000000 563.000000 0.337149 0.195025
664.000000 564.000000 0.022073 0.187029
549.000000 565.000000 -0.083211 0.188477
263.000000 567.000000 -0.363450 0.200364
1053.000000 567.000000 0.403530 0.202856
875.000000 571.000000 0.219442 0.197573
637.000000 573.000000 -0.002593 0.195472
1205.000000 574.000000 0.590556 0.224300
430.000000 575.000000 -0.195044 0.200543
878.000000 576.000000 0.222542 0.202512
998.000000 579.000000 0.344432 0.211286
239.000000 582.000000 -0.390632 0.217076
237.000000 583.000000 -0.392918 0.218238
829.000000 588.000000 0.175717 0.212473
818.000000 589.000000 0.165277 0.213117
490.000000 592.000000 -0.138557 0.215238
998.000000 592.000000 0.345261 0.224326
1188.000000 592.000000 0.569933 0.241900
1195.000000 592.000000 0.579261 0.242757
812.000000 594.000000 0.159724 0.217773
1018.000000 596.000000 0.367053 0.229751
1029.000000 597.000000 0.379142 0.231582
1211.000000 598.000000 0.601687 0.251406
1222.000000 598.000000 0.616848 0.252866
371.000000 599.000000 -0.253630 0.226198
1198.000000 600.000000 0.584298 0.251925
1021.000000 602.000000 0.370761 0.236081
1002.000000 603.000000 0.350285 0.235716
1009.000000 603.000000 0.357815 0.236215
1213.000000 603.000000 0.605094 0.257224
914.000000 605.000000 0.259353 0.232449
1022.000000 605.000000 0.372081 0.239222
1200.000000 605.000000 0.587649 0.257709
498.000000 610.000000 -0.131467 0.232434
551.000000 612.000000 -0.082003 0.233327
704.000000 615.000000 0.059193 0.235919
706.000000 615.000000 0.061044 0.235942
974.000000 615.000000 0.321412 0.245956
896.000000 616.000000 0.241943 0.242473
1029.000000 618.000000 0.380810 0.253150
532.000000 620.000000 -0.099828 0.241407
236.000000 622.000000 -0.397196 0.258440
368.000000 622.000000 -0.257781 0.249182
963.000000 622.000000 0.310375 0.252318
234.000000 624.000000 -0.399618 0.260705
222.000000 626.000000 -0.413369 0.263910
234.000000 626.000000 -0.399799 0.262794
226.000000 627.000000 -0.408921 0.264582
736.000000 627.000000 0.089088 0.248033
1223.000000 628.000000 0.622526 0.286776
1034.000000 630.000000 0.387392 0.266051
1014.000000 631.000000 0.365425 0.265360
236.000000 632.000000 -0.398104 0.268893
241.000000 632.000000 -0.392502 0.268433
213.000000 633.000000 -0.424357 0.272173
221.000000 634.000000 -0.415283 0.272434
236.000000 634.000000 -0.398291 0.270992
715.000000 634.000000 0.069640 0.254535
946.000000 634.000000 0.293539 0.263389
240.000000 635.000000 -0.393896 0.271670
238.000000 636.000000 -0.396232 0.272906
209.000000 637.000000 -0.429385 0.276829
1038.000000 637.000000 0.392500 0.273750
227.000000 638.000000 -0.408844 0.276070
480.000000 638.000000 -0.149275 0.260358
196.000000 639.000000 -0.444767 0.280351
257.000000 639.000000 -0.375376 0.274317
116.000000 640.000000 -0.543635 0.291368
547.000000 641.000000 -0.086207 0.261667
271.000000 644.000000 -0.360476 0.278317
185.000000 646.000000 -0.458588 0.289131
666.000000 647.000000 0.024267 0.266807
676.000000 648.000000 0.033554 0.267855
178.000000 650.000000 -0.467456 0.294306
149.000000 652.000000 -0.503276 0.300185
1121.000000 652.000000 0.491769 0.299127
139.000000 653.000000 -0.515977 0.302645
663.000000 653.000000 0.021513 0.272709
141.000000 654.000000 -0.513588 0.303482
144.000000 654.000000 -0.509810 0.303072
147.000000 654.000000 -0.506045 0.302666
152.000000 654.000000 -0.499802 0.301996
724.000000 654.000000 0.078354 0.274376
1112.000000 654.000000 0.480953 0.300165
157.000000 655.000000 -0.493729 0.302440
138.000000 656.000000 -0.517658 0.306122
173.000000 656.000000 -0.474245 0.301479
915.000000 656.000000 0.263233 0.283855
1045.000000 656.000000 0.402268 0.294576
154.000000 657.000000 -0.497715 0.305048
124.000000 658.000000 -0.535847 0.310355
120.000000 659.000000 -0.541169 0.312066
156.000000 659.000000 -0.495499 0.306995
1113.000000 660.000000 0.482957 0.306901
175.000000 661.000000 -0.472452 0.306716
527.000000 662.000000 -0.105424 0.282907
108.000000 663.000000 -0.557464 0.318403
124.000000 663.000000 -0.536582 0.315984
631.000000 663.000000 -0.008210 0.282571
366.000000 664.000000 -0.262261 0.291901
87.000000 665.000000 -0.585828 0.324010
104.000000 665.000000 -0.563062 0.321301
130.000000 665.000000 -0.529150 0.317352
866.000000 665.000000 0.214708 0.290238
80.000000 666.000000 -0.595502 0.326306
82.000000 666.000000 -0.592776 0.325977
84.000000 666.000000 -0.590057 0.325649
126.000000 666.000000 -0.534446 0.319073
158.000000 666.000000 -0.493967 0.314495
172.000000 666.000000 -0.476749 0.312617
92.000000 667.000000 -0.579405 0.325500
155.000000 667.000000 -0.497833 0.316022
103.000000 668.000000 -0.564861 0.324885
1030.000000 668.000000 0.386587 0.305869
92.000000 669.000000 -0.579730 0.327799
138.000000 669.000000 -0.519515 0.320684
849.000000 669.000000 0.198182 0.293463
89.000000 670.000000 -0.583939 0.329441
105.000000 670.000000 -0.562525 0.326856
133.000000 670.000000 -0.526044 0.322548
563.000000 670.000000 -0.071734 0.290178
11.000000 671.000000 -0.694000 0.344060
92.000000 671.000000 -0.580056 0.330102
1245.000000 671.000000 0.660815 0.340282
134.000000 672.000000 -0.525062 0.324660
393.000000 672.000000 -0.235541 0.298476
1049.000000 672.000000 0.408558 0.312230
1061.000000 673.000000 0.422513 0.314695
115.000000 674.000000 -0.549978 0.329849
234.000000 674.000000 -0.404646 0.313858
371.000000 674.000000 -0.257833 0.301906
810.000000 674.000000 0.160494 0.296840
566.000000 675.000000 -0.069002 0.295147
1038.000000 675.000000 0.396354 0.314261
1017.000000 677.000000 0.373003 0.314195
234.000000 678.000000 -0.405094 0.318200
1041.000000 678.000000 0.400094 0.317845
812.000000 679.000000 0.162625 0.302009
218.000000 681.000000 -0.423879 0.323342
237.000000 681.000000 -0.402010 0.321125
814.000000 681.000000 0.164641 0.304133
864.000000 682.000000 0.213638 0.307568
111.000000 683.000000 -0.556686 0.340825
106.000000 686.000000 -0.563807 0.345120
112.000000 686.000000 -0.555859 0.344124
235.000000 688.000000 -0.405099 0.329001
233.000000 689.000000 -0.407508 0.330333
800.000000 689.000000 0.151438 0.311758
230.000000 693.000000 -0.411437 0.335093
565.000000 693.000000 -0.070251 0.313386
214.000000 695.000000 -0.430294 0.339305
216.000000 695.000000 -0.427950 0.339048
542.000000 698.000000 -0.092103 0.318978
86.000000 700.000000 -0.593186 0.364991
1064.000000 701.000000 0.429502 0.345984
172.000000 704.000000 -0.482108 0.355308
172.000000 706.000000 -0.482410 0.357594
177.000000 706.000000 -0.476248 0.356840
986.000000 706.000000 0.341873 0.342404
174.000000 707.000000 -0.480092 0.358435
172.000000 708.000000 -0.482715 0.359884
174.000000 709.000000 -0.480396 0.360725
981.000000 709.000000 0.336739 0.345165
168.000000 710.000000 -0.487983 0.362797
171.000000 710.000000 -0.484260 0.362332
198.000000 711.000000 -0.451465 0.359462
266.000000 711.000000 -0.372691 0.350723
241.000000 712.000000 -0.401127 0.354826
974.000000 713.000000 0.329557 0.348825
